1274446425808609284
1274445512259842048
1274445510783500288
1274440564721586176
1274439197466791940
1274437912164290563
1274437855331389441
1274437035101749250
1274436369880924160
1274435361935110148
1274433956105117697
1274433654895210497
1274433191663865857
1274432918228815872
1274432403868696576
1274430975976583169
1274428912102227968
1274427055300624384
1274425817154682881
1274425502149869569
1274425250411732993
1274425162306379777
1274424870575632384
1274424696709066753
1274424564013907968
1274424507818586112
1274424451229073409
1274424211600109568
1274424089067704320
1274422865044164609
1274422703664115717
1274419711078330368
1274419092649398273
1274418926844346368
1274418431639597057
1274418376622907398
1274417839194112008
1274417822706302990
1274417708621271042
1274417485111070721
1274416451181477888
1274415187953700872
1274412661036515329
1274412656598740992
1274412219376304137
1274412206109741057
1274411759974207490
1274411514351554560
1274410583744565249
1274410381801213952
1274409767755112449
1274409126961901568
1274409002366099456
1274407839155404801
1274407611933196288
1274407127205978112
1274406975300710400
1274406781599518727
1274406378547957762
1274405910840963072
1274405720524419073
1274404564674830336
1274403552526467073
1274399718710415361
1274399146963800070
1274398719912415232
1274397719105241089
1274396216470712321
1274396114125373440
1274396100670173185
1274395706673913857
1274395646145859584
1274395469263679489
1274395180427182080
1274395119261593600
1274394400416653312
1274394246968037376
1274393731311910913
1274393728799645696
1274392433435062274
1274392331437903879
1274391961798160384
1274391899458220033
1274391259445002246
1274390451391533061
1274389792793518080
1274387997719506945
1274387975330283529
1274387948235096064
1274387510978805763
1274387307274141701
1274387246146138112
1274386816297246720
1274386732956422144
1274386540790190080
1274386526873387008
1274386430555537408
1274386317850411008
1274386103701835776
1274385809613955072
1274385787694415872
1274384582142558209
1274384467302498304
1274384427657891847
1274383813586702341
1274383808561889285
1274382352513466369
1274381419628937219
1274380968166592512
1274380961308950529
1274380829456826371
1274380811274502149
1274379970358509568
1274379824300261377
1274379737578835976
1274379580158197761
1274379552387670020
1274379501775065091
1274379246421577728
1274379133133389824
1274378942456233984
1274378572556382217
1274378438313476096
1274377793112023043
1274377564547543040
1274377503449153539
1274376588151255040
1274376284454477825
1274373419828678656
1274371283480973312
1274367944101965831
1274365274846871553
1274364209929703425
1274363380741128192
1274362509189939200
1274361147940982790
1274359008963559427
1274358976092618753
1274352745663705088
1274349459166556161
1274348666984304640
1274346416765165574
1274345463634952198
1274344376135802880
1274344240525578241
1274342814118080512
1274342685399277568
1274339095037304833
1274338904364253185
1274338235859251204
1274337752113242112
1274337114172411904
1274336027960922112
1274335738985885698
1274334844504420352
1274334765290852352
1274324525564362753
1274323955445202945
1274318454443687941
1274317440793616385
1274311168417464320
1274307663912894474
1274304941528690690
1274304198608330752
1274303908626735104
1274302226819887104
1274301133977247745
1274301092038430720
1274293927777050624
1274287300348952577
1274287139023355906
1274269522745331716
1274268153514725376
1274263748602101760
1274263377293049856
1274262220709466112
1274261789652516864
1274260344362414082
1274254399401979904
1274250235615870977
1274247955827081216
1274245643909857282
1274237788066656258
1274228210826309634
1274227372884209664
1274221515375104000
1274217399621951490
1274217132348174339
1274213716330864646
1274212978120851456
1274212162903384065
1274209956108152833
1274208574269353984
1274203714828398593
1274203609526423552
1274203442601320450
1274200317513605120
1274199900520054785
1274199315985170433
1274193868351774726
1274193163855544322
1274191503829667841
1274185035889827842
1274183638490308608
1274183364765978624
1274181506219438080
1274177965153124353
1274170595916181505
1274170544049569792
1274167617062932480
1274165658175995906
1274165214439706627
1274164017091600385
1274163943544684544
1274161597364174850
1274160967757099010
1274160440122191872
1274160329858199560
1274159555987963904
1274159452892127232
1274157696015613952
1274157474975752197
1274154435002822656
1274150857018183680
1274150744145293312
1274150335834185728
1274148210601312257
1274147801878929410
1274146780746338306
1274146633517801472
1274146222354333701
1274144643706470401
1274142706223034369
1274141628714885122
1274139156936036354
1274139013255958531
1274137328873639938
1274135979159433218
1274134925378293765
1274134642057232385
1274134558578008065
1274132143199879168
1274128950315216901
1274128737022476288
1274127675607511040
1274126762809720833
1274126434546716672
1274125760350105600
1274125596935798785
1274125563251302400
1274125457320030213
1274125391238742018
1274125348280598535
1274122441942609926
1274121143448977409
1274121136499044353
1274121043926487041
1274120278558244865
1274119610510585858
1274119290451562504
1274118205863333889
1274114282792288256
1274113240138764291
1274113213102084096
1274111325564788736
1274111234632290304
1274111196715798532
1274110136492195840
1274107635776786434
1274106018323148800
1274104896980213763
1274104508314984448
1274102047898570752
1274101299999584260
1274097825555468288
1274095954598248449
1274094801537753088
1274092753920630784
1274089071950868480
1274085636228734976
