1270459114360094725
1270457781980626949
1270457767657041920
1270456689565634560
1270456589137448965
1270454740472811521
1270454242986405899
1270453495058116608
1270452324347940864
1270450891523416064
1270449974027841538
1270448751631613952
1270448535876575234
1270447497777786882
1270444848915587074
1270443497716436992
1270443059550052352
1270442311697211395
1270441774654373889
1270441476896546823
1270440231548997634
1270438476715098112
1270437601124679681
1270437209322205185
1270436043993444352
1270435731497013252
1270433988449054720
1270433686408900608
1270433084337532928
1270432767889768449
1270430467431555072
1270429673663627264
1270428131313299458
1270427586255032320
1270427566256652299
1270424401134092288
1270423432082030593
1270423178079240196
1270422898482831363
1270421224921784320
1270421088384753664
1270420448669401088
1270420433041600515
1270420087887945729
1270420083635032065
1270419808136413185
1270418027830546437
1270417926462398469
1270416925298810880
1270416879333642241
1270416868055097350
1270414882085756929
1270411873368911875
1270411758365143041
1270411162505666562
1270410377378095107
1270410239263809536
1270409729127448578
1270407923471130626
1270406735442751489
1270406338137321472
1270400325158043649
1270397305615716356
1270397042792128512
1270396932192600064
1270394093487771656
1270393263279665158
1270392852401569795
1270392163856244737
1270390878188822535
1270390227584970752
1270389495423098881
1270388235353481217
1270388131162984448
1270385777877401602
1270385654720016384
1270383878046314496
1270382385784373251
1270380963344773121
1270380799783772161
1270380199071436801
1270379829066493952
1270379367638740998
1270379314702417921
1270379274185424897
1270375288065662977
1270373942528745475
1270373368047579139
1270372586510155776
1270372241340076033
1270371764426637315
1270371748211494912
1270371541348483072
1270368950698770432
1270367346427858954
1270367170317467655
1270366386670444544
1270365789946855424
1270364756160000002
1270363806892306432
1270363096897519620
1270363040769355776
1270362829686784005
1270362472600334342
1270361383910195200
1270360418876141568
1270359940595671042
1270359865509261317
1270359714916782086
1270359377216757760
1270359073662349316
1270358742652145664
1270358686603587584
1270358675497123840
1270357684743811073
1270356354599997440
1270355917675081735
1270355324046901249
1270355021503266817
1270354849595564033
1270354043983007749
1270353088382029832
1270348881633607681
1270346276396085249
1270344309360005122
1270344242381107202
1270342815445323778
1270341165393620993
1270332399730061312
1270331114457047049
1270330646301478912
1270329022795390977
1270328383055036418
1270327057176596480
1270325287780102144
1270323983087357953
1270317506432024576
1270316883703726081
1270310214626086922
1270309109666119682
1270308943080890369
1270308002583674880
1270304965769248770
1270304272262070273
1270302125038415872
1270297826258489354
1270297210224119808
1270296725912260610
1270294118531502081
1270290359176826880
1270289663173947392
1270282539278589952
1270281367692009477
1270274616880238593
1270267790881181698
1270267249501376512
1270266915974459394
1270266770834837504
1270266681332584455
1270266390700679168
1270266251689046016
1270264916776280069
1270259901441310720
1270257700623048706
1270255874506985474
1270253690067320832
1270253211514003456
1270251082086662144
1270249561689337856
1270247810495991810
1270244636372561920
1270241934464790535
1270240500805545984
1270239788508069898
1270239163615531010
1270238955061915649
1270236693698936834
1270236119238676480
1270235513014943746
1270232701971251200
1270230732871532544
1270228982332559360
1270228776132046849
1270225938840784896
1270224953137299456
1270224796517875719
1270224010584956930
1270217135265112065
1270213584652578818
1270209178057887745
1270208113795313664
1270207796961775616
1270206251557949442
1270204214283771905
1270204042321559552
1270203585398059008
1270203380669939713
1270202984106950657
1270202939185995776
1270199499139321857
1270197649690501121
1270195994383147009
1270194186327855106
1270194174638166016
1270192457666396161
1270192390075224064
1270192332940496898
1270192207929229312
1270192117441335296
1270192055797592066
1270191992279105536
1270191942262022149
1270191922150281216
1270191863962746887
1270191809239617536
1270191547842277376
1270191045209440256
1270190801180602370
1270188455566422020
1270188195335016451
1270187691527876609
1270186766520193025
1270185755126583296
1270184183114207237
1270182616868835329
1270182389008838657
1270182305559130114
1270182234042105856
1270181818218708992
1270179417470443520
1270179385111220228
1270179320959504385
1270175765443883009
1270174961848598529
1270174340357767174
1270172652984913921
1270172413448392706
1270172265334935552
1270172234477428741
1270170843491061768
1270168643956027393
1270167529856606208
1270166761372110849
1270166107484229634
1270162719665250304
1270161828132392960
1270161762822873088
1270161627028078592
1270160896342413312
1270159023023816705
1270158536916578306
1270158479450308608
1270158382297686028
1270158298042507266
1270158290392137729
1270157983222321152
1270157775868293120
1270157429582565378
1270156991676084224
1270156083705769984
1270156005062533120
1270155894593118208
1270155792717615107
1270155702669983744
1270155518754074624
1270154944520294401
1270153156765184001
1270151915414925313
1270151049374990337
1270148917938839555
1270147971594760193
1270147489778237440
1270147458790809603
1270147318663258114
1270146995118911489
1270146876751310850
1270146692025909248
1270146536500953088
1270146384977629186
1270146127543877635
1270144830203736069
1270144602704658434
1270144091930664960
1270143348830015488
1270142967689310208
1270142475651465216
1270141900767612929
1270141832329154562
1270139993776951298
1270139186998325248
1270138473450737671
1270138250162659328
1270138143921123335
1270137784594870273
1270137229663404032
1270136752758546432
1270136484016906243
1270136353418891264
1270136148724191235
1270135831383154689
1270135583331975170
1270134692071825409
1270134348415676416
1270133554358386689
1270130917839966211
1270129875215503360
1270129761784913921
1270129521069404160
1270129188830232577
1270128532006604801
1270127608970334208
1270126520498085889
1270124866427973634
1270124721619775489
1270124254143660037
1270122939401322497
1270122859285958656
1270120886029303809
1270119532032647169
1270119018263969795
1270118418503606282
1270118357359083528
1270118198520819719
1270117631538806784
1270117521690148865
1270117256001753089
1270116296139722753
1270116154116313088
1270115485833666564
1270115161810952192
1270114842423242754
1270114036986851329
1270113462413398017
1270113119394844673
1270112539968405504
1270112209511669761
1270111668480012288
1270111606349934602
1270111589086224394
1270110816193458183
1270109818813104128
1270109377228181506
1270108295324368898
1270105342211502083
1270103595082330113
1270102942427701248
1270102388561506304
1270101764600184832
1270101180224376832
1270099160763494400
1270098471530438656
