1280243825949020161
1280238694918688770
1280232852915802112
1280211732200226816
1280200601314316288
1280199895366823936
1280199040584560645
1280197551355039746
1280192720565424128
1280187941910765569
1280187181093588993
1280183097775054849
1280178661321248772
1280177266098651137
1280174035599601665
1280163539236331522
1280157641155756033
1280147054543679489
1280142715523653633
1280139582928019457
1280139488937771008
1280138329162473473
1280133352687906817
1280133292340260865
1280131422951333888
1280130852605825024
1280128724143353856
1280128154997227521
1280124699570298881
1280124611531767811
1280122715265998848
1280092710150561793
1280088113029644288
1280087050843275264
1280042860121698304
1280038132193386499
1280018801787101184
1280018476845764608
1280008926709215232
1280005252192907264
1280002346563645442
1279993877668257793
1279992388027650053
1279983731898490888
1279974247675432960
1279966664272932866
1279964041331572741
1279950973608374277
1279926531377319937
1279926473806266368
1279925187295817728
1279923194036658176
1279921232356532224
1279913305461620736
1279908930701766656
1279904249745309697
1279901158614749184
1279900403694538752
1279898711259111425
1279887685730086917
1279885806132322304
