1290028587832107008
1290028068606599168
1290027041090232322
1290023807730610177
1289998670448877569
1289994126927130624
1289989467386806272
1289984397920280577
1289983240539783168
1289980892614541313
1289974640278790146
1289973525659312129
1289969720813215744
1289964401210978309
1289962491875921922
1289956676427067392
1289947234243457024
1289941526986907649
1289936927118909440
1289931442554728453
1289924980663185409
1289920333043113984
1289916831507951617
1289907880708038657
1289904795243945985
1289904555832954883
1289903470187819008
1289900201629454337
1289884780620918784
1289880449494458368
1289876591317639168
1289848301890629632
1289837169536839680
1289834731907899393
1289818523510796289
1289818457878347778
1289813118005248000
1289811587306418181
1289809704751976448
1289801685473193986
1289799201275092992
1289791493301866498
1289784918097014785
1289779305753407489
1289777482724335616
1289757135945908227
1289755776953675776
1289755062634348546
1289751915538952192
1289751421747773441
1289749279913910272
1289748393191907329
1289747157579309057
1289727398741544960
1289726188865196033
1289724628592558080
1289711517785456643
1289702025899343872
1289701474558046208
1289700820066295808
1289688209530556417
1289681353802309632
1289678556390256641
1289678282590478337
1289678168412938240
1289677053290262528
1289672804690886658
1289669261460246533
1289712402548719618
