1286391882931675139
1286388349360644096
1286384006917951488
1286379443599147009
1286375602690363396
1286368584415850496
1286360936081764352
1286356661775536129
1286355654114852864
1286349483677286400
1286345615715246080
1286341755760148480
1286338977168003072
1286336060268654593
1286335946267516929
1286335842995273735
1286326536862339073
1286317984814739456
1286314815091363847
1286313814221357057
1286313098492739586
1286310250749014017
1286306771200618499
1286304519253524483
1286295397611130881
1286293120125005828
1286292435149049856
1286290458138877952
1286290147491958784
1286287557320495109
1286285511410286592
1286281048784023552
1286280792226828293
1286276922511691778
1286268255313657857
1286267911406051328
1286266614531403777
1286265826870517761
1286264839573245953
1286261319814066176
1286261047582760962
1286255627401080832
1286254837873520641
1286252256707452933
1286250474166001666
1286243176253136897
1286240765522276356
1286235776234262535
1286229810881212416
1286229423163875331
1286223131502194689
1286206608897236992
1286204382678323207
1286200723387056128
1286197689764511745
1286197113047535617
1286196785560551425
1286195393986879493
1286192896664797185
1286192408493883392
1286190425980538880
1286190384280993793
1286189878338711552
1286189838073581569
1286189474561560576
1286187758961205264
1286185813827391488
1286183556872536065
1286182848748236800
1286182130356121600
1286180150061629441
1286179195282960386
1286177971175215106
1286177007244632070
1286176514090950656
1286176094555500551
1286175930088435712
1286172595646341122
1286171960653692928
1286169760879775745
1286161390000984064
1286159670273404928
1286158286887084032
1286155843734364160
1286155779389526016
1286151495860117504
1286146045697818626
1286144408593866753
1286140765308166151
1286137879987539970
1286136591040294913
1286135733665689602
1286131912738844680
1286127999142813696
1286127107697934336
1286121948397932544
1286118488495386627
1286112847118733312
1286111386913759232
1286111054636834816
1286110432499965952
1286109055744966656
1286108255329157120
1286107693728505856
1286103796523782144
1286103611492237313
1286101078178766848
1286099886149177349
1286091168661540865
1286088762183823360
1286088549670952960
1286085862669811713
1286080332345663488
1286078844215033857
1286076427742265344
1286066686475395072
1286065991676567555
1286065817658855425
1286061477267484672
1286059790309957636
1286058773472251910
1286056233523240961
1286051153864663040
1286050794089807874
1286049273994334208
1286047229770424322
1286043489935986690
