1269735460013617153
1269735154056126464
1269734980399349768
1269734928276582400
1269734869640392704
1269734816930390016
1269734666489208833
1269734615784263683
1269734285709172736
1269734131384147971
1269733927918452736
1269733795072225280
1269733585650700289
1269733492688027654
1269733470768713732
1269733184763240450
1269732528765665284
1269732497673183233
1269732323517444098
1269732264688128001
1269731636796690432
1269731407255015424
1269730924683571201
1269730097742983170
1269729881836978176
1269729060852293632
1269729043059965952
1269729031542452231
1269728433652797440
1269727980395261953
1269727966076035080
1269727910082088969
1269727844877377536
1269727682712924160
1269727544145776640
1269727385299148805
1269726193718161408
1269725733846429698
1269725527474163712
1269725523044896769
1269725104805761024
1269725064884297730
1269724844901482496
1269724519146696704
1269724085728223235
1269723628557475842
1269723605581135874
1269723419203026946
1269723117762510853
1269722336762236930
1269722158512648202
1269721819617132544
1269721398823575553
1269720875810553856
1269720562835886085
1269720207939026944
1269720143158001664
1269720105023397889
1269719949158707200
1269719758485757955
1269719482991345665
1269719314342567936
1269719309577859073
1269719228124401665
1269719137602977793
1269718886934609921
1269718749290082308
1269718716037677056
1269718663193595904
1269718508658659334
1269718257038053376
1269718068076445696
1269717203097735168
1269717168905547776
1269716978211717120
1269716905683714050
1269716846749630470
1269716774636920832
1269716547817426945
1269716321945686016
1269715050597507072
1269714906468823043
1269714454565883904
1269714224101588993
1269714094602571780
1269714067175796736
1269713378001522697
1269712633059520512
1269712573584125952
1269712517644853248
1269711788360249347
1269711671041372162
1269711517831708672
1269711466510376963
1269711202852016129
1269711146740826114
1269710727637581824
1269710403048812555
1269709752180727808
1269709681825591305
1269709448215478273
1269709390212300800
1269708684549971968
1269708129425645568
1269707565610360832
1269706927824609282
1269706837580025858
1269706587121344513
1269706342899625984
1269706234153832449
1269706173365673985
1269705946873430016
1269705753008443398
1269705415723331584
1269704733947617280
1269704367235575809
1269704326672338944
1269704113836752909
1269704063605760001
1269703633261563905
1269703218910474241
1269702559528366080
1269702299284316160
1269702209404624896
1269702201443667968
1269702121747894272
1269701837420019712
1269701458770956293
1269700968888913922
1269700379266224128
1269700310693343232
1269700290456010752
1269699872875110400
1269699842491609092
1269699663046696960
1269699255968698368
1269698414830379008
1269698187524296707
1269697608852762625
1269697585909989377
1269696864200404993
1269696811515682818
1269696651498860544
1269696560553656320
1269696483458256898
1269696318739410944
1269695999620120578
1269695794455724034
1269695738281369603
1269695634996473856
1269695512988528641
1269695467346112514
1269695332067115008
1269695141272576000
1269694941657251841
1269694718063058951
1269694511036485638
1269694307713327106
1269694281326850053
1269693537957920771
1269693478830657537
1269693412757864448
1269693097673396224
1269692818227937282
1269692792864935936
1269692386617233408
1269691818511392770
1269691615679057921
1269691531344011266
1269691329841258496
1269690756522029057
1269690754986848256
1269690473003642880
1269690404900872193
1269690356045660163
1269690018261434369
1269689684550209537
1269689487006851077
1269689465238196224
1269688896964739072
1269688340699213824
1269688142338146305
1269687923378552832
1269687475372544000
1269687086241796097
1269686853306851328
1269686624738332672
1269686516630073345
1269686162366611456
1269685975699132416
1269685954974937088
1269685395148566528
1269685295634452481
1269685220141232128
1269685177984442370
1269685160535941120
1269685081687445508
1269685017594085377
1269684940968353792
1269684885284937731
1269684882327945216
1269684518019051520
1269684517410832384
1269684354357374978
1269684125889376264
1269683865905434626
1269683717951287296
1269683716210778122
1269683582915706882
1269683502615867393
1269683458806370304
1269683432772206593
1269683272008839177
1269682338734190593
1269682282526388225
1269682243129053184
1269682127240605697
1269681729809321986
1269681644040052738
1269680991473451008
1269680743397064704
1269680669824700417
1269680543584509953
1269680220270931968
1269680182048239619
1269680104193634307
1269680062015721474
1269679791621517313
1269679438150742019
1269679277215277061
1269679233992929280
1269678526032154625
1269678460571705345
1269678237317283842
1269678223484305408
1269678214307168257
1269678059763818497
1269676939016646658
1269676414686629889
1269676351650500608
1269676142228692992
1269676129012637697
1269675973269651457
1269675901933027331
1269675896669159425
1269675578556383233
1269675364386836485
1269675295222558720
1269675034651561988
1269674634577879043
1269674316364304386
1269673967956242432
1269673918509600768
1269673880211337218
1269673578703646721
1269673564480954369
1269673302944919553
1269673164759601152
1269673121054887939
1269673110711738368
1269672997075460096
1269672793622396931
1269672504777465858
1269671979407355907
1269671931965366272
1269671549218553858
1269671420256288771
1269671258658086917
1269671120791363585
1269670535098662916
1269670357088296960
1269669835224633347
1269669835086200833
1269669761581035522
1269669540990013446
1269669276853710848
1269669215507812352
1269669141700587520
1269668891107692545
1269668853933621250
1269668596785065985
1269668571501731840
1269668318367154178
1269668281499234304
1269668171541331970
1269667917697777671
1269667784016965640
1269667454772490241
1269666791619465219
1269666702297411584
1269666673017204742
1269666387968118786
1269666015291625473
1269665920785530882
1269665580493295618
1269665311156027393
1269664754748084225
1269663446057902080
1269663439481339905
1269663004225912832
1269662731428179969
1269662333980344321
1269662067151208452
1269662050856439808
1269661960888619008
1269660930494746624
1269660502369742858
1269660463039746048
1269660229484064769
1269660022163693568
1269659800121606145
1269659775958220800
1269659657494319104
1269659574824505344
1269659389935456256
1269659242245521408
1269659129318125569
1269658771275624449
1269658758570901504
1269658531898114052
1269658119874981889
1269657875976241155
1269657855646470145
1269657776461996032
1269657666042892290
1269657308113637388
1269657144468615169
1269656757070172162
1269656588102578176
1269656551926759424
1269656465536618496
1269656444166643719
1269656422846992385
1269656388097146883
1269656364525277184
1269656305985359876
1269656279611473922
1269655763263336449
1269655729574514691
1269655576667176961
1269655496228773890
1269655106909278209
1269654844115222536
1269654522156191745
1269653995490074629
1269653915156561922
1269653386166538241
1269653131220135938
1269653110491738112
1269652839795773440
1269652677023141888
1269652455954006016
1269651945976991744
1269651692938616832
1269650872033841158
1269650784385290240
1269650087183028224
1269650010519547907
1269649834526605313
1269649477792600064
1269649325228986369
1269649312809660416
1269648982982025217
1269648831139983364
1269648589459988480
1269647876398800900
1269647515781156866
1269647490954850306
1269647129074638852
1269646976670404611
1269646838468161536
1269646763234861057
1269644985693089793
1269644437199732741
1269644029924442112
1269643609822896128
1269643017092313088
1269642593597440000
1269641676949270529
1269641151507767297
1269640496219119622
1269640128718426114
1269639983293333505
1269639685703426049
1269639645995950081
1269639580023570433
1269639493231030274
1269639366881751041
1269638575823433728
1269638208612175872
1269637925576126465
1269636971908956169
1269636774772514818
1269636614587850754
1269636524762636288
1269636272148172800
1269636072591540225
1269635038473306112
1269634485730988033
1269633564569632773
1269633462530650112
1269633334210166785
1269633169441030145
1269632972438863877
1269632222111436801
1269632037251616773
1269632004003442688
1269631763460042752
1269631657109155841
1269631456671748096
1269630454170353671
1269629365505138688
1269628706991091714
1269627399001563138
1269624373725614080
1269623891439357954
1269622890934104064
1269622678002024448
1269622392944541696
1269621190731202560
1269620959008284677
1269619886755647489
1269619079784140811
1269618837491781632
1269617922827325441
1269617558073806849
1269616271756275712
1269616052327067648
1269615496267210754
1269614620953784322
1269613764346871808
1269613437237235713
1269612528864296960
1269611503864471552
1269609655971569665
1269609445975306244
1269608976385269760
1269608592728035328
1269608255539511298
1269607995366879232
1269606334493855745
1269606235965468685
1269606024950022144
1269605991399796736
1269605948571648001
1269603736990756864
1269603039805145090
1269602712120725505
1269602075991846914
1269601929119830016
1269601354600808448
1269600817763561477
1269600135761272838
1269599826108395533
1269599689206366215
1269598639212691457
1269598601723985921
1269598498346938369
1269598412355309568
1269598340234256389
1269598277915287552
1269597952819040256
1269597887551410176
1269597155926216704
1269597118232051712
1269596973948194831
1269595380985081858
1269594657144651778
1269594443327234049
1269592928307023872
1269592915233386498
1269592656792834048
1269591433645821953
1269589296081666055
1269588940664836097
1269588840097947652
1269588322395066369
1269588259098804228
1269586082213093378
1269586071580479491
1269585066507804673
1269584699162329089
1269584598113095681
1269583629585440773
1269583417945047041
1269582961512460288
1269582075230814213
1269581521767116803
1269581482298953733
1269581437981863936
1269581151942987778
1269579019021889538
1269578542117015552
1269577216410767366
1269576576066347008
1269576488598343681
1269575715642474501
1269575531349114880
1269575163047182345
1269573873097486336
1269573228261003264
1269573148288180225
1269572753281212430
1269571598455058434
1269571597033181185
1269571263636348929
1269570410733023232
1269570266390200321
1269569614528368640
1269569405362614275
1269567751242334208
1269567720560848897
1269566839119589376
1269566665613873158
1269566135315267586
1269564603429720064
1269563917036138496
1269563211197677568
1269562478998040576
1269558830976942080
1269558799557439488
1269557369022722049
1269555904979976192
1269555638964817920
1269555398618611712
1269554871373619201
1269553734557806592
1269550887116120069
1269550410110365696
1269549928553963522
1269549925936836608
1269548784285036545
1269548420144009218
1269547972301410315
1269547761323708421
1269546909229858816
1269544568548143104
1269543708137054208
1269542171570364416
1269542165396496385
1269541206100455427
1269540789035716608
1269539405578076160
1269538042240516097
1269536328061980672
1269536183182413825
1269536167143174144
1269534786617475072
1269534731202330625
1269534157908119552
1269533465650900992
1269533255088267265
1269531883680874500
1269530766746226688
1269530706314657793
1269530253673656320
1269526802734682112
1269526020391985152
1269525646251896832
1269525024471384065
1269523828557914124
1269523692683395072
1269523345650794496
1269522861120724993
1269522231450714112
1269521921214869504
1269521161810964481
1269521021041770496
1269520943564480512
1269519125723791360
1269518757468258305
1269518161684160513
1269518095074254848
1269517894309818372
1269517874135097344
1269517815163297793
1269517309510483973
1269516529391095809
1269516110467985410
1269515226560565248
1269514921584148480
1269514644986748928
1269513852640792576
1269513510385594368
1269512453177536512
1269512320595697665
1269511986200666113
1269511717525942273
1269511617714065408
1269511589075529728
1269511189794639872
1269510752823468033
1269510347741777920
1269510183149080578
1269510116920881152
1269510068136968192
1269510015314022401
1269509750565158912
1269509483262328832
1269509452606001153
1269508656334241792
1269507769897369600
1269507560811499521
1269507411062079489
1269507214387171336
1269506564521525248
1269506027650613248
1269505982213820416
1269505567099252738
1269505397351682049
1269505156711759872
1269504497325244416
1269504408951365634
1269503834558210050
1269503684121169920
1269503021307891712
1269502931079839744
1269502784887566336
1269502709377511424
1269502436823257089
1269501860869664768
1269501709056958464
1269500183512879105
1269500092375056386
1269498614696427521
1269498060721336320
1269498055629266945
1269497794005315585
1269497400361508864
1269497215707303937
1269497162724978692
1269497099936120835
1269497017308459008
1269496472288010241
1269495346398404608
1269494402969452544
1269494393494335489
1269493766840217601
1269493748578353152
1269493571402502144
1269492324322533377
1269491830778822657
1269491571658899462
1269491472761417728
1269491342180151296
1269490038448033792
1269489078677803008
1269488316254162949
1269487657803005952
1269487628656742400
1269487329548406786
1269487293754204161
1269487226746023936
1269486834544828416
1269486405673091073
1269486105730199552
1269486093335883776
1269485210112077824
1269483468259385345
1269483348226801664
1269482841680736256
1269482582422347776
1269482084000837632
1269481589555118081
1269481433514389504
1269481041175199746
1269480877370691585
1269479677543845895
1269479583549501441
1269479562053746688
1269478905624186880
1269478760169926657
1269478128046362632
1269478106588274689
1269477922563166208
1269477663602806785
1269477643872804864
1269477459654668288
1269477454994763777
1269477208378073089
1269477180628701186
1269476732064710659
1269476541169152000
1269476436039041024
1269475974082592768
1269475841651560448
1269475622289469440
1269475530866257921
1269475513011232772
1269475415715790849
1269475405745938432
1269474856631853057
1269474456377987072
1269474421351170050
1269474265390292993
1269474125313191936
1269474070258569219
1269474036548919296
1269473101567406085
1269472807232167937
1269472803150913536
1269472345502085120
1269472314371895297
1269472265378213888
1269471861622165504
1269471849450278915
1269471715576311815
1269471270468562945
1269471222582128641
1269471010853728257
1269470175226724357
1269469759617273857
1269469209890701312
1269468505105186818
1269468456379748353
1269468258337505280
1269468063348359170
1269467954845908992
1269467687081488384
1269467686402023425
1269467303533518848
1269467283614838785
1269467162273632257
1269466802188365824
1269466341393694721
1269466197474631680
1269465757567647744
1269465452696174593
1269465025938407424
1269464780504551425
1269464569304449025
1269464543882813440
1269463054586195969
1269462840638951436
1269461937101955073
1269461524424413186
1269461305456390145
1269461127848767488
1269461040145723392
1269460950576517120
1269460838332731393
1269460804417585153
1269460689372033025
1269460617477459969
1269460423780241409
1269460205189955584
1269460137724370945
1269460011350208512
1269459881708285952
1269459746450550784
1269459577822732288
1269459416870522880
1269458651045126146
1269458647987486720
1269458548448038912
1269458169836695552
1269457925086384128
1269457699076374528
1269457578171543552
1269457357609873410
1269457199555731456
1269457055573782534
1269456973080268805
1269456916914323456
1269456833518768128
1269456718829957121
1269456639721177090
1269456107069718528
1269455942791229440
1269455686565605378
1269455342922014720
1269455117255917571
1269454752774909953
1269454738459893761
1269454664048787457
1269454603625598976
1269454494066184192
1269454414001004544
1269454260770467840
1269454126582239232
1269453921480736771
1269453680908144641
1269453606387933184
1269453418843824128
1269452825249153024
1269452625575116800
1269452595912990720
1269452153153675265
1269452059302072320
1269451682217369602
1269451645806657538
1269451429300723713
1269451296500674561
1269450932871475202
1269450706341310464
1269450495493500929
1269450345773703168
1269450266992132096
1269450078500065280
1269450009520541696
1269449805798862849
1269449773687476225
1269449591784714241
1269449578786492416
1269449338398400512
1269449249370013696
1269449119262822400
1269448972579426305
1269448953763782656
1269448914286997504
1269448767100514305
1269448445393285122
1269448103830204416
1269447094068281344
1269446694715797504
1269446680245489664
1269446629431685120
1269446607423959040
1269446534803922944
1269446497285935109
1269446469431570433
1269446309611790336
1269446039678922757
1269445865858633733
1269445422751395840
1269444860336955392
1269444810378706945
1269444527401496578
1269444229002072070
1269443618915471362
1269443618294693890
1269443211379924992
1269442912477229058
1269442851961810945
1269442792666742784
1269442696260845569
1269442627943845889
1269442556846149634
1269442497471750150
1269442001621090307
1269441686960300032
1269441473952526337
1269441356788793344
1269441273309650951
1269441065460936704
1269440641727000578
1269440628015783941
1269440503772151811
1269440294610583552
1269440269281345537
1269440014854705153
1269439510384951303
1269439496346497026
1269439304121516032
1269438891653767173
1269438857503813633
1269438525012946944
1269438447426711552
1269438284150837249
1269438161291264000
1269438138134392833
1269437983628787712
1269437797137387521
1269437606795767808
1269437404701536257
1269436962240450560
1269436770774441986
1269436689036054528
1269436640461758465
1269436619741790209
1269436317223403520
1269436286957424640
1269436257748180992
1269435790054043652
1269435509836787712
1269435400424128513
1269435310259294209
1269435173562613760
1269435044411604992
1269434986094043136
1269434804912762883
1269434758708244485
1269434723908157440
1269434285448032257
1269434279605555200
1269434243773542400
1269434106082820098
1269433853111726080
1269433272905478145
1269433073793470464
1269432811620126721
1269432267178311680
1269432257753710593
1269432197150277632
1269432184730943488
1269432099376820224
1269432057119244290
1269431692420362244
1269431677073440769
1269431602456793089
1269431519480856582
1269431432105144320
1269431300403970048
1269431293185490945
1269430851525369859
1269430690568904707
1269430570041344000
1269430441028849664
1269430273420247044
1269430268772917248
1269430263924301826
1269430030758670336
1269429974060023808
1269429964434268161
1269429777246683138
1269429702877380619
1269429668937072641
1269429635995111424
1269429630659817472
1269429585139191813
1269429430209912833
1269429264769789952
1269428943276433408
1269428783565733888
1269428782412292101
1269428664791371777
1269428640388972544
1269428591567257612
1269428521388199937
1269428393214464000
1269427985138016258
1269427886785736705
1269426719485804544
1269426616079233024
1269426538518282240
1269426264483549190
1269426094354071553
1269426087433568257
1269425460175228928
1269425270861283329
1269424702717558786
1269424315277078529
1269424053909106688
1269423985625718785
1269423965539233792
1269423564983160832
1269423121439903744
1269423080822108161
1269422562221723654
1269422403538608128
1269422295048769536
1269422193420709892
1269421823596232704
1269421683888099328
1269421671892398080
1269421600526479361
1269420936375283712
1269420895455424513
1269420333146279936
1269420247079157761
1269419925845635073
1269419921479307264
1269419851916943362
1269419798825484288
1269419474660327425
1269419197311922176
1269418800052686850
1269418799352156160
1269418778384666624
1269418637347168257
1269418609119571969
1269418521886261248
1269418424142348291
1269418374133669889
1269418250665787392
1269418224174501888
1269418164200275969
1269418149201338368
1269417529098809345
1269417218816610305
1269416830432657408
1269416648001425414
1269416625004072961
1269416195985375232
1269416040116690944
1269415663157870595
1269415383410380801
1269415369770520577
1269415261343449090
1269414845536849921
1269414630016745473
1269414355029962752
1269414297773334528
1269414236956045312
1269413979102670848
1269413778740805632
1269413723317338112
1269413304277127170
1269413296240832514
1269413177818861569
1269412795013103617
1269412418251177984
1269412413872443392
1269412385917415425
1269411979321503744
1269411924460154883
1269411657790316546
1269411590476095488
1269411573665116160
1269411535278891008
1269411335650996224
1269411309545820160
1269411244034920448
1269411231993081856
1269411196077322241
1269411078318014469
1269410918485553152
1269410794996994050
1269410786323116032
1269410709705822208
1269410404712812552
1269410378720608256
1269410256641294337
1269409874955382784
1269409824648777728
1269409795175600128
1269409741694001158
1269409724220481536
1269409244161306625
1269409220291514368
1269409204844060672
1269409176935034882
1269409109813743617
1269409064456531975
1269409053542723584
1269408944402960386
1269408882117488641
1269408868360060928
1269408797346447366
1269408530957819908
1269408525614059520
1269408063024271360
1269408049124409346
1269408043009282048
1269407689190395905
1269407686589911040
1269407531769585664
1269407294921609218
1269407167448260608
1269407134392999936
1269407091313139712
1269406919594250241
1269406886861910016
1269406826396880896
1269406614622220291
1269406404009435136
1269406395830542337
1269406031781609472
1269406009748975616
1269405972923113473
1269405873438326785
1269405798154883076
1269405571230228481
1269405549982109696
1269405040738881537
1269404927123546112
1269404319138246657
1269404303887720448
1269404031958552577
1269403917525417986
1269403878715469825
1269403623525683201
1269403304246870024
1269403273309626369
1269403198747480066
1269403138353762307
1269402995126648833
1269402904395313152
1269402855594766336
1269402720634617857
1269402547535646720
1269402437447831552
1269402307759935491
1269402296271675395
1269402005136527360
1269401657353228288
1269401436510707713
1269401400401735681
1269401291727437824
1269401168905527297
1269400966144589825
1269400958921924608
1269400903800565760
1269400855490506754
1269400825731977218
1269400785026244608
1269400377067048960
1269400277163159555
1269400268812087297
1269400190596730880
1269400008803135492
1269399768586805248
1269399740589850624
1269399605931675648
1269399235755012096
1269398926706331651
1269398791381106689
1269398773056147456
1269398605787529216
1269398454511513606
1269398273279868928
1269397967221542913
1269397944953786368
1269397409425227778
1269397313329467424
1269396909166387201
1269396582018871297
1269396437793726471
1269396044196065280
1269395950058868736
1269395315951570944
1269395177652641793
1269394666744680448
1269394027515961345
1269393781071192065
1269393774523768832
1269393650850488320
1269393449222123523
1269393416292450304
1269393190001545216
1269393186226659328
1269393155062812673
1269393027291910145
1269392902888796163
1269392716367978496
1269392264834412544
1269391960156094465
1269391932578500609
1269391835870330880
1269391456701210627
1269391249372372992
1269390220853534720
1269389936538640384
1269389743021715456
1269389616173309952
1269389610838192128
1269389510611263489
1269389390683549696
1269389329400500226
1269389180770979840
1269389124793843712
1269388633909481472
1269388517269860352
1269387933791944705
1269387084273381376
1269387082000068608
1269386707981398016
1269386680286339072
1269386285719801856
1269385953199583233
1269385739940163584
1269385217459929089
1269385044033855488
1269384323033112581
1269384049308639232
1269383268815626240
1269383179959500800
1269382882709118982
1269382866103791616
1269382643562381312
1269382463320518656
1269382437127127040
1269382377589137411
1269382289827364864
1269382202128728064
1269382147703541760
1269381971219628032
1269381794488446979
1269381601986785280
1269381308838486023
1269380954306428928
1269380845233725449
1269380789843746816
1269380674621812736
1269380640215937024
1269380585698426880
1269380412070965248
1269380271385739266
1269380255048843265
1269380178007990274
1269380089709572096
1269379861027717121
1269379768904015874
1269379700666793990
1269379687689498624
1269379593640783872
1269379576452399105
1269378954235990019
1269378940902219782
1269378628833341441
1269378468267073540
1269378223013535744
1269378116113162240
1269377900572278792
1269377850387259392
1269377845656260610
1269377620208205827
1269377050160164864
1269376939124375552
1269376713823268866
1269376601390755840
1269376450496520197
1269376445564030977
1269376353016692737
1269376323824295942
1269375998933565441
1269375877537808384
1269375767722500103
1269375748856414208
1269375656787357699
1269375516483649536
1269375385113972737
1269375275147628546
1269375179173453824
1269375076387794944
1269374862553997313
1269374849715240960
1269374839908900866
1269374713782063107
1269374645653901321
1269374272528453633
1269374221311856641
1269374000297177090
1269373937940606976
1269373808269578240
1269373610411556867
1269373575481286656
1269373546301554691
