1280966000188497920
1280959783252746240
1280954275699490823
1280948634268377089
1280947630202335232
1280946282568257536
1280933956003729408
1280933484928917504
1280923089937842180
1280921490871988224
1280918826276839424
1280918795331108864
1280910518056701953
1280902738315001857
1280876959203876865
1280876028056023041
1280875000015306753
1280874021119234048
1280872474134134786
1280865620691648512
1280864033869103104
1280860025146224640
1280858078867488772
1280855368537702403
1280843379845324800
1280839547367145474
1280825512294825985
1280814272029712385
1280802470931968001
1280795519191674880
1280789165936832512
1280759327117021185
1280756135222562818
1280728450060427265
1280718053781778433
1280710238052720641
1280689942927151104
1280687227606007808
1280687013432352771
1280669946046021632
1280644013322895362
1280643958109077510
1280636474703196169
1280633042504212480
1280624992380649475
1280621031833681921
1280607666000277504
