1275531103118352384
1275530260675690496
1275530111350190082
1275529150778888192
1275529089680629760
1275527177572880384
1275524529117442060
1275523432667443201
1275520714221785090
1275515129661214720
1275514365169418240
1275511224457977859
1275511162344312832
1275511086666723328
1275510524873183235
1275510249848549376
1275507620263022593
1275505615713034240
1275495167332663296
1275494690494853121
1275492614247194624
1275487579878699008
1275481219128590336
1275477416350285835
1275474241446711296
1275472691500249094
1275467215282692096
1275466733978103808
1275463145033777153
1275458330153058304
1275455753369706498
1275438402364600320
1275437540971929601
1275436291270733825
1275432745288773633
1275423763312660480
1275420832949506048
1275417992470368256
1275417314515734528
1275414334936682502
1275413899844571138
1275402564620611585
1275399312109899776
1275396782944649216
1275396510633603072
1275396222430445570
1275389785960521736
1275386197003702276
1275384528144666625
1275384183859359746
1275380196091113473
1275379524113317888
1275378473985548288
1275369421381369857
1275366967462027266
1275366791250878466
1275356448495595522
1275355840262930433
1275327473861836800
1275322080637022208
1275321983971012608
1275321535620775937
1275315986451828742
1275314749912350722
1275305678672977920
1275295372521271298
1275291502571388933
1275287805007183873
1275283267462344705
1275280133453221888
1275278230258200576
1275277513334423553
1275276042156965889
1275274180850847747
1275270932412563457
1275269896922898438
1275267265999572992
1275266746451144705
1275266521313374208
1275262933128417280
1275261992555560962
1275261030940250114
1275260749405999105
1275260454156279808
1275259485653590017
1275257705750581250
1275255797681799168
1275255723400867840
1275254776171597824
1275251987316170753
1275247454078873600
1275246536608358400
1275241818221875200
1275241181958545412
1275239370090401793
1275238001921187840
1275237802452475904
1275237622550585344
1275233121005232128
1275232862292389889
1275232624714252290
1275230097889390592
1275228325351481353
1275228097542008836
1275226543451594752
1275225531290697729
1275223470268469249
1275223381705555968
1275216173089595399
1275205275956510720
1275204797541597184
1275203102321319936
1275202175057096704
1275201080608075778
1275197992505573377
1275191009337540613
1275190048544239621
1275188628419903492
1275184707286810625
1275182493021290496
1275179039632826369
1275177087104581637
1275176099530629122
1275174898693033991
