1287853895721484288
1287851848792182793
1287849881554563077
1287849646035996673
1287848132341047299
1287846671628435456
1287846409820143622
1287842758561013762
1287841184858214410
1287833665293213698
1287827381990895623
1287824598055170049
1287823858721005574
1287822886359662598
1287814455452024833
1287813827585888256
1287811385460551685
1287809441228783619
1287806632550965254
1287802366230749186
1287799147303665666
1287794869260423168
1287792379764838401
1287792038105186307
1287791192491659268
1287790200698163201
1287784422775967744
1287781538176720897
1287778959535439872
1287778903038160896
1287771370991104000
1287764230066888706
1287764184864886790
1287763967515996161
1287763528607240193
1287761880119877632
1287760107074396166
1287759677904781314
1287753675906125825
1287753567751806977
1287752611983241216
1287752231559847937
1287752170960453632
1287752088651522055
1287752036822528002
1287751889044504577
1287751863417413632
1287751839832776704
1287751772740755457
1287751726183915522
1287751684261851136
1287751617824071681
1287751552099180545
1287751505848815618
1287751444402069504
1287751367579316225
1287751286721523717
1287751246951194629
1287751064071147523
1287750962640293890
1287750867119218688
1287750811167215616
1287750695576317957
1287750617243553793
1287749856447078400
1287749117427552261
1287747461172342785
1287745007298977792
1287741937546604546
1287734315606921220
1287729495361822721
1287727847377903618
1287724761578008576
1287720512655949824
1287717376620781568
1287710619555291137
1287704272809926658
1287680721931210752
1287676553363460096
1287672048928448512
1287652749635489798
1287643627276193792
1287643066959093760
1287641293955297280
1287640835169775616
1287625212272316416
1287621052651024385
1287619968641589248
1287616354837598208
1287616271283105793
1287615990528868357
1287615335802138629
1287614067369287681
1287612719227494400
1287600410845470721
1287595970146910208
1287595333732663298
1287594560999260160
1287593162878287872
1287588616055619586
1287583959199744000
1287578606269595649
1287575258967478274
1287571192107290624
1287564657650216960
1287563552513855489
1287561778029686786
1287560903282397184
1287558727927644162
1287555638134845440
1287554445434183686
1287548826702708736
1287548416566927362
1287543394164551680
1287542221747548160
1287542221491691520
1287537762686492672
1287536427471970306
1287532609468346379
1287531607113564167
1287530433492578305
1287523451494752256
1287517299856089088
1287516802436800517
1287516702046146562
1287516685059022848
1287513262557409287
1287513065777397762
1287511506968612865
1287511392577368065
1287510789432193026
1287509014377631744
1287506915623346178
1287502352187109376
1287500982344187907
1287499495589195781
1287498044779442177
1287495572203753475
1287494434519764997
