1272270952366313473
1272270641211813888
1272270534630354951
1272268457845723136
1272266072490569728
1272266034158997504
1272264698315116544
1272263097059651584
1272263008874528784
1272262217581228032
1272261250764898304
1272258249690017792
1272257980705247233
1272257818549276673
1272257165886058496
1272255427493769216
1272252846952583168
1272252360849526784
1272252166925737985
1272251663114526724
1272251314177744897
1272250457260523521
1272250000324476928
1272248828863803392
1272247861028229124
1272246874020306945
1272246865501642752
1272246861726797826
1272246054407139328
1272245408547303424
1272244900457787392
1272243596398223360
1272243338914271235
1272242639233069056
1272240777150619651
1272240448095039488
1272239779552223232
1272237967776440321
1272237259429904385
1272236143405383684
1272236092838772738
1272236004808646656
1272235031478579200
1272234705069371392
1272234321252884480
1272234248347373568
1272232361019576320
1272228827708694531
1272228750965575683
1272228735727611911
1272227965015928836
1272227507064827906
1272227477914447872
1272226039905673216
1272225589064318977
1272224795325849601
1272224707543289861
1272224654397227008
1272224017307623429
1272223742010294274
1272223216807874562
1272222648601178112
1272222468262883330
1272222268626800643
1272220410596245504
1272220011814363136
1272219619227512837
1272219591616466944
1272219479301332992
1272219389098672130
1272219280956850179
1272219048118534144
1272218940236804097
1272218699353731072
1272218396684402689
1272215761126256642
1272215332640481280
1272214914254299137
1272214553884057600
1272214390675292163
1272213294221320192
1272212916041854977
1272212745744596993
1272210705765339139
1272210651306393602
1272210508234489863
1272210072165330944
1272209802899320836
1272209617162866688
1272209549659963395
1272209372995891200
1272209342318759939
1272208451016392704
1272208265447763968
1272207432115249157
1272207392571359232
1272206973522640901
1272205647082401792
1272204959765991425
1272204839037079560
1272203330274508800
1272202781835878401
1272200493905801216
1272200186308317186
1272198516480241664
1272197791960293376
1272197787061493762
1272195844410945536
1272193666463956993
1272193231485374465
1272191441356365824
1272191347114553349
1272191316588326913
1272191099512279041
1272189981910544384
1272189785319317504
1272188560423165954
1272187840739397633
1272185960483246080
1272185605385007109
1272184567101902849
1272182775991406592
1272182601441251335
1272181710931791872
1272181270592675840
1272179955527487490
1272178491677646856
1272174069912342528
1272172262196576256
1272172256756711426
1272170885382918144
1272170483027456005
1272169621970436096
1272169616849227776
1272168816085291009
1272168619514961922
1272168350488150020
1272166621197418498
1272165828201496578
1272165799256563712
1272165770689228801
1272165737176674306
1272165392249544704
1272165226637598721
1272165183994179584
1272163513386110977
1272163042621620225
1272162935469727744
1272162848198754307
1272162846152052736
1272162778380406786
1272162197934923776
1272162151348809728
1272162106343907330
1272162094234943489
1272161948008943618
1272160235961155584
1272159909749153792
1272159280322371585
1272158093653262341
1272156861157068800
1272154719037927424
1272154046393180161
1272151494813462529
1272149975154262018
1272148434376519680
1272147143252414469
1272144899702501385
1272143001058492416
1272142497939161089
1272142394876669960
1272141053215281152
1272139630536732677
1272139375929851905
1272138142951276544
1272137897362305024
1272137178173173765
1272134443826909185
1272132976017641472
1272132648161419267
1272129911290036224
1272127609300815872
1272126816480833537
1272125946078932992
1272125881075597312
1272124420589588481
1272122456581554182
1272110426726293506
1272109892774563846
1272106818182012933
1272106681124651011
1272104753175166977
1272103057590026240
1272101618075369472
1272100080846135303
1272098215194619905
1272097916036014080
1272094008500580357
1272091046508400640
1272088496514220032
1272080797986586625
1272077579143569413
1272075010060902401
1272072393549176837
1272068523125137408
1272062019802406912
1272055962497462273
1272055914560811010
1272054155486642176
1272054036670210048
1272053372628025346
1272052088378470402
1272050493389488132
1272049004986224640
1272048886740328449
1272048682012151808
1272047983035637761
1272045152723283970
1272044833889107968
1272044491222904833
1272043284496412679
1272043140203999233
1272042991125843968
1272042921412497408
1272042890856890369
1272042881927319554
1272042743544438784
1272042635692093440
1272042475935260678
1272041165706190848
1272040842945953793
1272040749006114816
1272039343993974787
1272030517269942273
1272029012584394752
1272026071496634370
1272025324646068226
1272024544996478976
1272023213036302336
1272023190559051777
1272023043787894784
1272022287709958153
1272019218242961408
1272018709696176130
1272018506750537728
1272017849910013952
1272016306699722752
1272014500150095873
1272014488473042944
1272013473539596288
1272013430673858561
1272012890740948993
1272011946959630337
1272010851386560512
1272010176221138946
1272008316785430528
1272007956129710080
1272007934332059650
1272006886100013059
1272005685392420866
1272005323008757760
1272003090481201153
1272001220694011904
1272000168347357184
1271998989433536513
1271996041060069381
1271996005320478720
1271995025463730176
1271994737411665920
1271993958776877056
1271993250404941824
1271992761768689664
1271992614607183872
1271992419555266560
1271992380607119361
1271992017699168256
1271990677816127490
1271990196398100481
1271990001740496897
1271989630867369984
1271988979471134723
1271988582320873473
1271988493745557506
1271985770627121155
1271985760464326659
1271984701847281664
1271984591616819200
1271983687345868805
1271983643133538307
1271983494697291776
1271983239087915011
1271982704540684288
1271982192298606592
1271981841730265088
1271981549857226752
1271981297578229761
1271980425913589760
1271979884223528960
1271979592186826752
1271979490680475648
1271979268101287936
1271979124525916160
1271977146253217792
1271976516176535552
1271974681105567746
1271974399164452865
1271973539537715200
1271973140965490688
1271970201215606785
1271967715956228097
1271966896443633664
1271965996916436992
1271965435374604288
1271964597927337985
1271961614703456257
1271961293616971777
1271957731612725248
1271956739315941376
1271956574643392512
1271954939514781699
1271954836116795393
1271953953874341888
1271953367288500224
1271951412243693574
1271951334179135489
1271950860952776704
1271949465386135552
1271949065157111808
1271946972170080256
1271945556470968320
1271942708676841472
1271942106827931650
1271940710460096514
1271940574329872384
1271939874472382465
1271939836488884224
1271939387807289345
1271938968913764352
1271937528841383939
1271937129141149697
1271936607323656192
1271935907151699969
1271934972509773827
1271934346061066242
1271934308543016960
1271934002031665152
1271933941675708417
1271932966877323264
1271932883029155841
1271932563506905088
1271932252361015303
1271932245792743426
1271932136459841538
1271931986995798021
1271931968809295872
1271931533461540865
1271931294344192001
1271930177724002305
1271929906947977216
1271929249067401217
1271928912919113728
1271928822347321344
1271928032878399488
1271925993230356480
1271925500278177792
1271925432376573959
1271924141084590080
1271923919226839041
1271922445746929664
1271922099821649925
1271922087700111360
1271921550548180992
1271921346390429696
1271920864523624455
1271920209276874752
1271920054850879489
1271919730614571013
1271919283975655434
1271919243651502080
1271918841015271424
1271918600618676225
1271918439276273664
1271918426991329282
1271916904375111682
1271915594447798279
1271915481947987968
1271915181518606336
1271915108097286146
1271914576129507330
1271914157668007936
1271914046908964864
1271912686473883648
1271911807624663041
1271911681044688896
1271911370108346368
1271911255243030533
1271910320873840642
