1271544818460700674
1271544045702123523
1271542873410985986
1271536444818042883
1271535862375780352
1271534658455588871
1271530527623806982
1271528450713624576
1271527603971584000
1271526938683703297
1271525198060228608
1271524983337111557
1271523927399911424
1271522287120986114
1271520662222286848
1271517792349478917
1271517781289078784
1271517772401397761
1271517771688316928
1271517771637985280
1271517769138180096
1271517768420974595
1271516676421541890
1271516569277997057
1271515053125259265
1271514960355561473
1271514813458460675
1271514190277218308
1271513920486862849
1271512541588369408
1271509885939847170
1271509396707672065
1271508996864774145
1271507224507097089
1271507133528518656
1271506701079007232
1271506039528177667
1271506009601777666
1271505119520198656
1271503066030891009
1271503005385232384
1271502627940044802
1271502050426327040
1271500344661553152
1271498779397468160
1271497444359094275
1271496969660190721
1271496801603006467
1271494956071387137
1271494223280439297
1271493882019287047
1271493464920915973
1271493437041278976
1271493355197825024
1271493157843238914
1271490911801880576
1271490274406121472
1271490171930845184
1271486885232209920
1271484377554391042
1271484237032624128
1271483253355053057
1271481912842833926
1271481897617698817
1271480980658769920
1271480802488930304
1271479968007151617
1271479853670416386
1271478099939557376
1271478089755750401
1271477391223734274
1271476052636897281
1271472474392195073
1271472465672237056
1271472455404535811
1271472440514768896
1271470790723145728
1271470065054109697
1271468608246493184
1271466807845675011
1271466194550259713
1271464744369692672
1271463956306169863
1271463564369428481
1271463051120672768
1271462371953909761
1271460368880218114
1271456923720744960
1271456277693034507
1271451271828918273
1271449978192486402
1271444722779934722
1271441949627576320
1271438947810291713
1271436699843919873
1271435367485341698
1271433343150821376
1271431991469256705
1271430957925650433
1271428163390918658
1271427837631836161
1271427725006340097
1271423692829011971
1271422878874042369
1271422711340904448
1271422400186454016
1271421997604581377
1271421895519469570
1271420799988256768
1271416974652907520
1271416130968489984
1271415648279769088
1271414841241227267
1271413108754522117
1271412773205901312
1271412595313049600
1271412404736450563
1271412149479518209
1271411494736007175
1271411443422896128
1271411330029936640
1271411081072828416
1271410863342321673
1271410676939063297
1271409985461813248
1271409769778208771
1271408202693910529
1271408075468136449
1271407962301571072
1271407817761656833
1271406824051351557
1271404784847859713
1271404052673449984
1271401219240742916
1271400997269598209
1271397358526496769
1271396705808691200
1271395277442740225
1271391368481472512
1271388213492490240
1271388069384552450
1271383361370624003
1271378360103571456
1271362875710464000
1271359481956438019
1271358742198697985
1271358625181827075
1271347756884361216
1271343195063017477
1271341294460133376
1271321480937144328
1271320819210219527
1271316145048481792
1271313154748764160
1271311503568691200
1271301353504194561
1271299954590601217
1271298622064406528
1271297148655751168
1271296500644093952
1271296094845259776
1271292790509457409
1271292595323285504
1271289946574188545
1271286706541481992
1271286172031963137
1271286003454447623
1271285326556721153
1271283232697225218
1271282322113888256
1271278228385099777
1271276920076931072
1271269306341433345
1271269057665228800
1271264996136300545
1271263671180619776
1271263304317571073
1271260605710602240
1271260463712608256
1271257365057114112
1271257244290646016
1271257149084102665
1271257050002198529
1271255112015634438
1271254162731413504
1271253182086295552
1271252882109554688
1271251000029065217
1271250807799738368
1271250427242336257
1271250144546238464
1271248374436696065
1271246564720328705
1271243115026714624
1271242760612265984
1271242656996143105
1271241078197248000
1271240375991070721
1271240086156242945
1271239657829699585
1271238834026577920
1271238760898760705
1271237745734631424
1271237712654348288
1271237507640889345
1271237250131677185
1271236976990175243
1271236974553313280
1271236579160399874
1271235451668647939
1271235368558436352
1271234847646691328
1271233427040350208
1271232838977937412
1271231132797992960
1271230148340092928
1271228668908462080
1271227480347512832
1271221503791685632
1271215148204732418
1271214230226776064
1271213664293597186
1271212889517457411
1271211728316104707
1271211063376252930
1271210397605834752
1271210333332537344
1271210322842411009
1271210002674565120
1271208779053441027
1271205854721855491
1271205645346394117
1271204888060575745
1271204438468935687
1271204316951523329
1271204123740962817
1271201762305880070
1271201564913516544
1271201231512449025
1271198864767422465
1271198112686551043
1271197627682562048
1271197340771082240
1271196741115744258
1271196237568466944
1271196224453050371
1271195972241108996
1271195939731111938
1271194666050949122
1271194206820806656
1271194173853630465
1271193351447068672
1271191199441915907
1271191078302035975
1271190834164228097
1271189628184190976
1271188300137508864
1271187952144613376
1271187147379240960
