1280604725029683201
1280596681948565506
1280588287221039105
1280583652053856262
1280581994108325888
1280561627906129923
1280558178250272769
1280548526792101889
1280547125332455430
1280545540980252674
1280536430452891650
1280534199838130177
1280526158401077249
1280525729868939264
1280524560375439360
1280513174735917057
1280511902372827137
1280504665722011649
1280492743752593409
1280488540170829824
1280487703054897153
1280401916011347968
1280367025454448640
1280361114895888384
1280354329149521921
1280348894660972545
1280332138752217095
1280328657500766208
1280305990861115392
1280304285029478401
1280285775171588097
1280285549975277573
1280283158924197888
1280281914453233666
1280272979742597121
1280265868304408578
1280263641187659777
1280260484244008961
1280254062064263168
1280252224384499713
