1282767450505912321
1282764596709818368
1282749510427475969
1282749504366809090
1282744606749319169
1282743728466210816
1282740198648971267
1282723227597496321
1282718594435088384
1282713209355620352
1282702263610376199
1282684045256581122
1282658169269841921
1282655386668081154
1282654321319043072
1282622559259955201
1282619879984701443
1282606163834613761
1282602143468396554
1282574820790743040
1282557178562437120
1282516500058800129
1282498567525941249
1282483622050758657
1282475256121352192
1282469786967068672
1282464767085621249
1282461179281989633
1282434271844749313
1282423278238400513
