1278790304959782936
1278788406105923584
1278783931907792899
1278768075672707073
1278763785365475328
1278761116991184896
1278751805732765697
1278750217513418752
1278747284579196928
1278745260189978625
1278728068689915904
1278725169582796800
1278722303870865410
1278714404394147840
1278710940414795778
1278706083180285952
1278696399358488578
1278694684953624576
1278694240416141312
1278685619669962752
1278684163118333952
1278680642155188230
1278677949181562880
1278673651496337410
1278673136859430913
1278671896586801153
1278656253896667139
1278638406805970944
1278636959917920272
1278631272156467200
1278628595531780097
1278623224285335554
1278617801721212928
1278612510183227392
1278585071499243520
1278582893548236800
1278576088784859136
1278571958234419200
1278568261970526209
1278566951028027392
1278566104877629440
1278558030615855104
1278556484947922944
1278544153161265154
1278543280985300994
1278532259482607616
1278529789129682944
1278527387282608134
1278527057274773504
1278524430164033536
1278518645820403712
1278515896760315904
1278515324539805703
1278514693414383616
1278513096818978819
1278510904947032064
1278510348274786306
1278510022129930240
1278503967819997184
1278497769624424449
1278496696289419264
1278490919994568707
1278486628818751489
1278482232701845504
1278481737744445440
1278480797188661248
1278479495616397313
1278473823306813440
1278467289910779904
1278466841803780096
1278466645661323265
1278466573364273153
1278465227605114881
1278462102483714049
1278462027883663362
1278461526303784966
1278460554810724352
1278458345448452104
1278457135622389763
1278455926392082433
1278454061298339840
1278448792505921536
1278445617186996229
1278444091370549248
1278440703148863499
1278439971712651267
