1286767268668604417
1286751135458627585
1286748689772445696
1286747693398859777
1286739464241348608
1286729146928832512
1286723501508964353
1286721299197247489
1286718027401252864
1286711098624757761
1286710394753617925
1286709714676527106
1286707765084397569
1286705024156831745
1286702097124282368
1286677768848072705
1286669418110414850
1286660255032770560
1286651115635867648
1286645501564264448
1286643254289629186
1286640080556363776
1286639052607959044
1286636717668290560
1286636557768818690
1286627061038186498
1286614153587826689
1286607252305129477
1286607202342580224
1286600847825215488
1286599098439806976
1286598665327587328
1286597632761241600
1286595141709582337
1286593077017284608
1286578708287852546
1286577432183611392
1286542602901131265
1286539630154670082
1286536445604200448
1286521014935904257
1286519413907140608
1286514003934474240
1286513305423695873
1286512184625946626
1286506962876796928
1286505526822604802
1286499943838973952
1286487948469235712
1286486930654236672
1286484419591708674
1286482749855944704
1286466342585958400
1286464975037374464
1286462161947111424
1286457007462121473
1286451939702702081
1286447577118969856
1286445524430630912
1286444613910302733
1286444283642417152
1286443818620002304
1286438514054369301
1286433018274549760
1286430809113669632
1286427438986092544
1286414227075457027
