1282405975840849920
1282401321245696006
1282398004595404800
1282375608257978369
1282366608464318464
1282361589530861568
1282360377662033920
1282359209888231425
1282358888969330693
1282357257347362816
1282341479470510080
1282340419670609920
1282338325232156672
1282338096067928070
1282331901823418373
1282326402977558528
1282300466395779073
1282297180309659648
1282289871684395011
1282283756020170754
1282280502255390720
1282276329044549633
1282263073110228992
1282253109004304385
1282223365822939137
1282202001695281152
1282198576890875906
1282196273446006785
1282171031436787712
1282130722229280773
1282130059742998528
1282122452076597249
1282090461285322755
1282083229068079106
1282059297426415618
