1279881091042742273
1279878690487201792
1279864346995294208
1279860596284981250
1279858899559026688
1279855805337161729
1279855584620265477
1279854568977903616
1279845700738539522
1279841178947670016
1279836207090982912
1279836185024770049
1279825394066026496
1279821877100199937
1279820125361672194
1279819064039391233
1279815708180983808
1279814687199240193
1279808763743145987
1279806390169550848
1279804822481506306
1279804450761314304
1279801721791950848
1279799153053196288
1279790690533244928
1279788794628190208
1279784174854066176
1279782957616685057
1279779444564074499
1279775644407066624
1279775558029791232
1279773627970392065
1279766478749872128
1279765348481413120
1279763807112486912
1279753874593796097
1279749472264679425
1279748888312905729
1279736558556524544
1279698862962245632
1279687883075584000
1279683711340957697
1279670185432092672
1279662369812054019
1279661405415919617
1279654263560552448
1279638213091524609
1279637811608596480
1279628929980960769
1279627886991794176
1279622774131228672
1279612464166920192
1279608122613436416
1279607110016393216
1279606879233224704
1279606769694760961
1279603582761869312
1279594063495217153
1279593711647637511
1279591810336272384
1279588104475729920
1279587371093196800
1279576124201238533
1279566634458533889
1279566566154067968
1279565655885393923
1279563364721733632
1279563194047004673
1279558740900024327
1279556158706065408
1279554741438156807
1279549927996047360
1279524839494045697
