1272994338021281796
1272992170333667334
1272985864713441283
1272982624089206785
1272982515809050624
1272982515498676224
1272981783655612418
1272981066567974913
1272979047623073797
1272977461547020288
1272976443170062338
1272974217429073921
1272969899854438400
1272965852447608839
1272963584029528064
1272961911940841472
1272959690125774850
1272957956733177857
1272957051908567041
1272955206020460545
1272952638150193153
1272949168970043392
1272948838001782786
1272947740130127872
1272947432830242816
1272944418593497088
1272944405972828160
1272942795498704896
1272942379960422400
1272941436934201350
1272940653501009920
1272940505219780608
1272936016987533317
1272934380126830592
1272932403242242048
1272929627502149634
1272929120729661440
1272928676221509633
1272927425949655045
1272927302561730560
1272927012911566850
1272926234876526593
1272923809952210945
1272921449112748034
1272921238294474754
1272917943035314177
1272915680128413696
1272910158260133888
1272909432373088256
1272907427214745605
1272904531316215820
1272902483862597634
1272901798328709120
1272901062173827072
1272900463562801152
1272900127766786052
1272899988583002112
1272899766532345860
1272891995720159233
1272888802663686146
1272887764309204997
1272886041142349828
1272884770008170505
1272882269083054081
1272876410391146498
1272874948692979712
1272874060150693891
1272870374842261504
1272869407291834368
1272852404761960449
1272851738886672385
1272851717135179776
1272850791951368194
1272850368045690880
1272850133546414081
1272849658319187968
1272842979313700864
1272842409270038529
1272841644350541824
1272830928197423105
1272828890667380736
1272821739261702145
1272821703656144898
1272818082226946048
1272816952709275648
1272816679865724933
1272810384722931712
1272804656985464833
1272804298087256067
1272801352687554560
1272801345557327872
1272800822435278849
1272795461661810688
1272785941791301635
1272783026225680386
1272782240192188416
1272781145164247042
1272778597397221376
1272777507574558721
1272771182308339713
1272755430268317696
1272753594626957312
1272750373216948224
1272746711991980033
1272746150651523072
1272745290429157376
1272745226130595840
1272742586013356038
1272742528127770627
1272737160135798788
1272735572981723136
1272734720577732609
1272734063728529408
1272732864187170821
1272732271527657473
1272732156595404801
1272732093911642113
1272730729496051715
1272730253308440576
1272729776667742208
1272727099825061888
1272725653327142917
1272724330837872642
1272721099059458049
1272720317987897349
1272720060268724224
1272717592071995398
1272716164121100288
1272714375498027008
1272714370183618560
1272714004033658882
1272710927297785856
1272709559115812865
1272707312227057664
1272705006462996480
1272703178514075651
1272701536251109379
1272700559980744704
1272696318633410560
1272692098714734594
1272687868411068418
1272687024747749385
1272680584641310720
1272680558410084354
1272680418160992257
1272680417678602240
1272663643155345409
1272661801856118784
1272660580369928199
1272660275909595136
1272655657934770184
1272655057406787587
1272649539825082368
1272649465262899201
1272648947149012993
1272648463952547841
1272647058277580800
1272643657326264325
1272643513600147456
1272641364447109120
1272640483462746113
1272639750864683008
1272638213308342272
1272637439165644801
1272636105834344448
1272635104054194179
1272635010261159936
