1266106174052675584
1266106040858243073
1266102865363439626
1266101136311947273
1266100478183567360
1266099698529636353
1266093295161217025
1266092714963144704
1266090532822036480
1266087757736280066
1266084244381671424
1266082975877390336
1266082558900613138
1266082026211475457
1266081068748283905
1266077112760299520
1266076348860305408
1266072195123556353
1266069804668063745
1266066445131288580
1266064459807682561
1266064053367078912
1266063269141164033
1266062300986949634
1266061166062776327
1266060219806822401
1266059110094602241
1266058452083884039
1266058353949782016
1266056856906149888
1266053744388521984
1266052848854487040
1266052137600954369
1266050919398928386
1266050695066726401
1266046719382470656
1266046487903047687
1266040541336109056
1266040464727314432
1266038438530146305
1266037330688659458
1266036566159495170
1266033836758052865
1266014152004374529
1266013079340531712
1266006336212434945
1266006098840084480
1266000614770835457
1266000082199097345
1265999433839378432
1265993399334772738
1265989758016249857
1265984742437998592
1265981797315346433
1265980675796152321
1265979529945681921
1265979528448483328
1265973128515239936
1265971761277009920
1265970875330891782
1265969187803013121
1265963065415172107
1265960216853700608
1265959716552953858
1265958983791259649
1265945455306948608
1265944764807077889
1265943474588639233
1265936756072988673
1265916002430341121
1265878449178189824
1265875191739174912
1265872177250873344
1265866008461541376
1265855664636690435
1265853400228466688
1265841378631745536
1265838614916632576
1265836462055886848
1265835868004253701
1265832637161066496
1265827784921960448
1265818906834305025
1265807528228556800
1265773903743500288
