1275895710991306752
1275893339955527682
1275880306168360961
1275877766534246403
1275870765930491905
1275869931108794369
1275866450062979073
1275865502326362113
1275863375881404422
1275863216296468480
1275859638152560641
1275859051918897152
1275856922323935232
1275856732279971841
1275856298324656128
1275855708194508800
1275855488488476675
1275855392300564482
1275855321110626307
1275855139354611713
1275854947540701198
1275853764893839360
1275852507999158272
1275851730044030978
1275851639132487688
1275849990150201345
1275848234985050113
1275847689264148480
1275845776799870976
1275844262475837440
1275841164449648640
1275840025004040193
1275837124563042304
1275823590676586496
1275822664251105280
1275817501981581315
1275815845487276032
1275814268437487618
1275813878274949125
1275813702843973632
1275813352795766784
1275809698621591554
1275809279946166274
1275809127529398276
1275808443136434182
1275808190962249732
1275808026251780096
1275805711654621184
1275803627492225024
1275798141271498752
1275797586360885248
1275790789189099522
1275788149961248770
1275784565848772608
1275770611873308672
1275762925739925505
1275753864160055297
1275751236466335744
1275736289762054145
1275735166653214721
1275726073309925376
1275688609803272192
1275683710738870277
1275681496653848579
1275673211775188994
1275672650799624192
1275669217153634305
1275663093964722177
1275657644896858113
1275656117436190721
1275646689005748231
1275646588904509440
1275639451562258432
1275632351981105152
1275615045020459008
1275614566291066880
1275611906238222337
1275603621913092098
1275592462963224576
1275586602232942593
1275584685842878465
1275583462146269191
1275583285872082944
1275582937526927362
1275582561104924672
1275581866133860352
1275581175394906119
1275580638192599040
1275579199495995393
1275576603603582976
1275568442628886528
1275562035682717697
1275561717825540097
1275553932144709633
1275552574398226442
1275550926783332352
1275543663418851329
1275543476814221312
1275540581360361472
1275540231949860864
1275537659990093828
1275535558807359490
1275534941049274370
1275554929944539141
1275554614683803648
1275554142661095426
1275554772649730049
1275554457414258692
1275813626205671424
1275553827190640640
1275815209307910144
1275813760448565248
