1286031997995855873
1286028982954020865
1286028405771833344
1286016743555637249
1286003477924249602
1286003345073684481
1286002811650617344
1286002581819609095
1285998203381440512
1285992405272068101
1285991336173281280
1285990666556723201
1285988439851102209
1285987012353429504
1285986413071282176
1285985701264121861
1285983177522249729
1285979977243144193
1285977775686336518
1285975873359929344
1285967108292202498
1285965540150988805
1285960672723922944
1285958409620267008
1285953140794093570
1285947223797161990
1285944037506072577
1285943906279084034
1285943325132906496
1285941816962031618
1285935431696162822
1285935100417511425
1285924166286311425
1285923129697669120
1285921931678699523
1285914645409271808
1285909096441565184
1285904677524115457
1285903488464023553
1285903325309935616
1285901686456881157
1285899163373375488
1285897823037329409
1285897023946973184
1285893676565176321
1285889278371696640
1285874887689527296
1285858790831783938
1285858328179073025
1285849707315634176
1285847824958205952
1285843736321241090
1285843538970906625
1285842207363170305
1285842107756937216
1285838728280276997
1285836132354150400
1285835548922310658
1285832438472531968
1285832119407673344
1285828791185612801
1285825809161175040
1285825467585617921
1285824458381459456
1285824204261056512
1285821173977223170
1285821073263452160
1285818275490926595
1285815576112148480
1285813338434187264
1285810590330621953
1285807475816493056
1285806560472477697
1285805431898509312
1285804509575344129
1285804262702714880
1285802177668292608
1285792416406974469
1285791338550554626
1285789037979029504
1285784892475936768
1285765095927275522
1285759297494884352
1285758466213187585
1285756685475348482
1285755180500357121
1285740638722392064
1285737813917552640
1285737628973727746
1285733306907209728
1285721737968181254
1285721436028633088
1285720951678799873
1285720357475962880
1285720129146425345
1285716704488820737
1285716303588794374
1285711326644494336
1285704833354301440
1285703838310293504
1285700446255013890
1285698507047927809
1285698486646845440
1285693324297412609
1285692111543836678
1285689926063923204
1285689815363719175
1285689322365222915
1285687523067469826
1285687043004207107
1285686946988163074
1285684087676719105
1285936292182843392
1285936450220036096
1285936621519544321
