1291837913177751555
1291833628494880774
1291832316160073729
1291826589223792642
1291825493508067328
1291824617187872769
1291814909328732163
1291801835955720194
1291793948675944449
1291791300551798784
1291776668923842563
1291776387427307521
1291776168706924547
1291772843680845825
1291763428319617025
1291763184202706948
1291744713402273793
1291741202635796480
1291737512642314241
1291721993302216704
1291720439191019520
1291705057122160641
1291698275163152385
1291696971070095361
1291696548393361409
1291645856161169408
1291604635879215104
1291532756133072896
1291503687676747776
1291488380836966401
1291770174589345800
1291716893213167616
1291728300746911744
