1288214494167158784
1288216492576837634
1288215233463558147
1288212906891456513
1288210087077715969
1288207618327089165
1288207615315648516
1288206813775532032
1288205665463422976
1288204614727118848
1288204196571951106
1288203879038025728
1288202942588366850
1288195366417039362
1288195068466208770
1288194386409525258
1288194167861137409
1288194078887292930
1288193168312336386
1288191749702156289
1288190395344736256
1288187429812424705
1288186943298326534
1288184144330194944
1288183809997856768
1288182263902081025
1288178010563190784
1288175755239849991
1288175481150492677
1288175247766818819
1288173965173755909
1288173892444528644
1288172562686644224
1288171009057492994
1288170042484568064
1288164106567122945
1288163917039009792
1288163185501933574
1288162358678839298
1288161860479582210
1288161853961641984
1288158719176519680
1288158062927327232
1288155910129561602
1288155390606217217
1288155118374920193
1288154837553733632
1288154334602178560
1288154066003136515
1288153148067065857
1288152891904098304
1288149832054472705
1288148301079027718
1288146021751697410
1288140871217553408
1288140245159022599
1288140184261812225
1288139188630466560
1288137029784608768
1288135949319385088
1288135312661721091
1288135063813595138
1288134697084624899
1288134140517330947
1288133808663826432
1288133707254190080
1288131866365763585
1288124030017445894
1288118877365272577
1288116139864678401
1288105191737188352
1288098852508180480
1288096271824281600
1288094748859826176
1288091691174502400
1288090212808249347
1288087281572732930
1288086533363372037
1288082772536561664
1288082534371336201
1288080794985037824
1288070139586531332
1288064833871581185
1288059841596944387
1288017466942201857
1288017368203943937
1287985876195188737
1287984428661252097
1287982029066313728
1287980697437769730
1287967553453604868
1287964547211501575
1287957471441502208
1287943823960702977
1287932676129697794
1287929259219009536
1287928444064378880
1287925990564429824
1287925149610553344
1287918654231851008
1287914300657610752
1287908239560937473
1287905797704265728
1287897599542874114
1287894315725991936
1287873626683801600
1287872499053506560
1287869665830567936
1287866137435242497
1287865736623304705
1287864952703733761
1287863923723493376
1287861790924210183
1287861055251775489
1287860093464252417
1287858703593623552
1287857570376495104
1287857523966394368
