1288936168554471424
1288921359188398081
1288914600172429315
1288913896439296000
1288911507871465472
1288906121001000960
1288904370277486593
1288903756634042371
1288903497635762176
1288903497405145088
1288899480469766144
1288899342519107584
1288898297596452870
1288893743752286209
1288889914868862977
1288888564885917699
1288882034417586177
1288876199050186752
1288876023879065600
1288875725261434880
1288861401629392896
1288857560561389568
1288845663283929088
1288832664624140288
1288825360054804480
1288817166431723521
1288812026505068546
1288811956313493505
1288810846689398786
1288807897988845568
1288803401443299328
1288800808428023815
1288796766184366081
1288795059048132611
1288794949891178497
1288791403879784449
1288786915588792323
1288744577244049408
1288743364796522496
1288742091917590529
1288721489169190912
1288721070095126528
1288721021235675136
1288718289082843137
1288713812951085059
1288709273044877313
1288704667191398401
1288701439330488320
1288692658064457728
1288663493835661318
1288660742951010304
1288655921124712449
1288655259708133379
1288653823112773632
1288653053189644295
1288652262298927105
1288652174617182209
1288649734866046978
1288649700220915713
1288643337126371331
1288641507688353794
1288641056259571713
1288640929172197382
1288640719238975496
1288640595913633793
1288637719393054722
1288634503729209345
1288634034130767887
1288633243370246144
1288631465282899970
1288629375043276801
1288626910419984385
1288625346133147648
1288624743248048128
1288620708910608384
1288616749882052608
1288616404577595393
1288614770132824077
1288613976750936065
1288612787556556800
1288611183281475584
1288611000602820613
1288606792939782145
1288606693614485504
1288604810736934913
1288600409066606597
1288599409760940032
1288598690714644480
1288597853418422273
1288596905384173568
1288594720260788226
1288592895184904195
1288591521948635136
1288585610475769856
1288584477522956292
1288582086341693441
1288581691884179456
1288805086018383872
1288802065821634566
