1291096860493516800
1291089559514644485
1291088734830710786
1291087308477825027
1291074783585632257
1291052493959565313
1291050351689334786
1291050122487398401
1291049843117490177
1291043086508883968
1291041485018865665
1291039694428549120
1291031278612090880
1291026172818550784
1291024172064354305
1290995856972353538
1290987502812176387
1290979445755568128
1290966381534621696
1290960019404587010
1290958772387622912
1290948706167029761
1290898088140316674
1290837681778372608
1290815936136503297
1290813461367148544
1290803161490481152
1290801425597964289
1290799681732145152
1290770419344007169
1290765126358798336
1290762986966007810
1290756906873696263
1290754587411062784
