1284229887423770625
1284228819000479745
1284227985294401539
1284225049797459968
1284218419617976320
1284214543674159112
1284214391890567168
1284212907115343872
1284211513499107328
1284211349979934720
1284208732101058561
1284208608486383616
1284204540992950272
1284204266547224578
1284203393830006785
1284202072011767808
1284198294055464962
1284194339099299840
1284192507933450240
1284191330239946752
1284190657452617728
1284190138835378184
1284189522805178368
1284187844311949316
1284187600056733696
1284184941379457030
1284181871815868416
1284179748705275904
1284176557494300672
1284173756508844032
1284172783250034696
1284169013334028288
1284166377499242496
1284164159970713600
1284163032176885762
1284162922575519745
1284162716777799683
1284162088450101251
1284161101756850178
1284160363802566658
1284155899322531842
1284150675870367744
1284149816725921792
1284145427743481857
1284142581690105857
1284135988504207360
1284133420696625152
1284131105516531713
1284128997849182212
1284126745793265665
1284120989559779330
1284116606516436993
1284114379060006915
1284111400466558977
1284111364458450944
1284109346868211712
1284107700482129921
1284107559113285634
1284103350770970630
1284103024810614784
1284101700547227651
1284100791855280129
1284094949454225408
1284089269024428033
1284087206429237248
1284086715989266433
1284084519562289152
1284081705968705536
1284079867135504384
1284060148567334914
1284046908164411393
1284036077745913857
1284035652800131072
1284028619162103810
1284019741305253890
1284016416388263936
1284004793095094272
1284003449676263424
1283996807060525056
1283995291339771907
1283992485660749824
1283983186406649856
1283981133160443905
1283958008284946437
1283947697523892224
1283940358024335361
1283931787014660098
1283913439262515201
1283910162357587971
1283902652758274048
1283881854823620608
1283876923874082818
1284152740571230212
1284153641247612929
1284152321325379586
1284153272035676160
