1275169209018978305
1275160890342506498
1275157850004901888
1275155115348054016
1275150437004578817
1275131546341715971
1275128428505825289
1275126199849631744
1275121029103464448
1275118124472377344
1275117600024887296
1275117101154365440
1275116117619548165
1275115772847759361
1275113211780640769
1275112280623968258
1275111574429028353
1275106199524872192
1275105098553872384
1275104922913042436
1275098214119755776
1275097649650249734
1275096893375250434
1275090437783662593
1275087173147078667
1275081770980061184
1275081433678147584
1275078669912780800
1275078448294158341
1275071380157956096
1275071333810892801
1275069797743509507
1275068945343459330
1275067414166695938
1275065440604053504
1275064467466805250
1275062670220095488
1275060029641625600
1275044935956336641
1275042260967657477
1275041812017631235
1275037093056720897
1275029714768445440
1275019809701400577
1275018808449740802
1275010684472918019
1274984503019294720
1274980495290441728
1274957564954865664
1274957378862018561
1274949301010079744
1274939855747743745
1274937237642321922
1274912973623111683
1274909704293158928
1274906199595638784
1274890756487106566
1274889976992366592
1274887511622340608
1274878444866699266
1274877810218340355
1274876422234890240
1274870184906354688
1274870080157908992
1274868989450022916
1274867012209180672
1274862944141152257
1274855143964659712
1274852237223788544
1274851330696364039
1274846813397213184
1274845594658451459
1274845403658301443
1274844550540992513
1274844491539677185
1274844435512057857
1274841891205459968
1274834197979574273
1274827780962820096
1274823975869308928
1274815834683301894
1274814726325841927
1274814439603286018
1274967861312630785
