1283137742851895296
1283137598781890560
1283136297171931141
1283131190585602048
1283126713996713989
1283123433279299592
1283108054683222018
1283105489660805121
1283102937569533952
1283089587657748482
1283058875843870722
1283037989715824640
1283030092260806656
1283024715343257600
1283020396439064576
1283004173584183298
1282977314742075392
1282969438547881985
1282965486246989827
1282954853107372032
1282954023197261825
1282953821900075008
1282900792098394112
1282900050209902594
1282897709913915393
1282887049801093120
1282867137703489536
1282863017210732545
1282853879831560196
1282847508163633156
1282846493548912640
1282846433570443265
1282846407179870208
1282845536974929920
1282841367404703744
1282808888862154752
1282801456840572930
1282789098051100672
1282954448755720192
