1277706575365505025
1277706415780409344
1277703482682810374
1277700340314406914
1277699958217506816
1277698478135795712
1277697828513558530
1277697761765404672
1277690227868516352
1277684972216705025
1277682112460660736
1277680347795410945
1277679079232286721
1277678488888045569
1277675861592899587
1277674864778903554
1277673694588960775
1277672196492705794
1277670183230898177
1277668606474477568
1277658404752941056
1277658210803912705
1277657846637752320
1277655520502038535
1277653476617707523
1277652648284450816
1277648813197594624
1277648537937784833
1277645816195416064
1277638256750817283
1277636274950529024
1277635965377318914
1277633761736302592
1277633212710187015
1277631149838401536
1277631007118766080
1277630776570413057
1277629589054001152
1277625942849007634
1277621806652895232
1277617859892523009
1277614159954395137
1277613095775539202
1277610455004065794
1277610408556351488
1277609724670853120
1277609654026190848
1277609131982180352
1277606624442580992
1277605900610686976
1277605781030998016
1277605766661320705
1277605656741261312
1277605094155063297
1277600363474976768
1277600177201778688
1277594882958376960
1277593567943368708
1277591101998862336
1277590787665035265
1277586014580535296
1277582577835130883
1277570386595586049
1277570113668079616
1277569473487278080
1277566378455830534
1277562324359012352
1277560960786538496
1277557088697417728
1277555706602950656
1277548740375650304
1277533303206285313
1277533244611837952
1277530378027352066
1277527497861672960
1277522458942332928
1277517405200117760
1277510625502154752
1277505572854812678
1277502460559532032
1277502207647117312
1277498312472608770
1277497021113470977
1277494412537483264
1277494340898689025
1277491317640015872
1277489087809634308
1277485952546586625
1277484910232498178
1277480614245961728
1277477312045502464
1277471365499703296
1277467891701624832
1277456601281110017
1277454883340369927
1277452397665755137
1277452217176461313
1277452020706877440
1277451633711087617
1277449917615742976
1277449307273089024
1277447837773692929
1277446058126086144
1277445530864549888
1277442100674662400
1277436629683240963
1277430350885670913
1277430054402875393
1277429640697655297
1277427412108742656
1277425585355186177
1277421936017117184
1277420326142513153
1277420186841288704
1277419153981349888
1277418209524822021
1277418199966003200
1277416527105384449
1277416337795678210
1277413880281563136
1277406972774682630
1277404948519505920
1277401175722037248
1277396044637253632
1277395190492418048
1277394253308547072
1277391707139530752
1277388363696418816
1277387935625740291
1277386642269933569
1277386119491973120
1277376677895704576
1277374442071605249
1277373871184850951
1277372379543539712
1277369026851848192
1277367526293409792
1277367332990377984
1277365945036673026
1277365453199998981
1277364719083495427
1277363553884868610
1277360348211732480
1277358382421348353
1277350100046680065
1277349839177576448
1277349209193111552
1277347377435693056
