1279153624132669440
1279146549528969218
1279146416137535490
1279145373894877192
1279144148533219330
1279143152117571584
1279141094941511681
1279138411002109952
1279132651711053828
1279132113288212482
1279129823240245252
1279118783399948289
1279118351961395203
1279112784559603712
1279110790201569280
1279106084150693889
1279099029134041089
1279097618673491973
1279096634941403136
1279094190563966976
1279086030881259520
1279081726086656000
1279069399534665728
1279068988073484288
1279066600482709506
1279065577479442432
1279063520341045249
1279057134991409154
1279052717101481985
1279041785126252545
1279029243171803137
1279026601553002497
1279026265559904257
1279022918891114496
1279021763192635392
1279018559415504896
1279018089917689857
1279016857886814208
1279007277589159936
1279004514905882624
1278979384536432642
1278968768379551744
1278959885737168896
1278956373590470657
1278940346110472192
1278938882898186240
1278899483653349381
1278898783850508289
1278898655475400704
1278896615001141248
1278888021153255424
1278876703700455426
1278873541149184000
1278858926705049600
1278855748622180354
1278855174874775554
1278847574242234369
1278847310928252928
1278845367178665986
1278844374315646981
1278842859941216260
1278840412111659009
1278836922111217664
1278833720372473856
1278830948101107716
1278830189938708481
1278825443966271488
1278824669190270977
1278821133056270336
1278815746697633797
1278799999523000321
1278799183277850625
1278798907733151745
