1278433065858150400
1278431495087173632
1278428909923598337
1278421201539522561
1278417707277434881
1278413638232084481
1278413455444369411
1278405342532116480
1278404038762119177
1278398368566448136
1278395124901281792
1278394427438923781
1278391578701283331
1278390755032289280
1278390328970694657
1278383875098583040
1278379992385310720
1278379285506519040
1278378777131786240
1278376757637181441
1278370342633910279
1278368890205200384
1278368350859603968
1278368044293603328
1278362935576989701
1278360871505461248
1278359451528036353
1278359250402635776
1278354818772414464
1278354072865669126
1278353965177020416
1278349351027306497
1278345225119756290
1278344972631265281
1278343907881951234
1278342509501059073
1278339177986379777
1278338239078621189
1278335239446835200
1278335117216247810
1278331006232064000
1278317977050525701
1278317963658084358
1278313698168356864
1278300454116569095
1278298814449963009
1278292591679848453
1278282204586676224
1278280863218913286
1278276637344350209
1278271942466899969
1278263268054839297
1278261989555548160
1278251701556961281
1278226912083492865
1278215604382531584
1278203536996696064
1278199213982130176
1278198572937166848
1278198001677320192
1278188944329281537
1278188517890199553
1278186691417616384
1278181660064964609
1278181423221026817
1278178816641232896
1278166794491039747
1278160087878520832
1278158690143686658
1278148305722249216
1278143948410826752
1278143505475534851
1278143372256071681
1278142586524323841
1278136430112370688
1278131019850190849
1278129173572141058
1278125230079295488
1278122779162873856
1278120707143151617
1278119685951827968
1278116389786542081
1278113692127649793
1278111364213403648
1278108564377108481
1278098814751121414
1278094299511623685
1278092913889640448
1278087900324864001
1278085496741208064
1278077788117970944
1278076413325856770
1278075341664391168
1278074882731974667
1278073313806258176
1278071781379633152
