1273719804495572992
1273717548496965635
1273715912508444672
1273714388600487936
1273712688464625665
1273712389205233665
1273711957233688582
1273708319933333507
1273705518306074624
1273704015499591680
1273701241680519168
1273699045907800068
1273685157174824963
1273681697360535554
1273681280878743552
1273680975587872768
1273680673556123648
1273680561383649284
1273679197634998272
1273678405586817026
1273678363668951040
1273677318653960192
1273672533716471811
1273667452270936065
1273660767645155332
1273660756387659777
1273660101765795841
1273659045824602112
1273657086782648322
1273649718841806849
1273649322542784512
1273646572262363139
1273643982313193473
1273638414957633536
1273631560437248001
1273629501969371137
1273627811685818369
1273624949006241792
1273624248293171204
1273624007200272384
1273623636260388868
1273621972128354304
1273617682538037248
1273613405828472832
1273613357728370688
1273612767715565569
1273611843781578752
1273611076454752264
1273610591907860480
1273607813214830592
1273604066061561859
1273601301528612864
1273601222948290567
1273597184856989702
1273591958800404480
1273586318275198976
1273584863497596928
1273584018328629248
1273584006769119233
1273583293712261121
1273581470628618240
1273574291716661249
1273573767533465600
1273567266672717825
1273566278565969922
1273552847628644352
1273532374928719874
1273531696760094720
1273516943757082625
1273515537302159360
1273513599546392577
1273510632046788613
1273507708394602504
1273502409973792768
1273497657554550786
1273495187721945088
1273488476491714560
1273486992085483522
1273484874150600705
1273483156704899073
1273479018453577728
1273475590360903680
1273463859504955392
1273460427226218497
1273459907296145408
1273458448546611200
1273456731797028866
1273455767446622208
1273448685846900736
1273448349686018048
1273447174475517953
1273440864099086336
1273439536358531072
1273439049634713601
1273438569118515202
1273438496389238785
1273436782751866881
1273431407075954720
1273431371587952640
1273430044317224960
1273426658188558336
1273425750272638977
1273425579476484099
1273425154928934917
1273424571341910017
1273423300882989059
1273422840067272705
1273421610473512960
1273418550947065863
1273417853790752772
1273413452082696194
1273413188365795329
1273413134619836416
1273413073588625408
1273412027126616067
1273409722708889602
1273408579148619779
1273407724383096833
1273405692230209542
1273405473367130113
1273403165530980352
1273402900711170053
1273398904382459905
1273394939343196160
1273393935381979136
1273392612590989313
1273389610932899840
1273387977884839936
1273383913784848384
1273379222090899456
1273375695926964224
1273375220209012737
1273368940895330304
1273368537504133123
1273366650746699778
1273365665412517896
1273365206605926403
1273364049380683785
1273362010848231430
