1271909698514685952
1271909517236645888
1271909206992568320
1271909134716162048
1271908987349487616
1271908603256061952
1271908427833344002
1271907519410012160
1271907095617699846
1271906447438290944
1271906186204459008
1271906020529516544
1271904840747278336
1271902337561497602
1271901390277935104
1271901364843614208
1271901204117889025
1271899845310193670
1271899141342261248
1271898759819980801
1271898603662061568
1271897410118262791
1271897386391044099
1271896667210477568
1271896494468034560
1271895083881725952
1271895080404766725
1271894482707939328
1271893925314408452
1271893046779613185
1271891296504799232
1271890828751859712
1271887953518891008
1271884824740012033
1271884634331262977
1271884189403697154
1271884046876807168
1271883968212680706
1271882305284517888
1271881668970737664
1271881463110094848
1271880787122479104
1271880770467106816
1271880661838647296
1271880287413088256
1271880195537059841
1271880187156721664
1271880120672727040
1271880048442630144
1271879976413888512
1271879207274987527
1271878680969646081
1271878445086236672
1271877690602270722
1271877396002553856
1271876445925543937
1271875470955556864
1271874649907814402
1271874189083815936
1271873223291015172
1271873037814632449
1271872652521676801
1271872473815044096
1271871325511077888
1271870949646835712
1271870850954747904
1271870386855120902
1271870122051993602
1271870094461845510
1271869640055062529
1271869271497457672
1271867937356492801
1271867293082025984
1271867176258023424
1271866747382050820
1271866419597238272
1271865842116915201
1271865069790322688
1271864612393299976
1271864342414274560
1271863871649845248
1271863667294760960
1271862740324409353
1271862524917538817
1271860454814441472
1271860138677329926
1271859145302585344
1271857552687542272
1271857480050581505
1271856282182483969
1271855889121714176
1271855785761521665
1271855531758624769
1271855219991871489
1271854500064776198
1271853440319344641
1271852774540677120
1271852712859230209
1271851120730632199
1271850427424870402
1271850122989707264
1271846152439164929
1271846143740096513
1271845820585742336
1271845161912459265
1271843360576282629
1271842268178272260
1271841798445465600
1271841159694946307
1271840988714196996
1271840399670366210
1271840381664141318
1271839368521580544
1271837828612108288
1271836757831663623
1271835906421358592
1271834425286852611
1271833915205058560
1271833243969622018
1271832937005297675
1271831094195900416
1271830899219300353
1271828344942755842
1271828051068780544
1271825091458990080
1271824540742623233
1271824211460284419
1271823964487245829
1271823869209444355
1271823629030916096
1271823380547874817
1271822770289217538
1271822415895527425
1271822231254040576
1271822123263299585
1271821187639914499
1271819924290371585
1271816514111442945
1271814913837522945
1271814903397941249
1271813539276210177
1271812872465780737
1271812777028530176
1271812059139764224
1271811693157535744
1271811509816090630
1271810425328242691
1271808772315414530
1271807473976999937
1271807032551710721
1271806166750900229
1271805956553191429
1271804439377203200
1271804017828560898
1271803932902338560
1271803491418279937
1271801396942254081
1271799658726252544
1271798863540740097
1271797535108202496
1271796588340547587
1271796213042511873
1271795729321693184
1271794501250682880
1271794432451493889
1271794158605344768
1271793233128042499
1271792868886228993
1271790977766825984
1271789961696722944
1271789810143899650
1271788833982595075
1271788705800491008
1271788576515203074
1271787838527475713
1271787359961571328
1271785502056820736
1271785467936149505
1271784415425974273
1271784382232215553
1271783896875663365
1271783723189571584
1271781994926682113
1271778051483934724
1271777509827207169
1271776725093900288
1271776632773267456
1271776410626076672
1271775536092774401
1271774584044425217
1271774041918132226
1271771154085265408
1271770842012270592
1271767868762398720
1271765684750626816
1271756169292349442
1271754629299220480
1271754569916321792
1271751830591193089
1271750160935202816
1271748860436598784
1271748128228675586
1271747943641604098
1271747554196234241
1271747379541262336
1271747078465748992
1271745067934380032
1271744312481583104
1271741941420457990
1271739833493397504
1271737732126117888
1271736751661277184
1271734687279517697
1271733849257644032
1271729130569154562
1271728781078736901
1271727918322941952
1271727691192889350
1271712257374896130
1271710610967769088
1271706695476150278
1271705302728167425
1271704689432760322
1271698315529388033
1271692881741246464
1271687290528632832
1271687093534638080
1271685799948554242
1271685209319071745
1271679241822916609
1271677141403475969
1271677084306472962
1271676674833350665
1271671838645444609
1271670832851533829
1271669087345623041
1271667123211784192
1271663019823693829
1271657702809313281
1271654757472645120
1271654339266744320
1271651960555483136
1271651633072492546
1271650633800536064
1271649700299464706
1271644538742898688
1271644438012596229
1271640485866680324
1271636691581714433
1271636673152135175
1271636661223297024
1271632842938814464
1271632622612029442
1271632073669914629
1271631338408460289
1271628263908151297
1271628192927952898
1271627978234105857
1271627281228652544
1271623811465711616
1271623719664996358
1271622748801024002
1271622197820313602
1271621785377820674
1271621713856548864
1271621412504166400
1271621345433071617
1271621300327309312
1271618872991514624
1271617872251379712
1271617211157803008
1271615292599230464
1271610456646406144
1271607203938484225
1271607014649737218
1271603787526963200
1271603076147949568
1271601515220865024
1271601482710814721
1271601042212487173
1271600356326334465
1271599831321018373
1271597673787928577
1271597476336873479
1271597288381648897
1271596408475443202
1271594177579511809
1271592323210711041
1271591876966178816
1271591084380979200
1271589002609430528
1271588966102446086
1271588163727822848
1271585042964393985
1271584954133045248
1271584067570372608
1271583083813376002
1271582535328264194
1271582435294302209
1271582068120489986
1271581997383798785
1271581672966959106
1271580217207816192
1271578633992364039
1271577849758191616
1271575799003402241
1271575402448924672
1271574988911308800
1271574964521533441
1271574477202173954
1271574460555046916
1271574031569838080
1271572880497750016
1271570958797672448
1271570553170735106
1271569723579346944
1271566585535385601
1271566355242921985
1271565981857480707
1271565358873354240
1271564192261308416
1271564173684748290
1271562608169099268
1271561796193845248
1271560336454356992
1271559553029738498
1271556667696611329
1271556390947979264
1271554874191294466
1271554839743356928
1271552964247859205
1271552670747090944
1271551098860589057
1271551014794072066
1271550627039059969
1271550435199979521
1271549693009571842
1271548287481286657
