1276618189108129793
1276613648010665985
1276613039706402816
1276602233669464065
1276595483591561217
1276594200897900550
1276593792154468352
1276591516278910979
1276588631491178496
1276588568358432774
1276588392176922626
1276583025967378432
1276577780713611264
1276577242773143552
1276570227711643648
1276569021895315459
1276565606649737216
1276563784405004291
1276559561684652032
1276558928067932162
1276555614311890946
1276554584312492035
1276548735690960896
1276548267778555908
1276545055935705088
1276540340439093249
1276530500169916423
1276517491536277504
1276516410160812032
1276495508090040321
1276494394087047175
1276491845489627136
1276475699000414208
1276474763314003972
1276474071891484673
1276472326423556098
1276468489201516544
1276466270892888065
1276440668911501313
1276414062851694598
1276413166847696896
1276412359125405696
1276406546323341312
1276394430136754176
1276387267125194752
1276379864887631872
1276364774847270912
1276362205810667520
1276356841740656643
1276356528568754176
1276356290361675777
1276356207192702977
1276342281747009536
1276335465407209474
1276330898506604545
1276330812191825921
1276329434899836928
1276326929184980992
1276324801645285382
1276310995485331456
1276307350643712000
1276304981386280966
1276290063299575809
1276287283709108224
1276287076003086336
1276286784792662016
1276286715578265601
1276283924667265025
1276274254934429699
1276270648172503041
1276262025971335169
1276261245897883648
