1291477018098282497
1291451148013101056
1291447667961331714
1291445110341865478
1291400382636347395
1291398161857216513
1291397897863548928
1291387113007484931
1291367694902665216
1291335560976633859
1291332487512240129
1291322771801280512
1291317143976521728
1291272303087628289
1291259617763196929
1291231508276150273
1291194772087017474
1291191145469337600
1291166912521666563
1291118622438391808
1291190161376591872
1291140102886891521
1291142666369957888
1291171980389920775
1291137373951016960
1291146653722800128
1291173428188180480
1291138305757650945
1291145635786178561
1291263067053936641
1291363394210201600
