1267199130767691782
1267199025998172161
1267198444797677568
1267198403399819265
1267198328456065024
1267198071068340231
1267197010865782785
1267196960890662913
1267196957111402497
1267196806263459845
1267196575710928897
1267196561764659200
1267196543532179462
1267196318935650309
1267195746798800896
1267195704813981697
1267195451201277952
1267195391809855490
1267195306522873860
1267195151316930561
1267195022409175046
1267194764279021577
1267194648424038407
1267194643084648455
1267194556606550016
1267194452386381831
1267194248341843969
1267194099012075520
1267193971907969029
1267193929323208704
1267193806127951872
1267193646211829760
1267193427847979008
1267193088835047427
1267193066408075265
1267192526915670018
1267192191509762048
1267192115869745152
1267191945996181505
1267191834503262208
1267191800730718208
1267191250236645376
1267191114999779331
1267191097408839681
1267191032741015552
1267190893418893312
1267190854965497858
1267190241808482305
1267190038753918976
1267189915730788358
1267189888920797185
1267189740312371201
1267189713796022279
1267189477606391808
1267189328985415680
1267189316058570757
1267188800054165507
1267188738146222080
1267188403927420928
1267188181398667265
1267188098682798083
1267187706255290370
1267187656359841796
1267187435105992704
1267187229258125314
1267187162841255937
1267187161218134016
1267186947287666688
1267186652897841152
1267186625563394048
1267186619674693633
1267186499264679938
1267186357673181184
1267186238236262403
1267186216258220034
1267186067981193216
1267185908488572929
1267185120622129152
1267184964224921601
1267184881110593542
1267184610452127744
1267184530668085248
1267184491887505409
1267184389458284545
1267184196939808769
1267184128174305285
1267184109048168448
1267183892907331584
1267183082077126658
1267183000195698688
1267182985842847745
1267182450557452290
1267182273545281538
1267182045010120704
1267181569669844994
1267181334243540997
1267180662756442112
1267180491020685312
1267180376188911617
1267180338750484480
1267180223931600896
1267179979307016192
1267179945803087873
1267179724373196801
1267179605896634368
1267179461985927169
1267179205252521985
1267179149359304704
1267179002369912832
1267178942550749184
1267178676023627776
1267177565124546561
1267177420714659843
1267177051376812032
1267176753576972290
1267176686958698496
1267176330417889283
1267176198007934978
1267175921129226240
1267175424641191936
1267174698351308804
1267174288756482053
1267174122729213952
1267173814137430016
1267173609061171210
1267172766014472194
1267172442910400513
1267172382051090437
1267172000503660547
1267171658932027392
1267171215950712832
1267171049160036354
1267170324744933376
1267170228049457152
1267169953242849281
1267169839833124871
1267169442087264259
1267169409975664641
1267169232451764224
1267168884026683392
1267168399949467653
1267168359763894273
1267168165538168833
1267168139357364225
1267168133346922498
1267167349972652035
1267167346923274241
1267167261623832577
1267167154559991810
1267167135018692608
1267166994597625857
1267166993339355139
1267166875781382147
1267166635229499392
1267166441289236480
1267166282929115137
1267165985385189376
1267165957081821185
1267165915130388480
1267165537555144706
1267165408605298690
1267165319350476806
1267165228778663937
1267165101217517581
1267165034964189186
1267164875974991872
1267164652926128129
1267164358557171713
1267164312017285120
1267163743307403271
1267163733345931270
1267163474960044037
1267163380642721794
1267163210345414657
1267163135749881865
1267162506394505217
1267162096011284481
1267161946140311553
1267161701918674948
1267161348644974593
1267161188984635393
1267160352451637250
1267160276522147841
1267160192548036608
1267160169735245827
1267160161342365697
1267160156233703428
1267160117402836992
1267160068245635072
1267159820051853312
1267159608134680582
1267159289912717312
1267158839109005315
1267158334307778561
1267158301004967936
1267158102006259714
1267158057387163649
1267158049069740032
1267158010268393472
1267157848724852736
1267157734933368834
1267157524895150083
1267157078931636225
1267157046560002053
1267156945175183361
1267156538470383616
1267156102203883523
1267155770929491968
1267155746719858688
1267155248050663428
1267154757740724224
1267154433365774337
1267154168076275712
1267154035011977216
1267153842413731840
1267153822444552192
1267153604558811137
1267153525412421632
1267153296105648130
1267153158020698112
1267153148747091968
1267153081336242177
1267152975027298309
1267152754587447312
1267152473724203008
1267152407844343811
1267152384591040513
1267152364198395904
1267152361753059331
1267152200343658496
1267152178873073665
1267152141744926720
1267152106697510914
1267152097113489420
1267151678970580992
1267151636943773696
1267151484032110593
1267151314250686464
1267151164614889472
1267151019869302784
1267150838813753344
1267150372864434177
1267150136658071552
1267149899533103104
1267149611375964160
1267149568287924226
1267149467020660738
1267149432824397826
1267149368446107649
1267149133053407232
1267148901074833409
1267148147865812993
1267148112855879686
1267148046917341184
1267147715370029056
1267147652564758530
1267147483102302211
1267147223189671946
1267147083867398149
1267146883744567297
1267146682489159680
1267146604240306177
1267146534581395456
1267146375239778310
1267146241613455360
1267146233111474177
1267145963577188353
1267145760472268806
1267145449925828608
1267145313061449728
1267145191397392386
1267144937855803392
1267144667566608386
1267144220537741321
1267143937640280065
1267143732287201281
1267143699672248321
1267143663211208716
1267143593199898631
1267143447099686915
1267142446271483904
1267142392769138697
1267142264381255681
1267142017773039616
1267141950882250753
1267141934654636033
1267141923199991808
1267141686683189248
1267141372936548354
1267141349297577984
1267141215767736320
1267140813731115020
1267140668473831425
1267140328391356416
1267140268236566528
1267139925587169282
1267139800248639488
1267139772490924036
1267139521109360642
1267139453509939200
1267139206440275972
1267139159153455106
1267139135556341763
1267138934565490689
1267138908560777217
1267138763941019649
1267138469744316418
1267138220224991232
1267138192064548864
1267137944013471752
1267137810911412224
1267137734906437633
1267137516110589954
1267137506396553219
1267137463451029506
1267137394408644609
1267137363735646210
1267137126811996160
1267137080322334721
1267136848394104833
1267136832606810112
1267136377214418948
1267136097508904961
1267135763142995969
1267135723444015109
1267135719933345792
1267135437811916801
1267135344517902336
1267135311785664512
1267135247520595973
1267135215605919744
1267135146634866689
1267135138380603392
1267135007753072640
1267134911078633473
1267134807647105030
1267134780384129025
1267134516486909953
1267134466604007429
1267134429992038401
1267134377332338689
1267134318440148993
1267134120288595970
1267133838733586432
1267133800712200193
1267133617559474177
1267133548646952960
1267133077693833217
1267132579322437632
1267132392134676481
1267132204582404096
1267131848620204033
1267131769859510272
1267131447497723904
1267131282280112130
1267130767492046850
1267130601091596288
1267130321780146176
1267130104037195776
1267129974701658113
1267129942204022785
1267129870317805569
1267129367496253441
1267128867371745287
1267128246933393413
1267127693960757248
1267127687497363456
1267127651770064896
1267127290183352321
1267127013007069186
1267126961278763010
1267126754868518913
1267126594507878409
1267125830477635589
1267125662801956864
1267125590806560768
1267125162039586816
1267124946133823490
1267124896867528710
1267124332431630337
1267124034145320960
1267123779945336836
1267123709111746560
1267123604434505733
1267123566593536000
1267123255778979843
1267122902786289666
1267122857026478081
1267122809068814342
1267122755566264322
1267122483800559619
1267122395384430595
1267122320860037121
1267122223262941184
1267122063204024323
1267122010032922625
1267121909193256961
1267121630289018880
1267120949901627392
1267120631121838081
1267120591439646720
1267120245476483072
1267119896137170944
1267119742231461888
1267119740297687040
1267119553471012865
1267119230769496066
1267119212054659078
1267118920240173056
1267118381435547648
1267117988836192261
1267117774926540801
1267117332595441666
1267117266799378432
1267117258347884548
1267117236503941120
1267116971671392258
1267116950137831425
1267116757770285058
1267116333390585856
1267116270908047360
1267116109846712322
1267116066116898818
1267115915121836032
1267115778710605825
1267115393023279104
1267115230053584898
1267115229067935744
1267115014470721540
1267114841224986625
1267114835566891009
1267114604263542786
1267114351904858115
1267114310419058694
1267114304316174338
1267114016046006272
1267113920466022401
1267113915487526912
1267113909321961472
1267113833488769025
1267113769580343296
1267113745874067456
1267113569394610177
1267113444265918464
1267113370169245697
1267113266519539712
1267113199951917064
1267113101641437185
1267113020397957123
1267112983626473474
1267112912931352576
1267112858355142656
1267112767594663937
1267112187321102338
1267112036540047363
1267111986812379136
1267111823268089856
1267111772135346182
1267111545101791234
1267111258664427524
1267111221712560131
1267111157506195463
1267110788260478976
1267110781700788224
1267110580470644736
1267110555053109249
1267110222943924224
1267110187959300097
1267110183773319174
1267109988587233281
1267109812111900674
1267109698517557255
1267109634558570496
1267109629508513797
1267109041840492548
1267108925268209666
1267108898978312193
1267108748855779332
1267108714328338433
1267108421058416643
1267108417468018688
1267107943633190913
1267107787089211392
1267107729853878272
1267107475817467907
1267107346532257804
1267107326382583809
1267107300394831873
1267107286717206528
1267107229439844352
1267106885485944833
1267106615389384704
1267106052945911809
1267105995291004929
1267105989129572356
1267105983509213185
1267105886532558848
1267105532986474496
1267105294825533441
1267105145910964224
1267105113962881024
1267105070832914435
1267104991891914754
1267104835113017346
1267104716657512449
1267104202385309696
1267104187529207808
1267104142922846208
1267103990967267329
1267103966162108416
1267103932981096449
1267103866220314625
1267103691930288130
1267103354242527234
1267103261170991105
1267103096632729600
1267103010821472256
1267102706168193024
1267102650761428995
1267102570314715136
1267102271285923842
1267102090364628993
1267102057795813377
1267101877126103040
1267101522678157312
1267101485239873544
1267101411373801472
1267101344038637573
1267101222533689344
1267101173871493125
1267101072751038464
1267101052010221568
1267100883692781572
1267100805527732224
1267100666540982272
1267100583850278913
1267100527353049088
1267100488576704512
1267100441243840512
1267100371035533312
1267100135756103681
1267100117225467904
1267100100884480001
1267099995611828226
1267099983813246976
1267099860358041609
1267099780129402880
1267099758323089408
1267099203454435328
1267099182587879426
1267099034919022594
1267098878463131648
1267098711802490880
1267098311841984513
1267098252786180110
1267098180186931201
1267098090227609600
1267098046355181569
1267097899059552259
1267097698945163265
1267097633757310978
1267097557274148871
1267096577140801537
1267096538360287233
1267096132569554945
1267095807011860480
1267095473006862336
1267095462395297793
1267095451519442944
1267095378605686784
1267094859585732608
1267094397063217152
1267094384044134401
1267094090786549760
1267094015842844672
1267093576501981185
1267093218207793152
1267092714895683586
1267092698923589634
1267092678925312000
1267092621983461378
1267092286774611969
1267092088761565185
1267091736817307648
1267091640067305473
1267090731232944129
1267090652082429952
1267090479704731648
1267090335760449536
1267090316378677248
1267090262603583488
1267090221755236357
1267090134488567810
1267089496845307906
1267089448170381314
1267089346383024129
1267089283313262594
1267088985370832899
1267088409207558145
1267087737745739777
1267087166594826240
1267087109980147713
1267086656743636993
1267086352690155521
1267085576190205952
1267084499164282880
1267083702003216386
1267083500399865858
1267083441872363525
1267083214230675457
1267083184237404163
1267080566639378432
1267080243304632320
1267079484496244737
1267078665637990400
1267076908539277313
1267076370577920001
1267075873561165824
1267074915884240896
1267074125065003009
1267073706368684033
1267073470485139456
1267073385479233538
1267073384648769537
1267073373877698560
1267073072777101312
1267072705737752577
1267072391831683078
1267072296059121664
1267071914377445383
1267070256817848321
1267070103948070916
1267070046465142792
1267069584357625856
1267069173148061697
1267068372828782592
1267068354839314433
1267068171422482432
1267067119646244864
1267065791213522944
1267064913522024448
1267064196904206338
1267064114892828672
1267063741398634496
1267061375433613315
1267060758099054593
1267060252245180422
1267059239631151104
1267058439462817792
1267056411915190274
1267055886205214721
1267054227735695363
1267054112325148672
1267053425080053760
1267053235241725952
1267053178530471936
1267053073299410944
1267050895793164288
1267049786487779330
1267046972868956160
1267046494428958720
1267044676324012033
1267044101628858368
1267042576684716040
1267040703395356672
1267040545966342144
1267040350729900033
1267039581242822658
1267039379891073025
1267037304125825024
1267036878424944642
1267036220267339776
1267035498440245248
1267030072986230784
1267024747042398209
1267024584009809922
1267024013001400321
1267019714485723136
1267019678657978369
1267019588107218945
1267017356397563904
1267017151438655488
1267016249239838722
1267015373230166018
1267014509492948992
1267013662881058821
1267013443779014662
1267009489657421824
1267005957520982017
1267004558225682432
1267004029105651719
1267002697871491073
1267002511191228416
1267000538337607680
1267000323601608704
1266997393863569408
1266997229023137792
1266995842692440064
1266995414701654016
1266995179937869824
1266995142465970176
1266995120538300416
1266995003785650179
1266994931576406016
1266994846155202561
1266994779046531072
1266994510556549121
1266994332852031493
1266994224521711619
1266991717808574469
1266990456623095809
1266989619062747136
1266989244586721280
1266988262633201665
1266987380084371459
1266987130628132864
1266987095937212416
1266987084230938629
1266986106224087044
1266985891106603008
1266985573002035201
1266984788864335874
1266984626771365888
1266983912791855104
1266983689805631489
1266983444019507202
1266983389212508160
1266983217485066240
1266982752219324416
1266982286907650048
1266981767824711681
1266980913491013635
1266980741826719744
1266978904675237888
1266978776480493569
1266978635430256640
1266976543450058752
1266974902306983937
1266974339443892225
1266974338978324486
1266974009004044288
1266973633978793985
1266973448355618816
1266973376058400769
1266973047359254528
1266973023036485632
1266972913158156300
1266972474555629568
1266972451038203906
1266972024779558915
1266971848538980353
1266971745698959361
1266971521718857729
1266971458208542721
1266971281729126400
1266971032793034753
1266970939725619202
1266970458232143872
1266970449180864512
1266970264446701569
1266970180699197441
1266970118115848199
1266970028383051776
1266970023970721795
1266969696009621504
1266969657489178624
1266969329066795008
1266969241770573824
1266968870805475328
1266968711346491393
1266968599937216512
1266968574587002881
1266968128283725825
1266968011887579138
1266967978324549635
1266967907617198081
1266967894677569536
1266967797503946755
1266967422403256320
1266967048174792704
1266966849306218497
1266966809703563270
1266966794469871618
1266966574021238789
1266966471776915458
1266966399815020545
1266966268130852872
1266966079756283906
1266966077545820160
1266966032494673922
1266966017798025216
1266965996973158401
1266965358172229632
1266965033747017729
1266964854725885959
1266964588282761216
1266964266109865984
1266964116847108100
1266964093832847360
1266963840715173888
1266963760515866625
1266963487021989888
1266963470039343105
1266963309720473600
1266963028001591296
1266963026600656897
1266962759243173888
1266962238587334658
1266961890187632647
1266961886555377664
1266961760722063360
1266961270919454720
1266961143916093440
1266960535049900034
1266959974661599232
1266959942369542150
1266959692905005056
1266959498633240576
1266959492090126336
1266958452393299969
1266958198164119553
1266957814368538624
1266957702338449415
1266957639063347200
1266957442425819142
1266956530429104128
1266956529737125890
1266956377374810115
1266956197279784960
1266956055331962881
1266956004815560707
1266955806924107777
1266955799361982464
1266955766793220105
1266955705463996416
1266955622043484160
1266955579026702341
1266955409941770240
1266955330312863745
1266955265125089282
1266955247571865600
1266955112762744833
1266955088192589826
1266954969896423424
1266954761364013056
1266954730959486977
1266954450398306305
1266954402730041348
1266954275114098689
1266954132096552961
1266954064694108161
1266953995807047680
1266953984268476416
1266953843784417281
1266953842865983495
1266953796808257538
1266953566754942978
1266953510706274305
1266953442871803905
1266953355793969152
1266953267549859843
1266953155922800640
1266952911533342722
1266952799792902144
1266952746655236096
1266952675796623364
1266952495185760256
1266952462658932738
1266952447869825027
1266952423731494913
1266952138783105024
1266952058193743873
1266951809232506880
1266951652810072064
1266951490129649664
1266951393333719040
1266951332155600896
1266951316116508673
1266951265935908864
1266951256062517250
1266951137896390656
1266950759167508482
1266950720315670529
1266950668130177026
1266950440626896897
1266950350197739522
1266950000354791424
1266949767827009536
1266949738030645249
1266949695294889990
1266949567964160001
1266949293413289984
1266949176149016579
1266949142846124033
1266949088060162049
1266949030967271426
1266949012701229056
1266948958259052544
1266948922330640384
1266948859122638848
1266948711352918017
1266948670966169605
1266948353406861318
1266948296272228352
1266948087735619585
1266948002498973696
1266947919372070912
1266947361143693312
1266947179635265537
1266946768115322882
1266946675580469248
1266946599642513408
1266946426782707712
1266946296105111552
1266946284847579137
1266946121760419841
1266945615159717890
1266945593601114114
1266945332706852864
1266945298095538176
1266945253589876736
1266945146504937472
1266945108978606081
1266945087587733504
1266944984311160832
1266944970797117440
1266944808175747073
1266944571415674881
1266944362111479808
1266943909839515651
1266943472147271682
1266943417747156992
1266943355927228416
1266942657819009025
1266942642912399360
1266942608238149632
1266942463941509120
1266942436045139969
1266942380034478080
1266942269107720192
1266942249285201922
1266942234286579712
1266942026920210432
1266941953045913600
1266941917020991488
1266941747541823495
1266941658383486976
1266941475738341377
1266941326702018561
1266941326601396225
1266941130815541248
1266940851504152576
1266940827047206917
1266940769656586240
1266940635325427717
1266940289580703746
1266939840446312448
1266939667129171968
1266939525886029831
1266939320599969792
1266939243915591683
1266938848426094592
1266938760396185600
1266938758718468100
1266938736799027200
1266938707132760064
1266938555705810952
1266938275677249538
1266938253078417410
1266938142692724741
1266938124397015041
1266937996873515010
1266937983455748096
1266937780661301249
1266937729843159042
1266937552524673028
1266937310949642240
1266937220952477696
1266937190443073536
1266937171346407426
1266937028299624450
1266936913539280902
1266936834128351232
1266936814398554119
1266936760094859266
1266936731477004295
1266936631438856192
1266936392065716224
1266936286138585088
1266936276252426241
1266936136661753856
1266936122762039298
1266935932357414912
1266935879790211074
1266935633139949569
1266935525144920070
1266935415166111745
1266935407133855745
1266934738008322050
1266934607569707008
1266934605476704257
1266934485116911617
1266934306716475392
1266934039413510145
1266933899818446848
1266933525053399042
1266933465003421697
1266933326662729729
1266933127051698182
1266933108609171456
1266933068553732098
1266932920054435840
1266932877037654016
1266932704219561984
1266932563962220545
1266932292997480450
1266932139934842880
1266931936917929986
1266931934199832578
1266931565994684416
1266931555001384960
1266931419101540353
1266931158945857537
1266931101890523137
1266930964774760448
1266930856037421056
1266930771719266304
1266930550658551808
1266930470954184707
1266930442453778433
1266930252619620353
1266929947240574978
1266929823093420032
1266929767728603136
1266929657942814720
1266929552124710913
1266929516506734597
1266929208288305153
1266929203548569600
1266929201392898048
1266929184011513856
1266928987340787714
1266928971700146176
1266928758310699009
1266928757010546688
1266928733816082432
1266928483176820736
1266927723383009280
1266927343068573696
1266927140383186947
1266927017603129346
1266927012247220224
1266926822018727938
1266926809439809544
1266926768520339460
1266926701063348225
1266926534922665985
1266926506284113920
1266926473278943233
1266926125726433286
1266925899082895362
1266925740613726210
1266925587555389440
1266925502675267585
1266925365949165568
1266925128576831488
1266924712715747334
1266924621636517891
1266924432129429504
1266924337388388352
1266924217620205569
1266924151903682561
1266924093422530560
1266924019665829891
1266923988657242113
1266923932919238657
1266923883292176391
1266923876140773376
1266923836395655168
1266923680178864128
1266923653419036675
1266923535970099200
1266923279727693826
1266923138274689025
1266923118632853504
1266922913661366272
1266922718613643267
1266922583531966465
1266922116026335232
1266922024414392327
1266921907909246976
1266921737024929795
1266921684604461056
1266921546901225472
1266921434259038208
1266921376771948546
1266921373248614400
1266921281078923265
1266921238858850304
1266921232324268033
1266921128724967426
1266920953126084608
1266920846213472256
1266920829704704002
1266920626649919489
1266920432709570561
1266920269257625600
1266920244775276545
1266920212936392704
1266920199871176705
1266919869590564864
1266919694054785024
1266919635477094400
1266919506447917057
1266919497727959045
1266919259424165889
1266919067421638656
1266918865184882690
1266918787434991616
1266918687354818566
1266918648435933192
1266918647035035648
1266918587161165825
1266918426867466240
1266918394516963328
1266918372437970944
1266917606830866437
1266917563759562757
1266917417973878784
1266917103715651584
1266917058803109891
1266916922160893952
1266916912539279361
1266916902800183296
1266916880268382208
1266916853185744898
1266916782024962048
1266916723434885120
1266916586323013632
1266916376624709635
1266916155509235714
1266916042925838341
1266915947375452163
1266915889527414784
1266915880685973504
1266915852332331008
1266915848868020224
1266915772049362945
1266915477084749824
1266915295270064130
1266915245714542592
1266915076436615168
1266915043028975618
1266914905401094144
1266914445634174976
1266914363992166406
1266914153870045186
1266913574330433537
1266913525420752897
1266913491753017346
1266913356440580098
1266913314283622402
1266913247640211456
1266913073475944453
1266913022875860997
1266912961718743040
1266912801475493888
1266912784568029184
1266912620961021952
1266912616502497280
1266912596340477952
1266912423274934274
1266912329951662081
1266912053551218688
1266911991165325315
1266911777998192640
1266911567615938562
1266911548301209601
1266910799676702721
1266910450685480962
1266910169763586063
1266910153225445377
1266910137375232000
1266910018982555648
1266909881635794944
1266909862086225922
1266909796562862082
1266909742745751553
1266909467980914688
1266909414163972097
1266909378717913088
1266908520214982656
1266908154497060864
1266908006890926080
1266907650593370112
1266907513984880640
1266907311668211712
1266906557180071938
1266906211938635776
1266906192053448712
1266905691186397189
1266905480619798528
1266905445056294912
1266905437372248064
1266905434293563393
1266905033871892482
1266905009058439169
1266905003312193537
1266904964321865728
1266904870310875136
1266904430412066816
1266904283737276419
1266904086969856001
1266903963699343362
1266903664238768129
1266903592436449281
1266903560740130817
1266903416900513792
1266903305738829824
1266902951261622273
1266902928272560134
1266902927978921984
1266902697824976897
1266902464743256069
1266902320840765440
1266902238485569537
1266902158202613764
1266901937322168326
1266901870791933952
1266901864014065674
1266901832221118465
1266901664231043072
1266901549416165377
1266901535805431808
1266901400820252672
1266901398764978177
1266901215805427713
1266901130170101760
1266901110125547520
1266901014923431936
1266900616162488320
1266900539721363457
1266900503704866819
1266900398465564672
1266900243511156739
1266900197231255552
1266900013227159552
1266899922386923521
1266899762550358017
1266899689598619648
1266899606849323009
1266899579041177600
1266898954039549952
1266898884179177472
1266898492691222529
1266898442678415366
1266898210284584960
1266897862874615811
1266897847359639553
1266897637346811911
1266897419003785219
1266897384220459008
1266897382509166592
1266896944699342854
1266896765858361344
1266896671402790913
1266896010665775104
1266895889106456576
1266895748781740032
1266895726526652417
1266895613901320192
1266895498742386689
1266895402764079104
1266895283494903808
1266895265639825414
1266895189739819009
1266895188980404226
1266895174405423105
1266895153370812416
1266895103957712897
1266894958566371329
1266894914480046080
1266894768203640832
1266894724637569026
1266894681541087233
1266894670455386112
1266894456747208705
1266894358671810561
1266894328045150212
1266894324878409729
1266894044740935680
1266894018765557762
1266893867086778368
1266893672534212609
1266893574853013504
1266893534881296385
1266893153090654214
1266892979375136768
1266892935557197824
1266892907681853441
1266892805714194434
1266892564730269696
1266892545721864192
1266892476650000385
1266892100592898049
1266891969218981888
1266891750263554048
1266891729619337216
1266891655875039232
1266891510064328704
1266891144295780353
1266890216112975872
1266890133493645318
1266889990593638400
1266889614817726465
1266889535943634944
1266889395287863297
1266889171551084544
1266889049220014082
1266889041355694085
1266888965635874816
1266888641676062720
1266888580158369792
1266888488718393345
1266888407101440001
1266888367935021056
1266888185377775617
1266888133628424192
1266888099574865920
1266888076913147904
1266887362119901191
1266887280305856513
1266887274698100739
1266886718038388736
1266886626954956800
1266886563620950019
1266886437603074048
1266886363330338816
1266885857253851136
1266885468144140288
1266885314158587904
1266885057580601345
1266884951850405888
1266884519723798529
1266884034275282944
1266884033121845249
1266883824904024066
1266883778313687044
1266883546318123008
1266883355808759813
1266883283066990594
1266883126564970498
1266882758397263873
1266882550624026624
1266882369270820865
1266882245463117824
1266882228354777093
1266882136180744196
1266881856298864640
1266881813391212544
1266881757657411586
1266881592183619584
1266881508276609029
1266881404391972864
1266881194857312257
1266881169494343682
1266880975826333696
1266880835652849664
1266880823757869057
1266880743348846594
1266880742161711105
1266880726659563521
1266880545675530242
1266880382114373632
1266880311520047104
1266880009844568066
1266879891343134720
1266879284112736258
1266879217355993088
1266878616631115777
1266878346689839104
1266878235935195136
1266878115139076103
1266877933580255242
1266877306376765441
1266877091896791040
1266876890566012933
1266876536717815808
1266876525477081090
1266876297214595072
1266876244378910720
1266875375080091654
1266875279919640577
1266875182443986944
1266875151712505857
1266875147266297856
1266874928713719810
1266874768638111744
1266874259235917824
1266874107649548294
1266874104856096768
1266873747442524160
1266873505800425473
1266873361256284161
1266873256574947335
1266873120113082369
1266872666801278977
1266872232707383299
1266871540295110661
1266871479876100097
1266871314792566785
1266871309348331521
1266871192134311941
1266870850571120643
1266870139443535872
1266869961122865152
1266869679592747012
1266869494531620864
1266869210015121408
1266869069908672513
1266869008394891265
1266868952149483521
1266868756514369537
1266868440230268928
1266868412170539008
1266868238299869187
1266868040978903045
1266867639273566209
1266867096157290496
1266866910442008587
1266866711736836096
1266866671706398720
1266866640488214530
1266866587685941249
1266866155706294272
1266865637734920192
1266865491110486021
1266865322872709123
1266865246234447876
1266865156111261696
1266865027262414860
1266864957351739392
1266864755404349441
1266864626840600576
1266864245163122694
1266864163516821505
1266864138094968833
1266863997111767041
1266863994385707008
1266863799572758529
1266863709466636294
1266863649399795713
1266863279835623429
1266863246083911680
1266862992215486465
1266862951400722432
1266862766846914560
1266862572990431232
1266862429834588160
1266862406124224513
1266862236292780032
1266862181724741632
1266862134564204545
1266862078188544001
1266861992893169676
1266861866275536897
1266861827746664450
1266861791365206022
1266861722368794625
1266861627988602882
1266861327793995785
1266861234080690176
1266861055059333124
1266860799705993219
1266860611000041478
1266860499854979072
1266860477981708288
1266859866930413570
1266859806125486080
1266859725024628736
1266859318013341696
1266859103491469312
1266858957903065088
1266858834083094533
1266858419245453312
1266858136599539712
1266858086309826560
1266858078139559936
1266857993724985346
1266857820789575685
1266857625515409415
1266857439116374018
1266857325169541123
1266857306458914816
1266857128947564550
1266857032956641280
1266856838592712706
1266856791570173952
1266856685861142528
1266856531804467200
1266856295908487178
1266856089762619392
1266855687432396800
1266855666918047749
1266855643241160705
1266855509589622786
1266855314604937217
1266855150196600832
1266855066142740483
1266854957979971586
1266854893228224512
1266854811573641216
1266854809547812864
1266854640437669888
1266854324593995777
1266854089310289920
1266853875484463106
1266853730755866624
1266853659482230784
1266852891186401289
1266852833921556486
1266852798261604352
1266852735242178561
1266852622633500672
1266852483231559682
1266852460364210177
1266851841440198656
1266851818715242496
1266851545171341314
1266851470051291139
1266851314249740289
1266851199208378368
1266851108833591297
1266851089388916741
1266850472175992833
1266850303099486208
1266850212187865090
1266849674733838336
1266849618744221696
1266849105709580295
1266849056179081216
1266848978169147392
1266848945386520579
1266848507018674176
1266848506951671809
1266848427297497088
1266848297853034496
1266848259823284229
1266847980432179200
1266847977693491200
1266847955874701313
1266847888333824001
1266847682611511298
1266847504479522818
1266847329136435200
1266847286547689476
1266847253429465088
1266847235867844609
1266847222349598721
1266846965972770817
1266846859395346432
1266846770522394626
1266846730659782659
1266846584106598405
1266846114759667712
1266845734302896128
1266845595584561152
1266845555453394944
1266845431553642496
1266845191182245895
1266844964736176131
1266844804568186880
1266844771047399424
1266844265390370817
1266844262748114945
1266844000440459264
1266843975618424832
1266843068130607106
1266843049235230720
1266842679947730944
1266842607122034688
1266842486556819457
1266841977032589315
1266841959433265152
1266841852956889089
1266841726863454209
1266841483438690307
1266841483426103296
1266841244728254470
1266841158573047813
1266840936094425088
1266840778950795264
1266840564676378625
1266840487295692800
1266840408065282048
1266840265752489985
1266839633092059137
1266839546706169856
1266839002721562625
1266838959801466882
1266838866960412673
1266838710630440960
1266838691256741888
1266838683598061568
1266838599737065472
1266838511740694528
1266838447949361152
1266838335835615233
1266838249852432384
1266838224158117888
1266838215891267585
1266837832259104768
1266837671869112321
1266837509180399617
