1295858981555101697
1296190163400491010
1296189634146455552
1296189357687279616
1296187923122069506
1296187832999051265
1296187799000035336
1296187335839830016
1296186855319314432
1296186836340158470
1296186630970257411
1296186409418711046
1296185968031080448
1296185897260445696
1296185391767269376
1296185000782516224
1296184647571984392
1296184487462789125
1296184461327888384
1296184339009400833
1296184320231649281
1296184124864999424
1296183791136976896
1296183657431011328
1296183550744698880
1296183388450193409
1296182892289302528
1296182778766061569
1296182683748446208
1296182387349639169
1296182153777012738
1296182077365182464
1296182005382619136
1296181978417553409
1296181963691302912
1296181880073654277
1296181761836113920
1296181758623391744
1296181680181579778
1296181522207252480
1296181503592996864
1296181497691541505
1296181259794878469
1296181217490923520
1296180956525662209
1296180769065332736
1296180676337831936
1296180621757288448
1296180524671737857
1296180256060002304
1296180253895692288
1296180127349346304
1296180033543909377
1296179952161656832
1296179827708395520
1296179796028739584
1296179667657883648
1296179481816846338
1296179473881223169
1296179451105959936
1296179019080019968
1296178666767089664
1296178600417406978
1296178276105433088
1296178248292814849
1296178085969170440
1296177845408956416
1296177750030667777
1296177631906340865
1296177468425084940
1296177388477349891
1296177377857253376
1296177140124266500
1296176956598358016
1296176833017163776
1296176514476777472
1296176289959817220
1296176286419816453
1296176244627836930
1296176237728194560
1296176158657122306
1296176092563243016
1296175828296806400
1296175251588632576
1296174977947799553
1296174977243209728
1296174920234393601
1296174908305821697
1296174678872973312
1296174264459186176
1296174101971775488
1296173588672905217
1296173425933918209
1296173243787706368
1296172977034334213
1296172860612911104
1296172757906886656
1296172674436280323
1296172327521189896
1296172187452203008
1296171961001836544
1296171837253021696
1296171782492131328
1296171781292789765
1296171725961539586
1296171699231232003
1296171521459851266
1296171397203427328
1296171324969119744
1296171125760827392
1296171104814260224
1296171086082723841
1296170794712797185
1296170494341926912
1296170409319071751
1296170316222418945
1296170068288647171
1296170048948596736
1296169876596416513
1296169871462596612
1296169708207603717
1296169627790258177
1296169575101300736
1296169357345783808
1296169296091996161
1296169114864619523
1296168770172596225
1296168736810991623
1296168584712990731
1296168554631438341
1296168007333548035
1296167794749235200
1296167617393233922
1296167469246066688
1296167245006229505
1296166921411469316
1296166716964253696
1296166616988884992
1296166595941806080
1296166500320137217
1296166378060349440
1296166176511471616
1296166167648677888
1296166039156400128
1296165941039038464
1296165877948112896
1296165759756963844
1296165663199899649
1296165298198982656
1296165152526446592
1296165036537319425
1296165033475334145
1296164936398319616
1296164806949396480
1296164561385590784
1296164481211432960
1296164269495640069
1296164149836185600
1296164010677743616
1296163741353074689
1296163484804288515
1296163380386963456
1296163303526465536
1296163295993294848
1296163227617894401
1296163226611339264
1296163153949216769
1296163050026758145
1296162917235261446
1296162665925091330
1296162652314636288
1296162608358146049
1296162461356298240
1296162133726695427
1296162050016710656
1296161979028197377
1296161954046894081
1296161862057418753
1296161720868712448
1296161701381931013
1296161677554208768
1296161613674840066
1296161532703694848
1296161504413220869
1296161429217841155
1296161293678903296
1296161123687899139
1296160953336291328
1296160952497451008
1296160593485979658
1296160353076707328
1296160135052697600
1296160112122437632
1296159926503518210
1296159769804378113
1296159759763152898
1296159318467850241
1296159303368204288
1296159299857780736
1296159136363806721
1296159135478808576
1296159024816312321
1296159005866246144
1296158888442683393
1296158861598969856
1296158785019326464
1296158416184934400
1296158311839141889
1296158158671552512
1296158124798283778
1296157949300297731
1296157869478469634
1296157775211397120
1296157528586244096
1296157440271175681
1296157347904192512
1296157317449363456
1296157263682514946
1296157160154574848
1296157028000452619
1296156353380130816
1296156175927349248
1296156109972152321
1296156109279961088
1296155918757961733
1296155731352322050
1296155658191069185
1296155476569329665
1296155422059970561
1296155294255333376
1296155193172795393
1296155103137640448
1296154878759383041
1296154864318156800
1296154726275223552
1296154689227108354
1296154623041064961
1296154568150130691
1296154494494035974
1296154465091883011
1296154260481044481
1296154209184866306
1296154161541775360
1296154151928442881
1296154142499635207
1296154139454394368
1296154040926175232
1296154039252656129
1296153975872421888
1296153911171125249
1296153859145052164
1296153774734671872
1296153693138518016
1296153538607841280
1296153504218669056
1296153406931836928
1296153320512540672
1296153219660275715
1296153075468718082
1296152946724335617
1296152741102751744
1296152589726253057
1296152373757464577
1296152169348030471
1296152115312824321
1296152052083691520
1296151936190816257
1296151890972082184
1296151770708815878
1296151636902064131
1296151539636154373
1296151003901747201
1296150743611662336
1296150575751426048
1296150268040683520
1296150085949108236
1296150040612831233
1296149888120455169
1296149882072227841
1296149657861660672
1296149546590826497
1296149489720471552
1296149444795289600
1296149282995818498
1296149165056167940
1296149117987704833
1296148989457440769
1296148357413572608
1296148208926756864
1296148086075662339
1296147997458345984
1296147986406232064
1296147516229144578
1296147317939200001
1296147046156644352
1296146895849566208
1296146831865458689
1296146820683517952
1296146752865570817
1296146568291155968
1296146478591860740
1296146399516667904
1296146307216601088
1296145859533570049
1296145823089274880
1296145724229521408
1296145642595721216
1296145408524267528
1296144847636750336
1296144530283036674
1296144462931013634
1296144007517679618
1296143929096585217
1296143775081934848
1296143676314472449
1296143648795635712
1296143647478603776
1296143480700510211
1296143055024783362
1296142980466737152
1296142865337180160
1296142724802981888
1296142676581113858
1296142565813649409
1296142329217073152
1296142309474541568
1296142237571719169
1296141625270218752
1296141424472264704
1296141199393185792
1296141135732264962
1296141134817832960
1296141019126407170
1296140926121738245
1296140791136518149
1296140684408295425
1296140025864900610
1296139958508453889
1296139843618004992
1296139538339958793
1296139154309312514
1296139039104540672
1296138868517896192
1296138811940864001
1296138416397209602
1296138285631381504
1296138004159963139
1296137920563167232
1296137769790640128
1296137378248130561
1296137151705473025
1296137136773541889
1296137130222198786
1296136901662060544
1296136901502664707
1296136890521976833
1296136673437396992
1296136565186469889
1296136315273175042
1296136069746790401
1296136033898299394
1296135874200195079
1296135696755941376
1296135360230154241
1296135185600217088
1296135134828093440
1296135093958979592
1296134965185437696
1296134917105922049
1296134897292189702
1296134706686238720
1296134561089421315
1296134362279235584
1296134218607624195
1296134140362993664
1296134100424822784
1296134087304810496
1296133961320730624
1296133898913615872
1296133778444898305
1296133697960378368
1296133697037463553
1296133689013866502
1296133682139262976
1296133670995202049
1296133634823344128
1296133428077899777
1296133299946041349
1296133079350689794
1296132972802957314
1296132930138406918
1296132839562293248
1296132579121389569
1296132537950117888
1296132308462903301
1296132120725733376
1296131750406438913
1296131618005037056
1296131574581334017
1296131394268266497
1296131208246484993
1296131143675281408
1296131117989408768
1296131104189984768
1296131072846172163
1296131040776458240
1296130933188259841
1296130907187929088
1296130641323536385
1296130302704852992
1296130037532565510
1296129960709627905
1296129952459509760
1296129911082622977
1296129873895780352
1296129706123640832
1296129178413170689
1296129157726973956
1296128971671822341
1296128569232560130
1296128549481598977
1296128472243306496
1296128342572367878
1296128309038911488
1296127835002802177
1296127659412520961
1296127538071298049
1296127531951616002
1296127428142805003
1296126958670094338
1296126909861056512
1296126649617063937
1296126515906740225
1296126500706627584
1296126233244250112
1296126054197690368
1296126009457205251
1296125999818641408
1296125972555669506
1296125771094859784
1296125692283965441
1296125405280129026
1296125322207752192
1296125302444363776
1296125210991697921
1296125152405663746
1296125036819107844
1296124906804043777
1296124868996603904
1296124845277753346
1296124805423550464
1296124416678559744
1296124239515226118
1296124233563516929
1296124121785479168
1296124047588241408
1296123985600622594
1296123881586151425
1296123871163109377
1296123807829307392
1296123791861518336
1296123643739754501
1296123594225852416
1296123463032115201
1296123372829474817
1296123076271386625
1296123025792745477
1296123021422469122
1296122613438218240
1296122552826437639
1296122547898064897
1296122513869635585
1296122471884742656
1296122388665556998
1296121541609037826
1296121350105563136
1296121000787140608
1296120873082994690
1296120823825260544
1296120792523182086
1296120788299415552
1296120745811218441
1296120636725768196
1296120573395861504
1296120444941025280
1296120255308333056
1296120223263752194
1296120206922743810
1296120144964591616
1296119970758369280
1296119885945167872
1296119743716483076
1296119697352663041
1296119681745481728
1296119657867378695
1296119399875739648
1296119329444986882
1296119322377465858
1296119227028574208
1296118729105911810
1296118310526836736
1296118234161258501
1296118113558237185
1296117915717181447
1296117851510542337
1296117689828741120
1296117667116404738
1296117651358588929
1296117420436987905
1296117276589150209
1296117203381686272
1296117042995699715
1296117035433426950
1296116993431613440
1296116949601132544
1296116811566546944
1296116789974372352
1296116753190150144
1296116680851062784
1296116634713829381
1296116279494037506
1296116232110747649
1296116087050792962
1296115919853432832
1296115907585085448
1296115772717137920
1296115755054923776
1296115399612932104
1296115014886203392
1296114946955194371
1296114769615900672
1296114643140632577
1296114512731529216
1296114491952947201
1296114394817069056
1296114311463608322
1296114310528237568
1296114256853663750
1296114175522099204
1296114110103523329
1296114107196874752
1296114033632980993
1296113948534726657
1296113873817415681
1296113833409298432
1296113735082192896
1296113114023419904
1296113034214215686
1296113001213427713
1296112865817100288
1296112835676778496
1296112611591954434
1296112445870804996
1296112329789263873
1296112211740569600
1296112200948613121
1296112185798787075
1296112182548103168
1296112031104368641
1296111927815335937
1296111830633512963
1296111736949338112
1296111482757722114
1296111423207211008
1296111390747328512
1296111133829615616
1296110871622701057
1296110820062113793
1296110767423598592
1296110577517985793
1296110549248417799
1296110410807029765
1296110353504296960
1296110237079023618
1296110052173066241
1296110047039238144
1296109997781184513
1296109829581426690
1296109716217581568
1296109628456079362
1296109622835720194
1296109523556544514
1296109389846204416
1296108938363109383
1296108759970975745
1296108695500201984
1296108691033329670
1296108476679294977
1296108374615040000
1296108284470947840
1296108278326398978
1296108000164249600
1296107938952683520
1296107643426058248
1296107554142134273
1296107479617671170
1296107365331349504
1296107225812017154
1296107042537644034
1296106836798537728
1296106737020407808
1296106694020227073
1296106256466235394
1296106151801741312
1296105697265045505
1296105666659131392
1296105626750185472
1296105262789656577
1296105003313033226
1296104852808822786
1296104756868517888
1296104648508469250
1296104641151692800
1296104485048082437
1296104428638859264
1296104379460792322
1296104328126701568
1296104261135118336
1296104259394646016
1296104127219609600
1296104084101988352
1296103743524675584
1296103406113902592
1296103250576302080
1296103194293043206
1296103116904030208
1296103069512536064
1296102699856011265
1296102604183941125
1296102155036893184
1296102054524416000
1296101942553268229
1296101800664109056
1296101626411966467
1296101556891324416
1296101335818010626
1296101335608307715
1296101310069116930
1296101206327083008
1296101116053262336
1296100845629640704
1296100700913643526
1296100219080384513
1296100180811493376
1296099931401474058
1296099925994938370
1296099759732568064
1296099742770896896
1296099729139433472
1296099059539877890
1296098937300901888
1296098826407878657
1296098595117113351
1296098485960183808
1296098398932815872
1296098310713782275
1296098299301310464
1296098036888801280
1296097874531368962
1296097825672048640
1296097661645459464
1296097629227618305
1296097543399469057
1296097508888895494
1296097482196299776
1296097454731849729
1296097404526014465
1296097352013549569
1296097303468445696
1296097185902153729
1296097002045026304
1296096836059627520
1296096625060802562
1296096307069833218
1296096306889277440
1296096180586180610
1296096170851405830
1296096142871035904
1296095908703035392
1296095837739601921
1296095817070239745
1296095781825331201
1296095744848547848
1296095465692430336
1296095305209917440
1296095238008852481
1296094998425792514
1296094985612337157
1296094924878819329
1296094847535845378
1296094811905314822
1296094120973393925
1296094091420344321
1296093931122262016
1296093872725143560
1296093835177517057
1296093833013469186
1296093776197427200
1296093544860524544
1296093215016120324
1296093103258992640
1296092846550900738
1296092345952342016
1296092142389964802
1296091897757421569
1296091854954471425
1296091796754186246
1296091760922329092
1296091007839338500
1296090886095482880
1296090436122169345
1296090192810577922
1296089795597201408
1296089607768092678
1296089382219284480
1296089358009761793
1296089282029838336
1296089198743625729
1296089067625431043
1296089019969830913
1296088866819121152
1296088843444269063
1296088784421806081
1296088550505668615
1296088103283720192
1296088041984077824
1296087979602182145
1296087979375628288
1296087889449611264
1296087778971844609
1296087644594737155
1296087480421228545
1296087411353702401
1296087244575510529
1296087144642027521
1296087127474737153
1296087080154681345
1296087013410643968
1296086927637204993
1296086895525392385
1296086699911462912
1296086664788561921
1296086551391285248
1296086512560373760
1296086511423823872
1296086476959232000
1296086430083506176
1296086273116037123
1296086188021907456
1296085949781286914
1296085876271984641
1296085846702067712
1296085837973725185
1296085773733724160
1296085648303063040
1296085536889802752
1296085415351312385
1296085335710076928
1296085226213580800
1296084860088520704
1296084775871098881
1296084739833487361
1296084732313325568
1296084652617342976
1296084524284035072
1296084471570104322
1296084388531310595
1296083939489177600
1296083770836099074
1296083733930545152
1296083650627411970
1296083482968498176
1296083132278427648
1296083126876352513
1296082945221038083
1296082727125516288
1296082627535962113
1296082372572721154
1296082365173977089
1296082212564148225
1296082037867188229
1296081966270418945
1296081405521395712
1296081313934565378
1296080915857313793
1296080784131067905
1296080571546968064
1296080446678347776
1296080241513897984
1296080210165739521
1296080207149965312
1296079897656516611
1296079885279137798
1296079820502306816
1296079729640878081
1296079602125877248
1296079568923656193
1296079392217739265
1296079155122130945
1296079150202195969
1296078925429460993
1296078750430441472
1296078719799504899
1296078239937392640
1296078076145815553
1296078045393059840
1296077985620144139
1296077774650834945
1296077566881796096
1296077383636746241
1296077348526268417
1296077292553240580
1296077162433458177
1296077049409556481
1296076869859713024
1296076746643525632
1296076714766823430
1296076627466768385
1296076620931805184
1296076508893716481
1296075995057922049
1296075837746417671
1296075549266370560
1296075340171927552
1296074772967759872
1296074402585440256
1296074089711505410
1296073775277121537
1296073526907006976
1296072996235415552
1296072845831933957
1296072791758974976
1296072373226086401
1296072250614054913
1296072029746102272
1296071845691629573
1296071397601693697
1296070894327037958
1296070595298365441
1296070222605164544
1296070018300510208
1296069946506711041
1296069722593792000
1296069717074083847
1296069432683499520
1296069364475559936
1296069263128764416
1296069147663773696
1296069138981494784
1296069107524284416
1296068690237181952
1296068484560900096
1296068355082911744
1296068123624239106
1296067942728306688
1296067758963273729
1296067704911048705
1296067669926477827
1296067659776380929
1296067487407235073
1296067422424715270
1296067385653440515
1296067273267052544
1296067272545640448
1296067140446035968
1296066862590169094
1296066672365916160
1296066664350580737
1296066648948920320
1296066319947792384
1296065958273060865
1296065619079593985
1296065583633637376
1296065279177494529
1296065240908652544
1296065084217671682
1296065084037435402
1296065072863772672
1296065034200776706
1296064924045709313
1296064872850104321
1296064842634149889
1296064834509746176
1296064492548358144
1296064440845115394
1296064295504093187
1296064088515194883
1296063885871587329
1296063855903219712
1296063855513104384
1296063712235794432
1296063600860307456
1296063365421441025
1296062810926002177
1296062303914405889
1296062233890492416
1296062166571909121
1296061995754676226
1296061982324527110
1296061569118490625
1296061537795346438
1296061478378844162
1296061471298932738
1296061445034119169
1296061364922875910
1296061209435705344
1296061005026516992
1296060864710279168
1296060856078348288
1296060799828611072
1296060536719904768
1296060491350114306
1296060468323397638
1296059946749100032
1296059903065423872
1296059784047648768
1296059472968736773
1296059357239574528
1296059016288841728
1296058734221942784
1296058395410259968
1296057832945733633
1296057780714053633
1296057695204708360
1296057219927220225
1296056955174256640
1296056564382457857
1296055910788403201
1296055615471726593
1296055482688446466
1296055140793954305
1296054586466111488
1296054521425203202
1296054322325786627
1296054310531366913
1296053599429185536
1296053591044759552
1296053559209984001
1296053539073134592
1296053311662100480
1296053286676684801
1296053245044023297
1296053242510684160
1296052446691758080
1296052035444518912
1296052026669924352
1296051728463400961
1296051692291719168
1296051665477480449
1296050825358385152
1296050813761200129
1296050618218549248
1296050509246324740
1296050028876894208
1296049735866949641
1296049270626320386
1296048953671258113
1296048949057523712
1296048717120835584
1296048553526206464
1296048383996682240
1296048278648152064
1296048255701319682
1296048048619941888
1296047899168710657
1296047598764199936
1296046765754527744
1296046296806105089
1296045437603000325
1296045041593364481
1296044603410386944
1296044315341393920
1296044005193637890
1296043547469250560
1296042939899088896
1296042556292202496
1296042505604075523
1296042495449522182
1296042224564797441
1296041904308617217
1296041597616787456
1296041143352750080
1296041128832180224
1296040945079599107
1296040746643005443
1296040425032212480
1296040422616121345
1296040101152251905
1296039946931834881
1296039742212014080
1296039205785739264
1296038903338631168
1296037816284020736
1296036992191533064
1296036963691237376
1296036939569668096
1296036677966856197
1296036409803972609
1296036330703659011
1296035620419141633
1296035590379626496
1296035493927411713
1296035272560390144
1296034851221417986
1296034472224264195
1296034356562145281
1296034229961269248
1296033938637328385
1296033741589164032
1296033616049446912
1296033504178982917
1296033501993631745
1296033352789590017
1296033138439847936
1296032692887334912
1296032567372787712
1296032144448520192
1296031902411845632
1296031787399942145
1296031445182488576
1296031115606663169
1296030575376117760
1296029878999891968
1296029809898708995
1296029768421433344
1296029751388274688
1296029659445043200
1296029133147963392
1296028960678195200
1296028836002398208
1296028474923081728
1296028290419798016
1296027835480576000
1296026375069999104
1296026244623077376
1296026183138783232
1296025579611856896
1296025311566602240
1296025184978325504
1296024968891969536
1296024756521754624
1296024755896688641
1296024688980893697
1296024398600663040
1296024289116913664
1296023979195604992
1296023252855218177
1296023148220035073
1296023034680115202
1296022821290889217
1296022814932295681
1296022553178374144
1296022456583561218
1296022374916259840
1296021997521182720
1296021979192070145
1296021977241714689
1296021124128677888
1296021048488599553
1296020584820805632
1296020149871542272
1296019267062845440
1296018326255292417
1296018078522695685
1296017808631820291
1296017572177915905
1296017513839460353
1296017397023821825
1296016777902796801
1296015081881448449
1296014967779414016
1296014837336555523
1296014308531347456
1296013554638782466
1296013339944837120
1296013218708631554
1296012916219506699
1296012382796308480
1296011302142447616
1296011040119914496
1296010876361666560
1296010405484011522
1296010347313152000
1296010220322381824
1296010156359196672
1296010015778562048
1296009335676403713
1296008970625138689
1296008841386053632
1296008722850779136
1296006996639047680
1296006976086741004
1296006190896275456
1296006182146994177
1296006144478064640
1296005996481925120
1296005967411200000
1296005508059394048
1296005480465043456
1296005314014322688
1296005087966396417
1296004326314463232
1296004003365519360
1296003550816821249
1296003208834293762
1296003148792786948
1296003140957777920
1296002754960269312
1296002707057250304
1296002623288401920
1296002344119721984
1296002209222598656
1296001853528793088
1296001842560696321
1296001569452961792
1296001551379697664
1296001189880967170
1296000888411049984
1296000551226953728
1296000493026779136
1295998928664444928
1295998322969161729
1295998240458907648
1295997890322665472
1295997874291879936
1295996964094574593
1295996528205627392
1295995863924461569
1295995099617271808
1295995086396940289
1295995058416685056
1295994076463075328
1295993958837841920
1295993653958246402
1295993598941499392
1295992814589837312
1295992804045467648
1295992122252828674
1295992080943046656
1295991365466112000
1295990408477122562
1295989665355501568
1295989435738333186
1295989359695601664
1295989035513462785
1295988901119582208
1295987465401126912
1295986428589928448
1295986211786498049
1295986019326558208
1295985653457604610
1295985412058411009
1295985014350524416
1295984839099785217
1295984805809545216
1295984757818327043
1295984604688478208
1295984563840327683
1295984087312859136
1295983869863301121
1295983788149878784
1295983656415252481
1295983410712739841
1295983254416142336
1295982473009127424
1295982470161104896
1295982268687814657
1295981300445261824
1295980785741127681
1295980774722871296
1295980313789607936
1295979534534221824
1295979215788093441
1295978833737396226
1295977663551737856
1295976549301145600
1295976337514082305
1295975767377997824
1295975714286641152
1295975420982996993
1295973972220076032
1295973929257861125
1295973849176190978
1295973575027912706
1295972584656269312
1295972118455152640
1295972058988412933
1295971986502553601
1295971967015645184
1295971749004283907
1295971629168644097
1295971196740108289
1295971033149628416
1295970855449776130
1295970752915812352
1295970648192245760
1295970449394827264
1295970199439646720
1295969732407959554
1295969133427929089
1295969071620472832
1295967929171943424
1295967854961946624
1295967655011028995
1295967263321972741
1295966818713001984
1295966714560225280
1295965927838810113
1295965706757050369
1295965518449410048
1295965329278074881
1295965307090042880
1295965221094395905
1295964577503617025
1295964518821044224
1295964347466944512
1295964118571077633
1295963438712107008
1295962908342525952
1295962693011156992
1295962630843174912
1295962551008874497
1295962417374154752
1295962153048879105
1295961299336093696
1295961252909453314
1295960970729119745
1295960714482343937
1295960603878621185
1295960008400572416
1295959519881617410
1295958693541023745
1295958482890272773
1295958188815155207
1295957411237253122
1295957359752294400
1295957352584114176
1295957212024766465
1295957058706116610
1295956858155364353
1295956755550277632
1295956521742786560
1295956160521089025
1295955936008441856
1295955380116234240
1295954669798338560
1295954545382690816
1295954329996795904
1295953840383168514
1295953315876888576
1295953183949254656
1295951885896232966
1295951705155219456
1295951179558445056
1295951115113107458
1295951020384595968
1295950688984403969
1295950530833821696
1295949526579191808
1295948886339715072
1295948554431856640
1295948290224267265
1295948042781171712
1295947968638357505
1295947694607699971
1295947267971510275
1295947213672194048
1295946932771328000
1295946625299308544
1295946253537345537
1295945902834753541
1295945700828618753
1295945278260834305
1295945187345092608
1295943852411387904
1295943704906145795
1295943684865785857
1295942920244166663
1295942456844984321
1295941846670090242
1295941718471249921
1295941642655014912
1295941366313357314
1295940888686768128
1295940430534602754
1295940048307646465
1295939828698112001
1295939654299127809
1295938896153329664
1295938512290709504
1295938302651113504
1295938251170222081
1295937275008880640
1295937168301580291
1295936368640655365
1295936275053047809
1295936226638417925
1295935688769064960
1295935649539715073
1295935544992632833
1295934785156603904
1295934774297735170
1295934737928708096
1295934311565340672
1295933606049849344
1295933552664678402
1295932962442158080
1295932934290051073
1295932844972208131
1295932145500708865
1295932040269897728
1295931916366024704
1295931909630046209
1295931621032558594
1295931620277522433
1295931137433501696
1295931048057077760
1295931009997783040
1295930355669700609
1295930020192350208
1295929861274402816
1295929405483765760
1295929139132850186
1295928816574050307
1295928483244396545
1295928454328745990
1295928241807556610
1295927675136159745
1295927624150077440
1295927092228562944
1295926940440891393
1295926937337114625
1295926711574380547
1295925958197862402
1295925364749996034
1295925112311549953
1295924659313979395
1295924600455356418
1295924436076507136
1295923273830666240
1295923073254744066
1295923036818935809
1295922995240861696
1295922721000427520
1295922610794934274
1295921831832989696
1295921274154360837
1295921127739531265
1295921109292978178
1295920432525148161
1295919805023899648
1295919645816479745
1295919348721352704
1295919197768290304
1295919125047410688
1295918263088680963
1295917996435808256
1295917815757787136
1295917571602968577
1295916647774126081
1295916366160109573
1295916119254077441
1295916023523225602
1295915979608817666
1295915933244854274
1295915886612815877
1295915533838114816
1295915249967796227
1295915193046712320
1295915163871215617
1295915014029742092
1295914777433329664
1295913680694054915
1295913555267424257
1295913346206699522
1295912945550069761
1295912718667517953
1295912460751273984
1295912368317366275
1295912140776394752
1295912040624787458
1295911663238033412
1295911317983895557
1295911290242727936
1295911230826315777
1295911173213302784
1295910909483900929
1295910693829566464
1295910244430811142
1295909152963739653
1295908860838871041
1295908814861078529
1295908670312611840
1295908323255033856
1295908275808956416
1295908149568905219
1295908024859721733
1295907845582585856
1295907664522862592
1295907409840549889
1295907275559903232
1295907112476868609
1295907108769148933
1295907083850780672
1295906847925436416
1295906818179371009
1295906626260668422
1295906581100539905
1295906381661233152
1295906269493104641
1295905848552718338
1295905843951685638
1295905374059495424
1295905270426750982
1295905237941678080
1295904664504893440
1295904308802859008
1295904125310312448
1295903848494768130
1295903797135499266
1295903642814488578
1295903536392425473
1295903359753490439
1295903309434363905
1295902982194765825
1295902878171828230
1295902302692413446
1295902285197967360
1295901985460203520
1295901410664620033
1295901378561400832
1295901373712805893
1295901203692388353
1295901100269350913
1295901039137296384
1295901014059552769
1295900842424401923
1295900440018657280
1295900269449023488
1295899742992556033
1295899570086584325
1295899145278906370
1295898803032268800
1295898625856462849
1295898317080203266
1295897984069238784
1295897835485958145
1295897534460723200
1295897470124294145
1295896985187176448
1295896652134449152
1295895569869574144
1295895439418380288
1295895431852023814
1295895308103188488
1295894918884462592
1295894859912548352
1295894299553468416
1295893825597186049
1295893674388344834
1295893457500884999
1295893432557121538
1295892799620091904
1295892597421092865
1295892205933072389
1295892058163404801
1295892047971454976
1295891963212959744
1295891805834272769
1295891587822690305
1295891448378818560
1295891248386056194
1295891211593515008
1295891180463329283
1295891039589240832
1295890878880518145
1295890698592489473
1295890387786137601
1295890261600608259
1295889932955930626
1295889814324154368
1295889499491368960
1295888586160709633
1295888579776753664
1295888250670690304
1295887684074909697
1295887592878157824
1295887523126943746
1295887506710204421
1295887204083007489
1295886814130114572
1295886585351876612
1295886576116015104
1295886524626513920
1295886164507811840
1295885952695459841
1295885861037453313
1295885730145800198
1295885355137212416
1295885245686976516
1295885004443197440
1295884938483503105
1295884818648051713
1295884712746115074
1295884633515667456
1295884135173693440
1295883886556262402
1295883744339845120
1295883475765981185
1295883071296663558
1295882672955248640
1295882603757572096
1295882543561166848
1295882272265166849
1295882053855191040
1295881980832288769
1295881884824530944
1295881785256161281
1295881114880372736
1295880408962301952
1295880316310126601
1295880189008699392
1295880140740796417
1295880095480057856
1295880090514075654
1295880060445102081
1295880060088602629
1295879942677442560
1295879848133632000
1295879550610681856
1295879111131328514
1295878975730851840
1295878737909682176
1295878342911176705
1295878329569103872
1295878139919437827
1295877947069542408
1295877940773679105
1295877865360285696
1295877828546789377
1295877567627628546
1295877566646165504
1295877295245332480
1295877021466341376
1295876940654678017
1295876878696423424
1295876845771149312
1295876838737100802
1295876651088097280
1295876624664137728
1295876468921303040
1295876258123980801
1295876096223846401
1295876024140529664
1295875921975492608
1295875867042893826
1295875829856165891
1295875753935015942
1295875663145000960
1295875622477221888
1295875278015811591
1295875271183261709
1295875226845302785
1295874920946241537
1295874237736026112
1295874063173378049
1295874049592238087
1295873992319000577
1295873888333844480
1295873844381720578
1295873613451599873
1295873333670686722
1295873212170080256
1295873138128027650
