1287491811938906113
1287489857233850369
1287489648986595329
1287488577560084481
1287487285785747459
1287485657892388865
1287482876221587462
1287482174724345865
1287481624242933767
1287481586427006976
1287481354964201472
1287480904592453632
1287480162691383297
1287478410718203908
1287477994882240513
1287472309297651712
1287458925890207744
1287457193063845890
1287452328253984768
1287450713312788481
1287447158635913216
1287446672994271232
1287446395633336321
1287445842186600449
1287431496291233793
1287429582434361344
1287429499013931008
1287428209508835332
1287425364663312385
1287424541187289091
1287423114394181632
1287422162047864833
1287422136274096129
1287421437800615937
1287416052012519424
1287415908273491968
1287415735904477184
1287414098196668421
1287413367141994497
1287410518534189056
1287408966738247681
1287407431069335552
1287406971545624576
1287404958124593153
1287404086170656768
1287403416948559872
1287403402281000962
1287402584601485313
1287401861427924992
1287399536881799171
1287396080284577792
1287395069880938496
1287382563833679872
1287381674666397697
1287379575379496960
1287377995251015681
1287375167203745792
1287370498964324352
1287370220106129410
1287365353656455168
1287362579405443072
1287361549338841091
1287350516410912768
1287336778416955392
1287334973427638273
1287322871388307456
1287319337468956672
1287312575676452865
1287312252840943617
1287311175047356417
1287306293779234818
1287304404471668736
1287301933439627264
1287288948520345601
1287286766471270400
1287286570765041664
1287286216484745216
1287276840734748674
1287275456576790528
1287271006378381312
1287268975357943808
1287265365219659778
1287264737495982080
1287264466518839298
1287262850742923265
1287262008878993410
1287261579793268736
1287260226844934144
1287259318367268864
1287259072484593665
1287258977559023618
1287258882709041158
1287258454781038592
1287258013238165505
1287257925661216770
1287257810166853632
1287257209722683393
1287256752296091649
1287256470858289153
1287255131835138048
1287254492539478016
1287253772742168577
1287253144108376065
1287244839277355008
1287243055507083264
1287242671837282304
1287242607031197697
1287240671498104833
1287236676792791040
1287235774258098177
1287232563723948032
1287230463518470144
1287225046348574720
1287224427223031809
1287222967257112576
1287222661345468419
1287221926083981312
1287221612278767617
1287220948257476610
1287220376771190785
1287217662318108677
1287214731607056384
1287214530536394753
1287214392304689152
1287214160137224192
1287213564890173445
1287213066661199872
1287211905065639936
1287211494409670657
1287208006061522944
1287206140539936768
1287205691363659778
1287196262765404166
1287195981554028546
1287195024955002880
1287193860175790081
1287191237095825409
1287191200328560640
1287186794702761984
1287186347824828417
1287180215408500736
1287178397609672704
1287177850592923648
1287176913551859712
1287174630495653888
1287167297736638465
1287166907028733952
1287155432885227526
1287155364438450180
1287152910166642688
1287152356673687552
1287134975922302977
1287131261140705280
