1284955916115357701
1284950137517875206
1284944010252103681
1284940771360157698
1284940098849714178
1284931216567934983
1284931152403464192
1284930523073335299
1284929313163235329
1284925629683707904
1284924803477057539
1284922323238297601
1284920732338860033
1284919610085523456
1284912741891944448
1284912342497521664
1284912045805232128
1284911168172126208
1284910720547606528
1284909775126507520
1284908810616930306
1284908477622755329
1284906669982400512
1284895247902945280
1284894892049801217
1284894506178019328
1284892970790137856
1284890941652787200
1284890793740652544
1284887373214625792
1284885192901947392
1284884211401449473
1284883239304298498
1284882979232382977
1284882540109717506
1284880923062702080
1284877827150450688
1284877272390885378
1284876928630108161
1284875934907039745
1284874391600467968
1284870410023116800
1284863019105742848
1284861654690410498
1284861540567527427
1284860597109239815
1284858991785508864
1284858455459868673
1284854176602886149
1284852684605005825
1284852323609726979
1284849594019479554
1284846359758209031
1284845264675713026
1284844773979959296
1284843716461699072
1284835211579207680
1284829665060945922
1284823160035119104
1284821377279840257
1284821223264915458
1284818405024030721
1284818151100817413
1284817420943798274
1284811626122817541
1284811298014806016
1284803489760268288
1284799377253568512
1284795238301622273
1284792145291902976
1284785751209791488
1284785032243097600
1284784569481408512
1284773738278526976
1284770328795705349
1284768293388259329
1284763741301673985
1284759143992233984
1284757013168177154
1284755299006648322
1284755148242333697
1284753661068017666
1284744853172088838
1284741915947102208
1284741098053816326
1284729760493404161
1284725545813422081
1284723624927285248
1284722116101840897
1284719532771180545
1284718408555094016
1284717732152381440
1284716282273656836
1284713423104733191
1284710625109848065
1284701345144922113
1284699123946598407
1284697864740970496
1284696364061011968
1284693537976713217
1284688757036212225
1284676016808448000
1284673397645905921
1284671808201875456
1284668146238976000
1284665646173872128
1284665419345756161
1284658181042470919
1284654969329606656
1284654684108546049
1284643393507864576
1284642548049379330
1284641771910307840
1284638335177297920
1284635073699094530
1284629738452135937
1284626361995460608
1284625350576599040
1284625249930219520
1284620810418782208
1284619173906255878
1284618681968992256
1284616860386963458
1284616357565231105
1284615776574607360
1284614974078361600
1284614289190518788
1284613795319513089
1284611877708783617
1284606825942454273
1284598790415147017
1284847114833539072
