1281321956890025984
1281321697262608399
1281301156174667776
1281294393744523267
1281293818562777088
1281279047490822149
1281274955989159939
1281274467440787459
1281272016503558145
1281267586865471489
1281264639985188866
1281259729264750592
1281259358832201731
1281256785941352451
1281224754477793280
1281220108728381444
1281213702348439555
1281208145503760385
1281203958896304129
1281194982620135425
1281177704818184192
1281150984308195328
1281142391815241728
1281137990358765569
1281122425980280832
1281088767726694400
1281069358546993153
1281062292700848138
1281061252639322113
1281047431757664257
1281035419535020032
1281029825428246533
1281012046700711953
1281010809632624640
1281002183941636098
1280985064512335875
1280982166319632384
1280974395759042565
1281228486942883841
