1292478882868862976
1292476717236445186
1292476372980555788
1292475396718563328
1292469019547783172
1292461242309844992
1292458802084806657
1292447369452290048
1292445315879047168
1292441821436686337
1292440024777138181
1292438398381285376
1292436763416432642
1292434515403649024
1292433477581901825
1292431483882426368
1292426202477727747
1292424507681103872
1292419931397644289
1292417829531254784
1292413015913005056
1292412966088970240
1292405698265878528
1292401443203362816
1292389051597651968
1292385797350363137
1292377012913479680
1292368858402226176
1292359729386098688
1292350334543654912
1292342824935948289
1292341046911709185
1292327762762629120
1292325789824761857
1292325585260142592
1292321106603511810
1292320352232669189
1292313197215510528
1292311638381457409
1292311280368234496
1292309895845498880
1292303974666657795
1292297728014323712
1292285934671544320
1292279582154993664
1292279316089384966
1292276057383600132
1292268125795373056
1292267932496433152
1292263756777619457
1292262836115251201
1292262642590121989
1292258586089988097
1292255024530124800
1292252795148492801
1292244877707747329
1292240847589617664
1292237802072088576
1292237197157031937
1292234111214669830
1292230072976453634
1292229518976004097
1292227979574046721
1292226744062181382
1292223500875309056
1292221110352666625
1292209408148156419
