1290386723868819462
1290376153774006272
1290375970235375616
1290373088195096577
1290371249210712064
1290347505457258503
1290340778829656064
1290340001159483393
1290338095997607936
1290315967726268418
1290305130122719232
1290301340300664833
1290291034946260992
1290287309938724864
1290284455194550282
1290281796605603840
1290279479424606208
1290270926546677760
1290269892382343168
1290266374971875329
1290262370292346882
1290245714061090816
1290222299220647936
1290198439255371778
1290182862889578499
1290172046043824128
1290171659010285568
1290170635402936323
1290169767295217664
1290168808926134272
1290160998402252802
1290160754964930560
1290145685426147329
1290141782244696064
1290137198612758528
1290135659806486528
1290123630248988674
1290117653919461376
1290100190838427648
1290099241625452545
1290098328353546240
1290086464563236864
1290082391592062977
1290079023251353601
1290075485418872832
1290070943423856644
1290068003028004865
1290067996052844545
1290066259971698689
1290062531768324096
1290061270033432576
1290059872529072129
1290054170129514497
1290052600235098112
1290049216706797568
1290048490085601280
1290046742566592512
1290036351606431744
1290034953019785216
1290034798921240577
1290033840258297858
