1278067696446431232
1278066003952500736
1278064303694925826
1278064254269169671
1278063128039657472
1278056599815368711
1278052355284455424
1278052180251930624
1278049642970824706
1278040365136666625
1278039991021699073
1278038385454653440
1278037528050831360
1278031780247789568
1278028975625797632
1278018238878642176
1278002306756349954
1278002241887232000
1278000779568320515
1277991631501897729
1277991004403052544
1277990489933971458
1277985091327799297
1277983710453870592
1277981376743014403
1277980841293910016
1277974922828984320
1277973094456414210
1277973026710056963
1277967117061484544
1277960034194874368
1277956843718021121
1277950800921104386
1277947110575550466
1277939439852019718
1277933116238311429
1277925595796705280
1277923460677861377
1277902584146276353
1277897652844335104
1277881073297428480
1277878042816282626
1277871822839656450
1277871154724851713
1277869923486728194
1277868091209211904
1277852498582216705
1277849473859887104
1277847662608424961
1277834429822636034
1277828538033270784
1277827358410657796
1277825947945885696
1277825304543793152
1277820010602172417
1277818835760898048
1277809156704141315
1277803507899346944
1277788951286353920
1277787492054380549
1277783426851057667
1277779181120692227
1277779136535134208
1277778998429433856
1277775776926982144
1277775084111818752
1277774341946687489
1277770989749907456
1277767844856508417
1277766126450225152
1277763719188054017
1277762256818896896
1277758617815572480
1277757974262538240
1277757041981788161
1277754801804247041
1277754644295548928
1277754369610563584
1277753267565420544
1277752795970633729
1277752456190013440
1277749809957527554
1277749022153990145
1277744683242762240
1277741005299687429
1277739919939645441
1277739593387913216
1277738117198417921
1277737624032047106
1277736500382310401
1277735613316227072
1277735026445168640
1277733345020055552
1277732844765405184
1277729944420757504
1277729792415039488
1277728678517014531
1277726056930136064
1277722966936166401
1277721675329568769
1277721333707784192
1277717324439699457
1277716096691437568
1277715645774409730
1277710303254331393
