1274081640164147200
1274080407655505920
1274078557153693698
1274078202772815874
1274077250061840384
1274076939133878272
1274071045973180418
1274070728455962631
1274069461796937728
1274069211875291137
1274068380878876677
1274068111851950080
1274067525618163712
1274066313636429824
1274065939315724288
1274065814627315712
1274065433084276736
1274064938407882752
1274064785940701184
1274064394729803776
1274064187916816385
1274063537153818624
1274063531818745857
1274063314285453313
1274062982574747650
1274061796224073728
1274059586467696647
1274059120065286144
1274059050209218561
1274058996345761792
1274058580824666113
1274057673252667393
1274057299619975169
1274054397362794496
1274053947263680514
1274052991151149057
1274052980287864835
1274051311332360192
1274049060677312518
1274048919039696896
1274048862618112006
1274047963246010368
1274047810116022272
1274047494561792000
1274046981992624128
1274046210270277639
1274045744811511808
1274044968521199616
1274036502494920706
1274035705350676486
1274033087538757633
1274031923329929216
1274029965059579904
1274029443757912064
1274027596267712513
1274027494551756801
1274025886728290305
1274025192507965440
1274021791795687426
1274020680397250560
1274018421194227718
1274018318354014209
1274015941018423302
1274015702031183875
1274015158474616837
1274015145379770368
1274011948967964672
1274011394426507265
1274009949635567616
1274008925843718144
1274008747409432577
1274008440323661824
1274007993697198082
1274007865079013381
1274007305898602500
1274005795546583040
1274004843858927617
1274004808391970816
1274003968662724609
1274003109900140544
1274000911174709253
1274000758371790850
1274000077648883712
1273999094864916480
1273997914738745346
1273997493156614152
1273996885381066753
1273996683198844929
1273993297736855552
1273992037377941510
1273990836636790784
1273989560045838336
1273988455614177286
1273978786791534592
1273978257264738305
1273975106214256640
1273973852184252416
1273973774744944640
1273971050733350913
1273970344726945793
1273970324040749062
1273969833047097344
1273962923380158466
1273958796717670400
1273955100873166848
1273953184327892992
1273951213608939520
1273944728334188545
1273939139851935751
1273932639892836352
1273930888355643393
1273922945442885637
1273915825850920960
1273910024830504960
1273907872578052098
1273906026736222208
1273899305942814720
1273894247209598976
1273894152544059392
1273893844485013505
1273893473230499841
1273892867984044033
1273891471477952514
1273869758069342213
1273860585625538560
1273850805444055042
1273848034246496256
1273847773058576385
1273845652531949570
1273841845970206720
1273840425804144643
1273837969150038016
1273837757840924673
1273832853747445761
1273831296700121090
1273830618217033728
1273830445482946560
1273830004166557697
1273828846538809345
1273827676827127808
1273825678610198528
1273820889533079552
1273818136278642691
1273817900114014208
1273815928883429376
1273814151412973572
1273810813019619328
1273807827019145217
1273802441868423168
1273801940044886017
1273800908040781825
1273800865003057152
1273798291306790919
1273798049513574402
1273797508758675457
1273797310292475904
1273790408007581702
1273788997719019525
1273788944459710464
1273784335426924544
1273783685817368576
1273780731135889409
1273779524770115585
1273771794634326017
1273767067343360001
1273765485201559552
1273761874048409602
1273760209517740032
1273747687536500739
1273746517694861312
1273745813961932800
1273745524160704512
1273744474116632577
1273735415267307524
1273735243728654338
1273734902417166336
1273734329261338626
1273731496457547776
1273729934515675136
