1281690563767676928
1281678880076685314
1281675671824211975
1281673224993079297
1281664036279586816
1281644323327574016
1281644100043722752
1281642744666927105
1281640272787648513
1281637980822798336
1281636248378105856
1281631091057741826
1281624434730819584
1281621202872795136
1281615588234866694
1281603079754993669
1281590991770787840
1281590798081982464
1281589320533585921
1281581785265188866
1281577651518480385
1281568574759477253
1281559733850210306
1281555402178605056
1281553502611943424
1281548770732388352
1281535725402374148
1281487152593993728
1281476002883923968
1281463417816010752
1281460069431795715
1281454671492796416
1281432346843996161
1281427995601899521
1281425159249899522
1281425102970605569
1281420194087235584
1281419713646600197
1281419124824928256
1281418809430204416
1281417911442317312
1281404217341681664
1281398717040537600
1281388629948948480
1281367515881508876
1281354681118330881
1281353305084567552
1281341605551710209
1281337462501990401
1281333480035622912
