1270822303664914433
1270820068956401664
1270819840954007553
1270815093907955715
1270814466918227969
1270814408772653069
1270813667638960128
1270813048178171905
1270812639162179584
1270810364511477760
1270809979990102018
1270809845659287552
1270809395455295488
1270807486283612160
1270806954374545409
1270805398392635395
1270804881046228994
1270801700018929665
1270801446821343246
1270800488301240320
1270799682265124865
1270799104306790401
1270798625417936898
1270798180284850179
1270797777216421888
1270796938611355648
1270796925994926082
1270795358419980288
1270795094589730816
1270794641126969344
1270793761258303489
1270793471327002624
1270793138861256704
1270793087145648128
1270793076366348288
1270792163098374144
1270791252619833345
1270786251419824129
1270784550067724289
1270784248941772801
1270784178276257794
1270783767066619907
1270782105325383682
1270781903038226433
1270778138751127553
1270775861546037248
1270775567315501063
1270775044470341632
1270773913669251073
1270773406410199040
1270772970009444352
1270772401190703104
1270771296083853313
1270770564936933377
1270769026814312451
1270767822927540224
1270766429059637249
1270764839833604101
1270764572438401027
1270763123805478912
1270761847273259011
1270761275644141570
1270759723080417281
1270759454376673281
1270758044251684865
1270756961726763008
1270755944541143056
1270755858335428608
1270755747979243522
1270755698926915590
1270754674191155200
1270752335313154049
1270751526584270848
1270750078807035905
1270750062398840832
1270749230185934850
1270748971904962560
1270748426808983552
1270747483241660416
1270747140508303361
1270746862732148737
1270745803917864960
1270745452942671885
1270744078607622150
1270743335385403392
1270741415916711938
1270741278205136896
1270739552328511490
1270738218913128448
1270737921553948672
1270736997338894343
1270735770542891008
1270735609930420226
1270734476214185984
1270733237346807808
1270733044702490629
1270732174996758529
1270730000271015937
1270727567109173251
1270727538411630598
1270727448766840836
1270724059286827010
1270722008368574468
1270720756997951492
1270719992527335430
1270719873161691137
1270719249804222472
1270717755956723715
1270717737178783745
1270717424803840005
1270716019200282627
1270713708654845952
1270713532317827073
1270711593936941063
1270708381645303809
1270708320463192064
1270708219057340417
1270707676331347968
1270707115171221504
1270704611893051394
1270704400672215041
1270702019217625088
1270700816244936705
1270692912372703232
1270692746236493824
1270692688497688577
1270692086753275904
1270685501759127552
1270682701004181509
1270681161094909953
1270673483043868674
1270672330465951745
1270670755601186819
1270669436354093057
1270669160062869506
1270661140675166208
1270652944657063938
1270651805655920640
1270650329541967872
1270648605725073409
1270644180176551936
1270636553073651712
1270625126665424896
1270620692317384705
1270612169114214400
1270611365665943552
1270608951894212608
1270599281020473345
1270599194265468929
1270599106575192064
1270597164545302528
1270594627834347520
1270593099601899520
1270588539013455882
1270587944240365569
1270587203345960960
1270586321879412742
1270584404449132544
1270577911494557696
1270570736659255296
1270569550329700357
1270568852699648000
1270568176393355264
1270568067622293504
1270566224192090113
1270565564994539520
1270564609364295681
1270564278832070657
1270561957922381824
1270561776598421504
1270559559262720001
1270558725431009280
1270557674153877506
1270556825625059328
1270556011863121921
1270555738507669504
1270555692865327105
1270552797516197888
1270551492160827394
1270550139804024835
1270544780380889088
1270544636927373312
1270544485403906049
1270544229262131200
1270544093634949120
1270543873832554498
1270540850255269893
1270540423057084431
1270539095299719168
1270538736850235392
1270537170898599940
1270534619734171648
1270534070741733376
1270532437962035201
1270532157178556423
1270531970896760832
1270525490781093888
1270523627478364160
1270522919286976516
1270522339285962753
1270522338795237378
1270521111646633984
1270518844176642049
1270518505889128449
1270518433260531712
1270518190544687104
1270516770315612161
1270516470884286466
1270515930196578304
1270515350661140482
1270513264569417728
1270513174958075904
1270512774121164801
1270510791280689152
1270509998272110593
1270508417140965376
1270506191077203969
1270504985810178048
1270503861367771136
1270499564697640972
1270498117037801473
1270498035911589888
1270497529948508162
1270496463366356993
1270495398856216576
1270494970579955712
1270494589460393986
1270492406081716224
1270487548826136581
1270485772999831553
1270481262663393293
1270480605541797895
1270480603398447104
1270480190142021638
1270480101294198785
1270478257918369794
1270474914437435401
1270474337901072390
1270471095137828867
1270468079584247810
1270468079273869312
1270467152949186570
1270463726513258496
1270461801285771267
1270461052556398592
1270460759495991296
1270460708942155776
