1283505019137007616
1283504623781806080
1283497164002426891
1283494152479662086
1283493601176150018
1283489223954374657
1283469269771022336
1283466596917424128
1283462564265857024
1283458543299883008
1283448678032736256
1283432522987298817
1283392987729465344
1283386491566198785
1283377279171796992
1283343594045296640
1283320755988557825
1283310521651990529
1283303349207494657
1283292232489955328
1283284496092024833
1283267013880815616
1283249169994522625
1283247617367916544
1283230936587366400
1283219525325008898
1283184778414522368
1283181628202917895
1283176678441865223
1283157958772260868
1283148419230359553
1283425048720748546
1283425206787284992
1283409891479244800
