1266474364385456129
1266474259242553345
1266472985914818560
1266472039709315074
1266470334804496387
1266470189576728581
1266469230255505409
1266468892324638720
1266467506853568512
1266466288504725504
1266465860736212993
1266465315199897600
1266462347884986369
1266461118425255936
1266460883716317184
1266460394467590145
1266459133005434896
1266458492702990336
1266457742518087680
1266455514591956994
1266454809563090944
1266454072489467904
1266453083762106369
1266453013859840010
1266452422538526725
1266448736680464384
1266447951888556035
1266445486275170309
1266444682118258689
1266443608636436483
1266442620546551819
1266441537283645440
1266441235507675136
1266440906149945346
1266440622145187854
1266439249957715968
1266439092042174464
1266438651900309504
1266438354897338371
1266437637700759552
1266437514778345472
1266436858453602305
1266436495319195651
1266435917452963841
1266435881197584386
1266435825069326336
1266431180628508680
1266430442095271936
1266429618577305600
1266429467230113796
1266426959669743625
1266420619404554247
1266420462336311297
1266419861116186628
1266418639172845568
1266418329193009155
1266417520405291008
1266417363592925185
1266415507466596354
1266414920943448065
1266414603925442564
1266414243122839552
1266412662222659587
1266411978983190528
1266410693881925633
1266409296616701953
1266407815859625984
1266407499030093825
1266406320372137984
1266406302240014336
1266404008966701056
1266403481956634625
1266401054276583425
1266398987420139520
1266396844277616644
1266396262074589185
1266396208085467139
1266396205640232964
1266395615677739008
1266395016735457280
1266394391339511813
1266394060937408512
1266393548783529988
1266392802822324225
1266391789805752323
1266390377264631810
1266389165219995655
1266388836029853698
1266388731289894915
1266387100942950400
1266384454332805121
1266379431402074113
1266379044838273024
1266378470440923136
1266378263477153797
1266376338329370625
1266374584468570112
1266372036831571968
1266371614855139328
1266369886378323970
1266365379061768193
1266362895157190662
1266362352795967490
1266362197443317760
1266361442225336322
1266360421260410880
1266359922050007040
1266358870831558656
1266358468778196992
1266358029181693960
1266357685626245120
1266355779361177602
1266353454127157248
1266351905850228737
1266351144026112000
1266350896272850944
1266347821508317186
1266346007610232834
1266344188288937985
1266342861009649666
1266340816404074497
1266340175501762560
1266339844101492742
1266339557626327042
1266339240931188736
1266339088480841729
1266338556751933441
1266330283814473730
1266329829521096705
1266328522781536258
1266328520189308928
1266326448719245313
1266316505077157888
1266314257186070528
1266312056464171009
1266311759968694276
1266310569528832003
1266309331168919553
1266309037097967616
1266306839152599042
1266306762422059016
1266303974031777792
1266303436179402756
1266302670689538051
1266302450908008450
1266294496108535811
1266293538146316289
1266293029565915136
1266292522424262665
1266290948197117954
1266288395111632899
1266284577141608450
1266278734140551168
1266277085011562496
1266275765244420096
1266275698844463104
1266273312176402432
1266273010144571392
1266268957381554176
1266262962441879553
1266261260737241090
1266259778734448640
1266258624818458630
1266257943923589120
1266257257731289088
1266256785431621635
1266249463636520962
1266247028079656962
1266246347381866502
1266245738691870720
1266243006408978433
1266239653935382529
1266238477718319107
1266237577436119042
1266237366949142529
1266237281368551431
1266235865409351680
1266235136481218560
1266234297989492739
1266232271532523524
1266228529521397760
1266226346038120449
1266225538466807808
1266224930875555841
1266224685634764805
1266224590100893696
1266224243018096640
1266223385379393536
1266223209352851456
1266223109058813952
1266222446815989761
1266222238304477186
1266221459170623491
1266221133893902337
1266220971465207809
1266220392642867201
1266218945184333824
1266218466769547265
1266217363088855040
1266214578725294084
1266213847465066496
1266210825699594242
1266210602982178817
1266200561298391051
1266199020306706432
1266197145482223617
1266197073134845958
1266196373512294400
1266194963127132160
1266193019620950019
1266191980368924673
1266191353983229953
1266189553863405568
1266189169044402180
1266188874671407104
1266188859785822208
1266180041827856384
1266179588234842116
1266177701125087232
1266177577691025408
1266176829661929472
1266175662525689858
1266175188963557376
1266175056079499264
1266172636469489664
1266172298928807939
1266171678108704768
1266170593302286337
1266169371178618880
1266167564230483968
1266166881024704512
1266166858862014464
1266165435940159488
1266164934284632065
1266163917673295873
1266161071066415105
1266160150139809794
1266160057105997824
1266159503105568769
1266159049076346880
1266158978234343424
1266156833829421057
1266156653738700800
1266155223153807367
1266154736358764545
1266154463909367808
1266153708695564289
1266152336675811329
1266152064880726017
1266146425404035072
1266145645309509632
1266145570252603392
1266144532997029889
1266144219938394115
1266143657947623424
1266140438479753218
1266139072671576064
1266137019153072131
1266135847738507264
1266135314789134336
1266126029447467008
1266120565351493632
1266115536980762625
