1288579639846281218
1288574861502078976
1288574111476674560
1288571528032817152
1288569556588429315
1288567841394798592
1288560672196812801
1288560578017939456
1288560038940938243
1288559434415759360
1288559427801366528
1288558886782369793
1288557780467683330
1288557436794744832
1288556900498526208
1288555365282373632
1288555246084452352
1288554972020449280
1288554885932150784
1288553066753593345
1288551604551946241
1288548913725820930
1288548635383410688
1288547904240545793
1288547889975660544
1288547455378903040
1288546916142178305
1288546495935938560
1288546152544075778
1288545878165327878
1288545470931963905
1288545248168177664
1288542179128999936
1288541291668701185
1288540829032816646
1288538480017117184
1288536309003431942
1288535237383856128
1288534832230916097
1288531952169959424
1288531451999219713
1288531331358568448
1288530474726494208
1288529883224662019
1288527626278240258
1288527622381633536
1288525678216978433
1288525271755259906
1288524311071010817
1288520380009897984
1288517824026222593
1288517522963279873
1288516001169133569
1288515388435619841
1288513659354755072
1288513385533849601
1288512525848518656
1288512500263247872
1288510907773882373
1288507623201857540
1288502827711594497
1288502137098387456
1288501396694851585
1288501178209206272
1288499450156064772
1288498350921101313
1288491136357748737
1288487149474648068
1288483479584419842
1288481915490664448
1288480291716128768
1288479885610999808
1288477027415265280
1288476904291475456
1288474171832500224
1288473710777769985
1288473073864368131
1288471018227535874
1288470649443422208
1288461297739280386
1288457976785838080
1288456183859347457
1288453415010480135
1288451847804649472
1288449250649681921
1288447550131974145
1288447009603624960
1288445410298810368
1288444532439252995
1288442210078396416
1288436503471886340
1288427356525400065
1288426901204344833
1288423137550512128
1288422755701002241
1288422208239472641
1288416689969930240
1288416349472141313
1288415475509207040
1288410554986639361
1288407322411360256
1288406980525203456
1288405174822801408
1288404995117682688
1288402085680209920
1288401840628006912
1288399248828985344
1288397768285921285
1288396267752534016
1288393574506270721
1288388384709210113
1288386385137737728
1288380846651539456
1288374772783616000
1288374479702372352
1288374136826470400
1288365025439121408
1288362557074337792
1288349545798291456
1288340672844451840
1288335815852974080
1288335645866328065
1288334726495952896
1288333818806456326
1288328182588940289
1288327558824689665
1288327230326792198
1288326438894964738
1288323401854136321
1288323362859581440
1288322990011228160
1288321561922023429
1288320350430859266
1288319429235707906
1288314447862300675
1288313612553973760
1288312794572394498
1288308627619667975
1288306440600461312
1288302936863526914
1288300126423805952
1288299187164020742
1288298712381317124
1288298593623904256
1288296497491124229
1288296259179216897
1288294942805123072
1288294872592637952
1288294150383837184
1288292664480354313
1288292409470836741
1288291047433474050
1288283365142147072
1288283045750022144
1288282866611367937
1288281541282603010
1288281520256491521
1288280717479284736
1288279676675330049
1288278835683893249
1288277953546256385
1288277518169104384
1288277498996969473
1288273400486662151
1288272678164602881
1288271914499219456
1288269838675333127
1288260986063839232
1288260547453112320
1288257943268470786
1288256862559797250
1288256186987536384
1288255226810716160
1288252536273514496
1288250616721137669
1288249045022998529
1288248961749397504
1288248784732880898
1288248028885745664
1288246804262182912
1288244816342667265
1288243962243768320
1288243594260647936
1288242049943101445
1288241036167389184
1288240416077123584
1288240250582704129
1288238965863186438
1288236118278672384
1288234844762210305
1288234124403249155
1288233547149410304
1288233420733272065
1288232101096103938
1288231363905228806
1288229985371582464
1288229330657607683
1288226589361106944
1288223812631158786
1288220945136721920
1288220223556980750
1288455532857249795
