1276982151460814850
1276977227301675008
1276973128477036544
1276960527890083840
1276959058084409347
1276953427801714698
1276952956265361408
1276944269169831938
1276938300905881600
1276936352710320128
1276935193711042561
1276932217139273728
1276926445059801091
1276924608453713920
1276919518003167233
1276916835217219586
1276905103920857088
1276904831970619397
1276899492411977731
1276896848729473024
1276896788662886401
1276889071151984640
1276886718780604417
1276882865419100161
1276881124921393152
1276879391197401088
1276879291465314304
1276878032788021249
1276876658386055168
1276876569479450631
1276875563769225217
1276866899419299840
1276866048785031168
1276864980923670529
1276859575132721152
1276846951728910340
1276846856589500416
1276845390826999823
1276840407826149376
1276829644830969856
1276814956248236037
1276808845982130181
1276806450204086272
1276805875966054401
1276761425327853568
1276753863555469312
1276740747782352897
1276739439213965312
1276737317286404097
1276736528404721666
1276732084870995969
1276720107629264897
1276718673516888065
1276716756837466114
1276714334383747072
1276710008076599298
1276709215730573314
1276706806874517504
1276693141517561857
1276688905010475008
1276688823137652736
1276686251165470720
1276684268333412352
1276681397395165185
1276679033686765568
1276673586695213063
1276663126050713600
1276662939898929153
1276654617863041024
1276648815131385857
1276644279960522757
1276644257152057347
1276641461577175040
1276640542319955980
1276638304272887809
1276637123450408964
1276637018131439616
1276634782861008896
1276632595674157056
1276632391549845508
1276631917849427971
1276630318934450177
1276628613996011520
1276625393798307840
1276624175545942021
