1292202742900035586
1292202398925164546
1292199659205787650
1292199094211969031
1292195360291655682
1292194554813116416
1292193290226487296
1292187367030235136
1292182602841956355
1292180615324790785
1292173725668802562
1292173598074064904
1292171514763186177
1292170627827118085
1292169782503014402
1292163530016403456
1292163341205377024
1292162785921699841
1292161569460232193
1292161093020917761
1292157990104170497
1292157151281061890
1292156355713945600
1292154305882054656
1292153431243849729
1292150014869938176
1292149892211712000
1292142857239834626
1292142791368175617
1292141473459298305
1292139718155665409
1292139208006602753
1292137756181893120
1292136713108819968
1292136445172424704
1292135698309545985
1292135479094030338
1292135418033569794
1292132467655299072
1292132266198675456
1292132118433337344
1292130103435173888
1292130035420131328
1292129897205370881
1292129750924787712
1292128885400834049
1292126911532064770
1292123668882096131
1292121512187539456
1292121379249229826
1292120309856952322
1292120021548830721
1292119819802808320
1292117348586004480
1292116755486212096
1292116453328650240
1292115239136382977
1292115228919058433
1292114178556268551
1292114081722372097
1292113166839820289
1292112175826378753
1292112018695061505
1292110909507276803
1292110816834023430
1292108749600108544
1292108725789118466
1292108663025553410
1292108421236494338
1292108159918710784
1292106902227374080
1292106172565159940
1292105583303118854
1292104849753071619
1292104650821427202
1292104338937131008
1292102670954749953
1292102504549842944
1292100768871391232
1292100555054227458
1292100278326632449
1292098735216840711
1292097638951788544
1292095958168133632
1292094985060450306
1292094968992010241
1292093881169793024
1292093649476554752
1292092689610153985
1292092319576064001
1292091310426341383
1292091189395705857
1292089688384249856
1292089320258535430
1292087576480878594
1292087523347505152
1292086658100322307
1292085894732709888
1292085528746168320
1292084611850342401
1292084072332890114
1292083585906876424
1292081586943524864
1292080801350393856
1292080736049274881
1292080730596446213
1292080491126878208
1292080133503762432
1292079828217335809
1292079355682750464
1292079333587202053
1292079187050803202
1292078922021007360
1292078784477372417
1292078679925850113
1292077677013237761
1292076975838953472
1292076113431351297
1292074021039857667
1292073507220791296
1292073257441439745
1292073125501444100
1292072057883242496
1292072057757474817
1292071470366175232
1292071393195184133
1292070843716075520
1292070405801377793
1292070365217394688
1292070363271241728
1292068191993311233
1292068005925523458
1292067367032422401
1292066927339347968
1292066899883253763
1292066576309657600
1292066307760824320
1292066126709559296
1292065472385613825
1292064758502436874
1292063934866960384
1292061366195560450
1292061009927196678
1292060992990519296
1292060081748574208
1292057933715406848
1292055750785863680
1292051428312195074
1292041480320585728
1292040327617011712
1292037690226085889
1292033286017961984
1292030811454214145
1292030558810312704
1292026775648837634
1292026423499202560
1292014795588173825
1292003786492219393
1292000907350044673
1291998227927990272
1291997705074548736
1291997371321257984
1291988722867732481
1291985995752181763
1291985576803971072
1291984603981389825
1291983658669268992
1291979919900028928
1291978960163790848
1291978289871978497
1291976191021383680
1291974636956131329
1291973743930220544
1291971516926775296
1291969406034042881
1291969180984586240
1291967518777782272
1291962276791033856
1291960390704705536
1291959500887543810
1291957146637209600
1291953932462366721
1291953864543961095
1291952290971123713
1291950849955115008
1291948959523577856
1291948830741508097
1291946182000820224
1291941385600405504
1291940385510641664
1291939120697282560
1291937984321736704
1291936385578876935
1291935733486362634
1291935078118035456
1291935058522062848
1291933780895121409
1291933277784363008
1291931242196344833
1291930352412495873
1291929986539171840
1291926298630262784
1291925656914341889
1291925574550786049
1291923691010428931
1291920080494714880
1291919801154015233
1291918977644584960
1291918654884413440
1291917975780564992
1291916596433346565
1291916290433720321
1291915989307854848
1291915132688269313
1291915105714810880
1291913204977864710
1291912426817032192
1291911780319604736
1291909879477805064
1291909695003820033
1291908750786334721
1291907277486604288
1291906669216182272
1291906123851804674
1291905229475254274
1291905149212991490
1291904338957422593
1291903782209478657
1291903610620645377
1291903264057942016
1291902537122095115
1291902111341395969
1291901924267012097
1291901758449561600
1291901319800918016
1291901044843216898
1291900499487264770
1291900245878636546
1291898124810596352
1291898064924479491
1291897701123194882
1291897154361933826
1291897090138705920
1291896820013117443
1291896397961113600
1291896270701953025
1291896141232115712
1291895904165912576
1291895564116738049
1291894412520361991
1291894241640296448
1291894112359190531
1291893824919412741
1291893817440980994
1291893170129829892
1291892315443863552
1291891665750425601
1291891663871315969
1291891437039165446
1291891363106164736
1291891290162913281
1291891288565059587
1291891166150098952
1291891050324393985
1291891047153508352
1291890981705519110
1291890921437638658
1291890815497842688
1291890769339588609
1291890685566754822
1291890484936310785
1291889844008833024
1291871798401826817
1291869657863868416
1291848427563884549
1291847992446607360
1292143537878949889
