1296914765219069953
1296914636764258304
1296914435794063360
1296914255804076033
1296914161180475392
1296913955349200902
1296913863510720513
1296913726482808833
1296913010653646849
1296912852813586432
1296912722593042432
1296911919538872320
1296911825943044098
1296911567309754368
1296911279446253577
1296911270092902412
1296911139301777408
1296911016635305984
1296910984154509312
1296910828667654149
1296910780944637960
1296910085331906560
1296910026989359105
1296909987952963590
1296909663527731200
1296909242272800768
1296909153336729601
1296909072600461312
1296908816735502337
1296908805993893889
1296908377407160321
1296908051732140042
1296907832282013701
1296907776346775560
1296907753173078016
1296907556846100480
1296907496293126144
1296907182710173698
1296907093287477249
1296906690781163521
1296906560845774849
1296906086717575168
1296906078567960577
1296906075560644611
1296905962872340480
1296905836074340355
1296905744831451137
1296905491403046913
1296905385564155904
1296905326160228352
1296904972861243392
1296904911943348227
1296904307082698752
1296904254595174400
1296904034000031746
1296903361204228096
1296902698617516036
1296902466626301964
1296902425249484808
1296902380349460483
1296902378281742336
1296902312498278400
1296902120986353664
1296901583922323456
1296901235732226048
1296901058334060546
1296900866742476801
1296900677940252673
1296900402848309249
1296900386155048962
1296900373072887808
1296900309697142785
1296899776034693120
1296899567875694598
1296899545276784641
1296899515287470088
1296899509901856768
1296899319866351616
1296899192263147527
1296899085228810243
1296898976529219584
1296898649050558475
1296898596168765444
1296898578674323459
1296898268350296065
1296898250784436224
1296897976628117504
1296897623220248576
1296897605931347969
1296897565993193472
1296897491330203648
1296897488734097413
1296897303794655232
1296897171040559114
1296896911434162176
1296896788755025921
1296896704961224704
1296896586551828481
1296896217415204864
1296896166479777792
1296896141733355522
1296895989391990785
1296895462985945096
1296895368911892481
1296895345335689218
1296895056918519809
1296895044474097664
1296894602620727296
1296894450111668224
1296894337998041089
1296894258503393280
1296894011786092550
1296893690607280130
1296893125600976897
1296892973058146304
1296892900182315012
1296892804250173441
1296892578181259264
1296892452260007936
1296892442004922368
1296892227659145216
1296891737798053888
1296891654184591360
1296891401972510721
1296891124473307136
1296890555847254016
1296890340444700680
1296890314213470210
1296890031005552642
1296889849505447936
1296889631607316480
1296889268392955904
1296889066177196032
1296889011630268416
1296888942734663680
1296888877811081216
1296888804037533703
1296888679244410881
1296887972873351170
1296887789896818688
1296887592076685314
1296887391219785729
1296887185493438466
1296886658311155712
1296886427733471232
1296886375413932033
1296886358208913409
1296886274792534017
1296886215820500993
1296886186871533568
1296886128142774272
1296886101903278082
1296885810646614017
1296885590714089473
1296885392113913857
1296885173523537920
1296884841913266176
1296884793200857088
1296884673042427904
1296884633963917312
1296884625197936640
1296884625139216390
1296884510072557568
1296884498785853441
1296884246842347522
1296883817869975553
1296883179974987777
1296883130507427840
1296883070637936643
1296882700792594437
1296882649164845057
1296882643678695424
1296882520487792641
1296882439390814208
1296882169969868812
1296882089959124992
1296881873126293505
1296881645073686528
1296881267389030400
1296881026199719936
1296880850282450944
1296880760213975042
1296880713648820227
1296880628726521857
1296880593943363584
1296880522203783168
1296880470454677506
1296880331719573512
1296880057802207233
1296879899957841920
1296879444691386368
1296879444481716224
1296879141669806081
1296878870801522688
1296878776517885953
1296878597106315264
1296878506392072192
1296877646010355712
1296877502489493505
1296877502242193409
1296877377922924544
1296877195483217920
1296876969968181254
1296876930327666688
1296876627058720768
1296876595605573632
1296876137264623618
1296876125730140160
1296876018783760384
1296875853046063116
1296875705523994626
1296875650360520704
1296875533867810816
1296875518411902979
1296875449734365185
1296875426485358593
1296875039707496450
1296874614212177920
1296874557115117571
1296874316106215424
1296874202247634945
1296874039588380673
1296873939453575169
1296873643897741313
1296873571764129793
1296873553342603265
1296873493263290368
1296873480844185601
1296872809092636672
1296872651839938560
1296872611910123520
1296872509808271366
1296872400307605504
1296871989685051392
1296871835242553346
1296871762492350468
1296871737829851136
1296871725569921025
1296871692329943041
1296871576319688711
1296871528164925442
1296871362833702912
1296871084323508224
1296870731272171521
1296870689551585280
1296870570101940225
1296870532563054593
1296870304090689536
1296870179234811906
1296870159605477376
1296870155239280640
1296869948225134592
1296869938188058624
1296869809825579009
1296869723221745667
1296869504660758529
1296869088442998784
1296868916153769985
1296868788630179840
1296868631037575169
1296868412371677186
1296868352099524610
1296868216313192448
1296868071672614912
1296867553780756480
1296867547770507265
1296867535934173185
1296867483555692544
1296867472755351562
1296867158220320769
1296867155875700736
1296867130995073024
1296866985175908354
1296866682527526912
1296866130598846464
1296865817209036802
1296865707385389058
1296865684799008769
1296865555593310208
1296865553198600193
1296865325032472576
1296865065216417792
1296864916842872833
1296864866532286473
1296864806645960704
1296864663720738816
1296864493356498944
1296864456232771584
1296864310627426309
1296863869759942657
1296863846309584897
1296863696568950790
1296863653413769216
1296863348622057474
1296863183630733312
1296863088269025286
1296863077737037825
1296862824640045056
1296862766427508738
1296862746084962305
1296862702053228545
1296862671569129477
1296862423547285506
1296862140507332608
1296862118269128705
1296862103119130627
1296861963889324033
1296861897854255110
1296861874596843521
1296861805717970945
1296861659214954496
1296861559029821442
1296861299503136770
1296861078198972416
1296861063669981185
1296860611771543554
1296860039878021120
1296859902971961344
1296859809564766210
1296859696268181504
1296859430982746114
1296859184558997506
1296859099603189760
1296858867704434689
1296858646035529730
1296858523213733894
1296858412718993409
1296858376794714117
1296858342716047365
1296857902133784576
1296857775834685445
1296857772362014720
1296857702610677763
1296857683895738370
1296857665105211392
1296857597807439872
1296857402893950977
1296857154515869696
1296857081425821696
1296857016997163008
1296856792014577666
1296856747852824579
1296856711249174528
1296856679435382785
1296856643318231043
1296856600695771137
1296856555439054848
1296856293261496320
1296856291336499206
1296855986003570690
1296855958983979008
1296855890872672259
1296855430547767297
1296855190172311555
1296855005731803136
1296855003135528961
1296854931375157250
1296854662570815501
1296854300702932992
1296854243916349441
1296854240133099521
1296854177310801925
1296854152107249664
1296853504347254784
1296853149341253632
1296853119922507776
1296852758130302983
1296852572435750918
1296852512193093633
1296852508065792002
1296852463061028867
1296852280998686720
1296852161020731394
1296852096273219585
1296851892002316298
1296851865037152268
1296851740801867776
1296851619246563329
1296851141939142657
1296850865853145088
1296850831480967169
1296850773557547009
1296850237215170562
1296850151424823302
1296850044537143298
1296849968259620864
1296849895459037185
1296849850143842311
1296849573659451392
1296849566151708675
1296849281173856261
1296849256121110536
1296849122062893056
1296849070812737539
1296848947055489024
1296848539943870469
1296848535204368390
1296848357994921984
1296847697823989761
1296847680837160961
1296847671613956096
1296847438146424833
1296847432538628096
1296847224329175042
1296847117655433220
1296847081542422528
1296846814486966279
1296846686518685705
1296846295160758272
1296846146862821376
1296846105343397888
1296845947696119808
1296845924833075200
1296845820072001539
1296845508992880642
1296845503917744128
1296845459491889154
1296845435609337856
1296845434653048832
1296845398938734592
1296844953507770370
1296844715824943104
1296844685076553729
1296844683650445312
1296844669226307587
1296844666407497728
1296844659474305024
1296844238311895040
1296844092333338625
1296844040923570176
1296843926146408448
1296843807816916993
1296843624467042305
1296843551217782786
1296843416446234625
1296843315690663936
1296843153870331904
1296842772679397376
1296842436258349059
1296842430239694849
1296842427437920256
1296842371141951488
1296842355841040386
1296842254804561920
1296842162651439105
1296842089997561856
1296841991347634184
1296841750204551168
1296841725382721539
1296841685830262785
1296841632730550274
1296841597787799552
1296841303087554560
1296840746037739520
1296840703444647944
1296840664274149377
1296840556803391490
1296840457113104384
1296839882308907010
1296839729523109894
1296839703929462787
1296839547309797376
1296839507086434304
1296839409367752704
1296839134519140354
1296839083545767936
1296838675796561928
1296838669815500802
1296838657827942400
1296838657588985857
1296838551955558400
1296838387693957121
1296838296274862081
1296838252293509120
1296837603052920835
1296837499818565634
1296837428624396289
1296837223648829444
1296837198231343104
1296837143462064129
1296836870538694656
1296836705530589184
1296836415846780933
1296836253401276418
1296836148153602050
1296835504286179328
1296835397142552578
1296835362967306240
1296835358642982914
1296835115788775429
1296834949564239872
1296834902898302976
1296834888625270786
1296834841758007296
1296834689085440000
1296834621124927489
1296834500966658048
1296834255855681536
1296833964812972032
1296833844633534466
1296833735388614656
1296833613653303297
1296833138086350848
1296833026664562694
1296833017604972544
1296832908376838148
1296832872884719618
1296832651500937216
1296832610661019648
1296832494503956480
1296832484030767104
1296832320595464192
1296832293583990785
1296832175954771968
1296832044564197377
1296831996702994432
1296831977493069824
1296831724387807233
1296831673770835968
1296831668532080641
1296831587942719489
1296831344241192962
1296831283344084992
1296831274087325701
1296831200733011971
1296830801783304192
1296830784943337474
1296830673421041665
1296830588020822016
1296830585411780609
1296830112789405699
1296829894912086016
1296829815694200839
1296829579517206529
1296829493403963394
1296829398176464898
1296829174318075905
1296829127677423619
1296829071033135104
1296828973775716355
1296828891995111429
1296828754052825093
1296828500113076226
1296828308068487168
1296827985908178949
1296827498597175297
1296827371522273284
1296827117930512386
1296826972102955009
1296826938640805889
1296826823112888320
1296826737893019649
1296826638265651200
1296826600995127298
1296826447420518401
1296826415208370176
1296826094289649667
1296826010395123713
1296825922331451392
1296825866413121538
1296825633193025543
1296825630026342400
1296825487180914694
1296825404104355848
1296825346239664129
1296825142195126273
1296825084540313601
1296825014327574529
1296824986389422084
1296824917502177280
1296824668192636928
1296824639570808834
1296824564555509766
1296824544456581122
1296824494825320451
1296824433932251136
1296823966682607616
1296823886177275905
1296823833450745857
1296823707806183425
1296823685752459266
1296823574335037440
1296823547638296576
1296823443086868480
1296823438720430080
1296823267416772610
1296823164698230784
1296823069961404416
1296823054623014913
1296822980547424257
1296822960464883712
1296822871701028864
1296822817573539840
1296822603345207296
1296822535678459905
1296822520029556741
1296822299254022144
1296822165577371651
1296821946651467778
1296821890355347458
1296821524444393472
1296821450805071874
1296821255748780032
1296820993923534848
1296820957865287686
1296820821793611776
1296820699437453313
1296820641610502144
1296820632915763200
1296820619430985733
1296820567048364032
1296820422541967361
1296820399250997248
1296820307383275520
1296820271714795521
1296820110901075974
1296819943703543808
1296819113176657922
1296818912567283714
1296818608287481856
1296818572107427840
1296818531900837890
1296818461323268096
1296818305118871554
1296818194225803265
1296817963950055426
1296817804683829250
1296817749000196096
1296817744210546688
1296817180080771072
1296817118046978048
1296817044285988865
1296816949368950784
1296816907698548736
1296816339752038401
1296815896997040128
1296815448365858818
1296815240898908163
1296815207289958416
1296814816842125312
1296814761007632384
1296814525707177985
1296814197288783874
1296814167148638208
1296814046864445445
1296813933064531968
1296813726943850497
1296813654382436354
1296813649072398338
1296813570735259649
1296813543120146432
1296813345404846080
1296813201796075521
1296813028885893120
1296812823507599361
1296812744134492167
1296812546104713217
1296812543542005760
1296812434922131456
1296812254856437761
1296812245800775680
1296812235583639553
1296812199592120321
1296812175219208195
1296811870708531201
1296811792992071681
1296811639237312515
1296811619075284992
1296811556508807174
1296811179189379072
1296810996997033984
1296810993729904640
1296810584030183425
1296810378815512577
1296810378039644162
1296809764043862016
1296809728056553472
1296809508186988545
1296809474951467008
1296809389568000002
1296809187205427200
1296809183464038400
1296809157329182722
1296809101029044232
1296809095811534855
1296808777572921345
1296808776994033665
1296808737387106306
1296808629237153792
1296808500698456067
1296808445803282437
1296808333815537666
1296808255310778368
1296808197706133504
1296808092563382273
1296808040210018304
1296807728933937152
1296807492513484800
1296807477745299456
1296807037813305344
1296806993563279365
1296806963368595456
1296806916342128642
1296806910558179330
1296806905201995776
1296806899715837952
1296806881562972160
1296806498174152704
1296806298701496328
1296806266493444097
1296805932282904581
1296805530078502913
1296805021623808000
1296805001365528580
1296804849988796417
1296804787367927808
1296804685505089543
1296804621177040896
1296804620216352768
1296804399063285761
1296804132813189126
1296804041318715392
1296803828482924553
1296803547573637120
1296803420662243330
1296803374298406913
1296803327699689473
1296803253196210177
1296803206391947264
1296803157369118726
1296803000665747456
1296802563489054721
1296802485185609736
1296802476755214338
1296802463048245248
1296802425945325569
1296802079894208519
1296802028061167624
1296802006388994049
1296801676087746560
1296801615882661889
1296801515047460865
1296801453504438272
1296801288957628417
1296801125950251008
1296801060531531776
1296800956567318528
1296800745568821249
1296800661858910210
1296800288322359299
1296799873237422080
1296799523084185600
1296799131084742657
1296799050201612288
1296798807380955136
1296798635842252801
1296798360968536067
1296798134132248576
1296798130244063232
1296797865998680068
1296797799456145410
1296797546539556864
1296797509696647169
1296797481020383234
1296797246936289281
1296796865690841090
1296796664666165249
1296796350932295682
1296796337904799747
1296795427896012800
1296794656030593026
1296794280112066561
1296794084724609027
1296793852825788424
1296793783477166081
1296793346271322112
1296793188489932801
1296793004649230342
1296792920876490752
1296792483016441856
1296792290250432513
1296792123606540289
1296792089804468224
1296792076034748420
1296791967704244229
1296791924116992004
1296791580704219138
1296791477209767938
1296791285798404097
1296791275086254080
1296791212184174599
1296790874408587264
1296790846172536832
1296790818141995009
1296790807840784385
1296790630790766592
1296790602252779521
1296790419213373440
1296790358395891712
1296790335960616960
1296790304025083905
1296790292612419584
1296789949224833025
1296789934410543104
1296789496466415617
1296789454141652993
1296789225766092800
1296789033335566336
1296788846005362688
1296788548469903360
1296788494187208705
1296788364805279744
1296788261185126403
1296788250019934209
1296788166104551425
1296788098509135872
1296788046537531393
1296787925993246720
1296787919181676544
1296787824943955969
1296786819619717123
1296786726426480645
1296786640833216513
1296786353041158144
1296786203124039682
1296786124447391744
1296786063118290945
1296786005463367682
1296785824370044930
1296785382781022211
1296785354725498880
1296784870925045768
1296784853099261952
1296784797000294400
1296784607606640641
1296784455496093697
1296784380392767489
1296784006013427712
1296783965865545728
1296783848773226496
1296783845316890624
1296783834046959617
1296783669798096899
1296783471667548160
1296782498358231042
1296782457937825797
1296782229063049216
1296781848761241601
1296780552234770433
1296780499264966659
1296780399130161154
1296780379739824130
1296780028974374913
1296779840813768707
1296779781644660738
1296779511145562120
1296778999641903104
1296778831873871878
1296778730300481536
1296778516021772289
1296778422203691010
1296778418315563009
1296778069403934727
1296777820186828800
1296777174511312907
1296777000179425284
1296776952938995713
1296776934760894464
1296776868008464385
1296775942724112384
1296775911526866944
1296775685726494720
1296774608910196741
1296774595941470208
1296774524076269568
1296774293196595200
1296774127420936193
1296773828022943745
1296773796532088832
1296773200978874372
1296773129625362432
1296772832110682112
1296772689009532929
1296772424139186177
1296770990211567616
1296770739513761795
1296770597620514816
1296770550480752643
1296770201757929474
1296770047239524353
1296769914221613057
1296769846710087680
1296768564397928453
1296767563049902080
1296767450533560320
1296767384737415168
1296766923624058880
1296766140790845441
1296765979406618627
1296765564426137603
1296765190839709696
1296765051374895104
1296764396073414656
1296764316377473024
1296764192716992512
1296763706722979840
1296763530197307392
1296763310558392321
1296762986191708166
1296762821145841664
1296762574462226434
1296762553280770049
1296762520460496896
1296762474490933248
1296762396556570624
1296762070617272320
1296761863586291712
1296761786897588225
1296761406163804160
1296760866944118785
1296760784899338240
1296760385949687808
1296760107783651328
1296760047725314048
1296759474120687619
1296759408635060225
1296759295107891200
1296758994422378497
1296758865502011393
1296758719032762368
1296758616394014720
1296758538291875841
1296757768045711361
1296757295641133057
1296757225894158337
1296757197003784197
1296756295127764994
1296756277062893574
1296756065300877320
1296755413958844416
1296755391670505474
1296755286225465346
1296755239366819840
1296754803209461764
1296754777855066113
1296754444189626368
1296753030860136453
1296752930939383809
1296752912614543360
1296752840036229120
1296752447856111616
1296752301957357569
1296752066350571520
1296752007483727872
1296750722042798080
1296750489015640064
1296750379288293377
1296749577018761216
1296748977447206914
1296748552433987584
1296748370283900928
1296747685857435650
1296746754990383104
1296746703362523136
1296746652791906304
1296746178596438016
1296745858311114753
1296745850673270784
1296744951850700800
1296744671134195713
1296744419253723136
1296744250697121792
1296741015001300992
1296740655893487618
1296739984830078977
1296739023059394560
1296738777097003008
1296737779699732480
1296737343571820544
1296736736681299969
1296735658766213120
1296735400627707907
1296735057009209344
1296734792344633344
1296734467847946243
1296734024623427584
1296731229845426182
1296730460366807041
1296728906184003584
1296728440469516288
1296728340628410368
1296727379352592386
1296727299639959556
1296726658238513152
1296726526730412032
1296726086945067010
1296726006414204929
1296725928232591360
1296725608907644928
1296724480719454208
1296723912282103808
1296723339818360833
1296723058065956869
1296721770003693568
1296721724889866245
1296720778545836032
1296720465466019840
1296719929526362112
1296718657817473029
1296718492582866947
1296717883582615555
1296717455931277312
1296717305079123968
1296716727565287424
1296716276484714497
1296716215264542720
1296715950599938048
1296714567947608064
1296713875967094786
1296711871739961344
1296711734107860992
1296711178383761408
1296710781019385856
1296710123436609537
1296709818154008577
1296708682592530432
1296707324413976576
1296706724775309313
1296706617698910208
1296706450652266504
1296705722579738624
1296705505604378624
1296705250233946115
1296705187034198016
1296704973229744128
1296704916799594501
1296704795256840192
1296703747528069123
1296703627239645185
1296703311236784128
1296703137852555264
1296701761806372864
1296701503693115393
1296701411023917056
1296700511505100802
1296700419578757120
1296700218671427584
1296700093941211138
1296699649437257728
1296699016391143424
1296698956936773632
1296698668054011906
1296698619740008449
1296698429528248321
1296698035104292865
1296697637060534272
1296697007222841344
1296696307814477824
1296695493385261056
1296695225751154689
1296694525377875969
1296694231440924677
1296694093364551680
1296693924891852800
1296693728678223878
1296692436173873153
1296691567822962688
1296691058424905728
1296690448077959168
1296688151470067712
1296688055814766592
1296687831234961408
1296687620840460289
1296685964471853058
1296685776407875584
1296685631553384449
1296684842579501057
1296684415851139072
1296684205217390592
1296683892926226433
1296683689271791617
1296683687233363968
1296683611144495104
1296683169161388033
1296682718739214337
1296682596634488832
1296682273698267141
1296682148984840192
1296681897456672768
1296681791152173056
1296681735724371969
1296681334660665344
1296681150832947200
1296681133447368704
1296680330242306049
1296679777500188673
1296679276033585153
1296679153698250753
1296678724541263873
1296678684913332224
1296678381405106177
1296678085908144128
1296677608998842370
1296676415245389824
1296676413471432704
1296676131756802049
1296675309945868288
1296674997189201920
1296674702069383168
1296674543151521792
1296674362326753283
1296674210606129154
1296673255969914882
1296673178014625794
1296673175254847488
1296673099908288513
1296672735532392448
1296672640799846400
1296672425724334091
1296672287408549889
1296672265145212928
1296672264960774145
1296672011675152384
1296671742828711942
1296671407095664640
1296671319887683584
1296671172294311936
1296671109090365440
1296671029302108160
1296670518041600000
1296670444096020480
1296670140852056065
1296670124737536000
1296670039987367938
1296669951030439937
1296669890460360707
1296669701716807680
1296669444903768070
1296669242004299779
1296669094754660353
1296669038429560832
1296669023724277762
1296668939569836033
1296668835261689857
1296668825904205825
1296668605640212481
1296668332440129537
1296668246557569024
1296667776829005824
1296667543164391425
1296667421193904128
1296667123905781766
1296666765024518146
1296666609168330752
1296666303927910400
1296666188148334592
1296666174122491904
1296665933621035009
1296665756390875136
1296665574894743564
1296665358397345793
1296665336171855872
1296665138704134144
1296665082940792832
1296664885376548869
1296663848750063616
1296663593790910469
1296663379197779974
1296663300256694274
1296663185412378624
1296662697883455489
1296662556904263680
1296661964417048581
1296661833839853568
1296661816458780672
1296661619494334466
1296661583804788736
1296661537436958720
1296661347736752128
1296661306901172225
1296661069444849665
1296660403758473217
1296660365183418368
1296660135939457024
1296660056184938503
1296659539702493185
1296659390531960832
1296659299687596032
1296659137233911808
1296659089502568449
1296658825433374720
1296657871405555712
1296657643331899393
1296657126866030597
1296657016090501120
1296657003733975040
1296656940483977216
1296656710908747776
1296656481274572800
1296656412328656897
1296656371811856384
1296656340849504256
1296656109726359553
1296655948946128898
1296655486297743363
1296654964216012806
1296653507777277953
1296653442979704832
1296653392098410496
1296652449495752705
1296652361205768203
1296651868656082944
1296651863878590464
1296651537662369794
1296650518316683268
1296650445109301250
1296650299608838149
1296649942048673792
1296649814742974465
1296649009269022720
1296648770847997953
1296648089122541569
1296648028057739264
1296648009070137344
1296647986529918976
1296647595914387458
1296647322386886656
1296647143097278464
1296646839391776771
1296646834358755329
1296646688699023361
1296646665332568066
1296646500274057218
1296646299048185858
1296646214218375174
1296646090159280131
1296645988648734722
1296645521369640960
1296645290368405505
1296644325393104898
1296644194803617792
1296644135236050944
1296643819337900032
1296643704158134272
1296643340486635520
1296642800008802307
1296642695755116549
1296642513961459714
1296642375201120261
1296642063539159040
1296641680976863232
1296641651709018113
1296641464567382016
1296641314663149569
1296640667725135874
1296640521927118849
1296640417249628161
1296639699822338052
1296639515633651712
1296639489310416900
1296639372733882371
1296639345521238016
1296639279767011333
1296638968293883904
1296638869937500161
1296638720162975744
1296638435835498502
1296638315270221824
1296638054363471873
1296637840181334016
1296637826398916614
1296637719465033728
1296637425280864257
1296637208905097216
1296637175379853313
1296636681085476866
1296635912437338112
1296634981759025153
1296634924603265025
1296634896132108290
1296634773817810945
1296634716024639489
1296634547300372486
1296634492812177410
1296634463397584901
1296634075197968387
1296633474531708928
1296633304251133952
1296633264053125126
1296633052320473088
1296632796442656768
1296632600623292416
1296632275019468801
1296632198196539392
1296631785191804929
1296631633358000128
1296631580681805825
1296631479536177154
1296631365836984320
1296631280549814272
1296631270206836737
1296631030749659138
1296630978526420997
1296630939024609281
1296630716671971329
1296630694236622849
1296630053376327680
1296629922983796738
1296629562030411776
1296629474553888769
1296629241933639682
1296629053412311040
1296628463282069504
1296628421485830144
1296628335158726660
1296628238589009921
1296628157680947201
1296627953330159616
1296627285840273408
1296627282967052288
1296627078029127682
1296626673933156352
1296626526130253824
1296626523169062912
1296626271439532033
1296626066124091394
1296626009350037506
1296625649919156224
1296625184049377287
1296624858768519169
1296624516634800129
1296624179102593025
1296623951133773826
1296623827989016577
1296623780664573954
1296623766965952512
1296623667921616897
1296623624267485184
1296623522685390848
1296623073274322944
1296622787365232640
1296622668096122880
1296622518032375808
1296622110387798019
1296622066481811456
1296621978544041984
1296621689963450370
1296621520194809856
1296621105772400641
1296620942165266432
1296620748174266369
1296620405327880193
1296620381646643200
1296619439463387136
1296619399147741185
1296619259213361152
1296619249771991040
1296619154032734208
1296618361397424129
1296618182514364417
1296617439699111937
1296617350318428162
1296617053852401665
1296616986558918656
1296616668664410114
1296616439550418944
1296616145814986752
1296615520754700291
1296614828048441344
1296614747153076227
1296614400598650881
1296614061178748930
1296613975350636544
1296613712745230336
1296613629064863744
1296613559460417536
1296613413364342786
1296613340282847237
1296613338592546817
1296612981430616065
1296612734163996672
1296612396769980416
1296612376750497792
1296612176346652672
1296612099637096448
1296611994083028992
1296611838533099522
1296611229230866432
1296611185744322561
1296611141070860289
1296611023227518978
1296610992177250304
1296610791504912386
1296610728229646337
1296610656091869189
1296610472842670081
1296610224162385922
1296609878539149319
1296609860960702464
1296609387188912128
1296608535720136707
1296608485749198851
1296608478845448199
1296608244014751744
1296608059092074508
1296607904343011328
1296607788374917122
1296607657827033088
1296607650554228737
1296607521919193088
1296607519591235587
1296607379975475203
1296606920770453504
1296606606134829059
1296606544147218432
1296606361564917765
1296606293965385730
1296606158489255937
1296606002876305408
1296605779542319104
1296605777663328256
1296605748076711941
1296605710013411328
1296605687406120963
1296605545613398019
1296605496372338692
1296605175591952389
1296604813229199363
1296604702398795776
1296604061043752963
1296603740250800129
1296603709569470464
1296603686899081216
1296603316101750790
1296602999037386752
1296602679045578752
1296602606240804866
1296602595990085633
1296602345187315712
1296601996124979201
1296600652039114753
1296600251709571073
1296600221632397313
1296599411477209088
1296599335032037385
1296598840326459393
1296598597354610690
1296598567856021505
1296598240591216641
1296598192512012289
1296597928178573312
1296597900433281025
1296597889783869441
1296597806828990466
1296597743478231042
1296597734192013312
1296597610136891392
1296597598296473600
1296597570836463616
1296597258062848000
1296596902797025280
1296596685083287553
1296596576970973185
1296596505667788800
1296596382464106497
1296596296623632386
1296596124694908928
1296596101739536385
1296595818456264705
1296595617158844416
1296595249838477312
1296595081793699841
1296595011212115969
1296594917330952192
1296594706021912577
1296594523498446848
1296594494675189760
1296594354161803264
1296594005212499970
1296593964737400834
1296593717097140224
1296593636495364096
1296593610197086208
1296593271167299592
1296592952010006529
1296592911899987969
1296592796313432064
1296592776365309953
1296592715703111682
1296592296750784514
1296591880814297091
1296591824375750656
1296591624429080576
1296591564681117696
1296591523333775360
1296591457441153029
1296591451153989632
1296590995891445760
1296590771806773250
1296590752307347456
1296590432332177409
1296590264304271363
1296589809251766274
1296589692243193858
1296589648467316743
1296589626338156546
1296589529290289152
1296589502174175232
1296589478262378496
1296589439074959361
1296589322154541057
1296589081841827840
1296589005446942720
1296588800169316354
1296588146797187073
1296588026156429312
1296587988336508934
1296587814184931328
1296587468167405573
1296587241360433152
1296587072367665154
1296586833036533761
1296586808856399873
1296586792901193728
1296586557025972225
1296586431977070593
1296585608190623744
1296585554553954305
1296585494042574848
1296585353877499905
1296585196695769088
1296584672898670598
1296584144932175872
1296584008722272257
1296584004347604993
1296583790240948224
1296583767663038465
1296583724855971844
1296583571512098816
1296583433133543424
1296583148109799427
1296582920149151744
1296582674262265856
1296582668914757632
1296582607359094785
1296582512718704640
1296582474055790598
1296582301724352512
1296582145155256320
1296582139773890560
1296582051995561987
1296581970378407936
1296581923431763969
1296581755223318530
1296581675170893827
1296581546275635201
1296581291245264898
1296581205547192320
1296581067500126208
1296580909395828736
1296580614083182592
1296580432927105030
1296579933410660354
1296579891652169728
1296579455490633731
1296578994918305792
1296578710527778816
1296578487457726466
1296578446378729472
1296578303436955648
1296577848191463426
1296577494598987777
1296577432091275269
1296577224406110211
1296576373297950720
1296576227613040640
1296575476584968192
1296575405932019712
1296575375418568704
1296575235362304006
1296575193138241537
1296575180806864896
1296575168412700673
1296575078713511937
1296574997553717248
1296574985272799233
1296574913919279105
1296574693651120129
1296574656825171971
1296574559186046978
1296574423793893376
1296574390763753473
1296574290574192640
1296574285784535049
1296574101205786625
1296573935685951490
1296573686753959939
1296573634929217541
1296573520135299073
1296572988314222593
1296572851068297227
1296572790825517058
1296572537686523904
1296572413887512579
1296572017169199105
1296572015105708034
1296571986034991115
1296571859517939712
1296571768413597697
1296571451806552071
1296571282906132481
1296571214178201609
1296570837026430978
1296570645615173634
1296570622147989504
1296570215770329088
1296570083687489536
1296570041614434304
1296569827516133377
1296569623282962439
1296568924864040960
1296568617119682565
1296568559385092097
1296568542821851143
1296568503432916993
1296568479819104261
1296568327935008769
1296568093691514880
1296567947574554624
1296567837193113602
1296567739163848704
1296567677901774851
1296567535588999169
1296567528236384257
1296567462910144512
1296567010852208642
1296566976001773568
1296566918577496099
1296566808401633281
1296566707176321026
1296566317227683843
1296566240320860160
1296565835520184320
1296565775935864837
1296565721619738625
1296565579139227650
1296565523631820800
1296565093451300868
1296565022899019777
1296564917697470465
1296564832028766208
1296564813632622593
1296564675648393216
1296564651623415809
1296564425030340613
1296564221128433669
1296564140409008128
1296564129692516352
1296564071643447297
1296563943058673664
1296563890684403715
1296563706214715394
1296563542104182784
1296563436579586050
1296563386977644546
1296563379679764486
1296563256161521664
1296563215724355587
1296563199626510336
1296563173928177665
1296563126859636737
1296563114264145920
1296563108824125442
1296563104244015106
1296562877898403841
1296562531679571968
1296562506006253569
1296562362837737472
1296562268587454464
1296562046545387520
1296561962072133644
1296561672157528066
1296561612946628608
1296561481966743558
1296561231755653120
1296560759447617536
1296560715839438848
1296560643139604485
1296560479674957824
1296560426927321090
1296560216914432000
1296560040741134336
1296559943340834816
1296559860696350722
1296559800889745408
1296559120561123333
1296559060792168448
1296558960410087424
1296558805002715137
1296558657337925633
1296558536076349440
1296558079958450176
1296558042620755976
1296558015152300035
1296557951264731138
1296557770733486085
1296557641309855752
1296557146620874752
1296556968509952000
1296556670953414657
1296556537448665094
1296556204358021120
1296555982164811776
1296555906692526080
1296555828137385984
1296555792099876867
1296555206201630720
1296554492410900482
1296554477525311488
1296554244863078404
1296554107969265664
1296554062331117568
1296553961214926856
1296553898740576261
1296553895171416071
1296553781304451072
1296553759359864834
1296553726812065793
1296553383273222144
1296552915365134336
1296552659973857282
