1285679450907172864
1285679335463161857
1285673672297058304
1285671558149804033
1285671153609170955
1285668209228734464
1285667902608285699
1285667758357852161
1285663305558786050
1285660462466695170
1285660304001634309
1285657792242753536
1285657188095143937
1285656545511047171
1285654716492460034
1285652962103222274
1285651337913536513
1285648864461152257
1285646995521179650
1285645273096769537
1285644608748298245
1285644150763913218
1285643164460736513
1285637638452641792
1285637042265882625
1285635184554135553
1285633667537293313
1285633109212397568
1285629464836222979
1285627712221130752
1285627418112335872
1285626176518664193
1285621920873033729
1285621546908778496
1285618542713491464
1285618119092961281
1285616300287565830
1285615994631852034
1285614957623742464
1285614074651447297
1285613477562916864
1285611809773363201
1285609606887219200
1285609593356378112
1285609034368856065
1285608053598035968
1285607927303241731
1285607506857922560
1285606886503526400
1285606167398559745
1285604783206928388
1285604286806798336
1285600601733238784
1285599772737507331
1285599677023428609
1285599100407341059
1285598620717387776
1285595846462115840
1285595756544569346
1285595543385890818
1285593857753661440
1285592184771813376
1285591340445835265
1285591030058881024
1285589465034108928
1285588884664070149
1285587996281049092
1285586473933299712
1285585543758217226
1285584516472430592
1285584118378639360
1285583615372427264
1285583232558346241
1285582751182262272
1285582404329979906
1285581902892740614
1285579558213869568
1285579465859436544
1285574497098063872
1285570855012007943
1285570160187736066
1285569580862144512
1285568132858490882
1285567784777203712
1285564901700689920
1285564720221769730
1285564258516971520
1285560192059551744
1285559861325869056
1285557823817080832
1285554447536525319
1285554079058583553
1285550477330001921
1285549032610430979
1285547606463131648
1285546600459362304
1285545265533943810
1285542904228974592
1285541342475689985
1285524753609117696
1285523790311706624
1285520810350981125
1285511589232246785
1285508325614870528
1285502199506759681
1285499400203014151
1285496785754939392
1285493797938438144
1285491797955719168
1285485641615077378
1285483727544561665
1285483110684073990
1285482338118283264
1285481334299750400
1285479326801068037
1285478904199876609
1285476640273752066
1285474191865716737
1285472791433752584
1285472769606590464
1285468576506421248
1285464664659365888
1285464081269432320
1285463380749361152
1285462824920051712
1285462589774991365
1285460650131693569
1285459957744369666
1285459567208312832
1285456601042677762
1285454079087394816
1285449829972230144
1285448622214189056
1285445400174882816
1285441584792625152
1285441175592284160
1285441015017611264
1285440903784484864
1285438566789599232
1285437538728128513
1285435121030402048
1285433962173796353
1285428574128869377
1285424470262505472
1285412678996045825
1285411634081443840
1285410843501432835
1285409459980861443
1285407990611238912
1285406001823387650
1285400328314249216
1285400138115158016
1285397331794259970
1285392092995268608
1285391296736006144
1285383639514005504
1285381037816573952
1285380294149718016
1285379460649250817
1285378778307289088
1285372588324249600
1285372479570051072
1285371854950203393
1285371694144724993
1285370056550035457
1285366919080673280
1285366146737139712
1285366012423086081
1285363389653487616
1285361862826242048
1285354848750194691
1285354555438440450
1285353455817682944
1285349998322954242
1285348288191840256
1285348079366025216
1285347037551251457
1285345825208463360
1285343912845086723
1285339602350411780
1285338594849067010
1285332420963835907
1285332308921389056
1285332177396174849
1285331115172139008
1285328109038796800
1285323615538479105
1285561448203247618
