1296552342351835136
1296552062227013641
1296552044203872256
1296551782974476289
1296551729719398406
1296551036098813953
1296551010668748802
1296550906897616896
1296550783924809730
1296550689116688385
1296550597672333312
1296550457133993987
1296550107752673281
1296549869008703488
1296549810049372162
1296549762662113290
1296549664884482048
1296549558818922499
1296549389373145089
1296549170069803008
1296549110905012225
1296548842972655616
1296548752719785984
1296548693408206849
1296548676479983621
1296548329791389696
1296548321130090502
1296548234257526784
1296548179442167808
1296547295413129216
1296547126437015554
1296546514173476864
1296546486520631297
1296546484616339456
1296546439070224385
1296546418098921472
1296546312981286927
1296546205934198784
1296546034449936384
1296545995166289923
1296545976963006465
1296545959292342272
1296545913855307777
1296545752370614274
1296545603082584066
1296545540201746441
1296545132683169804
1296544969642184709
1296544596990857221
1296544568620601345
1296544531572297731
1296544389980999688
1296544387523018759
1296543980637708289
1296543868385726491
1296543715088007168
1296543617104973839
1296543503208546306
1296543458358951936
1296543435252535312
1296543386564882432
1296543302548783104
1296543006011658249
1296542686497841158
1296542643711811584
1296542442187968512
1296542347157803019
1296541977287118850
1296541746520825857
1296541415187587073
1296541403204292608
1296541329518989317
1296540973980356610
1296540813330186241
1296540275490394115
1296540170829934593
1296540155227123713
1296539985374584832
1296539976251969536
1296539966151983109
1296539873248149504
1296539865262075905
1296539460046331904
1296539176746102790
1296539145226067968
1296539044831285248
1296538676588154895
1296538535974010880
1296538371225870337
1296538235771002880
1296538008620093442
1296537974134448134
1296537838872408065
1296537605769748480
1296537496399077376
1296537382997696518
1296537309094072321
1296537279964610560
1296537096329605122
1296537086359724034
1296536819740413952
1296536634134016005
1296536536989814785
1296535905818365955
1296535878756634624
1296535776201789446
1296535466616008706
1296535423892615168
1296535306662039552
1296534852586569729
1296534810861555712
1296534786207551490
1296534775189118977
1296534730234527746
1296534623233638400
1296534550487736320
1296534467142651905
1296534458796048389
1296533877255745538
1296533775044624385
1296533541430464513
1296533532622364673
1296533389835669505
1296533355203305472
1296533286047682560
1296532897994809344
1296532810497482752
1296532758861316099
1296532325510123521
1296532003106492417
1296531991613943808
1296531983409922048
1296531786441293826
1296531541405896704
1296531397386043394
1296531385310683138
1296531333078908928
1296531249281011713
1296531213151277062
1296531105508732929
1296531043948756992
1296530957256843266
1296530896724676609
1296530841850576897
1296530786527526912
1296530665341689858
1296530662040547328
1296530445417484289
1296530251594346496
1296530196162478080
1296530137471647745
1296530062431465472
1296530007951659009
1296529983029092355
1296529921154510848
1296529822806679554
1296529778607087621
1296529773154443270
1296529770705027073
1296529636189515778
1296529622444711943
1296529347214540804
1296529334774009856
1296529156222615553
1296529146819088385
1296529025121366023
1296529017055506433
1296528982851158023
1296528833567494146
1296528824038051840
1296528754655793158
1296528640109404161
1296528639417188352
1296528494357250050
1296528463801835521
1296528406159527938
1296528402976067585
1296528349414805505
1296528325092016129
1296528282129768449
1296528277516034052
1296528219924037637
1296528054618140672
1296528024805007362
1296527933960486912
1296527922879176704
1296527914356416514
1296527883599589382
1296527878960685056
1296527871331229696
1296527845339127812
1296527564077400070
1296527481642549249
1296527470989017096
1296527414051237888
1296527256458801152
1296527214985568256
1296527156890271747
1296527129342029824
1296527081212448768
1296527056109473792
1296527051936194561
1296526974140194817
1296526952967413762
1296526932566323202
1296526903197814786
1296526885799759872
1296526838202802177
1296526836055388163
1296526832196554753
1296526801531998209
1296526745579991042
1296526735106805762
1296526652676112386
1296526641296891905
1296526630060343296
1296526529032224768
1296526519121002496
1296526497956716544
1296526465597673475
1296526377361997824
1296526237087731713
1296526182033358854
1296526173871144960
1296526110843383810
1296526094384992256
1296526040433598467
1296526012323430400
1296525980987777026
1296525958728556550
1296525955050147841
1296525947592511488
1296525914193506305
1296525888549523456
1296525867217227776
1296525851639656450
1296525835621617664
1296525808681603079
1296525804931813377
1296525772660899845
1296525763110416384
1296525760421933058
1296525736065597440
1296525716482383873
1296525707535884294
1296525695104016387
1296525684748083200
1296525666121326598
1296525635964329984
1296525630339776515
1296525630062964738
1296525625302364163
1296525619946229761
1296525562362511363
1296525530196578309
1296525500588974084
1296525490044444674
1296525470150860801
1296525468649361408
1296525436223184896
1296525427914285056
1296525395118960644
1296525371035324426
1296525366429995010
1296525363410022402
1296525348012728322
1296525346863493123
1296525329142616064
1296525315414675458
1296525227753533441
1296525221428465664
1296525211454644225
1296525177342308355
1296525153724235781
1296525117049253888
1296525116080185344
1296525101417070592
1296525075508854787
1296525073155850240
1296525039068741632
1296525009775742978
1296524967413252096
1296524959410540545
1296524918214070273
1296524881220296713
1296524867852959746
1296524834571259910
1296524766539476992
1296524707643166725
1296524693244190720
1296524684633223168
1296524681579761665
1296524669596639233
1296524666174091266
1296524636914671616
1296524605876772866
1296524587165822976
1296524583424741376
1296524576290156544
1296524576093089799
1296524524322729987
1296524511664275457
1296524483130531840
1296524480802689026
1296524401454850049
1296524369456443393
1296524359230783495
1296524251567202306
1296524231900049410
1296524200992296962
1296524188140765184
1296524158822690818
1296524122571321346
1296524117500461058
1296524083467825152
1296524072030011396
1296524055043072002
1296524030439301120
1296524012860956672
1296524001485955072
1296523953910034432
1296523922721124352
1296523919458029573
1296523910691860480
1296523884519403525
1296523838633779200
1296523837400547328
1296523815514759176
1296523799995789319
1296523767691313153
1296523747277639680
1296523723042889728
1296523698648866818
1296523631464415232
1296523586518351872
1296523477323780097
1296523461834285056
1296523436924317696
1296523429655515137
1296523382171881472
1296523365772144640
1296523330170781699
1296523268208250881
1296523267763843072
1296523242778382336
1296523145176899584
1296523130836529154
1296523065212514304
1296522987320102913
1296522965367107587
1296522896018415616
1296522705815195649
1296522595072974850
1296522426801676289
1296522423844601856
1296522361026486272
1296522329086885889
1296521940325130245
1296521862244073472
1296521791884546048
1296521472127770625
1296521447356215296
1296521206154158083
1296521075887497216
1296521000385904648
1296520990407692290
1296520595610275840
1296520429453156353
1296520375426260994
1296520356694560769
1296519574301446146
1296519456378757120
1296519449076330497
1296519398128263168
1296519147145367552
1296519054174359554
1296518887647911938
1296518418011525120
1296518113853284352
1296517967115624450
1296517738379304962
1296517695379255296
1296517144591495168
1296517137713049600
1296517019525738496
1296516863002902536
1296516550980182018
1296516535205466113
1296516498253479936
1296516401675431937
1296516178630725632
1296516100549566464
1296515776552239110
1296515589679321088
1296515537338540034
1296515376424124416
1296514904627634176
1296514810956386306
1296514759026671619
1296514752089268224
1296514686863605760
1296514560606830594
1296514402284437504
1296514283304493056
1296514281043898371
1296514070196228096
1296513702188011520
1296513674887065600
1296513618914279425
1296513363674005505
1296513333265342464
1296513308988768257
1296512849238528000
1296512816103542785
1296512480722575361
1296512193882513413
1296512158893629440
1296512066497503239
1296512040446689281
1296511956501889025
1296511837069082625
1296511817523408896
1296511754239750144
1296511620236161025
1296511207734640640
1296511153145864194
1296510953211781122
1296510950216892416
1296510810735251456
1296510587694993410
1296510501095120897
1296510082671349761
1296509953872715776
1296509628004671493
1296509528435982341
1296509321606385664
1296509065334599689
1296509047076790273
1296508850519105539
1296508831657349125
1296508696915304450
1296508631748419584
1296508099033882624
1296507946776633344
1296507492873179136
1296507423759400971
1296507307157643264
1296507158041890817
1296506840365187072
1296506601935982593
1296506461749743620
1296506291188142080
1296506099810611201
1296505589045100546
1296505519289651202
1296505459512311808
1296505371872419842
1296505338460594178
1296505333456789510
1296505282890170368
1296505019580260353
1296504909945352194
1296504856803512320
1296504469287350272
1296504277582483456
1296504245898874882
1296504222104485888
1296503852481622018
1296503519676162049
1296503348548509701
1296503330471018496
1296503218046775296
1296503177378848768
1296503087469940737
1296503080310247428
1296503047489691649
1296502641598574595
1296502504075800576
1296502247732531201
1296502169026396161
1296502153981431809
1296501873239785474
1296501811722047489
1296501737432416261
1296501151521701892
1296501128637554695
1296500830007427072
1296500588138631168
1296500483402526722
1296500476436000771
1296500194125721603
1296500055164121088
1296499933848141830
1296499862180069376
1296499607611101186
1296499492661862400
1296499274419707906
1296499262898016257
1296498958190116864
1296498739742482432
1296498275223252993
1296498094788554753
1296497791980707840
1296497696916701184
1296497457745068036
1296497451109679104
1296497356570071040
1296497260482658304
1296497204325122048
1296497147001614336
1296496941791150080
1296496925122932738
1296496908802961408
1296496802854629376
1296496453129580546
1296496248506257408
1296496154688081921
1296495869051785225
1296495484589178881
1296495395896426497
1296495343241232388
1296494966131306496
1296494934460170240
1296494907012657154
1296494777207316481
1296494769997316096
1296494189828546562
1296494170664767494
1296493924878553088
1296493849171304449
1296493809698832389
1296493742233456647
1296493595701022721
1296493421708881922
1296493324929568768
1296493224094322695
1296493203357683712
1296492996897255425
1296492872892592129
1296492780102066179
1296492459376156672
1296492186192814082
1296491896550969344
1296491844461789184
1296491626735587331
1296491625640853509
1296491476894048259
1296490913733267456
1296490829335482368
1296490687467266050
1296490563936702465
1296490330771030019
1296490285095104514
1296490011806883843
1296489870739812352
1296489852020695040
1296489831745363970
1296489819347058689
1296489801974251520
1296489697137631233
1296489224057872391
1296489196669079554
1296489063567036416
1296488505204506624
1296488217752084481
1296488119563427840
1296487963224940545
1296487485187530752
1296487424286171136
1296487300575174656
1296487230995922946
1296487216663990273
1296487196753625096
1296487172615426048
1296487044835926016
1296486853982531584
1296486409092595712
1296486269753622535
1296486262476615680
1296486001209114627
1296485972218085380
1296485965066833931
1296485661265076231
1296485473880289281
1296485402350686208
1296484916897734656
1296484706163318800
1296484643810746369
1296484235159711750
1296484229384110082
1296484187466272768
1296484094629621760
1296483765213188096
1296483733239930881
1296483346189623297
1296482861651054595
1296482337371369473
1296482285252993034
1296482273366290434
1296482037977808896
1296481874139844609
1296481476167507969
1296481254469242882
1296481162509144064
1296481053918531585
1296480757649739776
1296480572647317505
1296480551478734848
1296480371572342784
1296480366493077506
1296480338693234688
1296480202034487296
1296480023298412546
1296479907955060739
1296479852493709312
1296479646612172801
1296479605726105602
1296479584754507778
1296479548939403265
1296479404399513600
1296479192167657473
1296478594928128009
1296478222666936321
1296478206313324547
1296478120577585155
1296477662341476352
1296477658524667915
1296477552287059969
1296477368400384000
1296477229598343179
1296477207611813889
1296477073767374848
1296477037243387906
1296476726038585344
1296476710297272321
1296476451022295043
1296476289566748673
1296476154120097801
1296476080623292416
1296476076227678208
1296476068187197441
1296476047698022401
1296475944971112448
1296475847407415296
1296475579877793793
1296475193481859079
1296475117300649985
1296475088813002754
1296475026481438722
1296474954490421252
1296474596351315970
1296474500662546432
1296474482970853377
1296474441887748102
1296474326275969024
1296474278666346496
1296474171585822724
1296474146399039489
1296474086856626177
1296474030841704451
1296473659763286017
1296473582827114504
1296473375506944006
1296473314425286662
1296473225438932992
1296473190798110720
1296472815022022659
1296472810001518592
1296472657999859718
1296472518484688899
1296472425924898817
1296472144394760193
1296471765984698368
1296471754421022721
1296471347527331840
1296471318859259904
1296471278333960193
1296471109349650433
1296471025341870080
1296470892860628994
1296470621921124352
1296470411706761218
1296470409890738177
1296470366890729473
1296470334682607616
1296470332811943939
1296470114104160260
1296469925918375938
1296469638780510212
1296469586980806658
1296469360882733057
1296469264745078786
1296469179235815427
1296468922213048324
1296468813232439298
1296468521883504640
1296468373006684171
1296468051634860040
1296468003006152704
1296467942977265667
1296467237419843586
1296467189575319552
1296467002341634049
1296466920384987136
1296466816815038464
1296466756614184962
1296466688226004992
1296466683658407938
1296466446785171457
1296466225653002242
1296466180941787136
1296466084774674435
1296466079603134464
1296465562961358849
1296465441582456837
1296465406421544960
1296465330492112897
1296465310753665027
1296465305062051844
1296465255305031683
1296465112484794372
1296465107917176832
1296464993773387777
1296464872931295235
1296464817851715584
1296464728445849601
1296464281614127104
1296464174969753600
1296464087661137920
1296464010729213952
1296464006853677056
1296463907968688129
1296463875915821059
1296463617643220993
1296463448675684358
1296463193796218880
1296462837016141825
1296462737967583232
1296462463588802560
1296462231912222722
1296462112714362881
1296461934829731840
1296461357634793472
1296461080965906433
1296460812387745792
1296460506157461506
1296459922851463168
1296459114730655745
1296459100553977856
1296459097718558723
1296458738367373319
1296458720478715905
1296458453611880449
1296458386377248771
1296457762378063872
1296457707210276865
1296457372827877376
1296457328108216323
1296457295707201538
1296457273091522560
1296457222344650758
1296457201272397825
1296457141776261120
1296457063099498501
1296456978676490240
1296456572361682952
1296456279267987456
1296456031124566021
1296456009716817922
1296455920181026828
1296455508568748032
1296455205089882115
1296455203240251393
1296455013921955845
1296454962650787840
1296454818622562310
1296454771411496960
1296454542234734592
1296454221789831168
1296454188294184961
1296453897733787649
1296453623472443392
1296453363387834370
1296453173549436929
1296453073766940674
1296453005546487812
1296452810800803841
1296452741066297344
1296452681834397698
1296452502402076675
1296452347053432832
1296452306599399426
1296452195311812609
1296451749721579520
1296451291980365825
1296451207595270146
1296451023012274180
1296450889293737986
1296450727787876355
1296450373788499968
1296450239474401281
1296450217559109633
1296449834338131969
1296449822510153728
1296449722203410433
1296449369005268994
1296449311413280770
1296449105460375553
1296449062577872896
1296448753369591815
1296448631856398338
1296448601443508228
1296447951804542980
1296447812960477184
1296447655170670599
1296447575416086533
1296447390816382976
1296446897700429824
1296446880570847233
1296446330911457280
1296446136727863305
1296446037780058112
1296445991546236929
1296445806648725507
1296445656563843075
1296445547298127872
1296445260340625408
1296444581949644800
1296444565835198466
1296444409718898689
1296444108744151040
1296443453103112192
1296442480238440451
1296442229943410689
1296442180328923136
1296441968399192067
1296441882055237633
1296441675389206528
1296441651007827971
1296441553217626113
1296441526772469762
1296441364188672001
1296441329447247872
1296441318122631169
1296440926722822155
1296440725593366531
1296440708614717440
1296440687509090304
1296440683046342657
1296440622283464704
1296440420604563456
1296440283123654656
1296440132841754627
1296440024477716485
1296439776296546304
1296439407088742403
1296439395705389056
1296439162317484036
1296439115353915393
1296438882108661760
1296438668308209665
1296437878894075906
1296437352940937217
1296437315603238912
1296437295978086402
1296437210561032195
1296436783488610305
1296436597374832641
1296436339114741761
1296436180414857216
1296436063771164673
1296435887748849664
1296435785902821380
1296435780697706496
1296435604021010433
1296435599554031616
1296435508747350016
1296435168962662409
1296435127619334146
1296435077409312772
1296434860077256704
1296434814313275395
1296434425929109506
1296434244152102913
1296433839292768256
1296433616931696642
1296433323338878979
1296433309984096256
1296433209270566913
1296433008745086977
1296432815777763328
1296432473010843649
1296431970491207681
1296431939994386433
1296431642551234561
1296431595684016128
1296431283057430529
1296431282478559232
1296431221669584900
1296430614170734596
1296430300424175618
1296430185806528516
1296430149576130565
1296429945229541376
1296429648470052864
1296429603213520896
1296429549635461122
1296429545898291201
1296429439862157312
1296429374196129792
1296429261428068355
1296428644164947969
1296428152001122304
1296428024162856962
1296427989736009729
1296427976188407815
1296427939525992448
1296427930667687945
1296427660642529280
1296427317561040896
1296427283171946496
1296427092729569282
1296427031081746435
1296426959782674432
1296426905286201350
1296426900798177280
1296426788684521478
1296426697701691393
1296426679997431808
1296426578293989381
1296426158431571970
1296426107919572997
1296426024050327552
1296425994350460929
1296425825940705283
1296425412596322304
1296425147184885760
1296425023356493825
1296425010001776641
1296424813595156480
1296424769185878016
1296424534367666178
1296424427547131910
1296424346248974337
1296424295598612481
1296424009421258753
1296423954337411072
1296423825308037120
1296423481651924995
1296423455567622146
1296423428061302785
1296423333324558336
1296422432543322112
1296422396531036165
1296421971010387970
1296421709386600448
1296421606005276672
1296421581686702085
1296421343534120961
1296421303277236232
1296421246331125760
1296421004013637632
1296420959826706432
1296420910598160385
1296420876234248193
1296420620029370368
1296420605860941824
1296419858494750722
1296419816446754824
1296419688021360642
1296419508379410434
1296419433431339010
1296419275780096008
1296418745381015554
1296418745347383296
1296418410411241473
1296418379574779904
1296418218949648384
1296418135311032321
1296417869664747521
1296417826299936769
1296417790472183810
1296417401777594372
1296417363177418758
1296417321687420928
1296417221758136320
1296416695788212227
1296416619380518914
1296416585700311040
1296416491856961536
1296416159085010945
1296415885159272454
1296415231342792705
1296415183867453441
1296414808947011585
1296414648531648512
1296414532290719746
1296414429253443587
1296414236302770176
1296413654028623872
1296413407546159104
1296413126808801281
1296412760335581185
1296412711824363527
1296412470278578181
1296412376334512129
1296412064920080385
1296411902579531777
1296411466275475457
1296411363489849345
1296411278139891712
1296411044148125703
1296410351358169093
1296410007135825920
1296409727249915906
1296409635969171456
1296409621956091905
1296409513646587910
1296409384797577218
1296409354716024834
1296409255264878594
1296409090990710787
1296408226465042434
1296408170517209088
1296408078280200193
1296407716857024514
1296407706199261187
1296407162953109510
1296407080128122880
1296406980773515264
1296406770357866499
1296406373773774849
1296406303049502720
1296406284208615425
1296405978091487232
1296405651137212416
1296405602600706052
1296404965263638529
1296404935916105730
1296404907021475840
1296404870149410817
1296404844861886464
1296404775119007745
1296404603949527041
1296404514086543362
1296404173001560065
1296404009335562243
1296403763171926018
1296403275097542660
1296403202645143553
1296402831851900930
1296402559465291776
1296402012435881985
1296401474801602561
1296401472108847105
1296401308979793920
1296401192805978113
1296401162405654528
1296399714947039234
1296399585129234433
1296399364483616769
1296399334662197250
1296398689548869635
1296398029948321795
1296397679946272769
1296397312827285506
1296397270095663105
1296396224023728128
1296396059648892928
1296394662106865667
1296394387522560001
1296393182700347392
1296392907046498304
1296392905008046080
1296392081322250240
1296390575017451521
1296390049186054144
1296389387127857152
1296388883719094272
1296388629699452930
1296387717434146816
1296387357760008194
1296386635660251137
1296385734111309826
1296385730500067328
1296385523515359232
1296385031049486337
1296384796256501760
1296384155530346496
1296383340426084357
1296382871423168512
1296382528723595267
1296382420707573760
1296381930242560002
1296381893487628288
1296380819288788992
1296378681741508613
1296378611973357569
1296378311258464257
1296378205176311808
1296377953757143045
1296377569080639489
1296377369146667010
1296377315795099648
1296376798004027394
1296375933532864512
1296374644795154432
1296373515436691456
1296373098548273152
1296371647579029505
1296371646672957440
1296370303904473089
1296368956131799040
1296368500836044800
1296368347265867776
1296368214994309120
1296368052565671936
1296367796016881664
1296367511047475200
1296367331191422978
1296366480846708737
1296366284909748226
1296366187132018692
1296366162851241984
1296365831463419904
1296365769731833857
1296364933995794435
1296364894955151361
1296363472666722304
1296362370760048641
1296362132246798336
1296361378651889665
1296360710386208768
1296360210794192896
1296359843830337536
1296359457476280321
1296355095853125640
1296354934846365697
1296352979356811264
1296352923392196608
1296352718294925312
1296352691497521153
1296352474278830080
1296351985374027778
1296351851042963456
1296351658507554816
1296351641038401536
1296350714076303361
1296350623064117248
1296350001786839040
1296349814402121728
1296348984240418818
1296348806829596672
1296348087250608130
1296348054388387842
1296347799013879808
1296347648694161408
1296347449825665025
1296347238160125953
1296347131897208832
1296346724617732096
1296345989725540352
1296345956628103168
1296345863590207488
1296345153842622465
1296344734424678400
1296344278122332160
1296343530307072000
1296343376955154433
1296343209765986304
1296343097463443456
1296342670269243393
1296342588333543424
1296342355612536832
1296342318073524225
1296342231285215232
1296342084916518912
1296341726584438785
1296341448439332864
1296341387584004096
1296341091042693120
1296340449402081281
1296339691969474561
1296339554249711617
1296339150099156992
1296337542334291968
1296337294400659457
1296337042901618689
1296337031346315266
1296336703217709056
1296336425470885889
1296336386187046912
1296336319338225664
1296335647104356352
1296335500228190209
1296335227409911808
1296335216408059905
1296334957099585536
1296334497764368385
1296334462532366338
1296332853177995264
1296332691554496514
1296332330974371841
1296332330852691969
1296332109381079040
1296332102288338946
1296332022219042817
1296331750298095622
1296331545238806534
1296331097077358597
1296330969146953728
1296330119678697472
1296329762600898565
1296329651724353536
1296329393309024257
1296329386824814593
1296329190221000704
1296329121132351488
1296328817003204608
1296328494507413506
1296328489537134592
1296328358746349568
1296328326668341248
1296327655998894080
1296327507147403265
1296327501967437827
1296326429437829130
1296326352363167744
1296326148398313472
1296325893183295489
1296325867275264000
1296325639012790272
1296325387283202050
1296324709227716609
1296324272923668480
1296323658378403841
1296323601021284353
1296323250759368705
1296322919967215616
1296322813096124416
1296322477103157248
1296321990601703426
1296321786615824385
1296321680105644032
1296320616958578688
1296320397185560583
1296320245284528128
1296319589744353282
1296319557817204738
1296319442830295040
1296317587694014467
1296317079373533184
1296316768407785478
1296316086003146752
1296315760663498754
1296315719320133633
1296315664764993537
1296315501107437570
1296314876696997888
1296314862629527553
1296314716114030592
1296314328988045312
1296314219374219264
1296314049131675659
1296313653864665089
1296313148077531136
1296312705649909760
1296312418625183749
1296312182121144320
1296311422943735809
1296311051651145728
1296310796318801920
1296310766354784261
1296310296718512128
1296309489969266688
1296308732683522048
1296308569692876800
1296308428365803520
1296308198144540672
1296307776369688577
1296307455526281217
1296307218753740800
1296307190215716864
1296307161014972416
1296307025207537664
1296305850290597888
1296305371859111941
1296305341215342592
1296304426660106242
1296304383194550273
1296304284615806983
1296304232778174464
1296304105263161347
1296304084937592833
1296303952577703937
1296303875889287168
1296303788580638720
1296303675388964865
1296303491502288901
1296303454227324929
1296303256818376704
1296303197607170051
1296302426086166528
1296301873532526592
1296301634352484352
1296301435982737409
1296300682950082562
1296300371007213568
1296300137292103680
1296300091284705280
1296300065678491648
1296299835742715904
1296299779207639043
1296299659326115840
1296299608830812161
1296299504908423174
1296299463615688709
1296299307642097664
1296299298892570625
1296299290395058181
1296299261030670336
1296299037944156160
1296298991173459968
1296298664076414977
1296298634787479552
1296298235477319694
1296298201889140736
1296297936482111489
1296297922443612160
1296297817393307654
1296297504204623873
1296297494083641344
1296297397648318465
1296296666954452992
1296296213239574528
1296296191022563334
1296295587160129538
1296295558882177026
1296295526368006144
1296294984728051713
1296294969590681610
1296294886275252225
1296294521022496768
1296294217115869184
1296294193426571272
1296294184479932420
1296294163483303937
1296293793306566657
1296293695017439235
1296293251532677120
1296293190765436928
1296293121203023873
1296292971051008005
1296292627634167808
1296292545526366208
1296292173047046144
1296291940988784641
1296291691914244096
1296291575010455553
1296291104757821440
1296290909374406657
1296290816772644866
1296289987651018757
1296289780259528705
1296289717290520577
1296289706364346369
1296289588806213634
1296289444614594561
1296288908871786496
1296288754114519040
1296288674879909897
1296288658358706176
1296288509918162944
1296288464061845504
1296288416674361345
1296288365847949314
1296288306049593346
1296288226823426050
1296288218967547905
1296288018488147968
1296287840750333955
1296287731786698752
1296287459169509377
1296287149755703296
1296286850416508930
1296286704819732480
1296286678701805570
1296286537848684544
1296286094502363136
1296286072658432000
1296286071177850881
1296286028471312387
1296285771922628608
1296285558851997696
1296285292647849986
1296284832356397062
1296284707932590080
1296284423701164032
1296284030992879617
1296283978333380608
1296283736959594498
1296283501055049728
1296283432037879809
1296282803747856384
1296282782591672320
1296282648927772672
1296282552727031809
1296282518359019522
1296282470329905153
1296282367401717760
1296282274099470336
1296282148136079360
1296281952350343168
1296281912034689026
1296281211787190272
1296280888955863044
1296280818378129409
1296280771007844352
1296280454442582016
1296280451565473795
1296280444221247488
1296280403117047812
1296280317028970496
1296280302600572930
1296280167267082241
1296280035905634304
1296279871400763392
1296279714315870208
1296279544966471682
1296279399646584835
1296279393770381314
1296279319120097280
1296278963732410368
1296278573448171524
1296278553265414144
1296278351670378503
1296278269906616321
1296277321456869376
1296277312418328578
1296277309121593344
1296277269552324608
1296277105056022528
1296276981533642752
1296276923266379777
1296276861362864131
1296276836394176512
1296276762721124360
1296276636707565570
1296276608488214529
1296276579748909056
1296276517706706946
1296276404238196736
1296276394956259331
1296276387561484289
1296276365445128194
1296276238504427520
1296276197567893505
1296276128550850561
1296276106538975233
1296275982123274242
1296275927127785472
1296275902398070784
1296275902356238338
1296275669094039552
1296275462470209540
1296275396867108864
1296275366068326402
1296275359026094080
1296275339463651330
1296275312741761024
1296275283914502145
1296275277908250625
1296275250624118784
1296275201609498624
1296275126640574465
1296275122395983872
1296275113910951936
1296275092369035265
1296274741351911424
1296274691963920389
1296274497528627201
1296274348928573442
1296274228094754817
1296273964550021122
1296273468703428609
1296273070890590209
1296272313030041601
1296272113960189954
1296271927397490690
1296271427130339329
1296271163505639429
1296270830859517952
1296270621349904384
1296270276951511040
1296270243527098369
1296270151726313473
1296270150899908608
1296269780979265536
1296269665644118016
1296269645654228993
1296269570626531329
1296269094686253062
1296268476764438528
1296268062023450626
1296268036899364865
1296267854904516609
1296267567259148289
1296267258780626945
1296267199880069122
1296266473787162625
1296266093317808128
1296265910815272960
1296265819597484032
1296265612331823105
1296265381250818058
1296265347339821057
1296265308332855297
1296264958582366210
1296264948222316544
1296264921366364160
1296264752444968961
1296264689576480768
1296264680416194562
1296264121390956546
1296263961923461120
1296263917056876547
1296263750341857281
1296263579151130625
1296263335361622021
1296263051285417984
1296262977512001542
1296262882343231488
1296262862986448896
1296262667057926144
1296262659998875654
1296262627715436550
1296262620710764545
1296262397242617856
1296262313025114114
1296262276874244096
1296262059278184449
1296261808756600832
1296261640124497923
1296261522461614081
1296261006822215681
1296260881605521408
1296260877696606211
1296260828191010816
1296260718170451968
1296260617909800960
1296260486678417409
1296260467996987392
1296260336421613569
1296260242188251136
1296259841401352192
1296259374474641408
1296259194904104960
1296259115472363521
1296258932130877440
1296258523639160832
1296258221364183040
1296258181488709632
1296258162962694144
1296258104623915008
1296258056221859842
1296258041201844229
1296257988882292738
1296257842253447168
1296257795210305543
1296257628096487425
1296257508617543680
1296257352304271360
1296257346713210881
1296257343039180807
1296257185203224577
1296257104404254720
1296257028797554689
1296256729114480640
1296256668964028416
1296256522918465538
1296256459156512768
1296255854061203457
1296255699576483840
1296255432176963584
1296255237812969472
1296255079473872896
1296254983927664640
1296254926490935299
1296254449715904512
1296254429235118082
1296254357122347008
1296254295608889344
1296254182148780033
1296253923351658497
1296253826190761986
1296253465442652160
1296253259775123459
1296253120411062272
1296253080414158851
1296252827287904258
1296252509288267777
1296252302731309057
1296251854548946945
1296251804330663937
1296251790220865536
1296251744368955393
1296251500230926336
1296251406454632448
1296251398015811584
1296251357972836353
1296251110366339072
1296251101314981888
1296251099389800449
1296250799270567938
1296249867224748034
1296249640975769601
1296249456027983872
1296249333344538624
1296249259579379712
1296249222375845893
1296249172731899906
1296249047225901056
1296248830095130624
1296248614327595010
1296248543401975808
1296248487236042752
1296248379328958464
1296248342742212608
1296248205345259520
1296247999732027393
1296247494079393792
1296247194085801984
1296246996026654725
1296246904184098816
1296246701964107789
1296246174337445894
1296245827153743873
1296245472340959235
1296245388559564805
1296245147810766849
1296245137949904896
1296244920668356608
1296244695052349440
1296244498578595841
1296244224514560000
1296244200292388865
1296244123981225984
1296243935333900288
1296243832653328387
1296243412950290433
1296243112700833792
1296243086679584769
1296242836598390786
1296242079803351041
1296242064502423552
1296242031724027904
1296242030327336960
1296241964250210305
1296241783878254593
1296241764492365824
1296241643570561029
1296241614332006401
1296241275520212992
1296241143659876353
1296240988692905984
1296240684391755779
1296240287711461378
1296240283491766274
1296240190730588160
1296240106689277952
1296240080705802254
1296239775440089090
1296239683027062785
1296239536045993993
1296239211755065344
1296239187801321475
1296239134969868288
1296238735135084544
1296238383178498049
1296237810328850432
1296237645463314433
1296237542921195522
1296237048261750784
1296237030050082816
1296236975935172616
1296236602927259653
1296236513483784194
1296236340686790657
1296236237867556865
1296236200089583623
1296236040030691331
1296235667823849473
1296235622554886144
1296235557916418049
1296235490623070208
1296235432489947136
1296235281666969600
1296234471453163520
1296234295980433408
1296234121128280064
1296234060100952064
1296234030426456065
1296234020217458688
1296233863765585920
1296233715287224320
1296233228827672577
1296233089488818176
1296233073395281923
1296232877668130816
1296232843513860096
1296232639444246540
1296232528030900229
1296232461987446785
1296232453582065665
1296232418769285120
1296232082423910401
1296232041923649537
1296232031035232256
1296231863019692032
1296231427068092417
1296231361406218241
1296231259878891523
1296231121714384896
1296231076998905856
1296230558704390144
1296230310628163584
1296229978699370496
1296229937347735552
1296229685899210752
1296229606307975168
1296229606043852801
1296229195689783297
1296229174189883397
1296229070481625089
1296229037489102848
1296228932585488386
1296228871096991745
1296228807637172226
1296228787651215361
1296228728104718336
1296228727383158789
1296228351926034434
1296228293197410304
1296228001567440902
1296227934156488706
1296227610414915587
1296227568186732544
1296227339957747712
1296227329379893250
1296226593556369415
1296226464468217857
1296226042621751296
1296226018265628673
1296225965954281477
1296225832843841536
1296225765349105664
1296225705034944514
1296225685795680259
1296225600500305921
1296225518229041155
1296225259688005639
1296225201664020481
1296225196504805376
1296225067605491712
1296224956511027200
1296224878073458688
1296224831763931136
1296224755301920769
1296224737228492800
1296224733109813250
1296224416976830464
1296224315134877696
1296224166899781633
1296224001677824002
1296223984523124736
1296223517910892552
1296223223747686401
1296223165358776321
1296223019665436677
1296222843269783552
1296222498439065600
1296222493049577472
1296222286165442567
1296221604171530240
1296221473770622976
1296221077010550785
1296220718116622337
1296220697791008775
1296220697254146049
1296220487698116609
1296220477443043328
1296220380521213954
1296220222127591425
1296219184280436737
1296219087580930048
1296218705349586944
1296218583761068032
1296218547845201927
1296218485178204161
1296218396216848384
1296218218550288384
1296218089755942912
1296217634623561728
1296217236223426561
1296217201041534977
1296216906266017792
1296216865560301568
1296216843074572288
1296216817141153794
1296216780722102274
1296216535929884673
1296215996257181698
1296215811741319169
1296215194226614274
1296215137272107008
1296215100303400960
1296215099678498816
1296215045924421632
1296214979130142721
1296214453520945159
1296214181872635904
1296213913227468800
1296213569705582593
1296213240154918912
1296213044134121472
1296212689383862272
1296212636598640640
1296211880940363785
1296210821089882112
1296210787191717888
1296210780896071688
1296210735555424256
1296210661219999745
1296210577803550721
1296210255504801792
1296210232792711174
1296210102559670276
1296210091415343104
1296209858560237570
1296209602879594497
1296208422040477703
1296208398153854985
1296208331758075904
1296208245409939456
1296207541802868737
1296207522089623553
1296207078621614080
1296206961332097028
1296206701826203649
1296206592103321601
1296206569710006277
1296206436343504896
1296205435536457728
1296205093688291329
1296205004844314624
1296204939681837057
1296204645539381256
1296204510520639488
1296204469596815362
1296204405142892544
1296204164779798528
1296203049128677378
1296203042417606656
1296202625277472769
1296202392720023553
1296201949017042946
1296201905807462401
1296201487081644032
1296201469255757824
1296201333603741700
1296201292478636032
1296201269355458563
1296201206289899521
1296201019525935104
1296200987821015040
1296200952291131394
1296200806212030464
1296200775740399618
1296200511910289408
1296200417433530370
1296199677004505088
1296199584193093637
1296198926392057856
1296198893156184064
1296198811547602944
1296198787799687170
1296198443006750720
1296198398668730368
1296198350556008454
1296197813445881856
1296197528824799232
1296197375384526848
1296197252440940544
1296197159981727744
1296196601598246912
1296196475689590785
1296196388167061508
1296196274098769921
1296196194734153728
1296196139021213699
1296196138949894144
1296195919730413569
1296195882367332352
1296195778612989953
1296195551231434753
1296195425695866882
1296194880180555776
1296194868050563072
1296194678811959296
1296194523727626241
1296194428307111936
1296194367116529664
1296194280260866050
1296194259964420098
1296194208588587008
1296194203865710592
1296194195518971904
1296194115047165953
1296193967126712320
1296193702403006464
1296193505665130496
1296193491140255750
1296193320906096641
1296193238831894534
1296192899537948673
1296192842122113026
1296192351812100100
1296192303976140800
1296192260623732736
1296191901499097091
1296191840010539008
1296191794242256896
1296191790526140417
1296191790471688204
1296191725845786625
1296191412807974912
1296191191969603584
1296191170297704448
1296191138638987264
1296190965196169221
1296190855343214592
1296190850242928640
1296190715966488579
1296190301057347584
1296190289066045440
