1289303682098409472
1289301632589561862
1289300845041917952
1289295500840062976
1289293797633880064
1289286225275183104
1289282298328711170
1289270088546185216
1289268002551078914
1289263689502044160
1289254192800915457
1289251339382296577
1289250079463755778
1289243117858758657
1289241820946239488
1289232613882953728
1289231121738162176
1289230214820532224
1289229615630753793
1289229032551092225
1289225381967347712
1289218902497558531
1289211668476465161
1289211536196567040
1289211251252293633
1289199762164465664
1289198054826840065
1289196704449929217
1289192762273742850
1289189913834000385
1289189739204026368
1289189639027212289
1289185506069159936
1289184654843498497
1289182164408348675
1289181588878774272
1289178541360259072
1289176825621434370
1289175350103035906
1289171841588723712
1289169547409256448
1289132642009481216
1289132512258797569
1289118700637958145
1289106782061658112
1289097562209652737
1289096640201207810
1289081550940901377
1289081029475491841
1289074366244728834
1289070184485883905
1289062201605537793
1289061322827550721
1289049806359236614
1289042476704002048
1289029178122055680
1289026864313511936
1289018029196455936
1289015899836387329
1289013334142926848
1289009667876651008
1289009251814461440
1289007013217918976
1289006038214008834
1289002816992759808
1288998683040571393
1288997030027644930
1288994934385569792
1288986764045094913
1288980314455453698
1288968094069727237
1288965856890888193
1288958779573391360
1288949007855816704
1288946433459212289
1288946013332541440
1289153186352099331
