1274808730010484736
1274807580930592768
1274807106638688257
1274805451960524805
1274802988331274240
1274802555252551681
1274797411131461632
1274797194198036480
1274793771641774081
1274792680942436352
1274785250149883904
1274775186043285507
1274771636873543685
1274767909773086722
1274765473129865223
1274763834792775686
1274762111378489344
1274758581569675266
1274752651411034112
1274741279553916928
1274740724106436611
1274740053613244418
1274730042908487683
1274722980543725568
1274721085389516800
1274719957985746945
1274718861498163200
1274718024340131840
1274716230209994753
1274714043354419200
1274710150046154752
1274709611900211201
1274689767498809345
1274656674679345152
1274651160897638403
1274651068828434432
1274634775047929857
1274633432660918278
1274630569352204289
1274626252830388225
1274597920721891334
1274594719671214080
1274594395770126338
1274587055645798400
1274579021821431809
1274574311500775424
1274561394097209347
1274557456769781760
1274554950761275393
1274549278560579585
1274546717510086656
1274539742881857539
1274539372231241729
1274538452130893824
1274537548308717574
1274535462065954816
1274535196776423425
1274531165446246407
1274530244775444481
1274530200416632832
1274529248846532614
1274529142864777216
1274526002434228224
1274525849572835328
1274525454750429188
1274524241438953472
1274519830255644673
1274519356186095618
1274514315475812353
1274510177874698240
1274506009415991297
1274504241931927554
1274503745703993346
1274502947259514881
1274501863061127169
1274500876309315584
1274499972025769985
1274499148369231878
1274497965072228353
1274495721610371072
1274495339668688896
1274488001935085568
1274487788193198080
1274486832579952640
1274477542695530496
1274473323569741824
1274472724635750400
1274471626931871744
1274470132727844865
1274469212740878336
1274468295161323520
1274466943806910464
1274466047345799169
1274464439291518980
1274461862822924290
1274460165778149377
1274459643385909248
1274457625372102656
1274456130199203841
1274455747271823361
1274455007518228480
1274454670061318150
1274453992236445701
1274452086776754176
1274450112471859200
1274449493287555073
1274449491689705473
1274448888192172032
1274448660261154817
1274448372116516864
1274448342219718656
1274446982548017153
