1276256780373372928
1276254529818853379
1276251183963922448
1276248170041835522
1276245115346931712
1276242646781120517
1276241496883093504
1276240813823909888
1276238677266464768
1276237806248046594
1276234574524084225
1276234021090013184
1276231791431516163
1276231518390607872
1276221012028293123
1276220983762915331
1276219707499085824
1276214553123012609
1276213021598265346
1276210923263287296
1276210868464898049
1276210373431922688
1276209472843640832
1276202438547181568
1276195575260569601
1276177269967511552
1276168068285284355
1276166195838926848
1276159647569895427
1276159583963295745
1276156156109623298
1276153868410290176
1276132318403604481
1276128085201600512
1276123360477548550
1276110602533044228
1276108643633594374
1276105563898875910
1276091104279085056
1276090061784784896
1276087375781912582
1276086881613160453
1276086674787913729
1276078195738116096
1276077140656762881
1276076598618476544
1276076420603817985
1276076416061321216
1276073345503514625
1276072495028875265
1276072272592343040
1276072004085600257
1276071812246450176
1276071527939747842
1276071267947421699
1276071020902957058
1276070773103505408
1276070472334049280
1276070149393715200
1276029823073296385
1276014200633032704
1276004928872419329
1275999500721696768
1275996272323891200
1275991695574749186
1275989906360238081
1275972219345072129
1275970477861687297
1275968788761063425
1275968140942295041
1275967090571325440
1275966021464031232
1275958831135240194
1275957263530889222
1275954140884217858
1275950485778857986
1275937767172657152
1275933286389481474
1275924104890265606
1275921944358109186
1275905586757074944
1275904342235766784
1275902512369893377
1275901250463203333
1275896938274095104
1275896569573732353
