1269373493466075141
1269373453812903937
1269373382547525632
1269373291132674048
1269372823585222657
1269372697726902272
1269372663354531841
1269372655444131840
1269372643150528512
1269372536158109699
1269372423528472579
1269372382042640385
1269372300664598528
1269372261359910912
1269372164861579265
1269372137199919104
1269372046724792322
1269371765102436359
1269371636802662400
1269371619291602944
1269371397924622336
1269371290990845952
1269371286557466625
1269371128704905218
1269370862567936002
1269370861179584519
1269370590315663360
1269370544417275911
1269370453996400640
1269370401429139456
1269370351999385600
1269370318503772160
1269370170327412738
1269370145325154305
1269370093881958404
1269369820622884865
1269369754835353601
1269369693875261441
1269369611545264128
1269369555283042305
1269369531102830600
1269369483132469248
1269369436617584640
1269369246343147521
1269369109600403456
1269368805458919426
1269368803055599617
1269368779798048768
1269368693085044736
1269368588474990592
1269368412238688261
1269368357830172672
1269368186153037825
1269368134043082752
1269368111242768384
1269368102451474432
1269368067555033088
1269367994817355781
1269367799794634752
1269367771810365442
1269367529144647681
1269367328271142915
1269367261812449281
1269366806776475649
1269366269045805062
1269365607000084488
1269365593028820993
1269365217474928640
1269365179004805120
1269364917359931392
1269364749579550720
1269364564786843648
1269364563079761920
1269363754313154561
1269363651183591424
1269363533071872000
1269363396706631680
1269363029138784256
1269362829980766208
1269362671393992704
1269362444184571906
1269362312080527360
1269362244317351937
1269362165854752768
1269362122099744777
1269362049013825536
1269361431004221440
1269361251341262851
1269361148698284032
1269361117010296833
1269360700419424257
1269360699874127873
1269360589777797123
1269360581569581056
1269360438409658369
1269360369472090113
1269360277591453696
1269360097555292161
1269359854877097985
1269359781980102657
1269359776313507842
1269359674622697473
1269359664929533954
1269359574852800516
1269359497547571201
1269359490937257984
1269359430531002370
1269359278105731072
1269359154424016896
1269359033879629824
1269358845140144128
1269358619990069248
1269358613530767360
1269358564533026816
1269358557939392513
1269358501920256000
1269358358311682049
1269358317119266816
1269358312006529026
1269358193001586689
1269358136831311872
1269358025749528582
1269357964797841410
1269357811680542723
1269357749407711233
1269357622488072193
1269357467596537856
1269357238323499009
1269357129397395456
1269357108023230464
1269357051706294274
1269357005657067521
1269356850249678848
1269356654883209218
1269356415359102977
1269356401698189317
1269356107736084480
1269356107199393793
1269356061271764995
1269355964475609090
1269354945087586304
1269354890150764547
1269354878826135553
1269354497257598976
1269354470883934209
1269354415695134720
1269354396195991552
1269354373970264070
1269353757306843136
1269352935911075841
1269352835398819840
1269352798887559171
1269352762346819586
1269352588903878657
1269352392832757761
1269352139731677186
1269351949809393665
1269351858168041472
1269351753612505091
1269351396345876485
1269351373369413640
1269351331942236160
1269351317090295809
1269351278850781184
1269351256646131713
1269351240145735680
1269351160986710022
1269351154716205057
1269351114727718912
1269351010197094400
1269350959580397570
1269350848573984768
1269350609859338241
1269350581778501633
1269350108379910147
1269349932336582656
1269349768855248896
1269349749108375555
1269349583932489729
1269349551590322177
1269349530228703235
1269349339261997063
1269349289672802305
1269349172953702402
1269348808292356096
1269348774528327681
1269348764608802816
1269348429102297093
1269348325070966787
1269348238156541952
1269348000352141313
1269347635212804097
1269347523031977984
1269347477326610440
1269347308832821248
1269347195922382848
1269347190146727936
1269347178125893632
1269347051793416197
1269347042909880324
1269346741268119555
1269346329064607747
1269346070829637632
1269345478761574400
1269345445232250880
1269345294321401858
1269345282287964164
1269345137093537792
1269345109822386182
1269344893249507328
1269344716044275713
1269344628391710721
1269344606929530881
1269344480550948868
1269344414037491713
1269344119735717888
1269344072319238144
1269343821462028288
1269343793859485702
1269343746866495488
1269343727585124352
1269343635960745989
1269343537054662656
1269343400697856001
1269343029078511618
1269342992902565888
1269342868340178945
1269342831698563072
1269342718830002177
1269342700765155328
1269342561682014208
1269342526474989569
1269342378789388288
1269342057539276806
1269342023817052160
1269341943445635072
1269341819088670726
1269341814831661058
1269341768803385345
1269341753087156225
1269341676449005570
1269341519443607552
1269341394566406144
1269341391802347525
1269341382021468160
1269341276370989056
1269341016089296896
1269340879615131648
1269340774237442048
1269340726355210240
1269340422767284224
1269340377229725697
1269340353913651200
1269340303317561344
1269340131279933440
1269339810155515904
1269339729343979521
1269339690819366913
1269339551929163778
1269339539199242240
1269339409805201415
1269339343673573377
1269339252061605888
1269339191206428674
1269339124407951361
1269339104426295297
1269339093554642949
1269338943486660615
1269338936955961344
1269338887576485889
1269338767174836227
1269338097315196929
1269338077874524162
1269337996265955331
1269337858143223808
1269337750634889217
1269337670267949056
1269337194612903938
1269337150119698439
1269336751451049986
1269336588607262721
1269336464673906688
1269336445074001920
1269336346713370624
1269336294322319360
1269336249812172800
1269336143931355137
1269336012330799105
1269335985227100160
1269335790103990272
1269335745141112833
1269335581139406849
1269335390445621250
1269335277610434562
1269335232865591297
1269334988723572749
1269334877217882112
1269334722871791622
1269334495792173057
1269334421091618823
1269334340321677312
1269334302359203841
1269334300383752198
1269334230175113217
1269334155172724736
1269333899496378368
1269333847117688832
1269333823420063746
1269333705748856835
1269333281184440321
1269333258296229891
1269333229770702849
1269333164339519488
1269333131812679680
1269333120374972418
1269333043690582022
1269333009968308227
1269332989575659527
1269332754489016322
1269332589271109633
1269332563761512449
1269332440780288000
1269332430940327937
1269332023317073921
1269331809940246528
1269331620001169409
1269331532059226115
1269331224688017410
1269330751281000448
1269330555293675520
1269330329636134912
1269330163474432001
1269329859681103874
1269329634040131585
1269329469388529667
1269329456793075713
1269329429123252225
1269329426354970627
1269329362874241025
1269329141171736577
1269328872648118273
1269328765831634944
1269328372829741056
1269328210510204930
1269328187319889920
1269328032604422144
1269327967643152386
1269327852647915526
1269327822277038081
1269327820745895936
1269327552562122752
1269326814851354625
1269326747285303297
1269326623389544448
1269326601717780480
1269326469852835840
1269326311694012416
1269326288520712192
1269325865369784320
1269325710545608705
1269325656678113280
1269325570757791744
1269325507604119555
1269325502617182210
1269325371259920384
1269325178929995778
1269324956061466626
1269324461880287234
1269324118538813440
1269324033876619264
1269323764082388992
1269323689121603584
1269323626177794048
1269323610163986437
1269323494673854467
1269323485144367105
1269323316512333826
1269323171456376832
1269323105262080000
1269322855730212864
1269322752760197120
1269322730786172929
1269322655091523590
1269322516738293760
1269322150688817157
1269322146016264193
1269322045868908545
1269321818038394880
1269321636571824129
1269321419210588168
1269321369524846592
1269321342547091461
1269321338847744000
1269321320912826368
1269321208136425477
1269321095557103616
1269321086224736256
1269321018197323776
1269321008101679104
1269320997745893377
1269320667402571779
1269320314766360576
1269320248353869824
1269320213008351232
1269320161468743680
1269320039225794561
1269319989913251843
1269319874641264647
1269319860200321024
1269319758698016768
1269319655199518721
1269319450475585537
1269319390325022722
1269319295458111489
1269319272708345856
1269319238596145155
1269319165107507201
1269319136854802438
1269318998577070080
1269318988569423880
1269318786110255105
1269318703243550722
1269318444677099520
1269318335667359744
1269318128007352323
1269317954920988677
1269317597717303296
1269317546278293506
1269317436886654988
1269317341139042304
1269317320817758214
1269317314736017409
1269317203461050368
1269317200822833156
1269316917078249472
1269316893795647488
1269316828637036545
1269316698957582337
1269316310900584451
1269316210509795330
1269315824084332544
1269315786163851264
1269315147862024192
1269315113812668417
1269314998913941506
1269314989539512320
1269314870245314561
1269314713445261312
1269314080826888192
1269313957694631936
1269313712520716288
1269312612010885121
1269311854217740289
1269311306298884101
1269311216800927744
1269310979411771392
1269310892971360258
1269310843856007168
1269310773920055296
1269310678776627202
1269309538240548864
1269309383197917184
1269309302847782912
1269309096190238720
1269308710989398016
1269308618966515715
1269308335381188608
1269308121622687745
1269307382657699850
1269306945724391426
1269306660746641409
1269306589254737922
1269306558837645317
1269306217912025090
1269306157451153409
1269305638309462017
1269305587122286592
1269304844768157696
1269304419591630859
1269304382253907971
1269304338645749760
1269304274242154497
1269304090619793409
1269304086484127748
1269303611668008965
1269303208859631616
1269303198558425090
1269303120787578882
1269302575767011335
1269301813121089536
1269301464943427584
1269301414007836674
1269301144406208519
1269301139490713600
1269300657145540608
1269300534508478466
1269300194757283840
1269300132446646272
1269299906956623876
1269299860299223049
1269299385151733763
1269299181656686593
1269298870766444548
1269298288534130693
1269297927912030209
1269297836589531136
1269297776451620864
1269297764103487488
1269297111872528384
1269296992175390720
1269296696292446209
1269296410362593280
1269296250979049473
1269295927119933440
1269295354005970944
1269295351904841729
1269295274402480130
1269295081640677388
1269294886769041408
1269294548339081219
1269293981315325954
1269293819872382977
1269292852359520256
1269292456354381825
1269291949908951042
1269291861451010049
1269291697520947201
1269291663203151872
1269291409284227072
1269291305529749505
1269291278438731778
1269291196179980288
1269290969121390593
1269290788732710913
1269290536143400961
1269290020306849797
1269289867613294597
1269289334596939776
1269289275545223175
1269289185556471818
1269288712757628928
1269288587234852866
1269288568809283590
1269288473602727937
1269288380430520321
1269288181721169920
1269288029530832901
1269287881740374023
1269287188258148352
1269286891234394113
1269286086464987138
1269285204302221312
1269285119350759424
1269284843621240833
1269284775887593474
1269283489146421251
1269282725766336512
1269281333093826562
1269281188440662018
1269280645009887232
1269280455758675972
1269280081857392651
1269279980531449865
1269279975791890433
1269279962776961030
1269279869818601472
1269279865397587968
1269279711621820416
1269279615954149377
1269279534702002177
1269279381140144128
1269278570687328259
1269277991995166720
1269277648603148288
1269277561378549761
1269277313465802753
1269276664623763457
1269276358703800320
1269276275442692096
1269275286056701952
1269274158313209857
1269273712563490822
1269273543449157632
1269273161427759104
1269272774809452544
1269271634352971778
1269270894351986688
1269270723215974400
1269270692010307584
1269270652579651584
1269269641555316742
1269269601575149569
1269268416780697600
1269268241790103554
1269268037779234816
1269267249220718592
1269265588976848897
1269265538879979521
1269264974536376320
1269264383294820352
1269263751624130560
1269263418134949888
1269263019252396032
1269262878130962433
1269262606864470016
1269262186725011456
1269262163924996096
1269261898576531458
1269261801499197440
1269261292730306561
1269261244504190976
1269260655170904064
1269260212118183936
1269260044736114688
1269259846328688640
1269259728938569728
1269259727235579904
1269259168403329024
1269259036538609671
1269258728924237825
1269258629359812608
1269258294625013766
1269257919184453639
1269257894706532354
1269257862821416961
1269257505248591874
1269257144915963904
1269257000514473984
1269256708347568129
1269256275575144448
1269256212870291457
1269255542721122305
1269255360222822403
1269254004963508226
1269252319457284096
1269251770334810113
1269251511147692033
1269249611799031809
1269249302263521280
1269247317313572864
1269247164510863366
1269246174214709251
1269244342394408960
1269244118942744577
1269243864872882176
1269243246091423744
1269242980206096387
1269242541448331265
1269242179312066561
1269242005772816385
1269241580612878341
1269241152202575874
1269240990109511683
1269240627172200456
1269240450990264320
1269240449274765313
1269240430203461636
1269240425614802945
1269240094596173829
1269239970549514242
1269239851146248192
1269239543229710337
1269238576681750529
1269238454552068098
1269238306069516289
1269238282031960065
1269237342142955521
1269237180922281984
1269235457696714752
1269234937187782657
1269234369866067968
1269233820672372738
1269233342463070209
1269232931844829185
1269232059484160000
1269231782999670784
1269231416228839430
1269230966339502083
1269230457733988352
1269230415405088768
1269229896993251330
1269229678948020224
1269229252706283521
1269229170950725633
1269228965190868999
1269228925957349377
1269228661355536390
1269228624785420289
1269228335114182659
1269228132525113346
1269228034722168832
1269228028376342529
1269227871186440194
1269227410689527808
1269226880286068736
1269226184199585792
1269225987603968001
1269224833591554048
1269224433140609025
1269223989265797121
1269223981221130246
1269223778392748034
1269223212791083016
1269222975229825031
1269221914809184257
1269221491834523648
1269221465246834690
1269221408049180672
1269221375849435137
1269221026380091392
1269220716291018753
1269220686377205760
1269220439835971584
1269220144854626304
1269220085576671238
1269219974528282627
1269219826997833728
1269219192831709184
1269218090988027904
1269216433793380352
1269216433571016704
1269214797133787141
1269214722429276160
1269214607756886017
1269214523187224578
1269214340042850305
1269214100476907520
1269213921577033729
1269213610389041152
1269213116530917377
1269212737336496130
1269211764593504256
1269211419637055496
1269211327547027457
1269209305368031238
1269209000895225856
1269207504074027011
1269207460503523328
1269205453969506304
1269205384037838848
1269204763444273154
1269204738131628032
1269204005323976705
1269203776893857793
1269203372743241728
1269203297832890369
1269203190651682823
1269202533395898369
1269201260793692160
1269200703626633216
1269200199534227463
1269200192873496577
1269199992796983297
1269199916934377474
1269199889977745408
1269199644220776448
1269198240521453569
1269197995838447616
1269196822662320128
1269196504633421826
1269195544603136007
1269195339162021889
1269192540491665409
1269192052392280065
1269191652368961537
1269189412233109505
1269189101925699584
1269188958035931136
1269188652359450624
1269188082936373248
1269187661195067393
1269186543392108544
1269185596448280576
1269185030624030720
1269184953826324482
1269184791443845121
1269184329445445632
1269181646831595520
1269181560307277824
1269181481177370626
1269180938954522624
1269180591192207360
1269180339211120645
1269179221949251586
1269178919762169856
1269178222522007552
1269177744182644737
1269177741041111041
1269177481753505795
1269177048750272520
1269176967884128256
1269176794072178688
1269176520439992320
1269176418543579136
1269176327740944385
1269175326933790722
1269174890596360193
1269174776913936384
1269173190770569216
1269173054128545795
1269172243910684674
1269172224663093249
1269170648078626816
1269170561931833344
1269170169290518528
1269169185034170374
1269168785409208320
1269168381891997697
1269166824823812096
1269166274824876032
1269166178083180544
1269166035732553730
1269165724737703938
1269165635944288256
1269165291268829185
1269164713385971712
1269164132084772864
1269163969387696128
1269163310622011392
1269162800229818368
1269162385173970944
1269161803948290048
1269161610951700481
1269161405678325760
1269161362191716352
1269160942430011392
1269159749813239808
1269159672424038401
1269159554606080000
1269158783219089413
1269158773181972480
1269158215385706500
1269158041233920001
1269157367620358144
1269157136778567680
1269156861619638272
1269155814767558656
1269155300931563520
1269155206610259973
1269154830561366017
1269154712106000384
1269152898882998272
1269152859976761345
1269152100358946816
1269151386257719296
1269151149434851329
1269150898376396800
1269150258262466560
1269149818628251656
1269149454269132800
1269149414406320129
1269149036952596481
1269148978181926912
1269148619543732224
1269148439817990145
1269148231306375168
1269147209590865927
1269147092188041217
1269147029730660355
1269146969185964037
1269146964362506240
1269146501625917445
1269146083214741504
1269146064810135554
1269145617135218689
1269145137747308544
1269144885736566784
1269144866560315393
1269144828685594626
1269144524451770370
1269144088244346880
1269144072800722945
1269143890692456448
1269143771679080448
1269143334293045248
1269142517674475521
1269142305174421504
1269141325443719169
1269141211966615552
1269141210398183425
1269140807556100096
1269139718832177155
1269139607263862784
1269139030102478848
1269139020300333061
1269138958174187521
1269138685267791872
1269138204315320320
1269137665863020550
1269137636591050752
1269137062822805506
1269136718898147328
1269135317983846400
1269135233602945029
1269134919051157505
1269134886104731650
1269134551097339904
1269133997579350019
1269133983092105219
1269133554363109376
1269133528614293504
1269133118184677376
1269133083430785024
1269132907144114183
1269132834674892800
1269132833534226432
1269132629720412160
1269132250735472647
1269132040961552384
1269131815027171328
1269131809519853568
1269131228445151232
1269131179300581377
1269131063990923265
1269131028259647490
1269131026317672449
1269130953458401281
1269130649866125312
1269130526746710017
1269130413915672576
1269130194696187904
1269130017688055808
1269129882900070400
1269129469798711297
1269129322620739584
1269129080164749313
1269128945984626688
1269128581583691777
1269128574990200832
1269128147611652096
1269127635688468480
1269127444235079688
1269127402405400576
1269127170904993794
1269126796571824129
1269126508137807874
1269125974471434241
1269125297783418881
1269125146129969153
1269124371240517632
1269123612075794432
1269123124240486401
1269122893071282178
1269122883344834562
1269122646731632646
1269122374437224448
1269122301104013312
1269121909276291074
1269121854469550080
1269121706230255616
1269121668506701825
1269121295393984514
1269120832250408961
1269120457527214082
1269120366288482304
1269120134892761093
1269120013283311616
1269119865341849603
1269119393029664768
1269119330957983744
1269119313002352640
1269118994973257729
1269118645898293248
1269118580056096770
1269118541233565696
1269118207694188546
1269117762762207237
1269117617027112960
1269117504233881600
1269117445349965826
1269117344036634624
1269117253443702785
1269117164147146753
1269117059293573122
1269116772403290113
1269116562683789313
1269116433746874369
1269116266712895489
1269116224321044482
1269116157560266753
1269116153692958720
1269115739325132800
1269115611830837248
1269115433241772033
1269115368594763776
1269115039585165314
1269114927907667969
1269114706658095104
1269114625515229185
1269114089952776193
1269114073125249024
1269113527014436864
1269113469082591238
1269113399918465025
1269113133022363650
1269112978332200960
1269112726921474048
1269112694155534336
1269112616196231169
1269112448189116416
1269112440995938307
1269112400290217984
1269112306560045057
1269111838328774656
1269111813632782336
1269111664445665281
1269111399072051201
1269110818320285696
1269110796048568326
1269110679270838272
1269110660874420224
1269110559020126208
1269110402312519680
1269110381231865856
1269110095050391552
1269109488000229376
1269109078589968388
1269109031462793216
1269108841888636928
1269107935793348610
1269107866318716928
1269107847121387520
1269107791932715009
1269107586500038657
1269107557806878721
1269107374352207873
1269107063264870405
1269106281224245248
1269105239447293952
1269105175777574913
1269104699468374017
1269104525807366144
1269104359994011649
1269104217291198465
1269103830198710272
1269103758295871488
1269103758098796545
1269103621620273156
1269103593598181376
1269103493698052097
1269103384247877635
1269103090860388353
1269103047193608192
1269102972824420352
1269102947008303104
1269102829614043137
1269102577989423104
1269102494929518592
1269102341623595008
1269102315446943744
1269102138845736961
1269101980796047360
1269101953721786368
1269101913490034689
1269101802886172674
1269101795609059331
1269101597541482496
1269101465068400640
1269101369417445378
1269101213250961408
1269101065267544064
1269100823075749893
1269100551704391680
1269100417247477761
1269100282694098945
1269099970289950725
1269099739015860225
1269099669876928513
1269099302577672192
1269099250433982465
1269099224085356546
1269099180657704960
1269098623947755521
1269098105284161538
1269097654425841664
1269097451824111617
1269097240422952960
1269097177462173696
1269097165034487808
1269096980929798145
1269096889313525761
1269096721080094720
1269096631481311234
1269096359094861824
1269096046791196676
1269095539695472641
1269095420392857607
1269095287718588423
1269095185742430216
1269095135519797253
1269094849753595905
1269094282700509187
1269094158008045570
1269094097006088194
1269093700845658112
1269093558000201733
1269093288612528128
1269093231222013953
1269093207503077377
1269092908356874242
1269092881857417218
1269092645843816449
1269092445637107713
1269092392663158784
1269092251893972992
1269092175347933184
1269091999040208896
1269091682693324801
1269091601659252737
1269091463230623744
1269090874324946945
1269090868113399808
1269090704602681344
1269090582690816001
1269090314817605633
1269089908628631559
1269089536115503104
1269089361934548992
1269089249325748227
1269088883930775552
1269088872090214401
1269088862149763075
1269088414042927104
1269088150674014210
1269088064527269888
1269087832821374983
1269087730438414337
1269087562724978688
1269087348374945793
1269087252509888513
1269087129164025856
1269086943394050048
1269086877979639809
1269086877212082176
1269086840356835330
1269086786107650049
1269086526366834688
1269086517596545026
1269086179611365380
1269086056084697088
1269085799171133441
1269085453031895041
1269085414540730368
1269085388070621194
1269084965523734528
1269084680105545733
1269084333379330058
1269084302530265090
1269084234733387776
1269084146690936832
1269083902557257730
1269083736294985729
1269083716212666368
1269083615381446657
1269083322828746753
1269082935086415872
1269082790420611072
1269082667170971648
1269082522278756352
1269082447775436800
1269082211623600130
1269082113606692864
1269081856999337988
1269081805887401989
1269081784450297858
1269081766326759425
1269081743056941056
1269081208614539264
1269081046378786817
1269080789498593283
1269080707172687872
1269080676541833222
1269080557603995648
1269080524179378178
1269080458035429379
1269080431971819523
1269080382487638021
1269080356688400386
1269079715370819584
1269079638413893632
1269079632608759809
1269079512236556288
1269079456582438912
1269079424344915974
1269079253183803394
1269078963332231170
1269078848030650368
1269078833283715072
1269078675347169280
1269078622507159554
1269078461206999040
1269078415015018497
1269078231082303489
1269078072009142272
1269078017453600770
1269077981043085320
1269077899707023363
1269077731976806405
1269077364262219778
1269077255311044609
1269077074951704576
1269077034812215296
1269076834597179393
1269076767639244801
1269076568942489603
1269076374708539403
1269076150120308737
1269076137222815744
1269076083648978944
1269076080700211201
1269075996134666242
1269075920087855105
1269075850898673666
1269075682912591874
1269075058506362881
1269074882827976704
1269074777584500737
1269074710781804549
1269074595174322181
1269074320027906049
1269074308174929922
1269074111705370625
1269073423613001731
1269073266494312450
1269073003989663747
1269072907940093954
1269072846782939141
1269072768701796352
1269072677223960577
1269072644218986496
1269072639500443650
1269072451381735426
1269072450920132608
1269072417030193152
1269072410587942912
1269072277947047936
1269071885804933121
1269071610658553863
1269071485597028352
1269071019286855687
1269070510530260992
1269070449129988098
1269070327214030848
1269070073823551488
1269069651805458432
1269069306857287680
1269069066154590208
1269068417992134656
1269067883297959936
1269067610831958016
1269067586840465409
1269067141854052354
1269067135457931264
1269067043384549377
1269066928599044100
1269066860739395585
1269066669693026305
1269066481087557632
1269065945093304320
1269065607858847744
1269065557674012673
1269065438127730689
1269065426614448128
1269065102461976577
1269065016554242049
1269065015073652738
1269064952079360000
1269064721254277121
1269064720734183425
1269064699527774208
1269064607349518338
1269064090271481858
1269064047183507457
1269064042708176897
1269063981181947909
1269063842484625408
1269063735882035201
1269063709613162496
1269063457955086337
1269063427374211072
1269063409858994177
1269063279181271040
1269063250211147784
1269063114676305920
1269063072385077249
1269062771649413120
1269062753005768707
1269062736526356487
1269062621367537667
1269062529096925186
1269062490526150656
1269062356639690752
1269062260443488256
1269062207142195200
1269062095993257992
1269062058437423104
1269062026841649152
1269061770980855809
1269061371540328448
1269061302275551232
1269061157521960960
1269060549922430977
1269060492066258946
1269060439087947776
1269060045783826433
1269059925549953030
1269059589506338816
1269059460628189188
1269059187012599809
1269058897651707904
1269058833705431041
1269058695809445891
1269058527240294400
1269058384478777345
1269058336143663104
1269058317403467776
1269057952956272641
1269057782466195463
1269057733669670912
1269057692590649351
1269057589951651840
1269057543776722945
1269057316646780931
1269057284606492672
1269057091957854214
1269057067496554496
1269056988505309185
1269056862021996546
1269056742530441216
1269056659109769219
1269056516646109189
1269056515152859136
1269056509310144512
1269056442511896578
1269056381379735553
1269056375197401089
1269056368331366407
1269056359393300480
1269056276941733888
1269056257555607553
1269056105579188224
1269056026755637249
1269055989640282117
1269055931427491841
1269055762816475136
1269055739273805824
1269055722068701184
1269055520142438400
1269055035385753600
1269054948223877128
1269054929311801347
1269054892867563521
1269054888593547265
1269054417069912069
1269053788842717184
1269053753212260353
1269053749739356160
1269053276445708294
1269053268430163968
1269053178915545096
1269053087056113665
1269053015580979203
1269053001681055747
1269052801163943938
1269052741382529025
1269052487513698304
1269052402939965441
1269052348124413952
1269052339060531200
1269052087444410370
1269052086953684992
1269052025674792961
1269051780941266944
1269051545284415491
1269051403798032386
1269051167272775680
1269050953254273025
1269050933209636864
1269050734479388672
1269050654607237121
1269050109871996932
1269049956993765378
1269048374981885952
1269048145335300096
1269047943853637632
1269047900593676289
1269047273603739648
1269046997606006784
1269046584899059712
1269046361799954434
1269046123982807040
1269046026565849090
1269045955132665856
1269045866909728768
1269045401597865985
1269045241039867913
1269045240721113089
1269045197599649793
1269044955193815040
1269044192367398912
1269044077984534528
1269043356216070144
1269043073423536128
1269042319837130752
1269042200047804418
1269042181685329921
1269042127000031235
1269041450991280128
1269040905652252673
1269040901373825026
1269040800760885248
1269040537111195649
1269040288065974272
1269039882128760839
1269039866861383680
1269039843146948608
1269038240452902912
1269038090984849410
1269037478507405314
1269036978718343168
1269036930085289984
1269036823700893696
1269035775007457280
1269034941775589379
1269034766847938563
1269034041438863362
1269033755643125766
1269033642422124545
1269033500373647360
1269033466810691584
1269033465279688704
1269033265547153408
1269033187327475712
1269033159963709440
1269032974999158792
1269032841209356288
1269032831856058370
1269032261812453376
1269032248017223680
1269031846123167744
1269031668372910080
1269031304139603975
1269031285776760832
1269030791889203204
1269030514171789318
1269030017872396294
1269029990965956608
1269029901337628672
1269029514937540610
1269029302319714305
1269028891194253312
1269028836974514176
1269028824269967362
1269028225575006211
1269028177608880138
1269028132436291586
1269027713639219207
1269027639978844160
1269027562921119746
1269027559859249156
1269027066147753985
1269027044949712898
1269026934308012032
1269026744662659072
1269026733459755008
1269026681471340544
1269026674236108800
1269026588164788225
1269025542742970369
1269025297606881288
1269024874288340993
1269024868005076993
1269024480053071872
1269024226310316032
1269024163399897089
1269023534673727494
1269023242515148800
1269022962956582912
1269022785998741504
1269022380934008832
1269022336772116480
1269022104197885952
1269022032576086018
1269021804359794689
1269021126555918336
1269020663697805312
1269020129909604352
1269020092060164096
1269019763235270661
1269019298355392512
1269019200254853123
1269019034009448449
1269018916346646534
1269018566365339648
1269018403915915273
1269018117486850048
1269018104379686913
1269018093302546433
1269017943808958464
1269017832483938306
1269017786694668290
1269017708558839810
1269017592431247369
1269017587192492032
1269017545711005698
1269017279137636355
1269017269796929536
1269017190126301187
1269017144068456448
1269016902174638080
1269016658443677705
1269016645613174784
1269016236177973248
1269016204481449984
1269016180397944833
1269015808211968000
1269015298679754754
1269014965240897539
1269014821183213568
1269014709879164929
1269014565255122944
1269014282265661448
1269014267983994883
1269014143513907201
1269014111460835328
1269013850700918789
1269013678826885126
1269013593271545856
1269013545724895240
1269013480905924609
1269013434688958465
1269013209903542273
1269013130253926405
1269013082061209600
1269012951454887936
1269012861113839625
1269012850032459777
1269012480812032001
1269012344958586881
1269012281356058626
1269011890992275459
1269011876731633665
1269011819848499201
1269011783064227840
1269011735605907459
1269011617896751105
1269011468948668416
1269011430893854727
1269011272873512961
1269011262769434625
1269011144942837762
1269076370614878208
1269076527678922758
