1269010763630342149
1269010205020491776
1269010167003144192
1269009496661262337
1269009277055893504
1269008542201241600
1269008153435201536
1269007360002912256
1269006969714679811
1269006713039929344
1269006654982455302
1269006628151365634
1269006443413483520
1269005863605411840
1269005629252751361
1269004931673006085
1269004867508547587
1269004613040078850
1269004592383066113
1269004408886525953
1269004285599252487
1269004246789300228
1269004187934904322
1269004144192499714
1269003918475800577
1269003914428526606
1269003643279355904
1269003601025867782
1269003544155176960
1269003487456694276
1269003383421177856
1269003305616904198
1269003101702250496
1269002899918487552
1269002761238196225
1269002538424184840
1269002472162340870
1269002400297299969
1269002375962005506
1269002282437230592
1269002252447920129
1269001991788933123
1269001703862472706
1269001465101783042
1269001304006893573
1269001177078915072
1269001063186804737
1269000762996244482
1269000497278734337
1269000452500328454
1269000259423948802
1269000254143299585
1269000236485222404
1268999671734833152
1268999117440778241
1268999081101328386
1268998093212614658
1268997881119363072
1268997398207950848
1268997259703844871
1268996597297356806
1268996576606912514
1268996527231557634
1268996390430167046
1268996317625430018
1268996176919044097
1268996060850065416
1268996032815398919
1268995762794516484
1268995402122084363
1268995174102962177
1268995013003939841
1268994428427010054
1268994109374517250
1268994089304969222
1268994051640082437
1268994012805050368
1268993966860652550
1268993940755222530
1268993506778939392
1268992962278588422
1268992929911246849
1268992526016565250
1268992448866516994
1268992357841752066
1268991974314512386
1268991953087213570
1268991571187298305
1268991242567847938
1268991068491649026
1268990787406237697
1268990630035894275
1268990594006859777
1268990491279929349
1268990214632022021
1268989973887422465
1268989961019232256
1268989765518594050
1268989566746333185
1268989072829231108
1268989025295175681
1268988785372643331
1268988535517790208
1268988341388742656
1268988249973968899
1268988183641042947
1268987670136586242
1268987644605681665
1268987532185919489
1268987462132527104
1268986514811256837
1268986232719249410
1268986196606300167
1268986097255755782
1268985225872207872
1268985017373515781
1268984909558878208
1268984851136425986
1268984808358592512
1268984702788132865
1268984555731443712
1268984466443296770
1268984112997515264
1268984096409227271
1268983521240113152
1268983433977618437
1268983361797795842
1268983080552935424
1268982998906490881
1268982977507266607
1268982543489159168
1268982439449366530
1268982324445671425
1268982046501883906
1268981777793601536
1268981745698902017
1268981731111112705
1268981538605223943
1268981406476185603
1268981264201199616
1268981054364430337
1268980983258382337
1268980947258671104
1268980680521846786
1268980372437495808
1268980311435730945
1268980215293915137
1268979625046097920
1268979592720781312
1268978982663393280
1268978877675651072
1268978325424418817
1268978229685059584
1268978006053154816
1268977966974984192
1268977587822505986
1268977373132849153
1268977236293500928
1268977084786831360
1268976822387015680
1268976564152102912
1268976431809335298
1268976390751354880
1268976347092836353
1268976314213687299
1268975732027506690
1268975603790655488
1268975460802793477
1268975403118583809
1268975126130892800
1268975076998737921
1268974849021575170
1268974748840742919
1268974661242687491
1268974477456691205
1268973914912219136
1268973854883364864
1268973823166230530
1268973795634753536
1268973616894562304
1268973381178626049
1268973342184239104
1268973323171573761
1268973182792265728
1268972964143341568
1268972812905005056
1268972581643640832
1268972519471513600
1268971796478545920
1268971524129685505
1268971139021320194
1268970857281531909
1268970852462272518
1268970615194648583
1268970583426953216
1268970519841431553
1268970331433140224
1268970250135130113
1268970239544475658
1268970237355069440
1268970038494625795
1268970011747586054
1268969493054861313
1268969187474579456
1268969118788706306
1268968866320973827
1268968599852650498
1268968369115377664
1268968240564391938
1268968059584294912
1268967828159434752
1268967824199991301
1268967530552573953
1268967479671320577
1268967405969170434
1268967371546517504
1268967369076092930
1268967342886830088
1268967315544178688
1268966833362780161
1268966809061019648
1268966612226490369
1268966602541805570
1268966299591413760
1268966083387629569
1268965977804410882
1268965427654295554
1268965368896380935
1268964974094843905
1268964747837407232
1268964620162797568
1268964499492667395
1268964484539957254
1268964439371526145
1268964226724397056
1268964100119371776
1268963852395384834
1268963781574561795
1268963354112114700
1268963054273863682
1268962989249409026
1268962843505725440
1268962781505531905
1268962707933401094
1268962413195546626
1268962150078349313
1268961770950934530
1268961745965473792
1268961745072279560
1268960934711574528
1268960746098110467
1268960738829381633
1268960357932044292
1268960243859546115
1268959749619380230
1268959626487304192
1268959358018301954
1268959238103216130
1268959140552093697
1268958982271406080
1268958964412223488
1268958809583693824
1268958715882934275
1268958591886569472
1268958406397906945
1268958103854350343
1268957734449213440
1268957543792926722
1268957045215989760
1268956925045149697
1268956800503734276
1268956612405805056
1268956587277910016
1268956529639559168
1268956225435205632
1268956147093995520
1268956069088440321
1268955905422475266
1268955638174027776
1268955628732583938
1268955530426552323
1268955094424453120
1268954991416487938
1268954980947460097
1268954980167401473
1268954954951200771
1268954917609320450
1268954822969036807
1268954809916428290
1268954606354268160
1268954569960304646
1268954259829280770
1268954134553772032
1268954079700672512
1268954072503197700
1268953989556699139
1268953885265342466
1268953875932839941
1268953850444165120
1268953562832228352
1268953560542334976
1268953533820223488
1268953303376945152
1268953027144187909
1268953019653054464
1268952891253043200
1268952680719884288
1268952644258840577
1268952632170864644
1268952454739234818
1268951981038751745
1268951905247670274
1268951896955383813
1268951329969451008
1268951197538533378
1268951149610180608
1268951100662722565
1268951018852831233
1268950844877279232
1268950626232238080
1268950466655731713
1268950322074071041
1268950052552290306
1268949786419396609
1268949700520087552
1268949331773718535
1268949330066620420
1268949066945302528
1268948513024552962
1268948474910785536
1268948337279086594
1268948162347241482
1268947992813453315
1268947814001885190
1268947806787719171
1268947109883117573
1268947070519578624
1268946833793003520
1268946829623910400
1268946810330140673
1268946767862620160
1268946765056704520
1268946740641742848
1268946576321306624
1268946168702173186
1268945925617188864
1268945757794639873
1268945249826738177
1268944896267870215
1268944478666178561
1268944374991380482
1268944318338945026
1268944108720214016
1268943938196561922
1268943852691501057
1268943745581486086
1268943463787171840
1268943203035684866
1268942703808692233
1268942666290434048
1268942646279647232
1268942549613457409
1268942482164740096
1268942470513115143
1268942315252375553
1268942286521597956
1268942021680599040
1268941969344081921
1268941959357480960
1268941904936386560
1268941761445015556
1268941599297490946
1268941001554407424
1268940996483649545
1268940863247470595
1268940629020680193
1268939452904325120
1268939315230498816
1268939273430077440
1268939095616696321
1268938955933863936
1268938830377189376
1268938292378075138
1268938052732403712
1268937941436567553
1268937934721486855
1268937496248774656
1268937321447112706
1268937318317977600
1268937305680576513
1268937152949338115
1268937063891640320
1268936875798134785
1268936571753050112
1268936184597790721
1268936112468344833
1268935945556045825
1268935862546464771
1268935847124008960
1268935656748789763
1268935265265033225
1268935204749619200
1268935070125088768
1268935027460636673
1268935004870017038
1268934983235837953
1268934966198652929
1268934670412103682
1268934599750680580
1268934348142776322
1268934288545898498
1268933907279478784
1268933782142431232
1268933507360780288
1268933127197491200
1268932739685851142
1268932660551839744
1268932541718749184
1268932486756786176
1268932106681552898
1268932025572110336
1268931956215029760
1268931955959054336
1268931870626103297
1268931615885066240
1268931303791001601
1268931218009178112
1268930759802466308
1268930593330540544
1268930498409238528
1268930429803024397
1268930358587916290
1268929948292653056
1268929888959987715
1268929768126320640
1268929528987938816
1268929252184989699
1268928942590869519
1268928809719549952
1268928778098536453
1268928765742272512
1268928656723922946
1268928606002188288
1268928571361431553
1268928506727223298
1268928342956183553
1268928323721277447
1268928292838674434
1268927271483695108
1268927156400373760
1268927056420749312
1268926980239634435
1268926932386807812
1268926464650600451
1268926297050419201
1268926270164910080
1268926152065912835
1268926125775953920
1268925993634410496
1268925781138382849
1268925526871289857
1268925470751502343
1268925355336794114
1268925231302873088
1268925011571564545
1268924886275067905
1268924363744710664
1268924245855416320
1268923930544406529
1268923669839036422
1268922673389875201
1268922436847898625
1268922076125167616
1268921754317025281
1268921513723428865
1268920595074473985
1268920486148399109
1268919681047560202
1268919250552590336
1268918960554233861
1268918556089081860
1268918551504719872
1268918514481606656
1268918470353305600
1268918157953155073
1268917831099392000
1268917719036026882
1268917415225819137
1268917180390936583
1268916972923822080
1268916928632033286
1268916738009292800
1268916684141793281
1268916593666469889
1268915649239228416
1268915639105671170
1268915404023500800
1268915384838742016
1268915327611486209
1268914775641272321
1268914677255475200
1268914673061150720
1268914639682834432
1268914570497789952
1268914463354376196
1268914358844866562
1268914151591682048
1268914116095283215
1268914065776291841
1268913959110926349
1268913492276293632
1268913431102570498
1268912941694439424
1268912535983607813
1268912403888078849
1268912337584619520
1268911083059904513
1268909815373455361
1268909650088538113
1268909412581851142
1268909184269127684
1268909029591580679
1268908943893504000
1268908799064227840
1268908743682555904
1268908711520743424
1268908693824983041
1268908523490029573
1268908132413120513
1268907763037585413
1268907752392400897
1268907598998200321
1268907369557299200
1268907034382077953
1268906946989621250
1268906938579984384
1268906928475901953
1268906803519033348
1268906581380542466
1268906510282829835
1268906485549015043
1268905854968963075
1268905593764556802
1268905405612204032
1268905394853892099
1268905368949862400
1268905356635275264
1268905220333060096
1268905130260221953
1268904950630760449
1268904879680106496
1268904491438542848
1268904431824916490
1268903955356168193
1268903837835751427
1268903290093395976
1268902834445127682
1268902812626423810
1268902810394992645
1268902770188394496
1268902488125644800
1268901753614938112
1268901614401859585
1268901588472434689
1268901404686585857
1268901104189931521
1268901080672489473
1268900829165043712
1268900318978478087
1268900263596888066
1268900171477377029
1268899922537046016
1268899917168181250
1268899898205917185
1268899837178785792
1268899693574184960
1268899438803763200
1268899373351501827
1268899300626628609
1268898796341207041
1268898725151289344
1268898487904735233
1268898148925280275
1268897981350260737
1268897963222405122
1268897895459233795
1268897873938300933
1268897614847709184
1268897411251859458
1268897392251764736
1268897334651478018
1268896985458921476
1268896961807220737
1268896910225670146
1268896728247386115
1268896610894983168
1268896356627820546
1268896291305725953
1268896254513291264
1268896196996870148
1268896183440805889
1268896116021608448
1268896042004733952
1268895980113575938
1268895397218603013
1268895196021960705
1268895117592670210
1268894781788303360
1268894751144554496
1268893970588975105
1268893777327947776
1268893657509302274
1268893301740048385
1268893184043692033
1268893150820605952
1268892533502820355
1268892419329634306
1268892313641779202
1268892158322499584
1268891836292255745
1268891616892334082
1268891552484454406
1268891546864271361
1268891211189739521
1268890491040468993
1268890403505348610
1268890365349806080
1268889976751534080
1268889927292346368
1268889813626679297
1268889652276191232
1268889623016738816
1268888928368631810
1268888900820447238
1268888749099761665
1268888561161568256
1268888499027161094
1268888246496317440
1268888085259059204
1268888005613256709
1268887985497333762
1268887647939956736
1268887444482646018
1268887395870613504
1268887053615456257
1268886808810663939
1268886712668901379
1268886358661238784
1268885988396457984
1268885844586369031
1268885323104256001
1268885309745438720
1268885209728024576
1268885044715806720
1268884965065883650
1268884131565486081
1268883706263068673
1268883378985734146
1268883138740056065
1268882629027229697
1268882130701959170
1268881656603185152
1268881257913634817
1268881173603852289
1268881109707825152
1268880879952310273
1268880395753439233
1268880349565599744
1268880247195303937
1268879662224211971
1268879626132209664
1268879373085675520
1268878623966212097
1268878171476197378
1268878083790077952
1268876741994524677
1268876438008213504
1268875995672653824
1268875703514279936
1268875613068288000
1268875234679062528
1268874744151126018
1268874504907956225
1268874076342423552
1268873867063418882
1268872307193282561
1268872024400760839
1268871044573659137
1268870467189747712
1268870368405655553
1268869513442930688
1268869251047309313
1268869203840417792
1268868948583424001
1268868940660379653
1268868922792501248
1268868590104711170
1268867924623753217
1268867817857789956
1268867530862493697
1268867237865295872
1268867090989174787
1268866830321451014
1268866733521227776
1268866629749936129
1268866582962454528
1268865958019465216
1268865946757722112
1268865921080160256
1268865866961166336
1268865421240938498
1268865351707758592
1268865085059092481
1268864942381416451
1268864859887800320
1268864824987062272
1268864674013024258
1268864636478251014
1268863860171313154
1268863635138510852
1268863324516687873
1268862684423786496
1268862634704732162
1268862421789270022
1268862326687453184
1268861073878376449
1268860876016226305
1268860810505465857
1268860645816053760
1268860405528567808
1268860282547437568
1268859863641325570
1268859551295713281
1268858603596849152
1268857403493277697
1268856325196222465
1268855307964485635
1268853914818039809
1268853904848023552
1268853611683028992
1268852711015022592
1268851240215236608
1268850785158340613
1268849951758581760
1268848899248336896
1268848394619039744
1268848337035411456
1268847624695709696
1268847387268780032
1268847185996713988
1268846725772595201
1268846567794135041
1268846194828152834
1268845129051316225
1268844847240302593
1268844397086552064
1268844108082282497
1268843566689910784
1268842459456581636
1268841944819486721
1268841835323174912
1268841333264756736
1268840967601356800
1268840659479400448
1268840487496056832
1268840035060768768
1268839990450163713
1268839972930551811
1268839362827083776
1268838327949590528
1268837169323487232
1268837137740435457
1268836873813835776
1268835979747561475
1268834608814096386
1268834078339461121
1268833458073329664
1268833289105821701
1268832967692111872
1268832474383220738
1268832258221314049
1268832130496368641
1268831774433521664
1268830245592891393
1268829718117322752
1268829348510994433
1268828375398748165
1268828018555998208
1268827112259158016
1268827053215932416
1268826510653296640
1268825900562472961
1268825539269341185
1268820376903188481
1268819505121243136
1268818200759803904
1268817469675917313
1268817221544849409
1268817057157730305
1268815670113792001
1268815437346729984
1268813568482455556
1268813567928799232
1268808212985208834
1268807503212503041
1268807416793219073
1268807332646936579
1268806345152532481
1268805527695273984
1268804991235485698
1268804576607526913
1268804564330909696
1268804196909735936
1268803515150766080
1268803479964975104
1268803135486808067
1268803071892652032
1268802146742538240
1268801839190999041
1268801422050672641
1268800814719602689
1268800786814795777
1268799500761645056
1268798895309520896
1268798888879591424
1268798663238791169
1268798463656914944
1268798294181982209
1268797503266316289
1268797083500179456
1268797067582861312
1268796465339682818
1268795430713860096
1268795126425325568
1268794736472731649
1268794538841247744
1268794142118875136
1268793436888580097
1268793159401775104
1268792152085213185
1268790883933184000
1268790617729007617
1268789745011826689
1268789082630631425
1268788888895721472
1268788689091600386
1268786982592921600
1268786614941044737
1268786472305516545
1268786399110725632
1268786055697723393
1268786001348120576
1268785859198742529
1268785189251158016
1268784951408955395
1268784862783299585
1268784265283751937
1268783681813929984
1268783152899559424
1268783049178853376
1268783038328160256
1268782743565074438
1268782325313093633
1268781965576212480
1268781866431197184
1268781442823159808
1268781291178086400
1268780936327499779
1268780662603034630
1268780553853194240
1268780337347387392
1268780334486704128
1268779593026146305
1268779422867472387
1268779364562333696
1268779191039717377
1268779051616833540
1268779039449165826
1268778996252184581
1268778725115482114
1268778451911102469
1268778432701194240
1268778289604280321
1268777514668666880
1268777274418950144
1268776929479409664
1268776371565674497
1268775912562216960
1268775753434333186
1268775336772112384
1268774817404092416
1268774304856117249
1268773908141846529
1268773699232006144
1268773169843908610
1268772048962232322
1268771948256878592
1268771480269094917
1268771228522876928
1268770458058579969
1268770430577303557
1268770164243197952
1268769624247631872
1268769529951186945
1268769360098873344
1268769315500818433
1268769114186629120
1268768276496044032
1268768116529606656
1268768091711901696
1268767749314093062
1268767128577957891
1268766987737432064
1268766524493324288
1268766497737863168
1268766302375682048
1268766266015318016
1268766160998346752
1268765517155692545
1268765290386599936
1268765168755867651
1268765136820621314
1268765044717871104
1268765038761906176
1268765020780933120
1268764887343218688
1268764796234711040
1268764773300264960
1268764679121145856
1268764662872584199
1268764482609664001
1268764256356503557
1268763682558730241
1268763401506959360
1268763389351784448
1268763299342176257
1268763121486725120
1268762980520529921
1268762939089190912
1268762764643831810
1268762662441107456
1268762515250479104
1268761873631059968
1268761634971029504
1268761608349720579
1268761563000946692
1268761475738480645
1268760642816794625
1268760512713523201
1268760261814444033
1268760131023409153
1268759924403769345
1268759318456926209
1268759294868164610
1268759162848251904
1268759133576200193
1268759092279083009
1268759079419121665
1268758864553480192
1268758776112439296
1268758757774934022
1268758604540239872
1268758473937846274
1268758428824023041
1268758035209629696
1268757871954558977
1268757767755640833
1268757765289205761
1268757719214891011
1268757461441396736
1268757111657369601
1268756884078489601
1268756652875902976
1268756070215942145
1268755780922232833
1268755735896297475
1268754221299568640
1268754033680027648
1268753797700112393
1268753389019693056
1268753296031977473
1268752896134270976
1268752842904518657
1268752784385548288
1268752692819755013
1268752580169039873
1268752534832898048
1268752078350028800
1268752007281721344
1268751965820841990
1268751819116875776
1268751529189748736
1268751163425513473
1268751076720812032
1268750938241503240
1268750929542569984
1268750568845201408
1268750556006408193
1268750547852709888
1268750432903606275
1268750333783629824
1268750328452616193
1268750182230962182
1268749741615087616
1268749603932954627
1268749360726245378
1268748757128171520
1268748725536428033
1268748551720300544
1268748454064541696
1268748365094948864
1268748181258539008
1268747849044549634
1268747803158884355
1268747655338844165
1268747612741500928
1268747497926651907
1268747414896287744
1268747103506960384
1268746966697050112
1268746718859816960
1268746233365049345
1268746187093442561
1268746175265624065
1268746030914457600
1268745917429100544
1268745863263686657
1268745843991089154
1268745831844179968
1268745557209681921
1268745418558582785
1268745235850559488
1268745206263951363
1268745020271722496
1268744830919651328
1268744790700519425
1268744542179610626
1268744048090787845
1268743836395855872
1268743665725378560
1268743472565096449
1268743082872205312
1268743042854457344
1268742896674639873
1268742822485770241
1268742820589965312
1268742445480591360
1268742044039761921
1268741999684923392
1268741997608697857
1268741727449305088
1268741690984185858
1268741239261679617
1268741083275681795
1268741045178826754
1268740766614073345
1268740547998605312
1268740517778653185
1268740191520468992
1268740184507629568
1268740127779696643
1268740085266046976
1268740008069885955
1268739881280266241
1268739799466139650
1268739752339009538
1268739629387137024
1268739565277282305
1268739236066402306
1268738889759547392
1268738812219449346
1268738611702358019
1268738415811604480
1268737848590700544
1268737838885068800
1268737666809573376
1268737635301896194
1268737612950446082
1268737489721679873
1268737486592737280
1268737397040152576
1268737066973696000
1268737012569452546
1268737009654382592
1268736939634692097
1268736920806469632
1268736704417947649
1268736645760770049
1268736569122467851
1268736475795017728
1268736230113435648
1268736054238089216
1268735885413158913
1268735798079131649
1268735682509496322
1268735490414518278
1268735285195505666
1268735224499843073
1268735222696357889
1268735076424134656
1268735043838578688
1268735040290201600
1268734943963820037
1268734845712244741
1268734832458248192
1268734474121953281
1268734439766425601
1268734378240290820
1268734230546317321
1268734208710754304
1268734162489544705
1268733800776949761
1268733788173058048
1268733618068828160
1268733609046769664
1268733465450680321
1268733203050901506
1268732941129179136
1268732862959890434
1268732773596049416
1268732722014375937
1268732628078747648
1268732492845998080
1268732367771799555
1268732365997817859
1268732330186887171
1268732237551243265
1268732166483165189
1268732098367586305
1268731897116536832
1268731658624106497
1268731612855844865
1268731524700090371
1268731382991290368
1268731278985068544
1268731250543669255
1268731076211625986
1268730937317212160
1268730503051407360
1268730476728115201
1268730371925061633
1268730319873736704
1268730202001203205
1268730122993008640
1268730035139158016
1268730032165289984
1268729842263965696
1268729826174619649
1268729812039995393
1268729744914333696
1268729594464608256
1268729430517649409
1268729207460429825
1268729097003433984
1268729036789805057
1268729017093537792
1268728960764055552
1268728928014868480
1268728788722032641
1268728598476832768
1268728575152107521
1268728114768752640
1268727903006666759
1268727900427087872
1268727801206714372
1268727789118730241
1268727709535854593
1268727489024659456
1268727376982097922
1268727134652002309
1268727024522276867
1268726991278260224
1268726951000211462
1268726934655156226
1268726812055609345
1268726800642797569
1268726645214642178
1268726620514377728
1268726531049873409
1268726505619816449
1268726504734756864
1268726493485715461
1268726418973884416
1268726063951036416
1268725816818405377
1268725672769400833
1268725625008852993
1268725374478774276
1268725341801066507
1268725135676227584
1268725026318155777
1268724995523518465
1268724954381668358
1268724908562972674
1268724738664411148
1268724524851310592
1268724455129460742
1268724360837283848
1268724329107382273
1268724312514506753
1268724264741384192
1268724146495582208
1268724141005381633
1268724089474162688
1268723973463957505
1268723941796954113
1268723924285575168
1268723842727284736
1268723798079086599
1268723736586453000
1268723641098948608
1268723515143917569
1268723475600072704
1268723370096549888
1268723266266509312
1268723157357166594
1268723114088767488
1268722836623024128
1268722758520680448
1268722567768047616
1268722248380305416
1268722241585512453
1268722239085654023
1268722120663748614
1268722060332802049
1268721872344145925
1268721769407377409
1268721697005469696
1268721634346700806
1268721522279145479
1268721395481133058
1268721352997027841
1268721292158566400
1268721243290767360
1268720629152268289
1268720418061500418
1268720317213691905
1268720228168433664
1268720183100743680
1268719991223918593
1268719945980022791
1268719826962243584
1268719668715536384
1268719659366453249
1268719645080551425
1268719470282895361
1268719322454687746
1268719081278054401
1268718923240878081
1268718642134421505
1268718597100023808
1268718470495039488
1268718359706656768
1268718059310768135
1268717864690696192
1268717837939609601
1268717768477757442
1268717657710309376
1268717646989664256
1268717628366848001
1268717556103352321
1268717445759598593
1268717362158743552
1268717318051442688
1268717310552018946
1268717217593647110
1268716611806076928
1268716248294096899
1268716212466462721
1268716086524096512
1268716056325038082
1268715952654503936
1268715835776028673
1268715586747580417
1268715480845438976
1268715434100043778
1268715282601783296
1268715132709830657
1268714975394217996
1268714731449319424
1268714723803107330
1268714443967528961
1268714000692531200
1268713995235713026
1268713923148201985
1268713775038902273
1268713765853442052
1268713397274718209
1268713253464489985
1268713083729371138
1268712733806964736
1268712010826412032
1268711854861357059
1268711458449260546
1268711376148729856
1268711218732097537
1268711191595159556
1268710973860438017
1268710704757927936
1268710433126379521
1268710363178164224
1268709798763048960
1268709679548395520
1268709098196893701
1268708812036476930
1268708445735104513
1268708119338606593
1268707932159393792
1268707600771792896
1268707385067085825
1268707297322323968
1268707243563892737
1268707232235085826
1268707215587676160
1268706716293533697
1268706673360875528
1268706612836995075
1268706568851390464
1268706441084502016
1268706311849619456
1268706196812296193
1268706106811076610
1268705521869000704
1268705426222141440
1268705394970578945
1268705371540959233
1268705104590450688
1268705010650505217
1268704742705938433
1268704670848962561
1268704347136897025
1268704300538175488
1268704235929075712
1268704141314084864
1268703835935162369
1268703700626915329
1268703012631072769
1268702765405974529
1268702714608967682
1268702327172558849
1268702257564049415
1268701972082950145
1268701943217733634
1268701926524420096
1268701846518018049
1268701783167139840
1268701726758109184
1268701707577499650
1268701395550531584
1268701266273763328
1268701263899897856
1268701130395189249
1268700953919852544
1268700934927986693
1268700901570682880
1268700898903162881
1268700719324037121
1268700713368137731
1268700639082790912
1268700447956705285
1268700271628124161
1268700258856587267
1268700167999492096
1268700123212787713
1268699824154644481
1268699822451757057
1268699755070119936
1268699199429844995
1268699041690501120
1268698609199058944
1268697871311872001
1268697865372794881
1268697692273881090
1268697501504278531
1268697281345269765
1268696931540307969
1268696567944372224
1268696238645444611
1268696198942162949
1268695938173939712
1268695743117824001
1268695710402297856
1268695544148492293
1268695470983073792
1268695088651055104
1268694747620806657
1268694678171508736
1268694620130680841
1268694497870991362
1268694456817070082
1268694120786206720
1268694007699386369
1268693933187530752
1268693694233956355
1268692988005421058
1268692844857917440
1268692193989935104
1268692091384692738
1268692025299304448
1268690879671386115
1268690406914568193
1268689830063423489
1268689098140762113
1268688973481881603
1268687812947214336
1268687806534221831
1268687732618022915
1268687021318561797
1268686987554361345
1268686943468032000
1268686903567474688
1268686017189511171
1268685706496524289
1268685561239396353
1268685480356220934
1268685385242152963
1268685185991741441
1268685026910064640
1268684805207658502
1268684740871274500
1268684704108048384
1268684671493103616
1268684445659381760
1268684231129038849
1268684049616420864
1268683818636120067
1268683734657765377
1268683499801894913
1268683374488547329
1268683371573542914
1268683292888440832
1268683193424674817
1268682773272895490
1268682664682414081
1268682478744514561
1268682390106497024
1268681973763133442
1268681920004718597
1268681317371146240
1268681294411640832
1268681087083053056
1268680994040754184
1268680498789974016
1268680265481715712
1268680185987190791
1268680184154271745
1268680058706722822
1268680049106063362
1268679903479844864
1268679642103156737
1268679548448706563
1268679316700880897
1268679305862746112
1268679100715147264
1268679068536487936
1268679029814517763
1268678992703307776
1268678950705741824
1268678926928396291
1268678897148755968
1268678876562984960
1268678750033506304
1268678740537569280
1268678713677213696
1268678683436257280
1268678654990495744
1268678619749969920
1268678594860945410
1268678591413272579
1268678560690003968
1268678527806652416
1268678497938989056
1268678460777496577
1268678411687346177
1268678379563175936
1268678347644563457
1268678314652078081
1268678274386812929
1268678245257326592
1268678241973186560
1268678091892756481
1268677917996875778
1268677736165445632
1268677362188578816
1268677259386331137
1268677195293220866
1268677026858373121
1268676603699236871
1268676498778722304
1268676114156789762
1268675972682915842
1268675759624904709
1268675585473044481
1268674911754579968
1268674829588353027
1268674708104376322
1268674149318365185
1268673664062558208
1268673557862715394
1268673294305243138
1268673014662459395
1268672952138072064
1268672686189760512
1268672139223347200
1268671945849044994
1268671942757879815
1268671857663696896
1268671851800276994
1268671646933618688
1268671597797421058
1268671481476722691
1268671023647465473
1268671000977293313
1268670760836423680
1268670506963697666
1268670422372896769
1268670003491962881
1268669880989110276
1268669847619227657
1268669696607305729
1268669536775143424
1268668974088290304
1268668488333344774
1268668471186984970
1268668361526980611
1268667534074679297
1268667468135796736
1268667439463772167
1268667412733460481
1268667395272515585
1268667264804536325
1268667260702527495
1268667194654801921
1268667171674247168
1268667086684983297
1268666965834555393
1268666778139480064
1268666494331879425
1268666489961316354
1268666410257059841
1268666124834689026
1268665920500707328
1268665843040190464
1268665792448659457
1268665688262148097
1268665621731999744
1268665400537026565
1268665378772856832
1268665005102313472
1268665001264295936
1268664971048747008
1268664878908260354
1268664878501253120
1268664676495364098
1268664589899751427
1268664345518637065
1268664258180636672
1268664179088592896
1268664053590904832
1268663912007905280
1268663765953888264
1268663645959065601
1268663538832347138
1268662748285730816
1268662513358561296
1268662234789687296
1268662087250829312
1268661519086170112
1268661461636825089
1268661268229079048
1268661201581506560
1268661072883445760
1268660995909697536
1268660975617671177
1268660973570850816
1268660958236467212
1268660433034059776
1268660350926323712
1268660251169095687
1268660104938885130
1268659517794816000
1268659434454040576
1268659401721671680
1268659121408139265
1268658587959726080
1268658569420963842
1268658388537421824
1268658219083345927
1268657869903351811
1268657553879314438
1268657097945812996
1268656847268884480
1268656827568275458
1268656741337759747
1268656482653888512
1268656314709762051
1268656223798415360
1268655966112878594
1268655657978408961
1268655576382345216
1268655415354507264
1268655259364270086
1268655172449964033
1268655102786584576
1268655034943897601
1268654980791021568
1268654924423925762
1268654728063397888
1268654335161888769
1268654061445804032
1268653997449248770
1268653970127552512
1268653942583500800
1268653937781063680
1268653296438444035
1268653233989451776
1268653204419547139
1268653151596326913
1268652653296353280
1268652618076823552
1268652574132994048
1268652396101529600
1268652371518779392
1268652272277286912
1268652236978216960
1268652010611412992
1268651872342212614
1268651725591904256
1268651657128263686
1268651495437844481
1268651257239126019
1268651198153924613
1268651119397482497
1268649533405310978
1268649193876357121
1268649170786754565
1268649148351463427
1268648946500542464
1268648908433108993
1268648798223564801
1268648756125274113
1268868545686970369
1268929936443744257
1268933873876045824
1268890452079644672
1268936755094458368
