1268286291206160384
1268286147454595073
1268285923013226497
1268285786023067648
1268285449493254145
1268285286884102144
1268285045262991361
1268285019929313281
1268284813192069123
1268284510275280896
1268283872829157376
1268283835244044289
1268283827207585793
1268283788804517888
1268283658718371847
1268283629064671233
1268283299933425664
1268283286268325892
1268283235286634501
1268283161559076870
1268283033343324166
1268282827315044352
1268282774600863744
1268282658401980418
1268282654186709000
1268282615573868544
1268282517536280576
1268282405770715137
1268281951632461827
1268281887472173058
1268281757746462722
1268281572337291279
1268281501805879297
1268281424454377472
1268281326433492992
1268281291671089153
1268281266023075840
1268281204127625217
1268281152328081414
1268280974166487042
1268280888821002240
1268280666313101312
1268280591344115727
1268280552362258434
1268280470908723201
1268280431729872897
1268279853482217472
1268279773962235904
1268279719105085445
1268279522614534145
1268279487885647876
1268279323380809729
1268279229906595842
1268279207315922944
1268279198990381056
1268279104513675264
1268278979947106306
1268278741781884928
1268278559468118017
1268278480979980289
1268278418027790337
1268278340072472576
1268278282408955904
1268278248388956160
1268278041161187328
1268277924794454016
1268277600083902468
1268277431967809536
1268277278456381440
1268277207794880515
1268277180737323008
1268277072654368773
1268276977103970307
1268276973081473025
1268276829850238976
1268276808207695872
1268276792261050369
1268276766570958850
1268276586354221057
1268276527227195395
1268276220648701955
1268275817194369025
1268275799167135745
1268275504194433024
1268275297994014724
1268275208944644096
1268275121497812998
1268275062072848387
1268274771587981314
1268274682773385217
1268274550900318214
1268274532797820929
1268274445216616467
1268274429349392384
1268274298025893890
1268274180946083843
1268274130387779584
1268274125841117184
1268273914427461632
1268273784601169921
1268273733673922562
1268273726895861760
1268273690971684865
1268273557928325121
1268273504580861957
1268273465271791616
1268273448431882242
1268273419730198532
1268273251207335936
1268273138258923523
1268273128586842112
1268272876114804737
1268272850999275522
1268272831290277889
1268272817298182145
1268272612611952642
1268272448241352704
1268272139607568384
1268271841031991296
1268271659149963264
1268271549833830401
1268271427213352961
1268271237756710913
1268271043354845184
1268270785505816576
1268270679150989312
1268270478768078849
1268270251088715777
1268269981248208896
1268269977964077057
1268269972960301057
1268269868291407877
1268269845604380678
1268269759403036678
1268269706676445186
1268269698149277696
1268269516309626880
1268269490833436677
1268269391830896641
1268268629352747010
1268268620343382023
1268268489699201025
1268268411148210180
1268268270097821704
1268268157916999680
1268267683608436739
1268267622623297544
1268267553530482693
1268267505921011712
1268267341168730112
1268267123484262401
1268266878662840322
1268266858660065280
1268266842310807555
1268266815035027456
1268266692687192064
1268266558482243584
1268266532808937473
1268266511858380801
1268266498457387009
1268266489850859521
1268266441779720195
1268266215874744320
1268266144642695168
1268265902354640896
1268265857916035081
1268265577983836160
1268265529522995201
1268265312329314304
1268265169643360256
1268265059286990856
1268265003032940544
1268264777324716032
1268264632667574272
1268264440635547652
1268264351170850816
1268264260917956608
1268264097214332932
1268264066956423169
1268263941379108867
1268263634460979202
1268263396073447426
1268263355443286016
1268263271410200576
1268263063280648199
1268262831914442753
1268262542222266369
1268262422965637128
1268262202525409285
1268261709002625024
1268261204172079115
1268261174509879296
1268261142922539014
1268260999804514304
1268260683403182080
1268260541421813760
1268260294826041345
1268260120355418115
1268258999763210240
1268258185099395072
1268258056254742530
1268257602883870721
1268257528816652288
1268257169260109827
1268256991878590466
1268256922555289600
1268256469247496204
1268256062894981121
1268255845659394049
1268255582710050818
1268255374202646534
1268255372155990016
1268255321178476544
1268255137601949696
1268254657689931776
1268254372057628672
1268254346782834688
1268254295889022976
1268254272132648967
1268254230017724416
1268254094755606530
1268254055031332864
1268253909463646208
1268253817738457090
1268253653871276034
1268253500942811138
1268253413189402624
1268253273238106113
1268253209442709504
1268252617483960320
1268252467717947395
1268252117665566722
1268251907899961347
1268251629964464131
1268251604593061895
1268251552617136129
1268251482954117122
1268251027138121728
1268250988101713922
1268250619397246980
1268250604729708544
1268250567236820993
1268250558076461057
1268250278203027456
1268250269562933248
1268250269160275969
1268250065740738560
1268249980449501184
1268249894642384896
1268249871359840258
1268249850845573121
1268249692682555397
1268249638638944257
1268249589888561153
1268249277538668545
1268248994570014723
1268248887569113088
1268248754227941377
1268248715824975874
1268248601295282177
1268248492490842113
1268248463617200129
1268248321099018242
1268248284776275971
1268248234398449664
1268248161316941839
1268248105381658626
1268248097748115459
1268248082820534272
1268248030047809538
1268247975257571328
1268247966726459398
1268247912154365954
1268247586546298885
1268247452265652225
1268247343343661056
1268247084358139906
1268247004645339138
1268246898793754628
1268246764814917633
1268246590940217346
1268246580009807874
1268246475223576576
1268246345300598785
1268246142468358144
1268246065037422592
1268246015443943427
1268245513943597057
1268245137412538371
1268245047352442881
1268244979207614465
1268244887067070464
1268244859015528448
1268244684750667778
1268244588281638918
1268244437957849088
1268244193714921472
1268244189709586436
1268244023107629056
1268244002433912846
1268243881885343745
1268243868761370624
1268243825304072192
1268243578150477825
1268243552779280394
1268243353847595008
1268243076805509123
1268242902528004099
1268242805140467712
1268242764690526208
1268242429842358272
1268242354617581568
1268242228314595330
1268242221339488256
1268242207699435521
1268242158806544385
1268242143459659779
1268241966426402818
1268241906112385024
1268241859429584897
1268241837258616834
1268241798532599816
1268241762902040578
1268241692110577665
1268241690327990273
1268241626721333248
1268241602344075270
1268241539102277632
1268241459125288960
1268241311188033536
1268241243743703041
1268241222071726088
1268241023920201728
1268241021831221249
1268240974448406528
1268240800674205697
1268240612131770370
1268240539427594240
1268240478027296778
1268239996630241281
1268239985708335116
1268239946437066754
1268239867814842368
1268239743252410370
1268239540633784325
1268239411571015687
1268239411264847872
1268239003263930372
1268238884661604353
1268238874284867587
1268238847864782849
1268238847634280450
1268238820190728192
1268238685046288386
1268238635515686912
1268238486877986822
1268238444905496576
1268238372595621888
1268238354484781057
1268238340370898949
1268237916502966277
1268237890993246211
1268237856629297154
1268237837876580352
1268237785653219328
1268237758079864832
1268237622201274368
1268236920733102080
1268236453718433794
1268236362819547143
1268236257605320705
1268236110833963008
1268236066944778240
1268236042517307393
1268235991304646656
1268235901391515649
1268235835704401920
1268235718800871424
1268235521257594881
1268235000220090370
1268234663652462598
1268234619842895872
1268234523730423809
1268234471192563712
1268234430033911809
1268234330733715456
1268234267114401793
1268234068979826694
1268234049304375298
1268233915073953793
1268233783268069376
1268233695216971777
1268233644918874113
1268232971577933824
1268232313235599360
1268232220453396480
1268232119840538624
1268232013888344064
1268231962872946689
1268231746409172999
1268231707913789442
1268231682009825280
1268231477210349568
1268231474165223438
1268231228521697281
1268231106274496513
1268231024057520130
1268231012796043266
1268230895401492481
1268230817756545025
1268230808894091266
1268230803567362048
1268230552144023556
1268230505339609089
1268230278377541633
1268230126812176384
1268230054393319424
1268229983182491655
1268229960118030337
1268229850755670018
1268229846573998080
1268229777812590594
1268229746392879104
1268229733533114374
1268229535868366858
1268229433544114176
1268229355093856261
1268229213590622209
1268229090991095809
1268229061383421952
1268229036221890560
1268228933234892800
1268228728397709312
1268228540228608001
1268228454031425538
1268228350935515141
1268228249911427072
1268228189471625223
1268227950777896961
1268227914937630726
1268227860390707201
1268227674742415365
1268227534723919872
1268227477303955457
1268227471578664964
1268227281304129545
1268227269476171777
1268226715630710785
1268226663495749633
1268226335031296002
1268226324792872962
1268226257961050115
1268226211953557504
1268226210036944896
1268226146199638017
1268226046572277760
1268225999952654338
1268225825616408577
1268225823724666880
1268225717411762182
1268225633009754112
1268225623077470208
1268225601766412289
1268225575400824832
1268225507998474240
1268225460883918848
1268225445650186241
1268225298086199298
1268225146747305984
1268225099225759744
1268225070931025921
1268224826990374913
1268224805565693952
1268224740612808705
1268224697013022720
1268224400941297667
1268224045172088834
1268223760592777217
1268223756503310336
1268223378877558785
1268223334854033415
1268223029546377222
1268222812013187076
1268222771252719617
1268222700868308992
1268222690160250881
1268222677078204417
1268222597105410049
1268222594899226624
1268222594806738945
1268222575332687877
1268222546408767493
1268222461340012544
1268222385078988801
1268222303915163650
1268222285636341760
1268222254208282624
1268222001472126977
1268221929300856835
1268221581987381248
1268221470116704256
1268221259592024064
1268221091539017728
1268221043933450240
1268220968113143808
1268220850232270848
1268220766857957378
1268220758091681792
1268220636549320706
1268220630651920384
1268220324472070150
1268220231752843267
1268220078727794689
1268220057911357440
1268219966916001792
1268219784040255489
1268219575881121794
1268219459749240834
1268219378409058311
1268219288927666176
1268219186628739086
1268219178936348674
1268218682246922243
1268218663116603394
1268218246597095424
1268218172856889344
1268218144419708929
1268218118133952513
1268217879914115074
1268217738092261381
1268217691971571712
1268217024582467584
1268217002944053255
1268216930818838528
1268216628300394496
1268216271767695360
1268216010320076802
1268215972630061060
1268215957001994241
1268215745172901888
1268215657629450246
1268215558744477702
1268215485411311620
1268215201918304257
1268215172403003393
1268215142883495937
1268215067356680193
1268214931930918914
1268214920220377089
1268214865774153728
1268214682709458946
1268214581593243651
1268214526316556288
1268214515109429248
1268214432267743234
1268214250453041152
1268214194635182080
1268213980876746761
1268213904674484224
1268213852451287044
1268213704979558400
1268213673404895233
1268213553070247945
1268213549928767488
1268213549819625473
1268213548754272258
1268213459621220352
1268213357733011458
1268213143060320256
1268213067470397443
1268212571800170496
1268212411019874309
1268212299745165312
1268212299308961793
1268211857640357891
1268211615377371136
1268210873719382016
1268210557557096449
1268210186575065091
1268209535069626373
1268209478584995852
1268209319142494209
1268208333707554817
1268207683246665729
1268207192676720645
1268207076708319233
1268207074623840257
1268206937545400320
1268205766512648194
1268205432633462792
1268205106975191041
1268205072816779264
1268204537287933957
1268204156591931392
1268203257349828608
1268202609644572674
1268202562794160128
1268202558364909569
1268202404731916288
1268202380354617348
1268202026288197632
1268201896617132032
1268201326954995713
1268201247091445761
1268200318145355776
1268200075802472448
1268199774169313280
1268199201302814722
1268199015243341824
1268198866609831937
1268198514804260864
1268198270280531969
1268197619026636802
1268197498234920962
1268197033032200194
1268196839808958474
1268196450728583173
1268196434815275014
1268196322303250441
1268196240736559105
1268195979251064833
1268195540271075328
1268195228281962497
1268194853298540552
1268194583281795072
1268194033970618368
1268193822049071105
1268193153259122689
1268192895170826241
1268192863306821634
1268192750299754496
1268192572968775681
1268192407725789189
1268192265517875204
1268191799388053505
1268191387406733312
1268191331417022464
1268191300584701952
1268191034950979589
1268190933893484544
1268190929493557249
1268190847071387648
1268190528807600129
1268190345503916051
1268190011616374784
1268189591997218817
1268189426183626753
1268189337168084992
1268189312056733702
1268189172390596613
1268188650526908416
1268188615122849793
1268188549242896384
1268188520771915778
1268188504825225218
1268187882616795136
1268187842301304832
1268187832977223682
1268187723468345346
1268187281468403717
1268187115659165696
1268186853548724226
1268186649407762433
1268186647918772224
1268186504096092162
1268186494424014849
1268186391319588866
1268186305361477632
1268186125736304646
1268185969582317568
1268185914653761538
1268185825206034432
1268185824723689475
1268185797858979840
1268185711817220097
1268185608666701828
1268185587510476800
1268185376641990656
1268185332199108609
1268185229946167297
1268185059665874946
1268184760293212161
1268184734267473920
1268184501185908736
1268184311045468164
1268183989971451904
1268183762652803072
1268183690426884098
1268183639113764865
1268183479231090688
1268183322724794374
1268183295394709504
1268183194265948164
1268183058059980801
1268183055786815493
1268183035872075783
1268182944914575360
1268182796146823168
1268182487978717188
1268182289432948743
1268182208378003456
1268181807008288773
1268181733364707329
1268181669065998336
1268181640985149441
1268181618809765894
1268181557837209600
1268181256036069377
1268181087886475266
1268181000665915393
1268180872005591043
1268180378713554944
1268180210719109126
1268180186522099718
1268179961984110593
1268179811828195330
1268179554021117953
1268179428254855170
1268179340547764226
1268179157462257665
1268178963161063430
1268178788535406592
1268178733996933132
1268178555923582982
1268178540119363584
1268178402252451841
1268178150120398849
1268178121032740865
1268177802513219584
1268177628378398720
1268176779694440449
1268176651692769283
1268176646269472768
1268176523778908164
1268176497250091016
1268176445173575680
1268175393917480963
1268175371763146754
1268175321037262848
1268175110806147072
1268174987241930756
1268174853812752387
1268174745536774144
1268174621632794626
1268174594416001024
1268174434587889664
1268174408054693888
1268173811884740608
1268173782973394944
1268173590144393217
1268173549463896070
1268173519491399680
1268173497249009664
1268173451472384000
1268173433633980416
1268173243929763841
1268173189957464064
1268173138757668864
1268173123943378944
1268172809852911617
1268172566046408706
1268172446739378176
1268172402565025795
1268172340824805378
1268172306318348288
1268172212068143111
1268172118296088576
1268171740422823939
1268171299433611265
1268170862273929217
1268170857077243905
1268170645411635200
1268170507691663360
1268170429530767360
1268170412053147648
1268170303068418048
1268170258847858690
1268170043751202817
1268169862511300608
1268169802213928961
1268169741434327041
1268169483845283840
1268169387841896448
1268169121851531264
1268169033364516870
1268168744372768768
1268168634372947969
1268168310098726912
1268168209921949697
1268168199645904898
1268168191089545217
1268168161192562694
1268168125104762881
1268168033773682688
1268167463830786048
1268167462765428737
1268167289695805440
1268167040742850566
1268167040138768384
1268166704363962368
1268166600529719296
1268166518967336961
1268165898810142720
1268165707709263873
1268165607956021248
1268165321522851841
1268165306503045120
1268165142619062272
1268165115800457217
1268164853832843266
1268164701638328320
1268164555949002752
1268164294845378560
1268164109729701888
1268164072975073287
1268164010366599173
1268163891005206530
1268163875599499264
1268163866174906368
1268163744502251520
1268163465748897798
1268163083396157442
1268162653563654144
1268162375745667073
1268162354019209216
1268162295152152582
1268162101270503424
1268162030067945473
1268161834504388611
1268161583231963136
1268161394052128768
1268161351060467712
1268161120126320641
1268161077252100098
1268161049577926656
1268160858141659139
1268160832346750977
1268160512505909253
1268160419241365504
1268160090282098688
1268160003959148545
1268159855195537408
1268159821737492481
1268159797125427200
1268159738006700032
1268159679647145984
1268159499069726721
1268159296178728967
1268158746448007169
1268158416201097216
1268158184776183812
1268158132716527616
1268158074730184705
1268157869792219138
1268157573246713856
1268157570587463680
1268157439381245952
1268157438190145543
1268157220610547717
1268156694602952704
1268156367476490240
1268156308030513160
1268156278263644160
1268155810556841984
1268155440808017924
1268155222226059264
1268154969473142784
1268154917279150080
1268154879903703040
1268154656317980672
1268154288397746178
1268153659050921986
1268153262223605763
1268152372347445248
1268152151391506432
1268152083489972226
1268152033674174476
1268151837544394753
1268151830921560064
1268151652797878280
1268151498518589440
1268151456164655104
1268151426787704832
1268151074998882305
1268150905293221889
1268150895486926848
1268150730147454977
1268150579903283200
1268150093833736192
1268150060535164929
1268150005732446208
1268149879861321728
1268149837574389760
1268149538805690368
1268149452470181888
1268149369200685056
1268149169597841409
1268149153378504706
1268149044448235521
1268148738415083520
1268148641430208514
1268148640641617924
1268148600422445057
1268148476896034816
1268148140667998214
1268147887617294337
1268147878842826752
1268147576299311104
1268147350905765890
1268147280210800640
1268147228692054017
1268146997674082304
1268146586217066504
1268146573877411844
1268146258469892101
1268146037765615623
1268145421718827008
1268145117669453824
1268145010194743297
1268144762344878083
1268144686423838720
1268144580525948933
1268144571822878727
1268144522984189954
1268143868299575296
1268143718105788420
1268143680633872387
1268143498143895555
1268143400282456064
1268142848290852864
1268142757006192640
1268142575715856384
1268142426629173249
1268142364494888962
1268142307724931075
1268142268894060546
1268142132038074370
1268142040241635332
1268141724863365120
1268141596006068225
1268141523150962688
1268141404162842624
1268141388660649985
1268141336173203456
1268141277616496645
1268141261434781697
1268141070191296512
1268141026356707334
1268140912355545088
1268140713579032577
1268140575624224771
1268140518732685313
1268140499803701248
1268140467570556929
1268140196240994305
1268140008898211840
1268139980041445377
1268139925846851584
1268139898047016960
1268139358223302656
1268139340280070144
1268139006484676608
1268138857947693056
1268138689819017216
1268138454161993729
1268138143192174593
1268137934462599170
1268137872328179714
1268137485755973634
1268136929398329351
1268136668965543936
1268136273862111234
1268136168111116288
1268136037437538304
1268135548516012035
1268135472032776193
1268135226317975554
1268134899057405954
1268134147459108866
1268133603935911936
1268133365552726016
1268132431254749184
1268132073098919936
1268132020665925632
1268131897068183554
1268131820773597185
1268131085445206016
1268130520216600576
1268130239202328576
1268129979730141184
1268129408772120576
1268129277742067712
1268128798513512448
1268128538907095041
1268128214481866760
1268127961284333574
1268127818187186176
1268127271279308800
1268127151737516034
1268126123013091334
1268125554089365512
1268123938585968640
1268123030166949891
1268122770505777155
1268122481904308227
1268121928616869888
1268121706595418112
1268120888278302720
1268120174907047937
1268118271578038272
1268117718168895488
1268117451130261504
1268116994668343297
1268116737163173888
1268116415850016768
1268116218415681537
1268116071552364551
1268116067819421702
1268115814298894337
1268115288320610304
1268115109278289921
1268114910598356998
1268114830075899904
1268114778058350592
1268113918444081152
1268113638402875392
1268113574301442048
1268113534413533191
1268113117520822276
1268112827069239299
1268112263115874304
1268112064456937474
1268111999377891330
1268111565712166912
1268111238451494912
1268110912872988673
1268110764771966977
1268110746443034625
1268110472429080577
1268110408331726849
1268109936854089729
1268109295184424960
1268109286460108800
1268109258278735875
1268109250561073152
1268108934050504704
1268108614125801473
1268108517996666880
1268108254669832193
1268108066131570688
1268107649058435076
1268107221029830656
1268107162552655872
1268106776911605760
1268106688998961152
1268106609382711296
1268106558300282881
1268106451656019968
1268106298815471616
1268106075347267586
1268105955708792832
1268105380569034752
1268105031477112834
1268104902632525824
1268104898018754562
1268104309855719426
1268103982909657089
1268103866572144641
1268103820892155905
1268103733625454592
1268103680647102465
1268103581242208256
1268103084930142209
1268102888288661505
1268102305347506183
1268102238670598145
1268102222849748992
1268102216768000001
1268102055136317440
1268101911825338374
1268101889004048385
1268100923001372672
1268100850913890304
1268099925797031936
1268099756473176064
1268099310002098176
1268099030019702790
1268099014328823809
1268098898968694787
1268098480981098496
1268097349391273986
1268096306507067392
1268095783775211520
1268095746403860480
1268094938660642816
1268094870385831936
1268094379564183552
1268094290066055168
1268093944191004672
1268093942270169088
1268093941322149888
1268093734778011648
1268093565088837634
1268092198442147840
1268092033819910146
1268091744895348737
1268091615677042688
1268091192589369347
1268091170946715648
1268090078829699074
1268089647533563904
1268089473184796672
1268089211720208387
1268089151217217538
1268088739512934406
1268088273752207361
1268088007208382464
1268087738026414082
1268087390343696385
1268087073841520641
1268086454225457152
1268086165913112578
1268086004185006080
1268085271213596673
1268085190880112640
1268085009690374144
1268084534374998019
1268084509259509763
1268084075362992132
1268084061291118593
1268083956756492290
1268083851055771650
1268083747208998912
1268083681907953664
1268083345394671618
1268082815880454144
1268082171022991360
1268082074335969280
1268081848376340480
1268081739240357893
1268081738003038209
1268081506490167297
1268081298637156354
1268080264066015234
1268080232730439680
1268080151981588480
1268079878475091968
1268079568310673408
1268079464820494337
1268079203691331585
1268078769719447553
1268078702790934528
1268078617986285568
1268078272077856769
1268078226779201537
1268077727850078208
1268077563882151936
1268077117021052929
1268077053389217792
1268076930877796352
1268076930156449794
1268076829254049792
1268076695531241475
1268076175345086464
1268075952493547520
1268075461822820352
1268075122071609344
1268074974822137860
1268074672274489345
1268074405776764928
1268073899163561984
1268073834286059521
1268073388913897472
1268072983618293760
1268072661294481411
1268071990168104961
1268071961244037120
1268071925869350912
1268071293653364737
1268071266252136448
1268071120185569285
1268070997351112705
1268070552939487233
1268070140232339456
1268069285269626880
1268069040234262529
1268068969312849924
1268068580307976192
1268068484438614016
1268068449411928069
1268067757666402309
1268067522311589888
1268067464610566146
1268067450693677058
1268067354094657538
1268067336155811840
1268067263527124992
1268067156098461696
1268067145331511297
1268067136192286720
1268066842616057857
1268066791848398848
1268066682930520064
1268066664173629442
1268066471478951939
1268066101914529795
1268066081257566211
1268065621398261762
1268065560815734785
1268065454183968768
1268065289951821824
1268064980135337984
1268064635879657475
1268064619886776321
1268064200267620352
1268064193816563714
1268064009187553280
1268063909602381830
1268063557435789312
1268063537265438720
1268062989757878273
1268062758701944832
1268062643782180864
1268061866452008962
1268061766950453254
1268061755592278016
1268061594090721280
1268061288711598080
1268061234710155264
1268060694383144962
1268060617451028481
1268060419597328391
1268060316535074822
1268060149115056130
1268059552953458689
1268059352243601409
1268059224044564480
1268059221133856769
1268059123863748609
1268058804194861056
1268058613286760450
1268058505304514560
1268058432042500096
1268057888359976961
1268057434347778049
1268056996940525575
1268056993316700160
1268056850794233856
1268056783311912990
1268056751703650304
1268056710251413506
1268056646175068160
1268056287167737856
1268056133371117569
1268056013300621313
1268055930542964736
1268055694348967937
1268055584865054721
1268055544947978246
1268055425636851712
1268055167317864448
1268054796717752320
1268054718108049408
1268054652987281408
1268054295531880449
1268054280889565184
1268054243665117187
1268054165554692097
1268054101499219969
1268054097749573632
1268053870242136064
1268053846405890048
1268053829561520129
1268053618793611266
1268053592394665986
1268053572152782848
1268053481186787328
1268053444121804800
1268053433581535233
1268053271102451712
1268053064633720832
1268052881489506304
1268052772168978434
1268052669387726848
1268052502945173504
1268052453561438209
1268052321440858112
1268052025167605762
1268051969391775744
1268051863837892608
1268051719918743552
1268051576138027009
1268051544643186694
1268051430356783105
1268051266745143297
1268051188924256257
1268051176630611968
1268051000750829569
1268050954907267077
1268050933608378369
1268050724522516480
1268050344589750272
1268050284850196480
1268050274582589442
1268050135910662144
1268049845530423296
1268049802362867713
1268049775116648448
1268049713850269697
1268049373813932032
1268049209997103106
1268048482050486272
1268048135714041858
1268047837276880897
1268047805844684800
1268047624776462337
1268047539657412608
1268047530731859969
1268047369578393600
1268046940274601984
1268046869931982848
1268046829008097282
1268046791532072960
1268046789241905152
1268046709680029698
1268046705708003329
1268046506122260482
1268046446097502208
1268046388010639360
1268046374798364672
1268045991187484672
1268045824627363841
1268045783900749826
1268045574382555137
1268045482389094400
1268045365170917382
1268045318664249344
1268045146576375815
1268045016229974016
1268044758166929408
1268044351797526530
1268044191570919426
1268044004496678913
1268043979649515521
1268043963975548929
1268043828537196545
1268043805552529409
1268043508436303873
1268043429562458112
1268043388432994305
1268043256908206080
1268043100036796426
1268042998434140162
1268042822445412352
1268042793236205568
1268042770138062849
1268042666421432326
1268042632648970240
1268042251625656321
1268042238778638336
1268042225205809153
1268042207854055426
1268042153948782593
1268042067021889536
1268041923823955969
1268041376689782787
1268041338395561984
1268041242945953802
1268041116022013955
1268040963693346816
1268040938284363777
1268040193887465473
1268039979650830337
1268039960554360833
1268039905604767746
1268039769554063362
1268039699668414465
1268039580990742528
1268039567220838404
1268039514435403776
1268038870471327747
1268038733884010499
1268038387010875395
1268038299047940096
1268038229728641024
1268038202331447296
1268038089215102977
1268038024375472128
1268037983778856967
1268037959854559234
1268037923141750784
1268037915596206081
1268037902639878144
1268037804753330179
1268037551711010819
1268037550603751425
1268037510338240513
1268037260433403906
1268037113309794306
1268037099153915907
1268037083639078912
1268037007118385152
1268036849575985152
1268036795956113408
1268036437091336192
1268036271198396417
1268036240680443904
1268036163052417025
1268035776656191488
1268035714782035969
1268035624587497472
1268035621949370370
1268035602584416256
1268035251512782849
1268035250745217025
1268035249772154880
1268035077570617344
1268035048848134145
1268034954115645441
1268034726796787713
1268034184460873731
1268034028076240896
1268033954675716097
1268033871309950977
1268033803118759937
1268033721308856320
1268033687540514816
1268033652765622277
1268033363014586370
1268033357331542018
1268033333604372482
1268033323563089920
1268033311147847683
1268033297835102208
1268033240247545858
1268033223289794560
1268033067232485376
1268033010034774017
1268032773085892609
1268032765162913792
1268032760863576070
1268032712578723840
1268032697177235458
1268032660036882433
1268032011404488704
1268031975509692416
1268031837542191105
1268031723826274304
1268031561267589120
1268031523741069312
1268031352445648896
1268031270195519490
1268031211731062790
1268031101177458688
1268031092553998336
1268031031518670848
1268031003353911301
1268030711979823105
1268030709916143624
1268030671521566720
1268030658816999428
1268030481993351170
1268030468399620104
1268030362619437059
1268030331422232576
1268030186068381708
1268030061354971138
1268029996880314368
1268029871352999937
1268029784883429377
1268029752222248961
1268029709041889280
1268029556612530178
1268029513553850368
1268029320171315201
1268029286423937025
1268029286348230656
1268029268220665857
1268029214109970439
1268029198104506368
1268029162054352897
1268029139283394560
1268028952301506563
1268028909485867008
1268028648830963713
1268028505784123392
1268028335235330048
1268027968325955585
1268027887426301953
1268027825270882304
1268027775526375427
1268027711722868737
1268027700758929408
1268027698443456512
1268027614884659202
1268027573482721280
1268027557095432192
1268027524757389312
1268027388039802880
1268027369039806469
1268027250546339840
1268027087614590978
1268026920513437697
1268026883586703360
1268026869942804481
1268026784471228416
1268026750799241223
1268026612315860995
1268026264486653953
1268026230865104897
1268026205934157825
1268026194865373185
1268026188477468675
1268026179346284547
1268026113952870400
1268026087004495873
1268026026753286144
1268025852400410627
1268025365634732033
1268025220520083456
1268025194024587264
1268024744936386560
1268024572382793729
1268024472872931328
1268024429386268672
1268024225614434310
1268024219042033666
1268024166839545860
1268024123906764801
1268024025013420034
1268024002267754496
1268023879576047617
1268023834755641344
1268023798986506241
1268023538767757312
1268023416595992576
1268023407964155905
1268023394949185536
1268023369951326208
1268023351915606016
1268023149678886912
1268023065398726656
1268022891075043328
1268022789535080448
1268022601852518401
1268022578267869186
1268022568944054273
1268022468838449153
1268022385011089408
1268022317705297921
1268022237082218497
1268022231839449088
1268022087756570624
1268021933846728706
1268021927723048961
1268021807799349250
1268021794746896386
1268021519973785600
1268021458590208000
1268021319188316166
1268021284031680513
1268021231695118337
1268021136928968706
1268021106604204032
1268020976064831489
1268020931999330304
1268020897916452864
1268020624791875590
1268020620945756160
1268020358713683970
1268020258029408256
1268020108493897728
1268020055394025472
1268020042127589377
1268019985345130497
1268019922333921281
1268019921629437955
1268019878914674688
1268019753639129090
1268019526693720064
1268019526668390400
1268019476500328448
1268019317985153024
1268019113848451076
1268018846457348096
1268018754367049728
1268018712206094339
1268018707999207426
1268018528793366528
1268018506244767749
1268018403731791873
1268018293010575361
1268018266485731335
1268018245757358080
1268018238484615169
1268018166162219009
1268018148776673280
1268018116123955202
1268017949903745026
1268017916521390081
1268017732248915973
1268017708144058369
1268017608709730304
1268017595426443264
1268017581018898434
1268017537062764544
1268017420670611456
1268017391499386886
1268017342811967494
1268017304446676995
1268017301544218626
1268017261853327361
1268017247668314112
1268017234758127616
1268017156685529088
1268016936165801985
1268016902518870018
1268016880863723520
1268016846470557707
1268016824316309504
1268016794607906817
1268016697316831232
1268016562490966016
1268016556325441542
1268016535504777225
1268016399269728258
1268016294189809664
1268016229274525703
1268016101956497408
1268016097816727554
1268016085053378561
1268016079210758144
1268016073607012352
1268016051649949702
1268015971345760256
1268015755754422272
1268015676100313090
1268015652591341568
1268015645926412288
1268015616365117446
1268015384075964416
1268015367911325696
1268015340774141952
1268015314706608133
1268015231000870913
1268015186276945921
1268015132459892736
1268015111878443010
1268015094186852353
1268015070761664515
1268015026457231362
1268014865089736704
1268014828838285312
1268014695727980544
1268014508414468099
1268014494887878657
1268014376662990850
1268014312276320256
1268014236678135808
1268014192440807438
1268014095602782210
1268014032847622145
1268014000811499520
1268013962152620032
1268013883954008064
1268013798230765568
1268013602637664256
1268013584405221376
1268013520135700481
1268013485163712512
1268013479929081856
1268013462178992128
1268013433372512259
1268013427911544832
1268013332109418498
1268013038399094786
1268013033303019521
1268012980911738882
1268012951774134276
1268012906928578562
1268012693908328449
1268012494498357254
1268012466404917249
1268012253682397184
1268012250524246016
1268012210888073218
1268012189560029185
1268012183193034752
1268012145997987840
1268012111331913733
1268012096752627713
1268012007099215877
1268011998782132224
1268011975423950848
1268011917332938754
1268011838756859905
1268011752374939648
1268011675455590400
1268011673006243841
1268011553938341888
1268011545444913152
1268011434157449217
1268011373113610241
1268011338376372224
1268011335109021697
1268011311356657665
1268011274568335361
1268010965611819009
1268010759658680320
1268010741300441088
1268010740805296129
1268010476987973633
1268010466611265536
1268010350902865920
1268010346201010178
1268010266333044736
1268010210515394560
1268010133247922178
1268010123747827713
1268010037278060545
1268009524759130113
1268009496657395714
1268009478508683264
1268009409944457217
1268009305971752961
1268009255434547201
1268009248367218688
1268009211474046976
1268009156793032704
1268009152829444097
1268009025880363008
1268009011418300416
1268008949074161664
1268008811001864192
1268008802311450625
1268008768752607232
1268008756496891905
1268008716953141250
1268008666143342597
1268008662196539392
1268008595058122753
1268008529551556610
1268008403428716544
1268008397137379328
1268008368721068033
1268008217772261376
1268008153515462656
1268008074226413568
1268007898950463489
1268007734533906437
1268007725738463233
1268007600215461894
1268007536663371776
1268007507475251201
1268007444912893955
1268007428572020744
1268007385144139776
1268007300687556608
1268007225404067843
1268007209125900293
1268007191815979008
1268007186942345216
1268007103223955457
1268006917491712000
1268006847367139329
1268006834574635008
1268006777616044033
1268006618626695168
1268006581435801605
1268006470945251329
1268006408299196416
1268006365034921984
1268006353265520643
1268006178887553025
1268006168053592064
1268006154048806934
1268006144062164992
1268005991678951431
1268005950469763072
1268005832110804992
1268005787017732096
1268005716675215360
1268005694571077633
1268005425007325185
1268005388953272321
1268005132622594048
1268005093212905473
1268005088900993025
1268005028972965890
1268004987034120192
1268004912501100544
1268004896545976321
1268004871078322179
1268004785980145664
1268004677884407808
1268004605050228736
1268004429296553985
1268004404080152576
1268004387030470658
1268004245489491968
1268004135896600576
1268004073602719744
1268004060239499264
1268004015541030912
1268003823034830850
1268003767468699648
1268003760002891776
1268003694622044162
1268003630843559941
1268003625684602881
1268003538766086144
1268003467416817665
1268003387221536770
1268003322398560256
1268003188701122562
1268003103237758976
1268003073370152962
1268003049664110592
1268002961550082053
1268002951907377154
1268002754309443585
1268002570351624193
1268002555927420929
1268002504891142144
1268002266897879051
1268002186899972097
1268002040275505153
1268002000622571523
1268001951339470849
1268001914349912066
1268001752038727680
1268001578348396544
1268001577517768705
1268001574921609216
1268001544315772929
1268001173837164545
1268001150596460546
1268000967196381184
1268000880932139011
1268000862166749185
1268000796085374977
1268000725637795843
1268000689915125768
1268000674505097220
1268000662866006016
1268000631802875904
1268000567915417600
1268000472251551745
1268000459945644032
1268000423543275521
1268000344426123266
1268000313400651776
1268000312763142144
1268000237471371265
1267999963255988224
1267999736986042369
1267999625346027522
1267999320617484289
1267999278984650752
1267999233950601217
1267999177205825536
1267999173246251009
1267999022494580736
1267998970875428867
1267998939128778752
1267998893440004096
1267998841762205696
1267998819138129920
1267998719565332482
1267998694890184704
1267998675202121729
1267998610311876608
1267998453830807552
1267998446725656576
1267998420289105921
1267998377448558597
1267998270426505219
1267998187291369472
1267998184233631744
1267998164935536641
1267998154252787715
1267998102583234564
1267998067820822528
1267998047230758913
1267997986770104321
1267997942322995200
1267997935586938881
1267997905681625089
1267997703415328771
1267997616576565249
1267997577074536450
1267997455347601408
1267997441804120070
1267997304285429760
1267997302586736640
1267997268042567681
1267997130385473536
1267997084160069633
1267997074722873344
1267997016501690368
1267996918149455872
1267996852357562369
1267996737773297666
1267996714578907136
1267996714373349376
1267996696560070656
1267996658060742658
1267996613823397891
1267996467152564224
1267996421862486017
1267996389096730625
1267996306632593411
1267996278060994560
1267996082744832002
1267996015904382977
1267995996312735750
1267995959549669376
1267995931401687040
1267995911256506372
1267995834760691714
1267995768708837377
1267995738312761350
1267995658893418496
1267995626563764225
1267995522456883202
1267995519378309120
1267995308580954114
1267995131053031426
1267994977952358400
1267994882632810496
1267994835841159172
1267994758414303233
1267994720774565888
1267994653799993344
1267994170582540290
1267993824573263872
1267993687876722689
1267993534881312775
1267993408406032384
1267993408301391872
1267993189815775233
1267993071209209856
1267993025839427584
1267992735836827650
1267992587320909824
1267992532576808962
1267992342482620416
1267992321800515585
1267991814046449665
1267991671414947841
1267991600048865281
1267991467370385409
1267991298306306050
1267991211601731586
1267991184825126912
1267991116424585223
1267990990926811136
1267990850786607104
1267990779475173376
1267990742099779586
1267990596414734338
1267990513539362822
1267990417137717248
1267990295871778817
1267990270106370048
1267989867960598528
1267989811115069440
1267989790739267585
1267989619494264838
1267989566599753728
1267989410613800960
1267989381010374665
1267988795896430592
1267988451518894081
1267988432405450754
1267988248447447040
1267988157116682240
1267987909707042817
1267987716681031680
1267987456323801091
1267987404796772352
1267987388778807297
1267987226471927808
1267987218947342337
1267987179080347648
1267986984573624321
1267986739962011648
1267986475330736129
1267986326470582272
1267986210619719681
1267985909456220160
1267985859229319168
1267985840732549127
1267985809262559232
1267985272651874304
1267985268600115202
1267985101532454912
1267985095811629063
1267984863669469185
1267984485821427713
1267984405034758144
1267984317613031426
1267984159969955840
1267983805727608833
1267983585463750657
1267983335839629312
1267983194374078472
1267983184324689920
1267983171204849664
1267983056234741762
1267982789082845185
1267982783328079873
1267982740504432643
1267982722372448257
1267982480948121601
1267982235946430465
1267982133882236928
1267981791962398720
1267981252948135936
1267981186112131073
1267981004414861312
1267980817831276544
1267980759316324352
1267980177600057345
1267979859512393728
1267979819523833859
1267979728809390081
1267979646433464325
1267979641291190275
1267979611960418311
1267979311388205057
1267979083415261187
1267978985071411200
1267978966255562753
1267978933686984710
1267978816355553280
1267978778145361922
1267978552374448131
1267978454844297216
1267978285507588097
1267978201373999105
1267978161226121216
1267977843650080768
1267977765640429576
1267977741791453186
1267977734317195264
1267977721549914119
1267977519380041728
1267977424693837824
1267977261573197824
1267976953400905731
1267976948355080193
1267976850631823361
1267976847448514560
1267976830839066626
1267976727365591041
1267976555285884928
1267976500826914818
1267976499740712972
1267976331612037120
1267976323080900616
1267976164695347200
1267976137612890114
1267976090548686849
1267976089433001985
1267976061503094785
1267976059753861120
1267975956809093121
1267975911552561157
1267975900760440832
1267975865457049602
1267975863716511744
1267975806858362880
1267975763141070848
1267975660640694273
1267975473864327169
1267975469745360896
1267975427072692225
1267975425474650113
1267975371435249671
1267975353785561088
1267975187082801152
1267975051493740544
1267975038424231936
1267975023119282176
1267975006002327552
1267974960292618240
1267974932727762946
1267974870547267588
1267974779400851458
1267974744932040705
1267974680834646016
1267974674530459648
1267974653861146625
1267974522826883076
1267974450856603650
1267974414244724736
1267974336868233217
1267974292613951489
1267974276256317441
1267974217578004481
1267974128239329281
1267973920373817347
1267973863176110080
1267973671865454592
1267973474150121473
1267973463991607299
1267973378708852736
1267973341488599042
1267973315588689922
1267973202942152705
1267973155995279360
1267973023996555277
1267973004656599040
1267972996221861890
1267972940370530306
1267972800079331330
1267972757469360128
1267972699550298112
1267972592503263232
1267972535502733312
1267972404380225540
1267972312789327879
1267972187291635713
1267972097390907392
1267972083734253570
1267972078529060867
1267971976548753413
1267971948480471040
1267971879362592773
1267971848471482368
1267971751385972738
1267971677402599425
1267971613863088129
1267971464117891072
1267971311097217025
1267971159267643392
1267971117031047170
1267970919093411840
1267970909530476545
1267970839489785858
1267970834053898243
1267970705632550912
1267970557930278919
1267970524472320002
1267970494457774082
1267970411905638401
1267970230854266880
1267970064239788035
1267969959138717696
1267969958828482565
1267969890809454592
1267969831338467328
1267969719539306498
1267969691559084032
1267969302553964544
1267969267586215936
1267969138699522053
1267969051550265344
1267969023767121920
1267968985640906752
1267968976585404416
1267968935309303808
1267968918036942849
1267968873451720705
1267968799682244610
1267968569402368000
1267968553623392256
1267968514150797313
1267968448992178178
1267968440456957952
1267968416339488773
1267968233333800960
1267968232234708992
1267968215529000963
1267968168888238082
1267968141973315584
1267968130833428480
1267968125892472833
1267967864776130561
1267967835764129794
1267967805854531587
1267967641110614016
1267967615030292481
1267967597250674689
1267967579114688514
1267967460755595264
1267967453042180096
1267967366824165381
1267967251703087105
1267967204517203968
1267967041748848644
1267967027005841416
1267966768582139904
1267966742048894977
1267966714836406273
1267966574687924231
1267966544014979074
1267966520816263168
1267966500708610048
1267966482673254401
1267966381288337408
1267966348589764609
1267966341933346819
1267966339676868612
1267966207120027655
1267966098948972546
1267965943822651394
1267965934125436928
1267965929872330758
1267965885723148290
1267965814679928833
1267965724716265473
1267965716290048002
1267965158594416641
1267965129263591431
1267965088146784258
1267965025441976323
1267964977694081024
1267964906919297027
1267964868117889026
1267964846538027008
1267964819237371904
1267964763138555905
1267964678749200385
1267964626060402690
1267964549048786944
1267964399064514560
1267964279355039744
1267964183708123138
1267964164678594561
1267964085397790725
1267964053047201794
1267963854245564416
1267963845122850818
1267963780643913729
1267963709424615425
1267963669671010306
1267963665971625984
1267963639518150659
1267963625072988160
1267963598984425474
1267963386727464962
1267963305676718080
1267963299980861440
1267963193135108101
1267963015552434178
1267962880818806784
1267962673658019842
1267962643756834816
1267962572218785797
1267962398880694274
1267962282308276225
1267962247428673537
1267962225144274944
1267962175496368128
1267962173843701765
1267962118009217024
1267962006772035588
1267961935523393538
1267961913562075145
1267961900886683648
1267961831123046401
1267961700411756545
1267961670334373896
1267961580425281536
1267961572787249155
1267961416893501440
1267961325084389377
1267961109845139460
1267960995785240577
1267960837999910917
1267960833956405248
1267960818873905163
1267960756554870795
1267960606721740800
1267960592570232836
1267960542322458637
1267960486189989889
1267960457140330496
1267960390933250048
1267960376513060865
1267960311623057408
1267960071511781377
1267960058828206088
1267959991866179584
1267959967916658689
1267959930138628096
1267959928657973248
1267959903299219462
1267959853927919616
1267959799251173379
1267959739893366786
1267959714421321728
1267959686030131203
1267959684587237383
1267959678576865287
1267959579683328001
1267959469285220357
1267959353170149376
1267958857537642504
1267958703858184192
1267958596026826752
1267958534513328134
1267958413604065280
1267958404150104068
1267958376056709121
1267958331475451916
1267958284776071179
1267958282980855811
1267958248734425088
1267958236956839936
1267958206363557888
1267958203804987395
1267958196276129792
1267958164009476097
1267958039614681088
1267957987420901376
1267957895284559872
1267957804683444233
1267957761851248641
1267957741785505792
1267957606183776262
1267957402147721216
1267957397328408576
1267957198795280385
1267957167753015296
1267957144566939649
1267957130683916289
1267957023309737984
1267956826894557184
1267956714697117696
1267956680928587776
1267956537277837313
1267956431140958211
1267956311171518464
1267956181051596804
1267956009286406144
1267955916462157826
1267955697762754560
1267955586303275013
1267955119913566210
1267955039479271424
1267954988099211265
1267954978125012992
1267954898332680194
1267954880997502978
1267954571021819913
1267954376217210880
1267954352494448640
1267954216556953600
1267954178451623938
1267953829774942208
1267953693099347968
1267953595732733956
1267953568822288391
1267953156039860225
1267953151178502144
1267952864048996353
1267952751276814336
1267952735346847745
1267952587015442433
1267952540118921218
1267952417611669505
1267952375979028480
1267952334153318400
1267952302805180416
1267951901791813633
1267951565018501120
1267951523918733313
1267951471208751109
1267951324085268481
1267951201036926976
1267950936632123392
1267950893997015041
1267950887881883654
1267950647003013125
1267950453175791621
1267950426827239424
1267950398612090887
1267950298988900352
1267950277153390601
1267950248594309121
1267950199596556294
1267950108395532288
1267950052355354624
1267950029832097797
1267949954191945729
1267949565509959682
1267948581543002113
1267948471505440768
1267948426181959681
1267948132219801600
1267947953618124801
1267947936530468865
1267947785673830401
1267947694552743938
1267947692107468802
1267947685723717637
1267947636209979397
1267947514575106048
1267947364905517063
1267947350640570368
1267947287545667584
1267947264930013185
1267947036688543744
1267947025162571778
1267946909290946561
1267946890668187648
1267946877342715905
1267946781150720006
1267946714943504384
1267946668890046466
1267945880952254464
1267945799767470080
1267945783887724545
1267945732167745536
1267945675540529155
1267945668003258368
1267945282316075008
1267945206382460934
1267945146773114893
1267945104490315776
1267944800130461696
1267944790949277697
1267944336748154881
1267944220851085312
1267943791656304647
1267943779253792773
1267943772182241280
1267943695803748353
1267943654536220674
1267943447551528960
1267943402794110987
1267943363954774022
1267943271856209921
1267942935108235266
1267941942849007616
1267941854844194817
1267941640024489984
1267941150117130242
1267940711107710976
1267940099720798208
1267939942040297473
1267939841959919616
1267939311376359424
1267939251804614665
1267939134502514688
1267938691919593474
1267938341682585600
1267937238920413190
1267937044065513472
1267937022028718085
1267936416949874688
1267936176679333895
1267935970839519232
1267935565455876098
1267935537786216448
1267935351919656960
1267935260513206272
1267935180833951744
1267935015742169088
1267934597737668608
1267934412232105989
1267934242207457282
1267934069616259074
1267933862111387649
1267933840426835968
1267933797103939587
1267933786823471104
1267933560909910018
1267933524130177025
1267933497311756288
1267933479498420224
1267933453535727616
1267933433365434371
1267933329854042112
1267933291140780033
1267933209297330176
1267933164489469952
1267933027964981248
1267932945978806273
1267932807558500352
1267932709017522178
1267932696766042114
1267932668357832704
1267932436710723586
1267932316359426051
1267932237661638657
1267932215524147205
1267932146636898304
1267932081364992002
1267931956060160000
1267931903870619653
1267931882794225665
1267931862195978241
1267931839727128586
1267931769040502786
1267931679898787840
1267931661125029888
1267931496817532929
1267931463082622976
1267931408795746304
1267931345512210433
1267931282782158848
1267931253438906372
1267931162749566979
1267931061897572352
1267930988207718400
1267930986223788032
1267930836147601408
1267930794519035910
1267930645516505088
1267930542852370433
1267930508941549569
1267930433746014209
1267930368067473410
1267930326556389378
1267930214203604995
1267930112969920524
1267930069353324544
1267929994837270532
1267929815400820739
1267929743825022977
1267929579131408385
1267929491776692226
1267929396175704064
1267929284728909825
1267929133729951748
1267929107498700803
1267929033620119552
1267929005413498881
1267928918792835072
1267928904859181056
1267928897074667520
1267928855639015424
1267928853424549896
1267928821077958656
1267928805534060551
1267928781429379073
1267928590039093249
1267928557352779776
1267928496023703552
1267928495440592896
1267928449395687426
1267928404000673793
1267928333276282887
1267928321972527107
1267928147778875392
1267928139948146689
1267928062068428807
1267928010306486274
1267927972809449474
1267927856455094272
1267927774376988674
1267927743729209346
1267927551143366656
1267927404908969986
1267927398911143936
1267927384243597313
1267927331613663232
1267927327364841473
1267926966260445187
1267926954948341768
1267926871628492800
1267926867123855360
1267926802023854080
1267926649552723975
1267926634260312077
1267926537413685248
1267926352763645954
1267926351367090176
1267926301844869126
1267926232081014785
1267926231892123648
1267926180365303808
1267926001436278787
1267925781075816450
1267925541040119809
1267925220939247621
1267925119491440640
1267925084829888513
1267924970799345665
1267924940046635016
1267924868651192327
1267924862762450944
1267924770064076800
1267924630079188992
1267924515738333184
1267924396817231875
1267924385337401344
1267924293821714432
1267924246501756934
1267924207444377601
1267924065383301122
1267924029874282497
1267923993677479943
1268194431938764800
