1284591383353974785
1284590705919303680
1284590416835338240
1284589517475926021
1284587727338352640
1284587169655521280
1284585371435663360
1284585025644695560
1284583661694865409
1284582997887311872
1284581746164535296
1284580877876391936
1284578653565747202
1284577666327248896
1284573500003487745
1284572003865726976
1284571927735160833
1284569904587304960
1284564349609279492
1284564347075862528
1284564115269120000
1284563118321029122
1284559799154352128
1284557855966654464
1284557278025326593
1284551550418006016
1284548917430976513
1284548577491070976
1284548509367242763
1284547134562410497
1284546597720711168
1284543075029852160
1284542635634356224
1284542029628940292
1284541025382359043
1284540621248761863
1284537760334962688
1284537312479711234
1284536630800453633
1284535385721315328
1284534636023095297
1284532846032498688
1284531867778260995
1284530746225549319
1284529838494294016
1284527933466583049
1284527858334015491
1284527770505302018
1284526682804715525
1284526077717733380
1284525121542270976
1284519819522564097
1284517493969584128
1284517342580371458
1284516201020915713
1284512840095870977
1284510951027249153
1284507817253187585
1284506502372483077
1284506084372348928
1284503818915414017
1284503437355425792
1284499547423739904
1284499064243933184
1284497027422920706
1284496642209730560
1284496465923059712
1284495499974676480
1284494422726647808
1284493961474854915
1284490147195695105
1284487261611012099
1284486940134379521
1284485793394954242
1284482833667502081
1284478006531170306
1284474425350467587
1284473972411768835
1284470394112610304
1284469528554921984
1284469289341169664
1284469031253180421
1284468530100998145
1284466516369395712
1284463445098680321
1284461823715168256
1284461072628559872
1284453925593034752
1284450577708191745
1284447633646456832
1284442461671047168
1284437751396540422
1284427310179979264
1284418089849958400
1284409984298688512
1284379107858448384
1284371223120470017
1284363363619876865
1284347651211788288
1284344270644744194
1284342571590922241
1284339204156080128
1284335100956758016
1284334840263868422
1284334102120763394
1284329362393899008
1284328026789031936
1284326896679804929
1284325986629115906
1284322835465408512
1284322622319104001
1284318989116559360
1284316532898758658
1284315981444083713
1284314523952963584
1284314105000521730
1284313286167519234
1284312560246730753
1284311850436321281
1284309600683134977
1284309504004366336
1284307214602305543
1284305316495208449
1284305264305410049
1284304754806607872
1284304440439132160
1284304028101480448
1284303608545189889
1284303456837292034
1284302877100511234
1284301216001019907
1284300823632261120
1284300566034821122
1284300125616189448
1284300020716498945
1284296161701093376
1284295472933478400
1284294849567625216
1284279961570938881
1284279106738114561
1284278307752570880
1284277712811708420
1284271976408743937
1284271918351294465
1284269821413265409
1284262453920976896
1284262318717665282
1284262301462192128
1284262181417041920
1284262058712633345
1284259878534438912
1284258848467902464
1284257234374078467
1284254738435862528
1284247090328006656
1284244506569609216
1284244499464687617
1284241087578599424
1284240100671594503
1284232397014339587
