1268648662848208896
1268648608506818563
1268648214296576000
1268647900634103808
1268647771982237699
1268646805635428352
1268646735347421184
1268646586009161730
1268645978468421638
1268645710888669184
1268645631586795520
1268645027120427008
1268644835638095872
1268644813865472000
1268644616238219266
1268644593970667520
1268644463548792834
1268644180483608577
1268643956146880512
1268643404533071872
1268643162651856896
1268643129407700993
1268642891548831744
1268642455517347841
1268641926225580045
1268641673971748867
1268641631680565251
1268641095790915584
1268640998709760001
1268640874046590983
1268640868564697090
1268640741917470720
1268640659180793856
1268640011123142661
1268639584465883143
1268639323068534785
1268639311265759239
1268638721685049354
1268638481070411795
1268638112554668032
1268638005344047105
1268637957856124933
1268637949136195589
1268637848653246469
1268637794877964289
1268637543005851652
1268637271831478272
1268637243301933058
1268637223651618823
1268636796021243905
1268636747363168256
1268636153831440389
1268635921559281670
1268635579593490439
1268635496877563904
1268635316757422084
1268635296461205507
1268634891895410689
1268634888342814720
1268634718817456130
1268634677650378755
1268634324846497792
1268633923640340481
1268633828123426817
1268633796099936256
1268633727665659905
1268633645356658689
1268633531862917122
1268633461734158337
1268633417194881025
1268633342972497920
1268633267214987268
1268633256276221955
1268633227847184386
1268633091251351553
1268633085119270912
1268632943062323200
1268632940952588289
1268632700065386501
1268632514001805316
1268632470058143744
1268632460952088576
1268632405985955850
1268632040792109056
1268631960055840770
1268631848873271296
1268631693398814720
1268631575769632770
1268631448271151105
1268631440608108545
1268631428448862212
1268631420882300930
1268631321628364801
1268630179775119363
1268630163476135941
1268630030629961730
1268629885699923968
1268629813692071936
1268629727721467909
1268629505402384386
1268629355539902466
1268629251881926656
1268629216838520832
1268629144138444800
1268629037800476675
1268629017441247238
1268628978929004544
1268628588137414658
1268628243936153602
1268628137497239557
1268628120162230272
1268627959063236609
1268627820265250821
1268627747393298433
1268627348544458763
1268627276977094656
1268627018888941572
1268627005395828736
1268626628478816256
1268626573889949696
1268626448186818560
1268626332327518216
1268626049253781504
1268625766532726790
1268625452253544448
1268625410855702530
1268625242269851648
1268624609403789312
1268624378822037504
1268623960461148167
1268623956946403328
1268623878953320448
1268623738557235201
1268623612937818113
1268622486284890115
1268622445608611840
1268622342533439488
1268621788423938048
1268621427877568515
1268621278358822922
1268621120741101579
1268621096808415232
1268621072620019712
1268620988893106177
1268620964612370433
1268620927027249152
1268620911378227201
1268620768872628224
1268620737293586434
1268620705869905921
1268620513137487872
1268620512655114240
1268619985573670912
1268619843026055169
1268619773388025857
1268619768635904002
1268619756879278080
1268619537290653701
1268619510749093899
1268619503518150661
1268619370026033153
1268619230217244672
1268619213083561985
1268619118145486854
1268618916613382145
1268618812804313090
1268618702095650816
1268618634689040385
1268618569392128001
1268618229452161028
1268618141841584128
1268617909955256320
1268617854238093314
1268617785141149699
1268617773778780164
1268617625526919170
1268617295116427269
1268617222961819655
1268617131328827392
1268617013364047872
1268616847378661383
1268616823332761602
1268616822850326531
1268616802063380480
1268616770614693888
1268616662132985856
1268616632655417345
1268616530704515083
1268616345974759424
1268616267079880704
1268616172913623042
1268616163858288641
1268616073332486144
1268615507705384962
1268615459915493378
1268615429854879745
1268615390180962304
1268615363069194240
1268615359440941057
1268615305518972929
1268615295498772481
1268615187474464768
1268615105526116352
1268614807189467136
1268614211057451008
1268614100755587075
1268614098427633666
1268613589079740422
1268613573170921473
1268613505063649280
1268613365577904128
1268613318962376704
1268613153346093057
1268613096077250561
1268612583696863233
1268612490117578752
1268612388066144257
1268611823915487232
1268611747956449280
1268611679421706241
1268611502212370432
1268611457727553537
1268611441298419713
1268611373933658112
1268611169608249345
1268611100704149504
1268611042961063937
1268611038678786049
1268610824744173570
1268610669433233408
1268610071719809026
1268609480717205505
1268609368305664001
1268609308981202945
1268608718909984770
1268608648378552322
1268608603734212608
1268608505080090624
1268608396384546817
1268608367087493121
1268608344933183489
1268608053781450752
1268607915583254529
1268607910290087937
1268607661744050177
1268607622032261120
1268607470416457728
1268607359485726721
1268607357812199425
1268607298412457992
1268606699625082880
1268606394695024640
1268605865201991680
1268605358408445953
1268605026290761728
1268604931059191808
1268604651735318529
1268603977806934016
1268603865051680768
1268603853009813504
1268603088069373952
1268602577899401216
1268602382419734528
1268601915941752833
1268601902591348741
1268601873495252993
1268601516295938048
1268601371466571779
1268601326423945218
1268601269729595393
1268601262708158466
1268601181431046151
1268601014518714369
1268601000140685313
1268600800269516802
1268600795274121217
1268600793562787847
1268600751875637248
1268600669973463043
1268600428226322432
1268600337893646338
1268600272730742785
1268599949484326917
1268599562358358017
1268599524504698880
1268599405680230401
1268598299449274368
1268598281514430465
1268598210223898631
1268597699156287488
1268597282250907654
1268597190449958912
1268596887688445952
1268596752732565507
1268596424855429122
1268596326532448256
1268596269653659651
1268596222119591937
1268596107904507907
1268596081526550532
1268596076350750720
1268596047376453633
1268595705607749635
1268595551832072197
1268595415538176001
1268595287779491840
1268595029691576322
1268594632830656512
1268594533421535232
1268594424243728386
1268594225022668812
1268594011629064193
1268593888769585155
1268593274303873025
1268593199951552518
1268592976588165121
1268592847810449410
1268592628574171138
1268592347543154688
1268592107628961794
1268591993229324290
1268591836567871492
1268591827369721856
1268591799418925058
1268591736718311433
1268591567209738242
1268590996784386048
1268590714717380610
1268590563445673985
1268590531682209797
1268590512006729731
1268590403294564354
1268589832403640320
1268589635762040839
1268589612613730304
1268589295947964418
1268589294920310784
1268589279179145217
1268589214213562369
1268589063960965124
1268588891520618497
1268588771022270464
1268588691980681219
1268588631847043074
1268588585315336192
1268588233375563779
1268587929611522048
1268587610005336064
1268587581492662272
1268587535430795264
1268587486680416256
1268587457915883527
1268586920554237954
1268586870797025280
1268586547546329089
1268586308005515264
1268586273364758534
1268586185913491460
1268585951414022144
1268585889615220737
1268585816626003972
1268585697923010562
1268585677228085250
1268585475339513856
1268585344624209926
1268585226181230593
1268584957246652417
1268584920106045443
1268584888871137284
1268584853282357250
1268584820852039684
1268584751784497152
1268584276603416579
1268584258479808514
1268584084684627970
1268584038576599041
1268583976068952065
1268583956246597632
1268583515370795008
1268583427541889025
1268582901911818240
1268582864783847433
1268582860832804867
1268582847700484096
1268582784743989250
1268582767253692417
1268582634432745475
1268582626710794240
1268582604762238982
1268582247587819523
1268582230957449218
1268582190343847937
1268582081107382272
1268581980813303811
1268581899506778113
1268581689875402757
1268581529489338368
1268581475106148352
1268581436250087428
1268581401965838336
1268581054933356544
1268581033202659331
1268580868739620864
1268580819859357697
1268580788108513280
1268580763924078598
1268580723356774403
1268580720634724352
1268580230828109828
1268580158623100928
1268580087932358658
1268579933015601152
1268579930855669760
1268579669307207680
1268579223230267397
1268579070620680194
1268579030229569536
1268579004006772738
1268578985404850176
1268578966627115008
1268578905620975619
1268578696862011394
1268578692524990464
1268578473372561408
1268578298256392192
1268578266341752833
1268578195852480512
1268577949277655042
1268577619349561350
1268577519047004160
1268577307855335426
1268577234320797697
1268577174073851904
1268577145229582336
1268576524971716613
1268576461318955008
1268576455178493953
1268576371623813121
1268576090584424448
1268576075334012933
1268575905837920256
1268575839890731010
1268575827794579463
1268575710018506752
1268575447220015104
1268575114859286528
1268574569683697672
1268574268943728641
1268574265332207616
1268574254712238080
1268573802146877440
1268573788150673410
1268573784996556800
1268573476866060288
1268573322142416897
1268573313074331649
1268573293109534729
1268573167251009540
1268573122283831297
1268572678476238852
1268572614542401536
1268572584272105472
1268572530681544705
1268572076148953095
1268571947761188870
1268571719230464002
1268571590452805638
1268571307974819840
1268571294561382402
1268571254488956929
1268571147978764289
1268571015858335744
1268570934681587712
1268570704460603393
1268570609958739968
1268570480367132672
1268570209448796163
1268570061108686848
1268569683680276481
1268569529996673027
1268569448719548421
1268569358021820421
1268569088386883584
1268569025405227013
1268568919629090818
1268568877425987584
1268568860082520065
1268568819120967681
1268568528933785601
1268568442833178626
1268567701498269698
1268567687334178816
1268567685714948096
1268567635052105728
1268567403941826561
1268567192892653573
1268566968854069249
1268566528070483974
1268566371476144135
1268566259093905410
1268566251820941314
1268566235366727680
1268566013148377097
1268565755429257220
1268565660570877953
1268565401954287617
1268565288540405765
1268565087893192704
1268564215465414660
1268563776183373825
1268563705777790976
1268563701814214656
1268563678359584768
1268563678078439427
1268563610072219654
1268563457114284033
1268563385307795457
1268563297919471617
1268563233016872961
1268563175026372608
1268563135562231809
1268563027948961794
1268563021615464451
1268562953072267269
1268562869655871494
1268562589035966470
1268562498803961859
1268562357107798018
1268562352112390145
1268562350883377153
1268562308739076099
1268562281262206977
1268562246332035077
1268562210089033728
1268561922158403585
1268561890168406024
1268561722115338246
1268561403260088321
1268561042457706496
1268561013340848129
1268560837809246214
1268560836232187904
1268560793093705731
1268560504760315904
1268560485357625344
1268560436443713537
1268560404566831104
1268560381938671616
1268560359050432518
1268560352888991748
1268560340113113089
1268560273348145153
1268560224383897601
1268560200119857159
1268560183501955079
1268560098236018694
1268559994556870660
1268559915972538375
1268559754147880961
1268559572786188290
1268559051551649793
1268558532976300038
1268558446728818688
1268558408489320450
1268558300066578432
1268557905244098567
1268557836994392064
1268557710594891779
1268557676721713154
1268557670799347723
1268557583209635840
1268556999928819713
1268556956081348611
1268556831766523904
1268556753047863296
1268556748165611522
1268556577138671616
1268556250666676226
1268556238255726594
1268555974702497793
1268555929915662342
1268555890455609348
1268555882780131330
1268555734331068423
1268555697983283203
1268555236072923143
1268554995017945094
1268554869184569349
1268554770094141442
1268554696173764611
1268554655950352384
1268554628603555841
1268554581967015937
1268554570193666051
1268554535565438977
1268554519966875648
1268554412311617539
1268554406095699980
1268554317797167105
1268553996962316290
1268553903668412422
1268553898786197507
1268553867194626048
1268553544610844673
1268553463417495552
1268553197158895617
1268553161050120194
1268553082331422720
1268553026308055044
1268552389914755075
1268552290350387200
1268552078034690049
1268551980949143554
1268551912187736066
1268551623300825094
1268551580422471681
1268551559413186562
1268551522809532418
1268551061364715522
1268550575429431301
1268550441090142216
1268550151049789443
1268549671586316294
1268549449997004801
1268549415331147778
1268549319919099907
1268549216898551809
1268548813024833549
1268548810235621380
1268548681533394945
1268548481217630211
1268548448162381824
1268548115503763457
1268548086995050498
1268548052916338693
1268547856912318470
1268546443196891138
1268546193870766086
1268545910532964353
1268545683407208448
1268545547025231872
1268545396374110208
1268545334369755136
1268545214056194049
1268544798861950998
1268544757434851330
1268544607438155781
1268544459270168576
1268544341376667651
1268544194563452930
1268544118923427840
1268543782099849218
1268543773220507652
1268543721047502849
1268543487055671301
1268543382080667649
1268543193865469953
1268543170637434880
1268542729631432713
1268542651038601217
1268542461196013568
1268542355805745154
1268542053295755270
1268541511735619588
1268541166863220743
1268541077243527171
1268541003583098881
1268540614561476608
1268539752430678018
1268539625758474247
1268539571685466113
1268539289983496192
1268539138329972737
1268539116339318785
1268539008965120006
1268538899132870656
1268538772720926721
1268538569821491201
1268538487332114434
1268538372831707138
1268538367332974592
1268538334076379144
1268538226861658119
1268538127926398977
1268537976604307456
1268537880135307268
1268537768336076800
1268537639172485120
1268537398473916416
1268537292613996547
1268537126297067520
1268537079300075520
1268537018260348930
1268536930758729734
1268536760948215809
1268536730292011009
1268536699468070912
1268536657113944067
1268536624079650816
1268536537936994305
1268536525102485504
1268536424976056324
1268536370844368897
1268536369166594059
1268536228149952518
1268536192200585216
1268536032686936065
1268535987828899842
1268535883667562496
1268535798158278658
1268535565516804097
1268535290660036608
1268535280409157638
1268535264177250304
1268534117760667650
1268533877989146624
1268533801761869827
1268533575957217281
1268533246175961088
1268532975085461510
1268532649154486275
1268532580145659904
1268532392257454080
1268532020726181889
1268532019828535296
1268531940170387460
1268531469615587331
1268531447918452743
1268530824527450112
1268530609619599360
1268530340588642310
1268530153510055937
1268530100317937664
1268529568572493827
1268529478218768385
1268529393464475655
1268529301219090434
1268529195241611264
1268529048419958786
1268528715899850755
1268528712083017729
1268528231260532737
1268527913990795264
1268527755454550018
1268527746063298560
1268527733321146370
1268527635077820416
1268527308861837313
1268527124824064005
1268527088635645952
1268527052183023616
1268526840886550528
1268526767834370048
1268526739313102848
1268526714998657025
1268526633415213061
1268526605003079680
1268526570366517249
1268526224466489345
1268526130434277376
1268525762904313857
1268525593538318337
1268525438000869376
1268525241480949761
1268524961792167938
1268524832439894016
1268524658934140930
1268524546736431106
1268524403240898561
1268524310114820099
1268523899521658880
1268523548525690887
1268523156450365441
1268523012644655105
1268522872978497536
1268522272953942016
1268522183774650368
1268522072428490758
1268521976131395590
1268521852823056384
1268521850826563589
1268521563625631747
1268521553907593216
1268521272679567360
1268521251242475520
1268521247127810048
1268521011726692352
1268520414344613890
1268520219011670018
1268520027441041409
1268519982620643329
1268519764818825217
1268519664721825793
1268519640290004993
1268519465882398723
1268519449059041280
1268519271195385857
1268518992488001537
1268518463850582016
1268518324989767686
1268517831152369665
1268517597911429122
1268516629610213377
1268516159869026304
1268516115254259712
1268516053245669377
1268516014419062784
1268515598864130051
1268515579058667521
1268515455146262533
1268514928979316736
1268514644857106435
1268514477349244928
1268513687255605248
1268513507043151876
1268513325937197056
1268513176649445378
1268512963951984641
1268511892601024513
1268511788859039744
1268511673293459457
1268510750752079874
1268510079344615424
1268510068653391874
1268509927926108160
1268509818957881344
1268509615781744641
1268509580881006593
1268508634461474822
1268508398686998528
1268508390679928834
1268507758380400641
1268507359929946112
1268506669107089409
1268506325606170624
1268506294513733633
1268505652013522944
1268505563094233089
1268504877992423424
1268504655467884544
1268504587071258624
1268504459103043584
1268504332158156802
1268504242555420674
1268503952741588993
1268503840883523584
1268503557348696064
1268503386980319232
1268503253911814146
1268502912285712384
1268502191200890880
1268501606875750402
1268501278235283456
1268501231653261313
1268501231267393542
1268500971547590656
1268500954384498689
1268500710401826818
1268500647353044992
1268500346898386944
1268500311116783622
1268500270939541504
1268499914172088320
1268499119099842561
1268499115337449473
1268499011121676289
1268498895413432323
1268498873452027904
1268498788810981377
1268498556509356033
1268498527593824256
1268498443145605120
1268497296699817984
1268497234959589378
1268497185064259589
1268497048011235328
1268496860827746305
1268496815881584640
1268496787553173505
1268496651146199057
1268496236052709376
1268495994125266944
1268495758866726919
1268495599084679169
1268495415068053505
1268494728065986560
1268494522889232384
1268494181455953921
1268494096932405249
1268493875884236800
1268493702592368641
1268493486682071041
1268493136281526272
1268492924037332992
1268492875660234753
1268492807175577601
1268492588237160449
1268492398340059143
1268492017782460420
1268491716513988610
1268491563354775557
1268490923526234112
1268490317365460992
1268489515431333889
1268489317866975232
1268488770879455233
1268487914696192001
1268487718759092226
1268487598969741312
1268486735970865154
1268486464884613121
1268485950381993984
1268485893956030464
1268485659523719171
1268485554737491968
1268485107070971905
1268484342092828672
1268484252028538883
1268484220227186688
1268484119861788677
1268483681909379074
1268483304002641928
1268482450931560449
1268481945152794629
1268481045973721089
1268480757317730306
1268479837339111424
1268479675166326786
1268479328767139851
1268477364029345794
1268477165844209672
1268476940010295297
1268476531984216064
1268475114540150785
1268475036656185349
1268474125116465152
1268473809776119808
1268473808308011008
1268473537456680960
1268473066163666946
1268472961830453249
1268472767709667330
1268472735283494914
1268472404361306116
1268471231373860864
1268471163879141376
1268470038471651328
1268469989494980608
1268469874587656192
1268469613559517184
1268469497654136833
1268469381694185477
1268469060225978378
1268468716464996353
1268468712971153416
1268468551494578176
1268468061675433984
1268467116824551431
1268466376659722241
1268466358959964163
1268465313634570240
1268465119006162950
1268464829443997699
1268464761693405185
1268463534561619969
1268463507084849153
1268463188284145664
1268462738705006592
1268462422093955077
1268462365961584642
1268461383726911490
1268461054763335681
1268460901532946436
1268460785040265216
1268460307124387842
1268460266028744704
1268460187603685376
1268460050051411970
1268460005944156172
1268459633359810561
1268459604490452992
1268459293491318784
1268459183575162880
1268458740082069505
1268458603167416321
1268457854152949766
1268456882575937539
1268456791664472065
1268456764875268096
1268456733858508801
1268456184543092737
1268455903402979329
1268455674490413058
1268454737696956417
1268453929240666113
1268453649480646657
1268453231148929026
1268453198144012294
1268452744395776001
1268452617052512256
1268452418452443137
1268452285291433984
1268451860320382976
1268451738408927233
1268450918149718016
1268450846867484672
1268450817478180866
1268450779557396482
1268449695153524739
1268449157964013569
1268448918393716736
1268448757840064515
1268448498388738048
1268447944702713861
1268447717010726914
1268447079229202433
1268446790401110016
1268446395758866432
1268445939519221760
1268445567086026752
1268445014318739458
1268444586147491843
1268444443297886209
1268443837757657088
1268443171643588608
1268442734068666368
1268442314424217605
1268441933057339393
1268441913755144207
1268441734645760001
1268440526279323648
1268440465625538560
1268439309272723459
1268439250548244481
1268439178456555520
1268438632861519872
1268438423804743680
1268438379731079168
1268437955208716288
1268437695463862272
1268437621593853953
1268437583861673990
1268436960164618240
1268436877499158528
1268436607549538305
1268436526486052864
1268436430591791104
1268436406675951620
1268436153033605120
1268435978672238593
1268435632260395009
1268435472793165825
1268435154130927616
1268435132328939520
1268434911951646721
1268434851033743360
1268434712663490561
1268434499978891266
1268434322001932293
1268434232709312513
1268433802545651712
1268433303171981313
1268433042101596160
1268432772508422145
1268432115558834176
1268432107015229440
1268431745675923456
1268431232397766656
1268431211002826752
1268430220593369099
1268430171390070784
1268429773522579456
1268429706841358337
1268429643226451979
1268429369334095872
1268429227218677761
1268429023841050625
1268428979406426112
1268428973324865536
1268428883184910336
1268428845310492672
1268428293201637376
1268428085243723776
1268427121933922304
1268427005856342017
1268426906032095237
1268426873278791680
1268426659398443008
1268426658081464321
1268426443878367233
1268426322231033859
1268426202827481089
1268426145839509506
1268425669433634816
1268425633899507713
1268425522314227712
1268425201395662849
1268425102607241216
1268424930116243463
1268424342817439745
1268423728850964480
1268423660705988610
1268423497023320064
1268423210313252864
1268423075600588800
1268423000501731335
1268422645814460417
1268422033613840386
1268421987853930496
1268421323513982976
1268421209206775816
1268421007880138754
1268420901206360065
1268420817605537792
1268420521177350144
1268420213336412162
1268420122487685121
1268419983052361729
1268419928933019649
1268419788662902785
1268419435817242629
1268418253803708418
1268418073310253060
1268417930401701888
1268417851448102914
1268417775392813056
1268417752466849792
1268416797428125702
1268416504292413441
1268416443953053702
1268415725061931008
1268415714119036929
1268415615980666880
1268415575618969600
1268415562205421568
1268415529926025216
1268415461592457216
1268415208541818880
1268415131643342848
1268415099544367106
1268414818261725185
1268414487796670464
1268414277754458115
1268414250235555840
1268414004474478592
1268413946442199040
1268413786878181379
1268413737742094341
1268413586226860032
1268413478508756997
1268413466219433985
1268413448104353793
1268413248124133377
1268413107560480773
1268412993244553216
1268412853360291840
1268412791137894402
1268412573835096068
1268412473335599105
1268412288412852224
1268412040495931392
1268411906353577985
1268411836384399361
1268411813550383104
1268411444137275392
1268411355779887104
1268411341636636674
1268411306404691968
1268410819643129857
1268410750940438528
1268410705947922433
1268410678156673029
1268410626264543232
1268409974205681671
1268409446616543234
1268409304861872129
1268408646641172482
1268408423055527937
1268407772825227265
1268407683461246979
1268407356666281984
1268407188050984961
1268407016604631041
1268406909679415302
1268406752908845057
1268406405071020037
1268406246325043202
1268406194902728704
1268406127764672512
1268406057853952000
1268406057212219393
1268405856078626817
1268405801615527937
1268405705796706305
1268405681830281217
1268405651841130496
1268405636506636288
1268405303533436928
1268405267286290432
1268405226224017408
1268405189830152197
1268405151162871808
1268405008413982720
1268404924355928065
1268404641768673281
1268404515394383872
1268404238259851264
1268404004758990848
1268403905802629121
1268403797648240640
1268403745160744961
1268403404897845254
1268403328339214337
1268403306818396167
1268403223276122112
1268403205492420609
1268403204225593344
1268403126324740096
1268402912050335744
1268402550547476480
1268402479340892160
1268402081129431040
1268402025009643520
1268401911360663553
1268401486532313091
1268401252607631360
1268401140598743041
1268401135792128002
1268401134013644801
1268401064706887681
1268401001968492544
1268400962915520513
1268400932913475585
1268400885303930880
1268400440057659393
1268400421174939653
1268399802795999234
1268399675263991808
1268399583085891585
1268399490072842244
1268399383155888131
1268399213492174848
1268399175005114368
1268399125516685313
1268398553925406721
1268398269438275585
1268398214568427522
1268398191260532736
1268398148973555712
1268398137129021440
1268398132733382656
1268398121618456579
1268398063309271040
1268398045084835841
1268398031822565378
1268397937937182721
1268397707221139456
1268397402416975873
1268397172510175232
1268397033184002048
1268396907392450563
1268396830091440129
1268396505653669888
1268396456609640448
1268396283133169664
1268396172785250304
1268396131261640704
1268396095626809344
1268396090707054592
1268396020787904515
1268395718210998272
1268395358469541888
1268395241062596608
1268395212503543808
1268395148221636609
1268394907212771329
1268394870852292609
1268394864837718017
1268394672273207299
1268394553809068035
1268394444333539334
1268394305195929600
1268394155744657409
1268393866715152385
1268393848415412225
1268393824138616835
1268393522006306817
1268393495498231812
1268393459892858881
1268393426736877569
1268393312395935744
1268393258607972355
1268393096313622528
1268392455063437315
1268392388592046080
1268392230072414208
1268392178612498432
1268392161403375617
1268392047620362241
1268391997125132290
1268391829864624129
1268391597101613056
1268391455611138049
1268391311134072833
1268391308864835585
1268391093139169281
1268390962918653952
1268390733901434881
1268390559401619456
1268390416359084033
1268390405852323841
1268390377372946435
1268390325954859008
1268390135403442176
1268390122548080640
1268389876338241537
1268389746180386816
1268389729763983361
1268389715948036096
1268389701825605634
1268389630241419265
1268389515430895617
1268389487840833540
1268389344710017024
1268389293837426688
1268389064605982720
1268388917083922433
1268388751727878144
1268388735617384448
1268388716248064000
1268388630889971712
1268388594491838467
1268388300177526787
1268388284155207683
1268388255722070016
1268388216727646209
1268388079133310977
1268387960409505792
1268387685128945664
1268387616443043847
1268387528199069696
1268387302084096009
1268387273646567425
1268387162057093121
1268387158911582209
1268387135545053184
1268387113038471169
1268387055328878592
1268387045396770817
1268387044881022976
1268387012320477184
1268386943315906560
1268386940568494081
1268386934033985536
1268386911120437248
1268386669184430081
1268386644824031233
1268386624913772544
1268386525974163457
1268386467904028672
1268386370864713728
1268386318741954561
1268386193466511361
1268386123392442368
1268386109807046657
1268386099891597315
1268386094577602566
1268386045479002117
1268386017880485890
1268385984762109954
1268385919901499393
1268385890906202118
1268385831825354752
1268385821834395648
1268385701432877056
1268385627822850048
1268385528795115521
1268385518120730624
1268385460864397313
1268385438001057792
1268385272326008832
1268385182584881153
1268385079203524608
1268385060194881536
1268385030507843586
1268384961721176064
1268384643088252930
1268384381153865729
1268384340573995008
1268384331275415552
1268384258927837184
1268384216687017990
1268384153378177025
1268384104757653505
1268383966379347980
1268383924520202245
1268383916399841280
1268383910045593603
1268383785227337728
1268383763064655872
1268383668608749568
1268383469123616769
1268383450186293249
1268383198326566914
1268383177518788608
1268383054856323072
1268382910006116357
1268382871296765954
1268382804863303682
1268382798395502592
1268382757190807552
1268382649044946944
1268382609945452546
1268382599426293760
1268382544027955200
1268382488482717697
1268382354348761089
1268382158550208512
1268382119778234373
1268381880304521217
1268381768819699713
1268381664670920705
1268381640914436097
1268381618609291265
1268381516913971200
1268381414682066944
1268381384747384834
1268381381131829248
1268381361062232065
1268381305533652993
1268381295408828418
1268381259094360064
1268381205977677831
1268381115175317505
1268381111807356933
1268381107009060864
1268381102109949952
1268380996891635712
1268380941782745093
1268380900384899072
1268380885872566272
1268380793312890886
1268380787948191745
1268380749687750657
1268380676677648384
1268380667340918785
1268380627964882945
1268380607072964614
1268380359453847552
1268380221335625728
1268380169783267329
1268380008625520640
1268379995954503680
1268379841608351745
1268379823782670339
1268379762231312385
1268379753062547456
1268379655922384897
1268379636511019008
1268379300606042112
1268379140161302528
1268379122335711235
1268378873814712321
1268378280606007296
1268377746964656130
1268377570950733835
1268377499907624961
1268377259238395905
1268377202883690498
1268376879809077253
1268376702406688768
1268376565437493248
1268376442045267971
1268376122309390336
1268375785171083264
1268375747288129537
1268375696369467395
1268375215702069249
1268375126141272065
1268374627207843847
1268374504809488384
1268374496471330816
1268374207529979904
1268374128098066433
1268374035416723457
1268373936489656321
1268373829648150531
1268373711117221889
1268373313660710912
1268372914119643137
1268372855684608000
1268372394646913024
1268372364162547712
1268372243144249344
1268371994149621761
1268371872590319618
1268371650401062913
1268371620890054656
1268371531681411077
1268371275350568960
1268371200423587840
1268371022606000128
1268370481259872257
1268369815007186944
1268369564498305024
1268369480566128640
1268369119058907136
1268368967669776385
1268368673447821314
1268368638001557505
1268368594112520192
1268368265182474240
1268368048798355458
1268367611487608832
1268367243542315011
1268366846425620481
1268366665357680640
1268366481944768512
1268366151911985154
1268365764882337794
1268365486758084609
1268365380923224065
1268365234017669127
1268364844224393216
1268364793296982016
1268364394490146819
1268364230639534080
1268364149626597377
1268364075311955968
1268363806008315904
1268363722285707264
1268363634461208578
1268363091374411783
1268363012399923200
1268362861337665537
1268362795923279872
1268362581107826688
1268362507946569728
1268362430222159872
1268362352338055169
1268362100503506944
1268362074045820928
1268362062440345600
1268362006249107457
1268362004496101376
1268361840519786498
1268361327195484160
1268361217262776322
1268361142650449927
1268361025570476032
1268361017265844225
1268360860055019523
1268360713501728769
1268360445259247616
1268359939673767936
1268359806215245827
1268359350646702081
1268359318811709440
1268358890124705793
1268358406160691200
1268358296295010305
1268358220076052486
1268357732098162690
1268357569652748290
1268357296616161280
1268357271966359552
1268356950737092608
1268356552446091264
1268356108491657223
1268355885933494275
1268355734195941376
1268353996231553026
1268353979702018055
1268353951893721091
1268353836936282116
1268353676629827584
1268353628731060226
1268353625044267015
1268353584644739075
1268353551086096385
1268353377378983944
1268353168129363968
1268353017742426112
1268352991461072898
1268352931218067457
1268352908312993792
1268352855368437761
1268352730382336001
1268352729027686404
1268352624094478344
1268352518582607875
1268352402287026178
1268352331227291649
1268352229322489856
1268352216928305154
1268352155947237376
1268351886274560002
1268351603771392002
1268351558619525120
1268351482375614474
1268351276632485893
1268351183787307008
1268351096008765440
1268350988278259713
1268350921555226626
1268350331907461123
1268349107216830468
1268348875338928128
1268348792748859398
1268348750965153802
1268348692450271232
1268348687933214720
1268348596165935105
1268348332281335808
1268347873713741824
1268347873546186754
1268347732361490433
1268347661066870785
1268347585070338049
1268347559015219203
1268347264906539009
1268347176586842112
1268347157456642050
1268347143334526977
1268346998018596865
1268346920625455109
1268346645890162689
1268346454403354624
1268346435772264448
1268346359700164608
1268346066698596352
1268346046582685696
1268345938604687361
1268345730814676992
1268345614531624960
1268345355026018304
1268345348113616898
1268344808344559616
1268344557957234693
1268344441473032193
1268344422053240832
1268344420161720321
1268343963418628096
1268343860012429312
1268343657721212930
1268343636858560513
1268343467618578433
1268343402611032064
1268343377101303812
1268342943531913217
1268342825973878790
1268342725365112832
1268342585703227392
1268342503628918784
1268342421185654784
1268342419436822529
1268342278764007425
1268342177782018048
1268342038283595776
1268341989168132096
1268341835962834944
1268341779658571777
1268341720313257984
1268341664420110338
1268341629448065027
1268341606106779649
1268341461927505921
1268341325512036366
1268341294688075785
1268341267521552398
1268341255819460609
1268341104258187265
1268340836904980480
1268340798287822848
1268340777836597253
1268340760719626250
1268340707858636800
1268340681744867333
1268340634257166340
1268340484881043456
1268340331914899466
1268340264516694018
1268340214264557568
1268340201820229633
1268340118340820994
1268340115631337472
1268339892427390988
1268339680828813312
1268339495054659585
1268339449441615872
1268339434166108160
1268339299059003398
1268339223108579328
1268339166921854978
1268339044225777664
1268339015440314368
1268338647440424962
1268338645490192385
1268338500484476929
1268338183407886338
1268338055628222465
1268337738039922689
1268337704367947776
1268337629151391744
1268337590903672832
1268337457264803845
1268337452281819137
1268337449018601472
1268337340814106632
1268337315505725440
1268337255908859910
1268337097699516417
1268337079638986754
1268337044230754304
1268337010336362498
1268336937707995136
1268336707834974210
1268336691946782720
1268336663996125185
1268336508395716610
1268336494755758080
1268336312467304448
1268336281538437121
1268336268276125698
1268336242497904647
1268336235795357696
1268336196507308040
1268335826620100608
1268335817241448448
1268335656557780992
1268335506393305089
1268335313098866689
1268335288922845185
1268334823380103169
1268334751812853765
1268334632132476930
1268334593008111616
1268334549605347328
1268334410660806657
1268334241311571969
1268334177830780928
1268334105927786497
1268334024499527681
1268333855519371264
1268333823999315970
1268333754893979649
1268333715316453378
1268333621460586498
1268333551772037121
1268333520180699141
1268333502170349569
1268333422315024385
1268333330044538881
1268333220849999874
1268333176994385921
1268333081603321859
1268333028620853248
1268332973692198913
1268332904360423425
1268332833166278657
1268332598855680005
1268332575485018112
1268332532660965376
1268332473626300416
1268332346413113344
1268332265907650561
1268331983643406336
1268331817549119496
1268331478980714496
1268331427139067906
1268331115049353229
1268331108120383488
1268331096854466560
1268331088818159624
1268331061341192193
1268331057318727680
1268330958417059840
1268330207569760259
1268330205581541377
1268330143015219206
1268329903528820737
1268329841599950848
1268329792623034368
1268329631435960322
1268329631062646789
1268329538913615873
1268329486338134016
1268329397603438595
1268329380075515906
1268329379265867777
1268329346726494209
1268328960112254977
1268328877186641922
1268328810354823170
1268328775256858624
1268328581874061312
1268328503763537920
1268328486097149952
1268328482305568775
1268328441838878720
1268328233491103746
1268328201652035584
1268328106374295552
1268327977516797953
1268327864027545605
1268327862760849408
1268327624474013696
1268327279383453696
1268327259410067457
1268327251860389891
1268326956312989697
1268326912339951616
1268326845029769217
1268326702352003072
1268326685797019648
1268326542167478278
1268326479126859776
1268326469261905921
1268326466724511744
1268326413016301568
1268326407106510850
1268326334301908995
1268326189153660929
1268326092588421121
1268325964695719938
1268325918856163328
1268325911260131329
1268325866896896000
1268325628194897921
1268325376117235712
1268325308727320576
1268325292021633025
1268325165315874818
1268325047598530560
1268324980158324736
1268324888865095682
1268324809244577794
1268324725278769152
1268324715745046528
1268324456067289088
1268324449029361669
1268324374161035270
1268324315914801154
1268324309245800448
1268324279847960577
1268324145361756162
1268324035210948608
1268323802045313024
1268323801189756933
1268323770621669376
1268323757829079041
1268323741823631361
1268323716171091970
1268323450365505536
1268323328533635072
1268323264490864640
1268323184341733378
1268323081296261122
1268323022164934656
1268322803326967809
1268322723157041152
1268322677309050881
1268322657126305798
1268322549173272579
1268322475408007169
1268322370671964160
1268322350401028098
1268322048398577665
1268321961760915457
1268321879204548611
1268321666855243777
1268321488203141120
1268321455886028808
1268321293306228736
1268321180710318080
1268321098183122946
1268320882105225218
1268320846063390720
1268320802950139904
1268320755042967552
1268320650671861762
1268320571562979328
1268320416839450624
1268320380025896960
1268320370899054592
1268320286283304961
1268319988940750849
1268319924985843712
1268319897949372416
1268319842290950144
1268319833986420740
1268319765640163328
1268319763672870912
1268319686745350144
1268319672799129600
1268319517354180610
1268319243516305408
1268319227905298432
1268319040495161344
1268319038419210241
1268319029418176518
1268318983167643648
1268318895670095872
1268318800589570054
1268318747179143169
1268318736089591809
1268318723154145281
1268318686739390464
1268318617562644482
1268318595282538509
1268318404399726594
1268318387353972737
1268318350871900160
1268318312540319749
1268317972537520133
1268317915255840770
1268317808074592258
1268317799283191810
1268317785194520577
1268317736964366337
1268317727778902016
1268317682727706624
1268317366087225344
1268317314681896964
1268317151758172165
1268317075778367489
1268316810157359106
1268316764271763456
1268316666569646089
1268316663218409475
1268316604405702657
1268316520297508870
1268316467801489408
1268316106495680512
1268315939512233985
1268315920935653376
1268315909724069888
1268315817957117954
1268315816057024518
1268315809794883585
1268315539895578624
1268315515359019008
1268315374174552066
1268315331526668289
1268315139976990720
1268315002374696968
1268314690796560388
1268314461749706752
1268314387015557120
1268314274327298050
1268314227053195264
1268314111659606016
1268314097063546881
1268314085692592128
1268313827701149703
1268313659866046465
1268313650256887809
1268313631227170816
1268313515594362880
1268313476172218368
1268313397445062657
1268313385013317632
1268313361772687362
1268313213273169921
1268313088425553920
1268312982255263749
1268312823416844288
1268312685432561664
1268312417009725440
1268312227108597761
1268312045096538112
1268312029879832579
1268312024368312320
1268312010393038848
1268311971692150791
1268311912976207875
1268311911659040770
1268311809926156289
1268311762736164866
1268311478014222338
1268311385735229440
1268311345851752449
1268311254122270726
1268311248233328640
1268311200166805510
1268311196454830081
1268310888215384067
1268310852798734336
1268310763560558594
1268310673626288128
1268310661253251073
1268310587097837570
1268310224298901504
1268310181106143235
1268310109798780930
1268309972812623873
1268309876339609600
1268309582708801536
1268309551117467648
1268309242194333696
1268309208501493767
1268309185931825152
1268309128885211136
1268309084253519872
1268308934697209856
1268308716589326337
1268308359167475713
1268308340133822469
1268308042354962437
1268307819750621189
1268307656562933764
1268307581375860739
1268307572332748803
1268307526107508736
1268307494495019010
1268307412282257409
1268307365264150528
1268307273740439555
1268307270368210944
1268307236473810944
1268307139119857664
1268307097546088450
1268307048250454016
1268306979375550464
1268306800115249152
1268306740761804801
1268306596016381959
1268306175109537792
1268306111804968961
1268306074085416961
1268305825098903552
1268305716911017984
1268305579992383491
1268305565932978177
1268305238265651202
1268305131222659073
1268305046069895169
1268304602325188608
1268304377250566144
1268304299299352581
1268304144223199233
1268303974592991235
1268303952619008000
1268303941441409026
1268303880321982464
1268303863334887425
1268303824940412928
1268303805671710725
1268303562909646848
1268303295636004864
1268303207098286081
1268302617509158912
1268302596562804736
1268302434834755588
1268302209474691072
1268301976904835073
1268301848097599489
1268301617897500672
1268301587190972417
1268301305979731968
1268301252514811904
1268300654302294016
1268300576858583040
1268300537218265088
1268300525612806147
1268300516108300288
1268300471095066624
1268300440774610946
1268300323875143680
1268300318682386432
1268300274675957761
1268300269072158720
1268300116009484289
1268300050351812609
1268299814170759168
1268299784831545344
1268299218852155397
1268299156684075008
1268298789607129089
1268298779414970369
1268298751627665412
1268298738063118336
1268298611479150592
1268298455778279429
1268298230845992960
1268298150860783617
1268298127313907712
1268298091389566976
1268297865815666689
1268297559262392322
1268297531282333702
1268297440563810304
1268297335555031040
1268297134605873154
1268296976837357568
1268296938962784262
1268296879722442753
1268296868393435136
1268296859094745088
1268296550503120896
1268296393187381253
1268296363533643785
1268296173674205185
1268296162659971073
1268296102236872705
1268295649012805634
1268295552107778050
1268295255239073794
1268295219105214471
1268294725720616960
1268294548465356804
1268294496711634944
1268294487396114433
1268294348220837888
1268294297033388032
1268294287726428160
1268294262816247808
1268294142498607110
1268293996595556353
1268293698900701184
1268293540964192256
1268293251187998720
1268293177871499264
1268293146628284419
1268293119310802944
1268292886489071617
1268292125797625876
1268292058776731648
1268291481216987140
1268291386639560708
1268291060750405632
1268290265199984640
1268289642916278272
1268289590227619849
1268289305698582537
1268289277508456449
1268288751307853824
1268288582654914560
1268288184468647936
1268287933620129795
1268286742622281729
1268286438493220864
1268286418717233153
1268286409279864833
1268541020611977217
1268300388706521088
1268300157629730816
1268541100752605184
