1267923838832201729
1267923772570394624
1267923516189523969
1267923193093861377
1267923190581469185
1267923076869750784
1267923038886076416
1267922976038703108
1267922898725081095
1267922734471958530
1267922680470278145
1267922304803143680
1267922234020179968
1267922218182422528
1267922119708606465
1267921836135907333
1267921597098229764
1267921477451612168
1267921386519003137
1267921344492179458
1267921199855697920
1267921085061894146
1267920805863669760
1267920742961819651
1267920725379350531
1267920572614430720
1267920452631932929
1267920015606648833
1267919445512663041
1267919237026381825
1267919217342533632
1267919025205424128
1267918976165666816
1267918856338632709
1267918473226670080
1267918314954559489
1267917682419986432
1267917627629776896
1267917391322726400
1267917110987993088
1267916804523020289
1267916782586621952
1267916780959182849
1267916568224083974
1267916307724451841
1267916147082571779
1267916058146385920
1267915920523104257
1267915918308454406
1267915906119864321
1267915743108182027
1267915635251507200
1267915467009724416
1267915212662988801
1267915176700936197
1267915062339153923
1267914820742832128
1267914820034203649
1267914600449585153
1267914084910956544
1267913985006985216
1267913804123275264
1267913803104165891
1267913697667821569
1267913554549600256
1267913456231108612
1267912811151269889
1267912573967630338
1267912522381787149
1267912279514808321
1267912268752326657
1267912122165411841
1267911807911571456
1267911805893881857
1267911782150156288
1267911564612386816
1267911506726760449
1267911493410066433
1267911407280013317
1267911329039486977
1267911254888329218
1267911180309409792
1267911004618448900
1267910769590534152
1267910760799170560
1267910744646938625
1267910617136009216
1267910564086534144
1267910347018637314
1267910240303013894
1267910122359136258
1267910053538955264
1267909948849061889
1267909636977500160
1267909495000268806
1267909464339947520
1267909025456324609
1267908897878220804
1267908849459027969
1267908645674782721
1267908547175763972
1267908238135222274
1267908064646246400
1267907973940219910
1267907961927741441
1267907842612363265
1267907611866914816
1267907594972209153
1267907440546381824
1267907369251606529
1267907276356161537
1267906925825609731
1267906913158733827
1267906891239342080
1267906564175785984
1267906540851400705
1267906243760398347
1267905881691299842
1267905876469448706
1267905796861497345
1267905764670267399
1267905713554124800
1267905701684396037
1267905673196703749
1267905552794910723
1267905493420445696
1267905475527364610
1267905455881412614
1267905278403661826
1267904879164559361
1267904816656809984
1267904816317173760
1267904618094305281
1267904517149949957
1267904443623903234
1267904414175522817
1267904252103532545
1267904210256965637
1267904203009265666
1267904193806901254
1267904169152663552
1267904133346070528
1267904079180619781
1267903992962715654
1267903863576723458
1267903537108803584
1267903519593582592
1267903327976685574
1267903311501340672
1267903163891245056
1267903140906622979
1267903107666608129
1267902964112355328
1267902558510747649
1267902345360355330
1267902295980703744
1267902292793217024
1267902262581637120
1267902048504287233
1267901386383151106
1267901319790178304
1267901215041601537
1267900958551539724
1267900948669763584
1267900857082880000
1267900667089301513
1267900483902922752
1267900348573921282
1267900147251515394
1267899979282210822
1267899897501474817
1267899889981091840
1267899885837324289
1267899880640409600
1267899867499622400
1267899857869533184
1267899362572668929
1267899112009105408
1267899048935243781
1267898985294950401
1267898740599373824
1267898720428765185
1267898701634326529
1267898464643489800
1267898426349543426
1267898166235615232
1267898162095755267
1267898086950612997
1267897964837482496
1267897937276866564
1267897919686029313
1267897866745511937
1267897847531352068
1267897596057657344
1267897579381063681
1267897454617395202
1267897443670204416
1267897191856852993
1267897094490263558
1267896928248967169
1267896720521744384
1267896622224158722
1267896592025161729
1267896472730828801
1267896471547867136
1267896442934476800
1267896442305249282
1267896382351904772
1267896375880146947
1267896365524213762
1267896264839946240
1267896231751299072
1267896143402405889
1267896094823981057
1267896013618118658
1267895977006030848
1267895830259826690
1267895780339302403
1267895717667823616
1267895617033957377
1267895607647059968
1267895585480347648
1267895472989052928
1267895469927268352
1267895429020160000
1267895402147139590
1267895355108061184
1267895203580399616
1267894904342097923
1267894871697883140
1267894749140320256
1267894452401713159
1267894360634523650
1267894344603893761
1267894320922836995
1267894014658981890
1267894011026694146
1267893867824599040
1267893757866840066
1267893749344079876
1267893747989258243
1267893715458068480
1267893678040850433
1267893607152812032
1267893547048599552
1267893503826309123
1267893405507391488
1267893350012792833
1267893307709042688
1267893176150503425
1267893174715981826
1267893060937175044
1267892863645487105
1267892674872434689
1267892619956252672
1267892504965394437
1267892414993190912
1267892029947863040
1267891841464176641
1267891744634310656
1267891516103524352
1267891481068670978
1267891295130918914
1267890979861823495
1267890904595148803
1267890805508919297
1267890753247883266
1267890424913563653
1267890414750760962
1267890369884065792
1267890090975649792
1267890078031937539
1267889831604113408
1267889550468284416
1267889550308884483
1267889528854900736
1267889403382333440
1267889345056423937
1267889272826343424
1267889268351012880
1267889141007527936
1267889130702331904
1267889028902326273
1267888981703897088
1267888975332757504
1267888883406000133
1267888743857500160
1267888381364776966
1267888352310759426
1267888352042397701
1267888319519764481
1267888306123091968
1267888188137365511
1267887958700548100
1267887763933859842
1267887717196709888
1267887478175825932
1267887364518674432
1267887305114750982
1267887171442282500
1267887146397917184
1267887023576223745
1267886619950043136
1267886072706539522
1267886041278697473
1267885801687449601
1267885778308345865
1267885756342730755
1267885743382413312
1267885743323611139
1267885720833794049
1267885690626338816
1267885681566560256
1267885614097186818
1267885594207760385
1267885550469615616
1267885545524473857
1267885421981077504
1267885360580833282
1267885351487655937
1267885230108676096
1267885073430347777
1267885072344023045
1267884955251683330
1267884919654699008
1267884884074340352
1267884491013525511
1267884351951380482
1267884311912603650
1267884269847949314
1267884112670580736
1267884025152143365
1267883945640759296
1267883940590882822
1267883915274051591
1267883901080555520
1267883729197940737
1267883710764003333
1267883618577367041
1267883313815064576
1267883260346093568
1267882950642864128
1267882938705874944
1267882838780755970
1267882767108448256
1267882644265676800
1267882619179618310
1267882555640098817
1267882456817864704
1267882437847236609
1267882399649665024
1267882068601524229
1267881932764962816
1267881868575346689
1267881806067650561
1267881742284791809
1267881694884966402
1267881615520403456
1267881583018729472
1267881545278337028
1267881405683568644
1267881340004958209
1267881330030702592
1267881303283765249
1267881081178591232
1267880985149857793
1267880857131499521
1267880678693015553
1267880642995466243
1267880448639762433
1267880211258826753
1267880166333845506
1267880164580614145
1267880043449143298
1267879916638334976
1267879689760026624
1267879402853019650
1267879271642492928
1267879177342124039
1267878874383364097
1267878851310477319
1267878795228446723
1267878673274810374
1267878405309181952
1267878381166755842
1267878372111077376
1267878347574398979
1267877985148862464
1267877507396784129
1267877501306654721
1267877465625636864
1267877457329258496
1267877276580020226
1267876891769352194
1267876761372692483
1267876754628186113
1267876596884672512
1267876534213324802
1267876175474503681
1267875800122118145
1267875629715697666
1267875296105152514
1267875090588405761
1267875076235378688
1267874930995101698
1267874831434870785
1267874743874736131
1267874163366256642
1267874070508560387
1267873867294543876
1267873736813719554
1267873593104498691
1267873468357455877
1267873382239997958
1267873270944194560
1267873032028262400
1267872728742342657
1267872603840094213
1267872566150135809
1267872538002145288
1267872534181089281
1267872431282282497
1267872319403257862
1267872312340013056
1267872260095909895
1267872195939905538
1267872191472898049
1267872181163261952
1267872149139750917
1267872043766370306
1267872002053996544
1267871947565694977
1267871735531126788
1267871681466396672
1267871640354000903
1267871501182816258
1267871152833269760
1267871138656522242
1267871094087827462
1267871093655842822
1267870863644336137
1267870583351578624
1267870462014603265
1267870299833466880
1267870013689602048
1267869843828719620
1267869818088292356
1267869790493908993
1267869472720896006
1267869179824267264
1267868595826106368
1267868512057536513
1267868302283616257
1267868079460978690
1267867560214761475
1267867437434798080
1267866901901742081
1267866767382188034
1267866527459573760
1267866352343224321
1267866200559824896
1267865896397176833
1267865892269981696
1267865887656288258
1267865762078875648
1267865704004554753
1267865625344401408
1267865512865935361
1267865179041280000
1267864906260504576
1267864589712207874
1267864571487739904
1267864528643133440
1267864268331986946
1267864176132624385
1267864172571906049
1267863991386161152
1267863105687523328
1267862859654017027
1267862744369422338
1267862727638126593
1267862722697445378
1267862678804082689
1267862598227079169
1267862522930978817
1267862503830294536
1267861596988010496
1267861472266371073
1267861335800414209
1267861234826842114
1267860732521177091
1267860528044662784
1267860125185966081
1267860032944779265
1267859944377909254
1267859871384236033
1267859477824450560
1267859331535568896
1267859262618963968
1267859256080031752
1267859231333629953
1267859195585536000
1267858991843094530
1267858892207292423
1267858813664837632
1267858688846573571
1267858647830474764
1267858477591994369
1267858350420766727
1267858345832128513
1267858340228534273
1267858221928153089
1267858149249253377
1267857948673376257
1267857798458728448
1267857638982848513
1267857592929464321
1267857551107948544
1267857366927708162
1267857358039941121
1267857231153967104
1267857081522159617
1267857070075740160
1267856915054419968
1267856794187034624
1267856781650407425
1267856713396318208
1267856667418529793
1267856666785185797
1267856307312345089
1267856129293520898
1267856110427537410
1267856008703094785
1267855971575050242
1267855945046151173
1267855912670302208
1267855664090460160
1267855590929432577
1267855545391894528
1267855328596692997
1267855009716240387
1267854882788249606
1267854662574669826
1267854248953483265
1267854131068354560
1267853945440858113
1267853449527529474
1267853395446161413
1267853317033598977
1267853253913595905
1267852795211849729
1267852632691036161
1267852496162127874
1267851925325840384
1267851700771131393
1267851671184564224
1267851653388161025
1267851305881686018
1267851210251436033
1267851202961772546
1267851185131642882
1267850933960159238
1267850838564917250
1267850750094381056
1267850666522939400
1267850365057273856
1267849977574940675
1267849880086745090
1267849854618910723
1267849767482245120
1267849310751817730
1267848893028618240
1267848843502198788
1267848781330030593
1267848641148051459
1267848570318852097
1267848267561385984
1267848194479869959
1267848185101385731
1267848104868544512
1267847964975943680
1267847806913523714
1267847645923618819
1267847594685972482
1267847533197438976
1267847497189330944
1267847423885479941
1267847367220506624
1267847363667922945
1267847353270140928
1267847351550398464
1267847179768561668
1267847141122285571
1267847097472241665
1267846863098699777
1267846780949012481
1267846774649237506
1267846605627064325
1267846156869963777
1267845815009239041
1267845598826373123
1267845593092759552
1267845498699788289
1267845446724182019
1267845442253066245
1267845340989984772
1267845283985141761
1267845218172370944
1267845081559560193
1267845068767080448
1267844949774565377
1267844920208957440
1267844788457484288
1267844771428683778
1267844750763159557
1267844749647663107
1267844600481419264
1267844507913125889
1267844099769544712
1267844075199311875
1267844020392407043
1267844001362821122
1267843930378428416
1267843824858075138
1267843785083371521
1267843670646145028
1267843169808515074
1267842997606952961
1267842968817410048
1267842708061786115
1267842707453554691
1267842677162246149
1267842586586333188
1267842532614029312
1267842422748467201
1267842381006671873
1267842331165761536
1267842325306318849
1267842020061483009
1267842002974113792
1267841948431405057
1267841793267314689
1267841721502781442
1267841664963543051
1267841553369829376
1267841550622613509
1267841439788150784
1267841124665683969
1267841058123264002
1267841050313404418
1267840961326927873
1267840917978992641
1267840774093205504
1267840694523133958
1267840554571882496
1267840422300332033
1267840390159314948
1267840241458655234
1267840198911672323
1267840053482606592
1267839967763537923
1267839867746205698
1267839846544027650
1267839825912254470
1267839774238347265
1267839711680385026
1267839680789135360
1267839662535704578
1267839602645012482
1267839397317300226
1267839370687590400
1267838969787670528
1267838849067167748
1267838577737678849
1267838367414149120
1267837996482605057
1267837931508527105
1267837885157425154
1267837857940467712
1267837851997216771
1267837822842679297
1267837775581151232
1267837762583085062
1267837156174823424
1267837142778208256
1267837124985962498
1267836718767575040
1267836674811334656
1267836636492152832
1267836600639205378
1267836528375607297
1267836359038959616
1267836192613191681
1267836074669334530
1267836007858216960
1267835957824241665
1267835848545849346
1267835763900719105
1267835672561422339
1267835450703507456
1267835350057132034
1267835273464995840
1267835063007395841
1267834357772943361
1267834338688798720
1267834305914560512
1267834299988037634
1267834291913981958
1267834218345873408
1267834030499811330
1267833797493612544
1267833679021301760
1267833486452367360
1267833301168947201
1267833160328413184
1267833098739183616
1267832896032698368
1267832589814988802
1267832470680018944
1267832245794017280
1267832202273964034
1267832180018950150
1267831899931672576
1267831878419206144
1267831829933023234
1267831825553973254
1267831762119467010
1267831604560506883
1267831381603876864
1267831030620266496
1267830523621040130
1267829739672047619
1267829701470371841
1267829558528446464
1267829469693108225
1267829032906657794
1267829001545900033
1267828774814412806
1267828717868298244
1267828582891442178
1267828363625771019
1267828121861935106
1267828079692374018
1267827293457485824
1267827184275607552
1267827142462586884
1267827052440252418
1267826839344431105
1267826677637234688
1267826505339432964
1267826482270724103
1267826319275880457
1267826290591010818
1267825892056633353
1267825736540237825
1267825509641023495
1267825221592965121
1267825195357573124
1267825159144009731
1267825028634038272
1267824414936018948
1267824217782812672
1267824210128199680
1267823624456560640
1267823566281572354
1267823329479495681
1267823314593918978
1267823096276193280
1267823087241752583
1267823083236126724
1267822942777303043
1267822845817585669
1267822539000041483
1267822438202540032
1267822299010314244
1267822209176711168
1267822122472140803
1267821969338019841
1267821915541925888
1267821729058967561
1267821663179005953
1267821644988379137
1267821612637646848
1267821549349814275
1267821501455032326
1267821453438627842
1267821342054739974
1267821107999993857
1267821052085690372
1267820611432181763
1267820325556809730
1267820153925890052
1267820129473007620
1267819799016439808
1267819748487659525
1267819653855772673
1267819538978009090
1267819387026726922
1267818902291013632
1267818842979332098
1267818376082014208
1267818193977917446
1267817758164578304
1267816972206530563
1267816818502033409
1267816810503499778
1267816405090488321
1267816205466783744
1267815934107848704
1267815574895235072
1267815448629788678
1267815001227694080
1267814936626860034
1267814875432202240
1267814661941936128
1267814434124075014
1267814419578286083
1267814263751495680
1267814142888599553
1267813866328584192
1267813242035978241
1267813017959399424
1267813014943629312
1267812937907023872
1267812768788262917
1267812576194412549
1267812574130778112
1267812563976368131
1267812486805434368
1267812279371698181
1267812246731796481
1267812145435226112
1267812135578583045
1267812128276258817
1267812108676272128
1267812092440203264
1267812009128734720
1267811917692841985
1267811916279357440
1267811793973448706
1267811623726710785
1267811485973123072
1267811403311833088
1267811283761541121
1267811223988559873
1267811071391399936
1267811027103735811
1267810928193605633
1267810853275029504
1267810841266708480
1267810836585857024
1267810831686864896
1267810718516162560
1267810342614249472
1267810334192082944
1267810279871655936
1267810234581606400
1267810217745616897
1267810064926007302
1267809954502762501
1267809769240375296
1267809744820944896
1267809735421673475
1267809631361011713
1267809539308560385
1267809503942230022
1267809469892669440
1267809444844503040
1267809267660337152
1267809062063714304
1267808874700120064
1267808835244261377
1267808797034045440
1267808777614524416
1267808731254972416
1267808570239836161
1267808465617125377
1267808456427425793
1267808441403183104
1267808243688103936
1267808200537112576
1267808065342054402
1267807728220557312
1267807718267592705
1267807704799760386
1267807620221583364
1267807450310287363
1267807400909615105
1267807262602481665
1267807206700974080
1267807056947556353
1267806745126109184
1267806637269504000
1267806559926661120
1267806527198498818
1267806482491457538
1267806424169578496
1267806355429027843
1267806267676020737
1267806171408318466
1267806094560317441
1267805950045544452
1267805926704197634
1267805875453992960
1267805860916576257
1267805835511705601
1267805475522908161
1267804945560018949
1267804613878657034
1267804577836998656
1267804572757692416
1267804564088131585
1267804139305779201
1267803792445247488
1267803781728743426
1267803774489440256
1267803654695686144
1267803636165496832
1267803413280174080
1267803217993306114
1267803126838562816
1267802712160206851
1267802009794686981
1267801971429236738
1267801916379103233
1267801865913237504
1267801848028766209
1267801761596665857
1267801686703308803
1267801658249170945
1267801534164860928
1267801387712368641
1267801246615965697
1267801160838082560
1267801125417353217
1267801019829964817
1267800887398989825
1267800649393037313
1267800207254839298
1267800188938145794
1267799736406487040
1267799560103112704
1267797809266335751
1267797720066134016
1267797579473063937
1267797449608921088
1267797340972343298
1267797061090578435
1267797056095207427
1267796926126157824
1267796892773158914
1267796810510278656
1267796710744559616
1267796470176104449
1267796328672886788
1267796271919742978
1267796102834765824
1267796045087469568
1267795861435813889
1267795738731266049
1267795738081329154
1267795653322833921
1267795605746835458
1267795552357548034
1267795536716771330
1267795479749898240
1267795333494575104
1267795323956543493
1267795312309141505
1267794969856749568
1267794840198078465
1267794811895111680
1267794698703384577
1267794663731232768
1267794594164604929
1267794433749090304
1267794369924550657
1267794326341459970
1267794271584817153
1267794168551628800
1267794040357076992
1267794037077168129
1267793884685324288
1267793763721793536
1267793570926178304
1267793356471615489
1267793098106699776
1267793066771066880
1267793013834735619
1267792985019867136
1267792963570151425
1267792949632552960
1267792944049897472
1267792853209681921
1267792583520071681
1267791907918417920
1267791837722546179
1267791576119549954
1267791538710614016
1267791533736148993
1267791415129649155
1267791379633233920
1267791315296833542
1267791204097363970
1267791193699758081
1267791032588144645
1267791019439017985
1267790958273409030
1267790893676810246
1267790339294859265
1267790325554262019
1267790307778797568
1267789966437953536
1267789964277940225
1267789843725275137
1267789785160208389
1267789747038162946
1267789585444151296
1267789516061978624
1267789437733416960
1267789412865359877
1267789280543477762
1267789171843837953
1267789011617275904
1267788858663542786
1267788716547940359
1267788380601016321
1267788073116590086
1267787823446396934
1267787555568828416
1267787430666670081
1267787425671188480
1267787024519565312
1267787017494069248
1267787014247796736
1267786837340196864
1267786716691279873
1267786524508250116
1267786341762371585
1267786206298898432
1267785924231835648
1267785607822090242
1267785472463515654
1267785146318675971
1267783752891142145
1267783387424665601
1267783367312830464
1267783150714880000
1267782305310896128
1267782166185775109
1267781597765476353
1267781478374690816
1267781457419792385
1267781389467836416
1267781244147859456
1267781230189260800
1267780980439502849
1267780698221445123
1267780614385741824
1267779804864094208
1267778118091243520
1267777954899165186
1267776958915579904
1267776401882484737
1267775578024755200
1267774917719683074
1267774149394493448
1267773308663037953
1267773251926794241
1267772991921885185
1267772692217856000
1267771834432282626
1267771523332550660
1267770603483926528
1267770218962550784
1267769923645976577
1267769649334190085
1267768885522153474
1267768867557904384
1267768274466594820
1267768262298927104
1267768102768578561
1267767351761657857
1267767021669953537
1267766908948041728
1267766904401223680
1267766820376842240
1267766731457601536
1267766397972725760
1267765215606833154
1267765116768002048
1267764952405770241
1267764891919802368
1267764502155706368
1267764247729254402
1267763513226924033
1267763309341634560
1267762716246228994
1267762176196034560
1267761904325472257
1267760850070372352
1267760240625201152
1267759612620570625
1267759314204327940
1267758475444174848
1267758120970915841
1267757932516569088
1267757494228660225
1267757209292767232
1267756987904856065
1267755623787216897
1267755246358585344
1267754990438932480
1267754268922007557
1267752998475894784
1267752865499512832
1267752655113289730
1267752529053601792
1267752248039411712
1267751714863579136
1267751680529125376
1267751587239387136
1267751142974541824
1267751096203620352
1267751041518325761
1267750462100574208
1267749775321038851
1267749606831591429
1267749536828661762
1267749517396410368
1267748939052322821
1267748850430808064
1267748706163580928
1267748552060669952
1267748262649331714
1267747857504694272
1267747603782959105
1267747267907379200
1267747223330267136
1267746962662731782
1267746603668066305
1267746546323513345
1267746232622911488
1267745945829154817
1267745638911016967
1267745635018530816
1267745582275350529
1267745499412606978
1267745391660933120
1267745276909019136
1267744472445657089
1267744439226773504
1267743958597160972
1267743935054700550
1267743762010107904
1267743674001063937
1267743613842227200
1267743327245553664
1267743192033579008
1267742743595343874
1267742679879704579
1267741978764156930
1267741654280216576
1267741317037264897
1267741074782588930
1267740921296293888
1267740739657592832
1267739605933178880
1267739519710871552
1267739360625074176
1267738909783408641
1267738749359751168
1267738467792031744
1267737882602676224
1267737660044402688
1267737459934162947
1267737249254387713
1267736819317133314
1267736784101756928
1267736492471758849
1267735840505110530
1267735560967389184
1267735488808382467
1267734885223075840
1267734826943156224
1267734699776106497
1267734414508929025
1267734298595074049
1267734128159412224
1267734046890754049
1267733981568647168
1267733863272513536
1267733542559154177
1267733503862398976
1267732980115451905
1267732948779819008
1267732947010039808
1267732932803923968
1267732716704980994
1267732663357575174
1267732018584006657
1267731054456012801
1267730930493321216
1267730722220937217
1267730712251285504
1267730675286847488
1267730625466941440
1267730525327933442
1267730086859546625
1267728607071178752
1267728564184637440
1267728023631138818
1267727742939869185
1267727578762301440
1267727552610795520
1267726909770735617
1267726808436346883
1267726777067028480
1267726683412459522
1267726578479517696
1267726395276275712
1267726078606524418
1267725664586731520
1267725350240313345
1267725294015844352
1267724997134606337
1267724505549594624
1267724489221115904
1267724072739196928
1267724066506637312
1267723964194881537
1267723842828537856
1267723442045976577
1267722549569486849
1267722226247192576
1267722032365608962
1267721613417439232
1267720707229790208
1267719757232582658
1267719385734471682
1267719364960301056
1267718981453926400
1267718948843393024
1267718799534456832
1267718619712163843
1267718142869925889
1267718127015477248
1267718046841438214
1267717227039473664
1267717190519848961
1267717106658877442
1267716921165623296
1267716837120323584
1267716677250121728
1267716556449972224
1267716383699202048
1267716213062467584
1267716204405415937
1267715865509756929
1267715390764802049
1267715320590086144
1267714417451577344
1267714399764021249
1267714320768663557
1267714058200903680
1267713785655107586
1267713767355211776
1267713668759777293
1267713617450975232
1267713577273737216
1267713417177190401
1267713363834032128
1267712888963313664
1267712588172820480
1267712361395294208
1267712318164647939
1267712295230201858
1267712213806022657
1267712177739304960
1267712076669214721
1267711707398508545
1267711647067574272
1267711434164768769
1267711331890683906
1267711269248753669
1267710992508760065
1267710785540591617
1267710761058500608
1267710178574495747
1267709989541474304
1267709895811317760
1267709873581506560
1267709781403369472
1267709597113933824
1267709520786030598
1267709483515392001
1267709345053265920
1267709205357694976
1267708402966257665
1267708083238604800
1267708040049901570
1267707746515730432
1267707734251786241
1267707647031078912
1267707641133924352
1267707640957693952
1267707604110684160
1267706934716579840
1267706801430069248
1267706533166510080
1267706108136718337
1267706044819615744
1267705520019963905
1267705465548550144
1267705254121889793
1267705208051654656
1267705160014245888
1267705063750823937
1267705041013501952
1267704627304284160
1267704241067626496
1267704033273237504
1267704029133418496
1267703964151287814
1267703891816316928
1267703746353483778
1267703616044888064
1267703206446092289
1267703166063251456
1267703103983411207
1267703091954159616
1267702896755224576
1267702771186163713
1267702660322390016
1267702640445722631
1267702523516735488
1267702101859336204
1267702077276463104
1267701839878926341
1267701832538681344
1267701524769026050
1267701445823836161
1267701349212356616
1267701317549592576
1267701200515981312
1267700991442518016
1267700918369292288
1267700917547208704
1267700626651254785
1267700494132264960
1267700377098620928
1267700023686336512
1267700010680008704
1267699995236397059
1267699973316939777
1267699936868610048
1267699861710872577
1267699832455643136
1267699726444630016
1267699335455805440
1267698841668599808
1267698698340818944
1267698542144974849
1267698534297583616
1267698340239568903
1267698213101821952
1267698076891803649
1267697997078384641
1267697775447207938
1267697773370986497
1267697456017543168
1267697417035476992
1267697218150072323
1267696686857502720
1267696580770934787
1267696579198189569
1267696512169127937
1267696421009911808
1267696394518831104
1267696346976395268
1267695895417667584
1267695874483744769
1267695732355555328
1267695601908580353
1267695391593492481
1267694489331625984
1267694298524311552
1267694282036711424
1267694007120998401
1267693975160438786
1267693901491720192
1267693878494322689
1267693792477372416
1267693742548541440
1267693679763951618
1267693676488126464
1267693672855777280
1267693566417125377
1267693379724271618
1267693225755553792
1267693136781799424
1267693089671569412
1267692965281124354
1267692835207352321
1267692511293657089
1267692474849529856
1267692124537004033
1267692104383258624
1267691812250169345
1267691785154957312
1267691308602331136
1267691180839456769
1267691140574150658
1267691085003923457
1267690937225867266
1267690871736025089
1267690871186587650
1267690861686427649
1267690823811883008
1267690719243677696
1267690617267605505
1267690561571442688
1267690545670959105
1267690444021956608
1267690153071407104
1267689710048157696
1267689704767533069
1267689630465503232
1267689188813492225
1267689129338265602
1267689067971358724
1267688914480852993
1267688851432226816
1267688718355357697
1267688703612391426
1267688574486319105
1267688507839057920
1267688477078040576
1267688391572783105
1267688096767893509
1267688090090364928
1267687924503654402
1267687846288273415
1267687618252140545
1267687559708020736
1267687363569836032
1267687329260621824
1267687179666378752
1267687082786353152
1267687073793765377
1267686856826601472
1267686816452243458
1267686489141284865
1267686173721288705
1267686038606172160
1267685980997218305
1267685937083023362
1267685865544912896
1267685780614348800
1267685647696920576
1267685264786288640
1267685201796198400
1267685078114676736
1267684936066056193
1267684263270338560
1267684262913900544
1267684038644391937
1267683926518067200
1267683892917665792
1267683850626330624
1267683830149898240
1267683643029241857
1267683572602699777
1267683569285070849
1267683456894537728
1267683203839479808
1267682979054104579
1267682963665440768
1267682943973101576
1267682855771045888
1267682793657679876
1267682685062807552
1267682165795373056
1267682114230599682
1267682065450860547
1267681673992421379
1267681659475943426
1267681607638376449
1267681242540990464
1267681230817865728
1267681225935917057
1267681005701226496
1267680977016385536
1267680720903827456
1267680658433798144
1267680456939409408
1267680427772280832
1267680353314942977
1267680326655995904
1267680233005527046
1267680228257615873
1267680200625549313
1267680096367677440
1267680071126401030
1267680068047863808
1267680017636417539
1267679942512218113
1267679875529400322
1267679848991911938
1267679847070887936
1267679842717233153
1267679754863271937
1267679727982014464
1267679713419395074
1267679711183814663
1267679666145357824
1267679627608117249
1267679555361202177
1267679495604981761
1267679420216561666
1267679336728952833
1267679336112328704
1267679291396874240
1267679272841297921
1267679223558180865
1267679042292998145
1267678966329995265
1267678884515938306
1267678784666419204
1267678783861071872
1267678677271113729
1267678585021591553
1267678502251192321
1267678450665451520
1267678432160296961
1267678402040991745
1267678399948038146
1267678363272896517
1267678293001560066
1267678222461755392
1267678184150986752
1267677981494767623
1267677958254157824
1267677919083499524
1267677784278622208
1267677765697810434
1267677670239854592
1267677570184724481
1267677552836964355
1267677525183885313
1267677316118982657
1267677274867933185
1267677169586561025
1267677119263453188
1267676922009575424
1267676869010182144
1267676742333927424
1267676723270705153
1267676603879841792
1267676425726750720
1267676176924934144
1267676140396740608
1267676035409235969
1267675981784862720
1267675847978356738
1267675678180282369
1267675576950837248
1267675504154378240
1267675471535316994
1267675432381448194
1267675372046385153
1267675074372517890
1267674882919280642
1267674776912293888
1267674761754062848
1267674687242268672
1267674314511433728
1267674237969616897
1267673979264745472
1267673939171438592
1267673895009566720
1267673835677114369
1267673612762284032
1267673037437931520
1267673024238456832
1267673024196534274
1267672898497474562
1267672755668807682
1267672559450853376
1267672510218358784
1267672474231009280
1267672268253155328
1267672168541777922
1267672088573288449
1267671978929876992
1267671948605022208
1267671948550483968
1267671899976290304
1267671859862007811
1267671826156539904
1267671808247037952
1267671770196094977
1267671627904380928
1267671597998944257
1267671525462695937
1267671518319910912
1267671404595445760
1267671307610730497
1267671278082592768
1267671222487302145
1267671202664984583
1267671200433451008
1267671108343476224
1267671093189283841
1267671066933149697
1267670821666844673
1267670704406835201
1267670634626052096
1267670586873901057
1267670240852242432
1267670211664072704
1267670067606548480
1267669718598651904
1267669713368289282
1267669677653716995
1267669663095246848
1267669655939772417
1267669530647691264
1267669506983419905
1267669412368322561
1267669372023300098
1267669233879494656
1267669035107233794
1267668954581020679
1267668939045249024
1267668844308574211
1267668813421649921
1267668747483074561
1267668742697295873
1267668722476445697
1267668698216771589
1267668693405831168
1267668486391836672
1267668425331085313
1267668317923184641
1267668296918319104
1267668119440388097
1267668116324007936
1267667990297935872
1267667964838457346
1267667921494474752
1267667890683158529
1267667666631708673
1267667611971661825
1267667581579735040
1267667577238478849
1267667521856888832
1267667478227779585
1267667459026403328
1267667070935851009
1267667008843382790
1267666889028718592
1267666851690983424
1267666805016850435
1267666682086031360
1267666653514432518
1267666629283831808
1267666523532873728
1267666358445068288
1267666340996886529
1267666337167372288
1267666303097040896
1267666252035756040
1267666218821070854
1267666155914670080
1267665776615419904
1267665712849522693
1267665584810008576
1267665577767628802
1267665571761598464
1267665506057715712
1267665448155348993
1267665352000966656
1267665277761867777
1267665272942419973
1267665147746713601
1267665129207820288
1267665097528393728
1267665084332924930
1267664893525856257
1267664891281682432
1267664850232147969
1267664797044105218
1267664629704151040
1267664521486839808
1267664403731603456
1267664330109091840
1267664102295515138
1267663835890139136
1267663743737004039
1267663657384591362
1267663653337251840
1267663615970045952
1267663513998123008
1267663471895703552
1267663435325726720
1267663406250614787
1267663317105102853
1267663208099090433
1267663139341914114
1267663097503690753
1267663057070809089
1267662915131211776
1267662808864309249
1267662761120501764
1267662745442283520
1267662711246077953
1267662661468278787
1267662648906153985
1267662644842020867
1267662581570744321
1267662467821428736
1267662390755233792
1267662211947921410
1267662203118903297
1267662190766624768
1267662142385332230
1267662124890947587
1267662076304076800
1267662011506102272
1267661979482648577
1267661937439059970
1267661920296935424
1267661743247052801
1267661737358176257
1267661592730222599
1267661443199045632
1267661433627705345
1267661426681884672
1267661366942449664
1267661228236615681
1267661133688832000
1267661085693353985
1267661008065245184
1267660960929476609
1267660858940960768
1267660825457766400
1267660819887730689
1267660713041920002
1267660603633647616
1267660581819031557
1267660518501707776
1267660423483895809
1267660376524697604
1267660336296939525
1267660164103942146
1267660109381079040
1267660065516986368
1267659988094332929
1267659984436965379
1267659948592267264
1267659927406940160
1267659912013926401
1267659892795551748
1267659712948064256
1267659680047722496
1267659662087905280
1267659638796926978
1267659605066178562
1267659368117309441
1267659334185517056
1267659327533469699
1267659039766347776
1267658955355979778
1267658887966142465
1267658840499261446
1267658799009034241
1267658679458967553
1267658630435704832
1267658442166153216
1267658421639057409
1267658258669502465
1267658095091691522
1267657980503183360
1267657877646385153
1267657734817820677
1267657327441670144
1267657310899302400
1267657233636130816
1267657197451980801
1267657133660618752
1267657106380947457
1267656947118948354
1267656942325059584
1267656888579026946
1267656638091202561
1267656407849066497
1267656394418712577
1267656362231828480
1267656233571491841
1267656199471640576
1267656009272774656
1267655990725484546
1267655969208762369
1267655821074235393
1267655799091924993
1267655663989252096
1267655496980283394
1267655474809319424
1267655327907971073
1267655285570748416
1267655138321108994
1267655006683049990
1267654985820499968
1267654927159099393
1267654723911417859
1267654693272072192
1267654605191688192
1267654572853649408
1267654548585361408
1267654497100197889
1267654418410999808
1267654400534708225
1267654321870712832
1267654307836461057
1267654301926580230
1267654239242739712
1267654124532912128
1267654102185414656
1267654081419468801
1267653999299301378
1267653982924742658
1267653844655394818
1267653758307237889
1267653755425574913
1267653737167781890
1267653575628304384
1267653507345252352
1267653370581364737
1267653347709988871
1267653248086937600
1267653246954246145
1267653190843072513
1267652944247361536
1267652864203034624
1267652551798898688
1267652490582990850
1267652375730257921
1267652374815965184
1267652355329126400
1267652334487822338
1267652248651173890
1267652218091638784
1267652145840611329
1267652137099591681
1267652118606835712
1267651969964883969
1267651931582971904
1267651842621784069
1267651817942499333
1267651815010697221
1267651627097354240
1267651531504939009
1267651523686866951
1267651256954355712
1267651249454940160
1267651161840115713
1267651117489352704
1267651114004033539
1267651105971818496
1267651073013174272
1267650987889754118
1267650911108808704
1267650895153639425
1267650881970937857
1267650841378340866
1267650743626014720
1267650712361721858
1267650614512586752
1267650568584957952
1267650291266195458
1267650240292818944
1267650218079682562
1267650179148271621
1267650150479958016
1267650134533304320
1267650089452888064
1267650015146717184
1267650009555664896
1267649914667847680
1267649783747022848
1267649642566729728
1267649503462645777
1267649261321121792
1267649253217914883
1267649044249292803
1267648997013028864
1267648880377765889
1267648808193626112
1267648801122193409
1267648726383894529
1267648705160757249
1267648590597500928
1267648538374266880
1267648526973984768
1267648462159523843
1267648419012718594
1267648270127562753
1267648257984999425
1267648256202375169
1267648202741710848
1267648195208847361
1267648071078481921
1267648024416792587
1267647891864039425
1267647879537197056
1267647856632115201
1267647841838776321
1267647782158041088
1267647766764888064
1267647682056728581
1267647645834756100
1267647587122688000
1267647549424332802
1267647455258120192
1267647286999502848
1267647264157286400
1267647232976859136
1267647220498575361
1267647138743250947
1267647098003939329
1267646926176038912
1267646921046462464
1267646871738241025
1267646838422810625
1267646705316528130
1267646636639035393
1267646598273814534
1267646531269689344
1267646524739260419
1267646489838272512
1267646481739194368
1267646470347526144
1267646370112036867
1267646204172779521
1267646177798955008
1267646163324293120
1267646091920642048
1267645468361715712
1267645343635734529
1267645235930238982
1267645172298338306
1267645059035394049
1267645023790575617
1267645012885606400
1267644861508878336
1267644805208838147
1267644802264260608
1267644503554473984
1267644243042021376
1267644209365954561
1267644179959537664
1267644175853342721
1267644149475553280
1267644032886300672
1267644031183405056
1267644010031538176
1267643962497486849
1267643886064881666
1267643787062284288
1267643623555948544
1267643458702827520
1267643428692791301
1267643407746232320
1267643353929150471
1267643353061101568
1267643298241527813
1267643295838044160
1267643231371575296
1267642968636362752
1267642911442653185
1267642870049144838
1267642781595570181
1267642773257232387
1267642761144139777
1267642745956556801
1267642706383106050
1267642665119756288
1267642515399815168
1267642463646253063
1267642408734543880
1267642404250832897
1267642397548142592
1267642244430995457
1267642224990277632
1267642205788766208
1267642020773785601
1267641994664427522
1267641910862151680
1267641831979769857
1267641740376158210
1267641711171379200
1267641631173271555
1267641594200633344
1267641547060699136
1267641539045388288
1267641317120770049
1267641268689154049
1267641253203603457
1267641250112581633
1267641180982050817
1267641103873970178
1267641102670102530
1267641068167847936
1267641066473193473
1267641055312109568
1267641052166524928
1267640983824617473
1267640844112166913
1267640841423581185
1267640820124942336
1267640699664515073
1267640638004232192
1267640529560440835
1267640273980526596
1267640069969506304
1267640054131781633
1267640013581418496
1267639948645023744
1267639878252212225
1267639842617294848
1267639831854628866
1267639813945143297
1267639705270542336
1267639639290118150
1267639577390583809
1267639572806029312
1267639482527989760
1267639370250629120
1267639323119226880
1267639305687699456
1267639287022891010
1267639003295162374
1267638998173806593
1267638995414122497
1267638958013497349
1267638870671126529
1267638849737568265
1267638709697916929
1267638677213270017
1267638616601382912
1267638555867635712
1267638315387420673
1267638307132854272
1267638247078924288
1267638197908992001
1267638174077145092
1267638104157896709
1267638086269317120
1267638001317769216
1267637976432926720
1267637775588884480
1267637695305695240
1267637655589785600
1267637526048587777
1267637475276701696
1267637393667977216
1267637209537998848
1267637155892998144
1267637152000737285
1267637132920672256
1267636981544243200
1267636979421843457
1267636969103736834
1267636890590564353
1267636822517178368
1267636647824429061
1267636312045047809
1267636291950297096
1267636283112927238
1267636260551655428
1267636245359927296
1267636178058002433
1267636100178145280
1267635943319547905
1267635764579483648
1267635754345418752
1267635731045941249
1267635640495075329
1267635607741837312
1267635597818105856
1267635597482569730
1267635528632905728
1267635516863807490
1267635474128044034
1267635469921193987
1267635369979371520
1267635171966107649
1267635164982784000
1267635125317058560
1267635008296161282
1267634935151472640
1267634914247180288
1267634835817971712
1267634830151426053
1267634809351761922
1267634807879733249
1267634803362258945
1267634679311728640
1267634499442995200
1267634484007952384
1267634383122509825
1267634299706073089
1267634244060188672
1267634005848936448
1267633981081751553
1267633938861895681
1267633847279239168
1267633756317220864
1267633624465227779
1267633599999664128
1267633503035891716
1267633470987214851
1267633347871809543
1267633269828395008
1267633269442568193
1267633259837624321
1267633174772883458
1267633092577103872
1267633049807794177
1267632986868113410
1267632949618343936
1267632949144498176
1267632918253277184
1267632907868233730
1267632871889670149
1267632680503517185
1267632434977226753
1267632431848292352
1267632316085604352
1267632283277721600
1267632212767318019
1267632175551139841
1267632142969790466
1267632085793009665
1267632076561551360
1267632071175962625
1267631924857585664
1267631720427401217
1267631714613915648
1267631710826565634
1267631635077324800
1267631595092979712
1267631592887013382
1267631545541484544
1267631477333782529
1267631376343302145
1267631338225569793
1267631281476493312
1267631211972907010
1267631196802093056
1267631186765058048
1267631184227586049
1267631043852599296
1267630896926068736
1267630892287172608
1267630688439697414
1267630671188590593
1267630642843447296
1267630580394610692
1267630565030686720
1267630561926897665
1267630480184270854
1267630479672369153
1267630431324606464
1267630401448640512
1267630316761513985
1267630314177921024
1267630296746188800
1267630284947759105
1267630259957927938
1267630236469993473
1267630142358089728
1267630104093417472
1267630094606127106
1267630092517244929
1267630054638583811
1267630022740697088
1267630020509327361
1267629922371219456
1267629921041395712
1267629895724576768
1267629885209673729
1267629783753555970
1267629679218999296
1267629635149402117
1267629631546331137
1267629618955157505
1267629615348158464
1267629602383564803
1267629572746428416
1267629525451501569
1267629517813637120
1267629349051793408
1267629257246810115
1267628849908592653
1267628803288899589
1267628787140788227
1267628764852297731
1267628724524134401
1267628566596005889
1267628504138555398
1267628480373469185
1267628476540076041
1267628431178633216
1267628400878862336
1267628333581254656
1267628058153902081
1267627953208406017
1267627937546637314
1267627920006107137
1267627914188611585
1267627848459669504
1267627812632100866
1267627643513352193
1267627642888560642
1267627584105271296
1267627491411320832
1267627377884123137
1267627376793382912
1267627288171909121
1267627266240110594
1267627188700020737
1267626953802240002
1267626812827410434
1267626804325613571
1267626652441468931
1267626508450959360
1267626494035034114
1267626474829479938
1267626469590659073
1267626363818774529
1267626346785767425
1267626306759467009
1267626250526433280
1267626229085003776
1267626176924745734
1267626050588078080
1267626031323639808
1267626001921646593
1267625976495837186
1267625960377065473
1267625879288664066
1267625878751719425
1267625703090069511
1267625678490333186
1267625674031980544
1267625394183815172
1267625266760896512
1267625240663928832
1267625229314072581
1267625219323297792
1267625199085785089
1267625157721374723
1267625094802739205
1267624983808933890
1267624936337743874
1267624889344831488
1267624752325070848
1267624712747843584
1267624626294792192
1267624624990363648
1267624543637602304
1267624450620420096
1267624430584430592
1267624415321358336
1267624402331545600
1267624375890538498
1267624199549587459
1267624171032510465
1267624150069211136
1267624128334397440
1267624104569344000
1267624001871937540
1267623956539936769
1267623873190735873
1267623857382449153
1267623835731443721
1267623747286183937
1267623717561085954
1267623684191260673
1267623600632197120
1267623533473075201
1267623493518209029
1267623466909536259
1267623461003747328
1267623247245389828
1267623081624899585
1267623073416712192
1267622927203209221
1267622882315841537
1267622734990802945
1267622605604831232
1267622592795590662
1267622576882364416
1267622496372576257
1267622371327868934
1267622325119139842
1267622317972045824
1267622077785427974
1267622026572947459
1267622022361702400
1267621961011732480
1267621946570801153
1267621921451126784
1267621912617730049
1267621904518647808
1267621901628735488
1267621858377113602
1267621756543676416
1267621592902914048
1267621508857368579
1267621506101764099
1267621503153180672
1267621480952520704
1267621280519467010
1267621258025369601
1267621217533489152
1267621139242782721
1267621130791092225
1267621118267056128
1267621027133227008
1267621005750439936
1267620876616261633
1267620823952773124
1267620809712914432
1267620767975563264
1267620729752899586
1267620622823129093
1267620531546669056
1267620519559467008
1267620408792154121
1267620343071432704
1267620182316535809
1267620176364572672
1267620148061466626
1267620140767604736
1267620102633132034
1267620094999396354
1267620074942316545
1267620073839026177
1267619871669530624
1267619589497581570
1267619531654139904
1267619419309703170
1267619277030424579
1267619140644122624
1267619122667327489
1267619099279949824
1267619073438953474
1267619044183728134
1267618889246130181
1267618871248388097
1267618859957264386
1267618836158783488
1267618798313435136
1267618792504348673
1267618644990791680
1267618554767081473
1267618546831376384
1267618543333519360
1267618515650895872
1267618480674820098
1267618361942237184
1267618176910721027
1267618086661885952
1267618030823096320
1267618019062226950
1267618017409560577
1267617826837274624
1267617784923598851
1267617740468207624
1267617707073077251
1267617660029882370
1267617619873579009
1267617479712358400
1267617430454407169
1267617430005841920
1267617417078943744
1267617394689802240
1267617334199541762
1267617328457494528
1267617249445113857
1267617226074415105
1267617216553537537
1267617192662663169
1267617126459850753
1267617092381130752
1267617034365353985
1267616996260225025
1267616875883769856
1267616870259216389
1267616852714221568
1267616684594036740
1267616582945120260
1267616575785336834
1267616529992101893
1267616460605722626
1267616398081212417
1267616317185630208
1267616124029419521
1267616100243714050
1267615831854325767
1267615801156292608
1267615789617733634
1267615641256804358
1267615585837502469
1267615353489637376
1267615080700694529
1267615028389142528
1267615003580026883
1267614972571529217
1267614753951801344
1267614696439504897
1267614518269620225
1267614489454641153
1267614432420651019
1267614375118020609
1267614322651353090
1267614306771898368
1267614280796471302
1267614279622168582
1267614279324368896
1267614229244379136
1267614168292577281
1267614153235222528
1267614128044150785
1267614124965597184
1267614102505037825
1267614060196925442
1267613958443335680
1267613957004464128
1267613895616794624
1267613859163983876
1267613836204544001
1267613832589070344
1267613802356305920
1267613785214332929
1267613741291581440
1267613730784845830
1267613697050116096
1267613542817169408
1267613529122705416
1267613505223569409
1267613472436731904
1267613470025035781
1267613468255039498
1267613445999833088
1267613434377617411
1267613391889317890
1267613336256090112
1267613318589677568
1267613305511776257
1267613209348829185
1267613178411745282
1267613036531142661
1267613034626740224
1267612937885229057
1267612932864540672
1267612929437949952
1267612671903436801
1267612633886318592
1267612528173031425
1267612494094311424
1267612345703911425
1267612315383484419
1267612306118078464
1267612184298663936
1267611891041517572
1267611830043754497
1267611797198123008
1267611776612532227
1267611752633520128
1267611703623090178
1267611662892351488
1267611606264971264
1267611475566366721
1267611471472660481
1267611389125783552
1267611299371986950
1267611289771290624
1267611272272646149
1267611124503138306
1267611095860117507
1267611052658905103
1267611047839576065
1267611014079619073
1267610986502127617
1267610964091793408
1267610879572324352
1267610877710254082
1267610765764300801
1267610706393944065
1267610691009159174
1267610611245932545
1267610609169756160
1267610584259997696
1267610413941784581
1267610357218054144
1267610348921782273
1267610172744060928
1267610093727682560
1267609789426630657
1267609652826537984
1267609614876471296
1267609480847454208
1267609476074475521
1267609455727951880
1267609243584065536
1267609235032100866
1267609228467769344
1267609224173047811
1267609177461002240
1267609171043790849
1267609136977440768
1267609122763165702
1267609013182586880
1267608954722562049
1267608820433465345
1267608570524102656
1267608507974586386
1267608443835125760
1267608347923984384
1267608292114735105
1267608257583108096
1267608146496929797
1267608110107029504
1267608036174180356
1267607956071145473
1267607814417113089
1267607789184024577
1267607658321735682
1267607566143705094
1267607539857993728
1267607500427341824
1267607365286846467
1267607066518093832
1267607052882452482
1267606908929785856
1267606878181363719
1267606862985228289
1267606804139139072
1267606703681318912
1267606622135816192
1267606543068848128
1267606474160836615
1267606439297724416
1267606420368867328
1267606245260709890
1267606210599104513
1267606143435780098
1267606074913415168
1267606021037490176
1267605960127905792
1267605931224895491
1267605904762994690
1267605864531230721
1267605683299647490
1267605611392499712
1267605449886621696
1267605439014985733
1267605427312721920
1267605401601814535
1267605362649284611
1267605360707280896
1267605338913738753
1267605315236724736
1267605294076444675
1267605269648797697
1267605224950304775
1267605201843863553
1267605169941798912
1267605162488672257
1267605058738421762
1267605046390374400
1267604930996535296
1267604758438842371
1267604629157629952
1267604505421418497
1267604443882614784
1267604270896910337
1267604181680041988
1267604135265947648
1267604058820562944
1267604004856639492
1267603988637036545
1267603831707316227
1267603807065780225
1267603785318162432
1267603634507984898
1267603612336828416
1267603372464537606
1267603356446453761
1267603261646913541
1267603256643026946
1267603061276581889
1267602953155809281
1267602854388420610
1267602704093732865
1267602672187736070
1267602387822358529
1267602311028674560
1267602269383520257
1267602209467817985
1267602002919514113
1267601932505546765
1267601830336278528
1267601821045940225
1267601772304044041
1267601653034868737
1267601612429758465
1267601468061822977
1267601419928043520
1267601182920445959
1267601135638020097
1267601085310648321
1267601009032847360
1267600939407552514
1267600853491486720
1267600843269902337
1267600770444201989
1267600747685916672
1267600740945666049
1267600702613979138
1267600534200094724
1267600520094629889
1267600472690524161
1267600419330633729
1267600380482908165
1267600272345317377
1267600256692367363
1267600175574454272
1267600102031417344
1267600023119855621
1267599947014250497
1267599893683671040
1267599767200124929
1267599747612848129
1267599733486432258
1267599680273371143
1267599587495337984
1267599515948744704
1267599503818973185
1267599425167413252
1267599302425055233
1267599235605647362
1267599113677180928
1267599104827367425
1267599026901315584
1267598993799946244
1267598807367217158
1267598799746334720
1267598743349542914
1267598688697946114
1267598554027061248
1267598540693438465
1267598514315505664
1267598429494169603
1267598417053671424
1267598413681397762
1267598373038600192
1267598362896982017
1267598251051679749
1267598079282348050
1267598064233197568
1267597886675615746
1267597875334320136
1267597850520752129
1267597821873729537
1267597795697078274
1267597755859578880
1267597728969826306
1267597653002633216
1267597585642139653
1267597551164948481
1267597503987421185
1267597495242231809
1267597449302085638
1267597253394530305
1267597149354594304
1267596972082462722
1267596945591357441
1267596870198714368
1267596855006973953
1267596765143973894
1267596698123227137
1267596670075842562
1267596646298329088
1267596636823355393
1267596556687085568
1267596338138578945
1267596216998731779
1267596157011652608
1267596128721272837
1267596054620504064
1267595915281522689
1267595891730505730
1267595824755666944
1267595803343966211
1267595757747671041
1267595723333345283
1267595703536082949
1267595605594894336
1267595577136537600
1267595540650491911
1267595501546938369
1267595489958076418
1267595449017470981
1267595433100050432
1267595429249560577
1267595424447238148
1267595383305318400
1267595249783799814
1267595201675055109
1267595187565539330
1267595161795735559
1267595149980418058
1267595108242927617
1267595103985635328
1267595101804642305
1267595008812646400
1267594940831260672
1267594882677383168
1267594739651674112
1267594718948593667
1267594706776657922
1267594662182891527
1267594632235548674
1267594621611204609
1267594540673716225
1267594505378689024
1267594488500719616
1267594466686164993
1267594437485568000
1267594249245089794
1267594155309576193
1267593973859745793
1267593891127029760
1267593721593450498
1267593565351235585
1267593543750729730
1267593501992075265
1267593427098537984
1267593271469051910
1267593258810687494
1267593244252221441
1267593230167801862
1267593154720673792
1267593029046669313
1267592968875229184
1267592963028398081
1267592953926729730
1267592859278094336
1267592840693063680
1267592804630331393
1267592792752164876
1267592754449784833
1267592719930540032
1267592602192424960
1267592570634371074
1267592546575769600
1267592535750463494
1267592530251649026
1267592509544263682
1267592439608508416
1267592414660898819
1267592395316584448
1267592336521015297
1267592298294128645
1267592263695249411
1267592260281085959
1267592199128190977
1267592129636978692
1267592059684298759
1267592048208687106
1267592024334561284
1267592009654710283
1267591995498864647
1267591975999606785
1267591975047290880
1267591952897204224
1267591949155995648
1267591934866010112
1267591910920605698
1267591775771717632
1267591642359496704
1267591437291380736
1267591435055849472
1267591316994654218
1267591194403581952
1267591150656946176
1267591109661929476
1267591011548778500
1267590976958353409
1267590878387937294
1267590856611168256
1267590832325967872
1267590692135673858
1267590643947155456
1267590615396728834
1267590595205230592
1267590573323505665
1267590464565391360
1267590416691605517
1267590408852377600
1267590348722720768
1267590330058182662
1267590310479253518
1267590267412119554
1267590255621935105
1267590215633436675
1267590110477942788
1267589994601996288
1267589977073803264
1267589952205918210
1267589907951890433
1267589864268214273
1267589830642470914
1267589785989726208
1267589784102408192
1267589683590172672
1267589514286886913
1267589164008189952
1267589127890853889
1267589107636563968
1267589031543681030
1267588993539022862
1267588934974025728
1267588863742148608
1267588861221392384
1267588668266594308
1267588575719194624
1267588301168488457
1267588170771763206
1267588111363715075
1267588078866239501
1267587842521223168
1267587792231694338
1267587617278885893
1267587615047454722
1267587540061769730
1267587517957562368
1267587501444804608
1267587457710608384
1267587421367132160
1267587348646199297
1267587312403329024
1267587156706459648
1267587151530688512
1267587086330232832
1267587041698746368
1267587006831493120
1267586959574171650
1267586914028322820
1267586901105500160
1267586837607886848
1267586831559782402
1267586744976912384
1267586630463913987
1267586596490162176
1267586588898451457
1267586472204533761
1267586442726985730
1267586409080123392
1267586340499013634
1267586330382479361
1267586262187286528
1267586022378012672
1267586008347885568
1267585929276985344
1267585772519071747
1267585741955055616
1267585562170490881
1267585528129400832
1267585472412422150
1267585304862523395
1267585180182560770
1267585164206620672
1267585030823403520
1267584632234508288
1267584617470541825
1267584608427704326
1267584313605779457
1267584134207221761
1267584094134829057
1267584068755034115
1267583512690913280
1267583196188872710
1267583126626164736
1267582990164602884
1267582539360690176
1267582414454284294
1267582386105188352
1267582346150191110
1267582329146314752
1267582245818286080
1267582195251675143
1267582193750159360
1267582049885528064
1267581933434867714
1267581910932500481
1267581903470813186
1267581839163744256
1267581771786354688
1267581549458882560
1267581487060332546
1267581042019491842
1267580973308354568
1267580775022702592
1267580737361829888
1267580497107935232
1267580380577583104
1267580298482659328
1267580215460495360
1267580181838995456
1267579990796894212
1267579973679943683
1267579924761714691
1267579677436252160
1267579665092349953
1267579648843661317
1267579625179197440
1267579522850971648
1267579243279630336
1267579240305885187
1267579229878837250
1267579168658796545
1267578886528868353
1267578839514796032
1267578750654451712
1267578748393738240
1267578707654381569
1267578703636303873
1267578625831825408
1267578487893712896
1267578275171360768
1267578265943900164
1267578219777134594
1267578159186219014
1267577894957486080
1267577894093676547
1267577697988784128
1267577643215450112
1267577591478644740
1267577378513072135
1267577354618093568
1267577051889799168
1267576852031442944
1267576763032440833
1267576589258240007
1267576570585235459
1267576481259061248
1267576441174216704
1267576265273417728
1267576196021305345
1267576187120828417
1267575899991523328
1267575640187908096
1267575587314548736
1267575373769908225
1267575366748639232
1267575299941830658
1267575278559256578
1267575117422292993
1267574969992650758
1267574624117649409
1267574585823834112
1267573936474279937
1267573850826571777
1267573825455046656
1267573764583194625
1267573727010553856
1267573715816062977
1267573527269572608
1267573480419143682
1267573402262401024
1267573343403851777
1267573339159031808
1267573282682941445
1267573278929039370
1267573227460743168
1267573177552642050
1267573168874627073
1267572677641814017
1267572286388928512
1267572198321070084
1267572198274973696
1267571966267076609
1267571804945690629
1267571799484780544
1267571708560637954
1267571669843017734
1267571395598397442
1267571394273050631
1267571371065786369
1267571220767297538
1267571183068811270
1267571032488984582
1267570992223789064
1267570645556178944
1267570606557495296
1267570298242596871
1267570280924356610
1267570263513878529
1267570155845939200
1267570138150252544
1267570033904906241
1267570025663258625
1267569808024973315
1267569797702787074
1267569682644680705
1267569659928285186
1267569541544062980
1267569341525970944
1267569247963799553
1267568996146122753
1267568905322627074
1267568865380270083
1267568715748577280
1267568574450880513
1267568428946161665
1267568406850658310
1267568296951533570
1267568036946546688
1267568021037559813
1267567898408579073
1267567835028561920
1267567814875009024
1267567742380466176
1267567718221389825
1267567483281686528
1267567311113895943
1267567037557202949
1267566932720484353
1267566716420272130
1267566487071608832
1267566181764018178
1267565957733650433
1267565952851488770
1267565890771529728
1267565637485854721
1267565579436580865
1267565531839836160
1267565443264413696
1267565019652390913
1267564901427548163
1267564899397447681
1267564885556289537
1267564877255565312
1267564620572753920
1267564583209877504
1267564368411181059
1267564360316174345
1267563994937806850
1267563742214131715
1267563176050266112
1267563065899442185
1267563052624478211
1267562975025651718
1267562773275455489
1267562724155940865
1267562703201153026
1267562498707816449
1267562313558548480
1267562274253869057
1267562021668573184
1267562008616095744
1267561781070716928
1267561721347989504
1267561592008425474
