1279517278250418176
1279514147852619780
1279513234932989952
1279513006091702273
1279512928241086464
1279512194548457474
1279511684755922946
1279509302873595904
1279507985744531456
1279499140251164672
1279487543856082945
1279474477248786432
1279470438775533568
1279464270216990720
1279461764510425088
1279460889138270212
1279454350750838785
1279453367626903552
1279446361310736384
1279445503202205699
1279440992542883840
1279440743732441088
1279440405533036545
1279438887295815682
1279435533295300608
1279431958821507073
1279426859483246595
1279422730966835201
1279407682345218048
1279405621306146816
1279397350541266945
1279395379335708672
1279362798263435264
1279338893310136320
1279326439939231744
1279322880564756480
1279303679720505346
1279302178696335363
1279291792219869185
1279283720030052352
1279280216360144898
1279278328189300739
1279274993268842496
1279270160130551808
1279269365263683586
1279268367464095744
1279253775056846848
1279238855741394946
1279237283095490563
1279228577570074624
1279226229397258245
1279226121138008064
1279221753626017792
1279220512686735363
1279220115305873409
1279218659920093184
1279217952869490689
1279217079778979841
1279208289624928257
1279205679903866880
1279205424009379841
1279204344290836480
1279198602598940674
1279198029199872001
1279196897622863873
1279190760571711489
1279188869125222400
1279178639498784770
1279178221586714629
1279177093532786688
1279176598013394944
1279173812622430210
1279172874926845952
1279164406236983296
1279163277524774915
1279159836744331265
