1286405129437171712
1286404688296980485
1286404623759216641
1286404176809881600
1286403623279300615
1286403197435871233
1286400675266596865
1286398652576157698
1286393343929454593
1286392808807510022
1286392731435061248
1286390957605376000
1286390939444023303
1286390191863861250
1286389184983453698
1286388797349834752
1286388698649522176
1286388601526288387
1286388408651309057
1286388043453288449
1286387651432546304
1286386776068763648
1286384781135998976
1286382641655296000
1286380973324750849
1286380480150020098
1286377066267414528
1286376875766546433
1286374689330397191
1286374259342934016
1286373947999760384
1286373057473511424
1286370638203150336
1286369151510962176
1286367780011294723
1286367037737119746
1286366827396780037
1286364928396234752
1286364714566647808
1286361803832864771
1286361250964934656
1286357030299742214
1286356962591027200
1286353771656876032
1286353743479373825
1286350826399834115
1286350475953143813
1286344774606356480
1286343656606175233
1286338677707333635
1286338628243914754
1286338192904511489
1286335394523615232
1286334728925315073
1286334711158145024
1286334300410052614
1286331087954882560
1286330451548950528
1286329834923339779
1286329656191270912
1286328712145838080
1286323735608332289
1286322140116144129
1286321213783113729
1286320801197830148
1286320525296443393
1286319747814944770
1286318385756663813
1286316876990038018
1286315127126425600
1286313905975889921
1286313847494778880
1286312497633533954
1286310925528596481
1286310254591070210
1286308945041203201
1286308794331328513
1286308203370893320
1286307932498325507
1286307196687593473
1286306346170753024
1286305581834178560
1286303520791175169
1286302286927540226
1286302076151255042
1286300857357737984
1286296508715819008
1286295689513832448
1286292466132344832
1286291377928765443
1286288390422437888
1286288053552779270
1286287436327223297
1286287138942746624
1286286025522851842
1286282033992474631
1286281888978677762
1286281822452809734
1286281756295991296
1286281676293898241
1286279888920616962
1286279558962929664
1286278825777795074
1286278036149739522
1286277911499034624
1286277126338023424
1286276789296173056
1286268442471886853
1286265358689677312
1286262874374049793
1286262404779773952
1286260615992901633
1286259585049923586
1286257091137527808
1286255080480669700
1286250145328365568
1286249531055788034
1286246383700385793
1286244137440665600
1286241293069430784
1286241062411833355
1286237082336329729
1286232955711414273
1286230287546855426
1286229074248118272
1286223340282281984
1286223329808936960
1286222939814277126
1286221472910970886
1286221072338042880
1286214877930033152
1286214203896979457
1286211501393469440
1286210827436122113
1286209539415715841
1286203752970465281
1286201171804336133
1286201055923982336
1286200651744075777
1286200581258797056
1286197910485557252
1286194040636145664
1286188971157004289
1286186887401545728
1286186012809539585
1286185836329852928
1286174055423500288
1286172819269644289
1286169877917523968
1286169123257372672
1286167057461993472
1286166712400801792
1286165343510171648
1286164402551418881
1286163488604291072
1286162335506235392
1286161602493001729
1286160906385272832
1286160234180939776
1286159331382222849
1286157199169863680
1286154646818631680
1286153490192990208
1286152846912581634
1286149656766971905
1286149462750978049
1286149207183818752
1286148150386982912
1286146527564648448
1286145964114288641
1286145232732590081
1286143308448903168
1286139031982669830
1286138728436707331
1286138509208821766
1286137388922802176
1286135517181083649
1286133013135400962
1286132640475762688
1286129423385853952
1286129220800991232
1286128138036981762
1286127528088723458
1286126316060909568
1286124793884897281
1286122417526460417
1286121699008806912
1286121032089313282
1286120188522315777
1286117127724904450
1286116822782283776
1286115902732328960
1286115591993131009
1286115384274432001
1286114922821279745
1286112693007474688
1286112119017144320
1286111713469673472
1286111503981002752
1286110983883075584
1286104176963940352
1286100430766784512
1286100348998840320
1286098930334392323
1286097233943752704
1286095670076637185
1286095088150548482
1286094779214737408
1286093773345193987
1286091680521871360
1286091667288752131
1286091335120891906
1286090586039214080
1286089411365568513
1286088426140336130
1286088067191844864
1286087908919848960
1286087013691686912
1286085214998073344
1286083823663321088
1286083485602664449
1286083430002786304
1286077929626181633
1286077479908646912
1286076834988331011
1286074635885322240
1286072184901902337
1286071647854718976
1286068353153544194
1286068328306544640
1286064524311687168
1286064410428088320
1286061876187664385
1286060863879671809
1286058042266714113
1286056461144076295
1286055527307456512
1286055513696935947
1286055141590867968
1286054479343886339
1286053993085509632
1286053718107009026
1286053301184847872
1286048095332114433
1286047923122339840
1286047315636023296
1286044420115181576
1286043947513475072
