1296906855470567431
1296906327298576384
1296904244851867648
1296901664276963333
1296899674658541571
1296896297086136321
1296893216193740800
1296888368090013697
1296887017096097792
1296886426127269889
1296883780280553478
1296879087571464193
1296875464758300672
1296874982732107776
1296873496480342016
1296872367864586240
1296870713350148098
1296870451814293506
1296868887456288769
1296865497074610176
1296863839003213830
1296859044041326592
1296858509359951878
1296858348457881606
1296858090856419334
1296858015451226112
1296852055202639872
1296846830119063554
1296846581124042752
1296844046275502086
1296842495154966531
1296840036504276992
1296840031102017537
1296833816347029504
1296830570203406339
1296828404965101574
1296828057429241858
1296827957357543424
1296827948033605632
1296826850614874123
1296824543693033472
1296822794383130625
1296821825280839680
1296819218621648896
1296819181460033537
1296816977634263043
1296816829529120769
1296813295714930700
1296813138990465024
1296810398046457863
1296806535658700800
1296804300023386113
1296800972648468480
1296795829160882176
1296791731925651458
1296791302143651843
1296790529070563330
1296789315121565696
1296787446085103618
1296786930865233920
1296786558788526082
1296785200999956480
1296784589088870400
1296784267394068483
1296766484220444673
1296763440699019264
1296755688987938816
1296729609833078784
1296722624681312257
1296720276592513025
1296720255000010752
1296718704269561856
1296716534396657665
1296714100194439168
1296707293078343680
1296707286015115266
1296686413656842245
1296667029852708866
1296666379496468480
1296663098095435782
1296657764534583296
1296657486024511488
1296656505622716417
1296654777888235523
1296650796625428480
1296649817746108421
1296646485807968256
1296645997850959878
1296635103649701889
1296633797446778880
1296633325583392770
1296629326188883970
1296627339963633665
1296622454383636480
1296620497149591555
1296620176436207617
1296619976309186560
1296618140328062976
1296617591138652161
1296615561762410497
1296614433989496833
1296614428893499397
1296613069167177728
1296609199410089985
1296608433643442176
1296607702018338818
1296601052989591554
1296599611516375045
1296599603123552262
1296597931206770691
1296597752747524096
1296596249915924480
1296593957896351744
1296593139399041025
1296591516710780928
1296591429226106880
1296588668178751490
1296585849300291584
1296585244829786112
1296583400942436352
1296581817529708550
1296581231581310977
1296579352654753793
1296578079587016706
1296576784406913025
1296574445600022529
1296572631689449472
1296572486717452297
1296572475703263232
1296572406442729479
1296572240050429954
1296572161549885441
1296572128280612866
1296572100363210752
1296571918724878339
1296571878874722305
1296571809580621825
1296570596655091717
1296567850556166146
1296567443075235840
1296567211730051074
1296564850131374085
1296563096903979010
1296561264643235843
1296558210967580673
1296554192731926529
1296554052185137159
