1272634945756737536
1272634924718120960
1272634080325185538
1272633721326362627
1272633682508099595
1272633561435254786
1272633385568133120
1272633328831692802
1272633003731288064
1272632712218771457
1272632529674174476
1272632209929797632
1272632079537319937
1272631657103798274
1272631654834675712
1272631183696953347
1272631120509591552
1272630702153007111
1272630542186487818
1272630322207784972
1272630257703702529
1272630168264343553
1272630150673424385
1272629747986632713
1272629180765700101
1272629030982946816
1272628853215821824
1272628677210185729
1272628515259777025
1272628143350665216
1272628128356003841
1272627699727708167
1272627240065433600
1272627196616740864
1272627132083118080
1272626862913708035
1272626810065309696
1272626413389127680
1272626281578762241
1272626139337576450
1272626086556217345
1272625956499468288
1272625556597678081
1272624896758054912
1272624561104830464
1272623902762516480
1272623728879378433
1272623626081140744
1272623496116539392
1272622819747168259
1272622775346368519
1272622702797479938
1272622177087565825
1272621954374098945
1272621521341566978
1272621370040414208
1272621343520022528
1272620787053113346
1272620605335113728
1272620005180313600
1272619729455321089
1272619517412282368
1272619515315138562
1272619172430622721
1272618749460393984
1272618369020317698
1272618171078451200
1272617876734783488
1272617779439505419
1272617100130095109
1272616994563555328
1272616838694875136
1272616634562367497
1272616511002284032
1272615844250390530
1272615578008784902
1272615472513667072
1272615020040351744
1272614972808400898
1272614607627026432
1272614535107694595
1272613849427054593
1272613646829584393
1272613476964413442
1272613466373861377
1272613435709304838
1272613273372942336
1272612972007960576
1272612965158719490
1272612182648336389
1272611906134716416
1272611881954533377
1272611479544565765
1272611082000089089
1272611000760643584
1272610853955629056
1272610756178124800
1272610619938820097
1272610358939791361
1272610357102678022
1272610292304928773
1272610242426265601
1272610136981471233
1272609811771736064
1272609808206540801
1272609648483250176
1272608951004094465
1272608814387339270
1272608492285685761
1272608386098565120
1272607554858708992
1272607295227285504
1272607255137931266
1272607104730198016
1272606737934229505
1272606607030042626
1272606453287849985
1272606201256325121
1272606167798169600
1272606027469541376
1272605776708861953
1272605629199384578
1272605593887551488
1272605378774282245
1272605316535005184
1272604976083357699
1272604663746105345
1272604590870061060
1272604516408602626
1272604196089389056
1272604130578771968
1272603888919678976
1272603671726096385
1272603596496887808
1272603461419331584
1272603077678452748
1272602885658836992
1272602708185354249
1272602193128910848
1272601939767934980
1272601855936417793
1272601772075487235
1272601439420813312
1272600945948491776
1272600720173383681
1272600709054291971
1272599461298991106
1272599074882179072
1272598987565121540
1272598877053616130
1272598866236489733
1272598690834907141
1272598508596531205
1272598123718807560
1272598069129994240
1272597857133121538
1272597739952619520
1272597640698626048
1272597633287303171
1272597538818928642
1272597506052861952
1272596941025804293
1272596896780075008
1272596870544703488
1272596326975406080
1272595976046342145
1272595676392837126
1272595668486574083
1272595590967373824
1272595491092561921
1272595276876972041
1272595219981058049
1272594954590670849
1272594498028294144
1272594474137501699
1272594349122035717
1272594123896295429
1272593983819190276
1272593973106946048
1272593351062294535
1272593086682562560
1272592803273625600
1272592770314768384
1272592706540355589
1272592520543952902
1272592473307648002
1272591970234363904
1272591875992514560
1272591752684343297
1272591618797981698
1272591570689277952
1272591405978914818
1272591322566680576
1272591250156331009
1272591149446897664
1272590963307769857
1272590502886547460
1272590461056647169
1272589129973465089
1272588739462627329
1272588121549365248
1272588082722807809
1272587554752065536
1272587364271964162
1272587143643308032
1272586591182049280
1272586384562442242
1272586098271678464
1272586075391905792
1272585821472915459
1272585759225073665
1272585741361721345
1272585695673094152
1272585685564665856
1272584737438208003
1272584690805989377
1272584300395970561
1272584016399663104
1272583914259755008
1272583788829323264
1272583655077163008
1272583584105168897
1272583396426989576
1272583386599698434
1272583160962912258
1272582716622585857
1272582576595664899
1272582447587262467
1272582401751838721
1272581589470502915
1272581330765672451
1272581068227588097
1272581049445310465
1272580884831617024
1272580447449604096
1272580235914022918
1272579936893710338
1272579628029394944
1272579376568242177
1272579125379653633
1272579017233895424
1272578975685054464
1272578071434915846
1272577253369499650
1272577147606007809
1272576967032922112
1272576920585109510
1272576769124700160
1272576508595326977
1272576321789575168
1272575905244864512
1272575449751859200
1272575311197229057
1272575170687823872
1272574779674054657
1272574674787094531
1272574666318721024
1272574621234192384
1272574568125743104
1272574208783114240
1272573606803968000
1272573554496856066
1272573486976950272
1272573465820893186
1272573259058307073
1272573255010975745
1272572825409327105
1272572665702895616
1272572515093819392
1272571687662497793
1272571603734298626
1272571437107367936
1272571415540219915
1272571415435370498
1272571415288479745
1272571045543886861
1272570978271461378
1272570935720185859
1272570928447266818
1272570258721845248
1272570096461008897
1272569789064663040
1272569753220120576
1272569721381171202
1272569650220580866
1272569467822882816
1272569224586805251
1272568903571353608
1272568699778629635
1272568512289144833
1272568496103309313
1272568227017691136
1272568216469061632
1272567984326758411
1272567644445499392
1272567242899640324
1272567157918855168
1272567058157494277
1272567040369463296
1272566991761690625
1272566863751458816
1272566660625358848
1272566653914501142
1272566447437422593
1272566233980903424
1272566073645137920
1272565900378431489
1272565675878318080
1272565522974953473
1272564603835363329
1272564497505533952
1272564382233432070
1272564355599601664
1272564076879720448
1272564063533502464
1272564051999182848
1272563625765548033
1272563382281891841
1272562745939054593
1272562485489537027
1272562318749163520
1272562241771102215
1272561949037953025
1272561838983647232
1272561741327740930
1272561677591105537
1272561647194968065
1272561370865651712
1272561188535103488
1272560554964471814
1272560515445817344
1272560354749448194
1272560314354188294
1272560176743231488
1272559700840611840
1272559606703808517
1272559406627127298
1272559346631815177
1272559143270875136
1272558845378752513
1272558337901637639
1272558289637838849
1272558249997471744
1272558158053904385
1272557331419709443
1272557022265958403
1272556662168137729
1272556345338867713
1272556198605266944
1272556197707743232
1272556181358292992
1272556134952570880
1272556031550410755
1272556012818620418
1272555866395480066
1272555739031224324
1272555657896398848
1272555023424040960
1272554881065390082
1272554514818707458
1272554363123167232
1272553764348551170
1272553645868036096
1272553523687849985
1272553387784114180
1272553219873374208
1272553167096430592
1272552909679493120
1272552854000144384
1272552809993392130
1272552513812811779
1272552427020042241
1272552364004835328
1272551867004805120
1272551523617320963
1272551187989086208
1272550907566264322
1272550703639277573
1272550493437509632
1272550293046276096
1272550251136798721
1272550133612363776
1272550086246117380
1272549809971318784
1272549805793951747
1272549670523461635
1272549357796163586
1272549195166232576
1272549117324132352
1272548986122108929
1272548832958713858
1272548832245698563
1272548146237919235
1272548027731832833
1272547949097242625
1272547326134009857
1272547119337861125
1272547109179404289
1272546975020277761
1272546716688891905
1272546680341233666
1272546316640378880
1272546080933240832
1272545625968705536
1272545590589698048
1272545272288235520
1272544962199027717
1272544558694502401
1272544378616233985
1272544094544371717
1272543958498004993
1272543744508780544
1272543692201566209
1272543621523202054
1272543539927429121
1272543100812972033
1272543057959776261
1272542849800843269
1272542707555205121
1272542513862074368
1272542485919784970
1272542390247501824
1272541969580011520
1272541933416701952
1272541864135098368
1272541109244157954
1272540896261812232
1272540867954446342
1272540780578603009
1272540574759833604
1272540432304443392
1272540253493100544
1272540169569271808
1272540000173854727
1272539986664075265
1272539891264561152
1272539857072644100
1272539735056166914
1272539694484664320
1272539518659366912
1272539393488760835
1272539346831314944
1272539315386683393
1272539179981975552
1272539160524533761
1272538899387203584
1272538558025400320
1272538374100877318
1272538247525253121
1272538161135202311
1272538024740560899
1272538021380964352
1272538012740616198
1272537985075068930
1272537580001607680
1272537522699108353
1272537031151935490
1272536959651655681
1272536889409499136
1272536631225069569
1272536354900127746
1272536210041339904
1272536122422411266
1272535092305461249
1272534939096006657
1272534747319762946
1272534417311924227
1272533553432145926
1272533397550882818
1272532126936768513
1272531946040680449
1272531814800855040
1272531601713500161
1272530218604023809
1272530200341827584
1272530185343119361
1272529898477944832
1272529534173294594
1272529434059341824
1272529353100926976
1272529193079910406
1272528926317969411
1272528395142864902
1272528264632901633
1272528263252979714
1272527751501799427
1272527274156294144
1272527182317879296
1272526909335908352
1272526592280088578
1272526287417028614
1272526235894263810
1272526082269380610
1272525953898631169
1272525617293070338
1272525416264273923
1272524822015246336
1272524624316772355
1272524446969012224
1272524363909206017
1272523670569844738
1272523333528150024
1272522974436917248
1272522822821318661
1272522811509260289
1272522065158057992
1272521951651803141
1272521941044379648
1272521023569698823
1272520960562913285
1272520393396494337
1272520356855787520
1272520165188448256
1272520164626620423
1272519900658044928
1272519435207786496
1272519317565976576
1272519240659197958
1272519189887098887
1272518660939231232
1272518569050476546
1272518506383159296
1272518400644972545
1272518170448977920
1272518084256022528
1272518059203461120
1272517941913886723
1272517938898231301
1272517489235288066
1272517308456546309
1272517250101231619
1272517188411428867
1272516699594473472
1272516655210512384
1272515789682290690
1272515686598836225
1272515672623460353
1272515447297056769
1272515272700833792
1272515113979961344
1272514812313026560
1272514758378487813
1272514692854935553
1272514648546443264
1272514357063278601
1272514190532579330
1272513614725951488
1272513570635304961
1272513252979851266
1272512777177923585
1272512507920482304
1272511700885999616
1272511635479986177
1272511245615325184
1272511221946777604
1272511048269082626
1272510969105707008
1272510616058695680
1272510323149373440
1272510205608235009
1272510052658753536
1272509714920865797
1272509632162996230
1272509571685220352
1272509196488060930
1272508603019165698
1272508472005984257
1272508393522180099
1272508185627295745
1272507462038573056
1272507173570965505
1272507068356886528
1272506941378424834
1272506587681357824
1272506317903724544
1272506148051091458
1272505759541035009
1272505575910387712
1272505095482232834
1272504907044659200
1272504658213339136
1272504481402335233
1272503966304219136
1272503620425207808
1272503360847933441
1272503256481234947
1272503221588758529
1272503090793439233
1272502909092065280
1272502149801525248
1272501774990049284
1272501619150577668
1272501604999213056
1272501505640345600
1272501379177873415
1272500699931324416
1272500631849312256
1272500287811567621
1272499594224533506
1272499545243635713
1272499225633357834
1272498738054025219
1272498377742323712
1272497843211624448
1272497214749921282
1272497052098932739
1272497030661734401
1272497019219701760
1272496507313250305
1272496437331398657
1272496049161207809
1272495992697507843
1272495628971540481
1272495578619039745
1272495536667410432
1272495143644475392
1272494995577208838
1272494800726446080
1272494795668230146
1272494587949563905
1272493757003436032
1272493689189863424
1272493602665648128
1272493488664346624
1272492835921637376
1272492258693206016
1272491312567267328
1272491234595127297
1272491134502273030
1272490752761880576
1272490265522180096
1272490027789037569
1272490017231982597
1272489278631706625
1272488707451285504
1272488132169158658
1272487297880068096
1272486732722774020
1272485979794759681
1272485833057153024
1272485819266355200
1272485536557674501
1272485294638538753
1272485213956902912
1272485088228372480
1272485009983602689
1272484426384056321
1272484193759444993
1272484152009506819
1272484072196124685
1272483696264781824
1272483415162576896
1272483120487362560
1272482743633555456
1272482519708033029
1272481304555278336
1272481162322051073
1272480800206880770
1272480068745465856
1272479776423448580
1272478902959603715
1272478495562702848
1272478312976220163
1272477948289994752
1272477657377226752
1272477619439755264
1272477067217534976
1272476343330959360
1272476228855959559
1272476031291666432
1272475445682933760
1272474217557241856
1272474014263529473
1272473340163297281
1272473246450024449
1272472421979828227
1272471728157945856
1272471570666176513
1272470706228465669
1272470127531954182
1272469655861559297
1272469191052849153
1272469154977677317
1272468276325515264
1272468040463114240
1272467393395093504
1272467328375173120
1272467114847330304
1272467059645927424
1272466687002939392
1272466445927174145
1272465643883945991
1272465292086644736
1272464743140376576
1272464396023824385
1272464026648236032
1272463865616441345
1272463099749154818
1272462209189203968
1272461321745940481
1272461270038597632
1272460400412356608
1272460138901901312
1272460001475530753
1272459546515161089
1272459354038505472
1272459329854111745
1272457576756609025
1272457228352737280
1272457054784049152
1272456962404487168
1272456812160258049
1272456803591348224
1272456520010260480
1272455971806289921
1272455394766589952
1272454936647917568
1272454836970311682
1272454125767348224
1272453643858567168
1272453035231522829
1272452871456534531
1272452021354782720
1272451548874895360
1272451077984546822
1272449917408227328
1272449120578527233
1272449070636896256
1272448345886191616
1272446445661102086
1272445256894681089
1272444639233159168
1272443946354962434
1272443272259084288
1272442988338315265
1272442111426793472
1272441873144127488
1272441473330491393
1272441426916171778
1272441012770582528
1272440990427516929
1272440984836517888
1272440839222910976
1272440757744365569
1272440144382103554
1272439783265091584
1272439502896799744
1272439153930592257
1272438952465707015
1272438545920262150
1272438210321399808
1272437579967795201
1272436948322287616
1272436811520978944
1272436759821942786
1272436097700724747
1272435813087879168
1272434658081304576
1272434148716744705
1272434085231812615
1272433102510370816
1272432965147131911
1272432017267884034
1272431967733190656
1272431396800401408
1272431347655741440
1272430356780679168
1272430251931340800
1272429877707157505
1272429676561158144
1272429623608070144
1272429536727236608
1272429384595636224
1272428699485380608
1272428668615364608
1272427936361197569
1272427725739962368
1272427615035559937
1272426119124393984
1272426098073239557
1272425399205519360
1272424799764127744
1272424533069230084
1272424089261490176
1272423065956175873
1272422289594859520
1272422100490506240
1272420348907130880
1272420098544975873
1272419943963930625
1272419879036112896
1272419691235950592
1272418708300931073
1272418197820575747
1272418110679572480
1272418099380224010
1272417963228852226
1272417374986092544
1272417055782952962
1272416269581479936
1272415660384149505
1272414928704622595
1272414754104107008
1272414350683172865
1272414322090577921
1272414070847594497
1272413821211217925
1272413212193898496
1272412500772831232
1272412010697891841
1272411664193851392
1272411469435428865
1272411303630516224
1272411286546997248
1272410817095401472
1272410622647513093
1272410565600673792
1272409716271046656
1272409455888662529
1272409008926851072
1272407452986806272
1272407197687963648
1272406887229788160
1272406467488944128
1272406280347496448
1272406277654708224
1272406249359933441
1272405941988790273
1272405910841896961
1272405688283774979
1272405651524853760
1272405469345316864
1272405444435173377
1272405367826321408
1272405190579290119
1272405174334533632
1272404349516423168
1272403434231062528
1272403194002526208
1272403030491762688
1272402539166568454
1272402284899520512
1272402258827702272
1272402123448254465
1272401961833369601
1272401537667661824
1272400971264438272
1272399331228696576
1272399060390068224
1272398379906187264
1272398259412062208
1272398067476529152
1272397768351498240
1272397573999874049
1272397537606094848
1272397184093360129
1272396402623209472
1272396251494047745
1272395381255569416
1272395113839411201
1272394685760364544
1272394529275105280
1272394120762400769
1272393347966132224
1272393007292207106
1272392990720483334
1272392945732390912
1272392728928649217
1272392571600265216
1272392516395061248
1272392223242493952
1272391888423628800
1272391844416991232
1272391724766281728
1272391461644967936
1272391251673874435
1272389715245690880
1272389255453503490
1272389121613447173
1272388988393979906
1272388399173906438
1272388223763800066
1272388049167691777
1272388026476396558
1272387772876087296
1272387490507296769
1272387353294721024
1272387307727925248
1272387140651937795
1272386880860905472
1272386725319528448
1272386427494391809
1272386408263503872
1272385837930549248
1272385418776854529
1272385041633611776
1272385020578000897
1272384041900052481
1272384031632449537
1272383896932368385
1272383877110099969
1272383715046559745
1272383531428110336
1272383451203862529
1272383031030972416
1272382547410989056
1272381767484235777
1272381602006368258
1272381410112749568
1272381247868694528
1272381026157895680
1272380910726533120
1272380886504349697
1272380593137946624
1272380570702680065
1272380041599557633
1272379881653850112
1272379675952717825
1272379581018882049
1272378816325996544
1272378774198329346
1272378616760938497
1272378317367377920
1272378004384120833
1272377858917314563
1272377307571687424
1272377174591516672
1272377135416725504
1272376855241392128
1272376622293716993
1272376589637083142
1272376118709047297
1272375770166378497
1272375543371927552
1272374629466804224
1272374595815788544
1272374559480537089
1272374355876593667
1272374012384030721
1272373684238520321
1272373114580750339
1272372849366503424
1272372668789112832
1272372611431858176
1272372458394353664
1272372338672037888
1272372324231024640
1272372149957918721
1272371586750976001
1272371458010947586
1272371437064450049
1272371387995480064
1272371355187662848
1272371219984084993
1272371203643228161
1272370933458776064
1272370670081466368
1272370509049737216
1272370245815209992
1272369915148853250
1272369870206877696
1272369547438415872
1272368461335977987
1272368307195297792
1272368303135092737
1272368298856939520
1272367717107064833
1272367618331156480
1272367600266121216
1272367495224180736
1272367461950619648
1272367209227132929
1272367054084083714
1272366789163397122
1272366703205285888
1272366638260609030
1272365863610519553
1272365803690758145
1272365772359245826
1272365652599205888
1272365424852664320
1272365338881998848
1272365329889386497
1272364128217292805
1272364102707367936
1272364017445724161
1272363849010872322
1272363316787073026
1272363225225535489
1272362879589715969
1272362864456548352
1272362708764168194
1272362650106597376
1272362292739543042
1272362089068154881
1272361828236947456
1272361598347284482
1272361555016011780
1272361389244461056
1272361278321893379
1272361188731617281
1272361108691615746
1272361098390487040
1272360344145424384
1272360223273914368
1272360116600344576
1272359971963850753
1272358969076523008
1272358892610215937
1272358765266903046
1272358300831510529
1272358223182323712
1272357681278275584
1272357503251210240
1272357382002262018
1272357279203913729
1272357239093899264
1272357172547137538
1272356947384324096
1272356926144286732
1272356642995294209
1272356568529375233
1272356541614772224
1272356060066648065
1272356002906738689
1272355580980523008
1272355442883039234
1272355146538848257
1272354785249751040
1272354743340367873
1272354732518936578
1272354673278795777
1272354665665933313
1272354425273638913
1272354220860231681
1272353551390437381
1272353497980317696
1272353424890138624
1272353282770587648
1272353218983596034
1272352721203585025
1272352653842866178
1272352341472079873
1272352189915095041
1272352134009368576
1272352031496339456
1272351876491522048
1272351716218769408
1272351493774065667
1272351344616243200
1272351206568947712
1272350919238148096
1272350770986397698
1272350656813322241
1272350467448692737
1272350372053606401
1272349946839089152
1272349887582134272
1272349850798039041
1272349445410172928
1272349332205735937
1272349283539279872
1272349244981047296
1272348951279214593
1272348910657261569
1272348849961566208
1272348847558320130
1272348737214562304
1272348624815620101
1272348602782961664
1272348561464627201
1272348435346317312
1272348380799229952
1272348272787517441
1272348228806115331
1272348225375105025
1272348115677388801
1272347619797487616
1272347528797790212
1272347302296825862
1272347230528102402
1272347213461622786
1272346957290237955
1272346946133356545
1272346914525270016
1272346777988075522
1272346053359042566
1272346046019100672
1272345953933185024
1272345938250485760
1272345725653975041
1272345695815598082
1272345674433036288
1272345589955657729
1272345512755081217
1272345372913020929
1272345016908812289
1272344892551954432
1272344290602221577
1272344090579959808
1272343957305913345
1272343478668845056
1272343419399086080
1272343381025476608
1272343293033164801
1272342985280126976
1272342703112482816
1272342637991911424
1272342626432217088
1272342604382756864
1272342525869776898
1272342317865873408
1272342082036760576
1272341510458089474
1272341477880930304
1272341164641980418
1272341056655253504
1272341041761464320
1272340958114430976
1272340794511364096
1272340698101100544
1272340527606792193
1272340329283219456
1272340287801765888
1272340103617228808
1272339583766691840
1272339526221004800
1272339517001863168
1272339466091446273
1272339442037030912
1272339416774828032
1272339357165391872
1272339195814719489
1272339064222625796
1272339002687922178
1272338549522804738
1272338368815222784
1272338155505512449
1272337997971652608
1272337986978447366
1272337539811213313
1272337280087273472
1272337144783216643
1272337077565300736
1272336954571530240
1272336790045638658
1272336567982608386
1272336402143993857
1272336339552239616
1272336324444422144
1272336213655969793
1272335876081815553
1272335827780030464
1272335765461032960
1272335666542784519
1272335504646733824
1272335257346338821
1272335022771576833
1272334848653492229
1272334759352365061
1272334728255832065
1272334701026574337
1272334684249341956
1272334673826504704
1272334432133931008
1272334413154697218
1272334396633362433
1272333954394148864
1272333843165519872
1272333485471076354
1272333156985851904
1272333149075374080
1272333143215726593
1272333081362513921
1272333005357371394
1272332852013694978
1272332789392670720
1272332692172963845
1272332672170209280
1272332611474653184
1272332457002643457
1272332329927786498
1272332204329390081
1272332052809965569
1272331746504257545
1272331731484528640
1272331545932488704
1272331500634148866
1272331169950953474
1272331064254451712
1272331042859266048
1272330955408187393
1272330622548144128
1272330543569518592
1272330457170894848
1272330354746146817
1272330269639368704
1272330053569908736
1272329528627490816
1272329445345501184
1272329416304209927
1272329298821644289
1272329033217425408
1272328773698977794
1272328350749675521
1272328207082102784
1272328097791184898
1272327901124255744
1272327579316498432
1272327548966338560
1272327209496145920
1272327182879281154
1272326979166113805
1272326944202219521
1272326899147042816
1272326868851732480
1272326387953795073
1272326256563027971
1272326241098620928
1272326155954270212
1272326106255933441
1272326009065529346
1272325811236986885
1272325269005754368
1272325086658224130
1272324361622638596
1272324095653212160
1272323919689641984
1272323731570913280
1272323315860938753
1272323206074925057
1272323067482648576
1272323024176533504
1272322823881539584
1272322814872154112
1272322739903369222
1272322581505417217
1272322208950607872
1272322188398358528
1272322000640454658
1272321979157225472
1272321754518581248
1272321605302202368
1272321496430477312
1272321388318265345
1272321262719774722
1272321003662839809
1272320933156417538
1272320843541024769
1272320808828973060
1272320518184722438
1272320432419586050
1272320355898544129
1272319855933317120
1272319720147103748
1272319693894942720
1272319657064763392
1272318810645823488
1272318405102596096
1272318301696376833
1272318206418530304
1272318037769752577
1272317920975020032
1272317219326877696
1272317124111994881
1272316950912405506
1272316865143062528
1272316678265864193
1272316380520439808
1272315690268139520
1272315554284568578
1272315191229808641
1272314702538969088
1272314335411527680
1272314187193049089
1272314105362354178
1272313634648141824
1272313628444823554
1272313489168596992
1272313471929966592
1272313340556001280
1272313145911099392
1272313143805476869
1272312990587650049
1272312806679949312
1272312755689713664
1272312557316030465
1272312329636634625
1272311968045518848
1272311867776565248
1272311864744005632
1272311854543458304
1272310872048726016
1272310869544898561
1272310316458704896
1272310205473189888
1272310152511787014
1272309172483297280
1272308858405478401
1272308815522926594
1272308721683750913
1272308373623472129
1272308152235679745
1272308113065082887
1272308070463520768
1272308050590863360
1272307916796596224
1272307790959259648
1272307788992196608
1272307570166784000
1272307374922047489
1272307157787123713
1272306977444691968
1272306865938984960
1272306430205325312
1272306259769819136
1272306103569670144
1272306057726001152
1272305558746533888
1272304988224737282
1272304852220207105
1272304455778799618
1272304349478338560
1272304341018390533
1272304272840024064
1272304008024272897
1272303828105342976
1272303517097693186
1272303308552704004
1272303059423522816
1272303017409294341
1272302884168896512
1272302272408682496
1272302065788862464
1272302050311696384
1272301824255688704
1272301273669349376
1272301093272289280
1272301058795032578
1272301032358510592
1272300803911561217
1272300566132056064
1272300534628847618
1272300528974905344
1272300104129658880
1272299902404624385
1272299834788044800
1272299760301400064
1272299641791528961
1272299221903904770
1272299197350338560
1272298626899947520
1272298537598849025
1272298200318255113
1272297916707885056
1272297899574145027
1272297799925800961
1272297511416475649
1272296850100334594
1272296203649052672
1272295962396876801
1272295885247000576
1272295779714174977
1272295744578498561
1272295526256578561
1272295397923446788
1272294806056665088
1272294580168187904
1272294461138014208
1272294407983808517
1272294301867876353
1272293743782174720
1272293542996643840
1272293523530940417
1272293193095294977
1272293124983926784
1272293115009789952
1272292902635311105
1272292799698948099
1272292750377881600
1272291982984036352
1272291784601661440
1272291421375078401
1272291208807583744
1272290871946481664
1272290779436703744
1272290601057189889
1272290436271558656
1272290321599258625
1272289651785531392
1272288760806457345
1272288694775537664
1272288524562083840
1272288168348278784
1272287940127817729
1272287738377707520
1272287726226849793
1272287699769217026
1272287598342479873
1272287594924183552
1272287358587670532
1272287350199136256
1272287275813089281
1272287158712360960
1272287102122811392
1272286968098029570
1272286850317778944
1272286840561623040
1272286642552877062
1272286228344385537
1272285984726581252
1272285877390237697
1272285714223452160
1272285687719571457
1272285384643350531
1272285289696956416
1272284717652611072
1272284421253664768
1272284321458597890
1272284168655908864
1272284142630309889
1272283970210861061
1272283940452065281
1272283598427742215
1272283589049118720
1272283495067516936
1272283233971867649
1272283179391557637
1272283150778019840
1272283025204809728
1272282319475412993
1272282129313853440
1272281740237824000
1272281728959291403
1272281715210432515
1272281672306831364
1272281530887401473
1272281056595632129
1272281052703346690
1272281024861556739
1272281021636108297
1272280998286446593
1272280976127864834
1272280968251015168
1272280962383122438
1272280936420388867
1272280775573061633
1272280768396570624
1272280559780343809
1272280381102780417
1272280063036329985
1272279273919836160
1272279228365647872
1272279179904630784
1272278938119634944
1272278665288654848
1272278541850247173
1272278438879956992
1272278383922200577
1272277410382110720
1272277137253232640
1272276316511969286
1272276127759822849
1272276079152181251
1272275729024192512
1272275533670334476
1272275476841558016
1272275475596001283
1272275434806247425
1272275097483644929
1272274650626695168
1272274385894850561
1272274364092813315
1272274144994959368
1272274129593368576
1272274019174105088
1272273893626011648
1272273757151866880
1272273733965746177
1272273442373537793
1272273420701458432
1272273149787283459
1272272928885760000
1272272775613485057
