1284229089029742596
1284224677083144192
1284224655876935681
1284224487676801029
1284222815957184512
1284222528366542849
1284222097250816000
1284221415508652032
1284221183399989253
1284221101900533761
1284221055922569217
1284219781869117445
1284218108530634753
1284218050875723776
1284217819790532608
1284216922339454977
1284213579911135232
1284213418321342465
1284213047058464769
1284212368038395904
1284212052379291650
1284210571630350338
1284209906376212482
1284209902211280902
1284209757159645185
1284208769212112896
1284208626928726016
1284207890924924928
1284206406414016513
1284205437735206913
1284204543455223808
1284202660032282626
1284201750132428800
1284201717375139843
1284201438047088641
1284201004301537286
1284200909829025792
1284199894106988544
1284199871118020608
1284199406124883968
1284198431133765633
1284197718915768320
1284197630180917248
1284194396741738498
1284194248108253192
1284190331077091334
1284187990856806400
1284187163169447937
1284184970727092225
1284183855201685505
1284183422706094082
1284182774895845379
1284182283566579712
1284179939005132800
1284179726186147841
1284179037456232449
1284178812008312832
1284178702608117761
1284178569376260099
1284178241654333442
1284178177460301825
1284177810559508481
1284177757853777920
1284177448616316928
1284177161595654145
1284176727657218048
1284176418155507713
1284175627331854339
1284175528174518274
1284173568314609670
1284166673721724928
1284166252404117510
1284166073219194880
1284165145363709953
1284163973018005505
1284163071066476547
1284162876878577665
1284162137972256768
1284160858080202754
1284159417055944708
1284158680104005634
1284158564987215876
1284157576817651717
1284157478742233089
1284157409863380992
1284157382080094208
1284157168762195970
1284157091658293249
1284157024813621250
1284156690057826305
1284156636932780033
1284156554632208384
1284156462701383685
1284156461879189504
1284156338017390594
1284155702362222594
1284153619592278017
1284148198852956160
1284147825534742529
1284147801727754240
1284147656588251137
1284147542926725120
1284146702736400384
1284146280843882496
1284143237972856838
1284142968543182848
1284142623221903365
1284141172642869249
1284140021654663168
1284137733414322176
1284136730396954625
1284133844602380288
1284132576605671426
1284132439791632384
1284132368241111041
1284132097448464384
1284130031342583809
1284121221517328384
1284120166725562368
1284119794967384064
1284119425956712450
1284118508457123841
1284117882578837504
1284116210985177088
1284114929012834306
1284113370501742593
1284110328448638986
1284110001016123393
1284105990690963456
1284103319208841216
1284100710087393280
1284098168062386183
1284097235286929409
1284097196661538820
1284095782656839680
1284095358864367616
1284095243495845890
1284094852527992833
1284093152131981313
1284092794609586177
1284092086472540160
1284090844908261376
1284088770451701760
1284087703546494976
1284086268201230338
1284086009551093763
1284085459430199296
1284081619364708360
1284081112113991681
1284080931003924481
1284080535552352261
1284080460793098241
1284078511284785157
1284075498163691520
1284072005512249344
1284068642280407040
1284064965557719040
1284063170554888193
1284054127610400768
1284052786544549888
1284051991199653888
1284049141983842309
1284042104826716168
1284041667398467586
1284041033043582976
1284040511297220609
1284039860962172930
1284038830698500096
1284032610771955712
1284032052443189248
1284031335850323968
1284028440094617605
1284028108870258688
1284027516445958146
1284026478234161152
1284023515927031808
1284022489492815873
1284019051795222528
1284019000221958146
1284011243032936449
1284010060000251905
1284009632260861953
1284009603819122688
1284007875073867776
1284005775539679233
1284000937556824065
1284000645964541954
1283995443505111040
1283993764592259072
1283993343656177664
1283991769118658561
1283991544840761346
1283989820247859204
1283982285763678211
1283980699192754176
1283977532291854336
1283977319455973376
1283977113020792832
1283976894308847619
1283976082627141637
1283974655913541633
1283973901773660161
1283973230240215040
1283969490708029441
1283969050926821377
1283967222289805312
1283965220004622338
1283962161010704384
1283959802440359937
1283959719149871104
1283959659271946240
1283959625105068034
1283958815768092675
1283958514533249025
1283957058258206720
1283954761645961219
1283954734731321344
1283952400030736385
1283950814667538433
1283947764620111873
1283941388544024577
1283940860065972230
1283940120857661440
1283939287084363777
1283938945475252226
1283938540313870337
1283937991925338113
1283937156151554048
1283936385821552640
1283935785406865410
1283931353931755520
1283931290165587969
1283930843275120640
1283930336309555200
1283929967814774785
1283928768671649792
1283928474638417926
1283927745534148608
1283927141877526531
1283926327846830080
1283925315421712386
1283924372671967234
1283923286334660609
1283923130889756674
1283922917458350081
1283922478243491846
1283922104543580160
1283921640036982786
1283917534207660032
1283916168357654529
1283913877336416256
1283912577605672967
1283912187426123777
1283904915941797889
1283901273608249344
1283900752780460037
1283899918621392896
1283894498511032320
1283891283367538695
1283890609644875781
1283890116105129985
1283889543888986115
1283889411927703552
1283888592431898624
1283887802652884994
1283887657865674752
1283887433646514177
1283887109896466432
1283886846125252610
1283886785676763136
1283886721965322240
1283886178324885504
1283886027078279168
1283885605043220482
1283884765322641408
1283884578680299523
1283882265966022656
1283882160009748480
1283881854823620608
1283878160325464064
1283878117757652993
1283876952168898561
1283876415134412802
1283875497085108226
1283875015650410496
1283874633624805376
1283874219781246977
1283873751466221578
1283872666664009736
1283871423501664256
1283871360037597185
1284152321325379586
1284152740571230212
1284153641247612929
1284153272035676160
1284152523968974848
