1274446765970857987
1274445366352654339
1274445339089666051
1274445259561451522
1274445259481722881
1274445259456614400
1274444869709283329
1274444653073518593
1274444367399284736
1274444348587941888
1274443994563579907
1274443873776029696
1274442657692037121
1274442174252400640
1274442061245288448
1274441843011473410
1274441058428936192
1274440552793210881
1274440475479506955
1274439942018461696
1274439882455351297
1274439214042697730
1274438177579765762
1274437891796557824
1274437759445368833
1274437755410374657
1274437354531565568
1274437251112501249
1274437211287547904
1274437080983015424
1274437039535120384
1274436464210776065
1274435977885503488
1274435790966157312
1274435769768140800
1274435415680987137
1274435054597529600
1274434574718660609
1274434313845694467
1274434295285911558
1274434120152682496
1274433224081649669
1274432668806066177
1274432076159148032
1274431817454465024
1274431270500655104
1274431200099254274
1274431067575877637
1274431016111943681
1274430627341717505
1274430401646297089
1274430215612219392
1274429828335370243
1274429773867958272
1274429032507994113
1274428766198960128
1274428508891119616
1274428118795726849
1274427255817670657
1274427192689201154
1274426398975954945
1274425509569585153
1274424707660603393
1274424608796672002
1274424410091511809
1274423581527674880
1274423471561457670
1274422767388176386
1274422484205481987
1274422019380129792
1274421963684003841
1274421415110901763
1274421117021634560
1274421039292747776
1274420933512617984
1274420671859261440
1274420092499922945
1274420062384820224
1274419851973492736
1274419559647322112
1274418746963234822
1274417943464620033
1274417442706427906
1274417308795047938
1274417130545520643
1274416786721476608
1274416598372188162
1274416101565349888
1274415926771769344
1274415681526730753
1274415444082843650
1274415026779099136
1274414140036132864
1274414021228335106
1274413311661129729
1274413276386996224
1274412950149726208
1274412846336692224
1274412580426207233
1274412283654017031
1274411586669514753
1274411401956790275
1274410245096452098
1274410225538347011
1274408594746695680
1274408497585819649
1274408465084157954
1274407838090244101
1274407722277109760
1274406538011164672
1274405832231464960
1274405001402744834
1274404020023554048
1274403950926553088
1274403398784290818
1274402493640785920
1274402322987143168
1274402211708022784
1274401424697409537
1274401186859249666
1274400901428645894
1274400811020423170
1274400782318616578
1274400642430390272
1274400539367731205
1274400511026921474
1274400044314050567
1274399918329905154
1274399710808346626
1274398608427794437
1274398580778962944
1274397867273306113
1274397737673469953
1274397663316844544
1274397444017729537
1274397390041210880
1274397378678788096
1274397101095608332
1274397059676807169
1274396892743401482
1274396325883392002
1274395914543783939
1274395786827235335
1274395385042219013
1274395309108367361
1274395044074663936
1274394931126247424
1274394799278301185
1274394793691410434
1274394692398903297
1274394622471671813
1274394546890252294
1274394541899034624
1274394189808250880
1274393380865351681
1274392947946139648
1274392787941830656
1274392460362502145
1274391850946887680
1274391137760002049
1274390993123581960
1274390843034488836
1274390775107932160
1274390574511067136
1274390571541504003
1274390316649512962
1274390253713973256
1274389459207958529
1274389256992145410
1274389234787500032
1274388942364782593
1274388830305558530
1274388583575625729
1274388337109995522
1274388283188019200
1274387883638521859
1274387156530802688
1274387057243238402
1274386900413935623
1274386654120329216
1274386371139026945
1274386208919977984
1274386198992162818
1274386066536103938
1274385959128367106
1274385798511632384
1274385571893387266
1274385130157531138
1274384967087394816
1274383955890929664
1274383294184947714
1274383086441160714
1274382555337363458
1274381901751635968
1274381607214952448
1274381541771100160
1274381043395710977
1274380113728192512
1274380081943674880
1274379838875488256
1274379836572741633
1274379742649745408
1274379512885764101
1274377768533397504
1274377253900759040
1274377142495842306
1274376996655706113
1274376489413349378
1274374979405168640
1274374776677695488
1274374657706201090
1274374415254540290
1274374279849750528
1274373853410713601
1274373700087943174
1274373196309868545
1274372463942676480
1274372251266297856
1274371739447943169
1274371290460127233
1274371114387542016
1274370616708259841
1274369984521789442
1274369783732015104
1274369479955353600
1274369385537380352
1274367441217314816
1274367359155949569
1274367345637634052
1274366480197595136
1274366026965307392
1274365408213000194
1274364817759801344
1274364036298260480
1274363255767601153
1274363231063212032
1274362796239736832
1274362319888281600
1274362129148190720
1274362084562808832
1274362061015916544
1274361751581188096
1274361616369422337
1274361296595681283
1274361079301316610
1274359904384487424
1274359652801753088
1274359357367619586
1274358905867390979
1274358850259505153
1274358158497062912
1274357973222031361
1274357714861391873
1274356622786248707
1274356502124466179
1274356110703632384
1274355848601407488
1274355788652384256
1274355399987204096
1274355377375711238
1274355263143923714
1274355193006755842
1274354634908299264
1274354603698634754
1274354521913901064
1274354315176501249
1274354263091789824
1274354009931997184
1274353321592213504
1274353034798215168
1274352801066430464
1274352699732045824
1274352360496803840
1274351919511801863
1274351893620416512
1274351768231534592
1274351687541690371
1274351238621155328
1274350481800867840
1274350450465050625
1274350351374667782
1274350043953324033
1274350043059847168
1274349966954246144
1274349204694093824
1274348959486672896
1274348666279559168
1274348601590845442
1274348326947880962
1274348219980546050
1274348168818429952
1274348119963156480
1274347949053612032
1274347342439866370
1274346713264926722
1274346434268205056
1274345766295949314
1274344932996788227
1274344920027889665
1274344473758179328
1274344360193265665
1274343505691914242
1274343175214292993
1274342901082755075
1274342620312059905
1274342354196017157
1274342170535718913
1274341956454354945
1274341930592342018
1274340726705356804
1274340381581328385
1274340024109203460
1274339961060417536
1274339768948740097
1274339449716031493
1274339300478529538
1274338942972805130
1274338668275101702
1274338537438171137
1274338534577618947
1274338505917976576
1274337965246906369
1274337914697256962
1274337550124101633
1274337479571668993
1274337083004313602
1274336440017715204
1274336423043198977
1274336082386210816
1274335015246102528
1274334976289333251
1274334441112928258
1274334371424677889
1274334313534894081
1274334205502201857
1274333989818511365
1274333498049015809
1274332562589200387
1274332292035510272
1274330720379572228
1274330714302033925
1274330664893124608
1274330175078125568
1274330118350082048
1274329654849986560
1274329623883440128
1274329094436655104
1274328829163683840
1274328778731401218
1274328470995324928
1274328103410679808
1274327589696557056
1274327086849810435
1274326828887560197
1274325399653277696
1274324371121766406
1274323031867879429
1274323026033750017
1274322824056975361
1274322614824157185
1274322279921582082
1274321749283348487
1274321537714266117
1274321325444628480
1274319655507820545
1274318761793855490
1274318070794858497
1274317687414546432
1274317540689350657
1274317231271350274
1274317141253263362
1274317067970281477
1274316870468939776
1274315712052498432
1274315196551647238
1274315100376248320
1274314967060295680
1274314828081922048
1274314606932946944
1274313895289786369
1274313329729843202
1274313009469538304
1274312754141310977
1274312657995280387
1274312514898190339
1274312100454846464
1274311998281584641
1274311658748461057
1274311404649156608
1274311262139289600
1274310846173401088
1274310342785597440
1274309204434735104
1274308148162187265
1274307590034460673
1274307132561686528
1274307050990964736
1274306315326820354
1274306253632745473
1274305974522621952
1274305706750095360
1274304960038162432
1274304115477229568
1274303720180912128
1274303110891143169
1274302250266112000
1274300669298708480
1274300422480637952
1274300407838375937
1274297199959179265
1274296327728496642
1274295197883674625
1274293951969865731
1274292220313710594
1274291801222975490
1274291727885623296
1274291697862746118
1274290227901841410
1274288640127111168
1274287743330369537
1274286948853547009
1274285654747185157
1274284511791067143
1274284394166063104
1274283965898199040
1274283469632344065
1274281595449548804
1274281251382464512
1274280917750747136
1274280742722437121
1274276894003748867
1274276841595891712
1274276630467248128
1274276264795226113
1274275442002976768
1274274830959902720
1274273511993999361
1274270269566156800
1274270083897065472
1274267678241406977
1274266872129740801
1274265958656376832
1274264818757840897
1274264812252512258
1274262311105167360
1274261387783651328
1274261171793801216
1274260932470980608
1274260035095461890
1274259647910891520
1274258736547115008
1274257846851551234
1274257386421866497
1274257163637186561
1274255791088906242
1274253603985862656
1274253251374972928
1274253251341320193
1274253076396834818
1274252913330786304
1274252688331624448
1274252331849256960
1274251715492155393
1274250935502544896
1274250358253125632
1274250257669459968
1274249872284229632
1274249127942119430
1274248310593912832
1274248139369824256
1274246130151325698
1274245211238039552
1274243842657542146
1274242524853481472
1274240402460225536
1274240305563406336
1274239890348101633
1274237579211268096
1274236860504641536
1274235923035762688
1274235451839143937
1274233726717898752
1274233305211129856
1274232674597683200
1274232563025002496
1274231365198917633
1274231223766802432
1274231211691556865
1274231087749894144
1274230568587313153
1274229927542272000
1274228273879355393
1274228170674315264
1274227849243885568
1274226775908855808
1274226687329402880
1274226460467908609
1274225459757068288
1274225382531624960
1274224115247972353
1274223108249890817
1274222549086470145
1274222127122612226
1274221722506530816
1274221281412612096
1274220674173853697
1274219001070026753
1274217426205519872
1274215826095251461
1274215572364906496
1274215394253864965
1274214750352801799
1274214624838201344
1274213953673912326
1274213621963374592
1274213561519104001
1274212525400182786
1274211430980390914
1274211236381634561
1274210485546766336
1274210428227399680
1274208165249396742
1274207377034788864
1274205307132973057
1274204492175736832
1274204084241825792
1274203430727409670
1274203072613531648
1274202717083353088
1274202487491194886
1274202291969671168
1274201548130856962
1274201547761582081
1274201539079540736
1274201413665517569
1274201177471832064
1274200882771623936
1274200570044329985
1274200550633017346
1274200193018105856
1274198436846452738
1274198213642215425
1274197863413673985
1274197517962485761
1274197345660547072
1274196836841127937
1274196419457552384
1274195585017528320
1274195439177199616
1274195330343501824
1274195081021452293
1274194685653913601
1274193528554307584
1274192874326851584
1274192352693886980
1274191836555259904
1274191296605958144
1274191041827155968
1274189913332649984
1274189894651228160
1274189561988554757
1274189014887776256
1274188966611357696
1274188338858201089
1274188187909357570
1274187852637704192
1274187074128670725
1274186336308789248
1274185349678403584
1274184544418254849
1274184097842135041
1274183995127783424
1274183139779362818
1274182814867603456
1274182739735064576
1274181693562183680
1274181430260744192
1274181290099687426
1274180653588926465
1274180433337409536
1274180181238919169
1274179963344879623
1274179689888841728
1274179624356978688
1274178882690678784
1274178593908719617
1274177821812731904
1274177729005486080
1274177581139595272
1274176644383756295
1274176565828599814
1274176452511109121
1274176428913897472
1274175935474855936
1274175142919200768
1274174595004796928
1274174388527497217
1274173556398661639
1274173165472821249
1274173151627358208
1274172991245438976
1274172810311733248
1274172486112837633
1274172427296296960
1274170648848457728
1274170484410716160
1274170276889202688
1274169224890593280
1274169078110916610
1274168863064821761
1274168626703208450
1274167113863712768
1274166842089787393
1274166598006386689
1274166438635462656
1274166065199710208
1274165882122534912
1274165323093196801
1274165240549253120
1274164227977039873
1274164141918429184
1274163992387354625
1274163812854370304
1274163036610273280
1274162890002530304
1274162185988476929
1274160400141922305
1274160323503828993
1274160095996399616
1274159973602406403
1274159762972856320
1274159740088614915
1274159601462792194
1274159345157246981
1274159115959336960
1274159087501090816
1274158793933426688
1274158738056806400
1274158617415962629
1274157775635886080
1274157357589827584
1274156733930315779
1274156675772157953
1274156440609939456
1274156427469295617
1274156337132457988
1274156335840591872
1274155872541749249
1274155371851059200
1274153028766105600
1274152598677970944
1274152553907998720
1274152497486221312
1274152353235689472
1274151782478905344
1274151512277749760
1274151449581281281
1274151158140022784
1274150793218646016
1274150325595844609
1274150009018048512
1274149843934593024
1274149347786215424
1274149272229986304
1274149079111667714
1274148907749081090
1274148198593028096
1274147925699047425
1274147470059040768
1274146867178123264
1274146363471609856
1274146119552024576
1274145706480152576
1274145643926368256
1274145096099905538
1274144986565447682
1274144712916643840
1274144680481968128
1274144364902723584
1274144313467756547
1274144135138738176
1274143701829324800
1274143689351323648
1274143089670737926
1274142192781721601
1274142115220594688
1274141769421058048
1274141759174512642
1274140964865654785
1274140891029127174
1274140404112404481
1274139947327385600
1274139870038982658
1274139829840809984
1274139315950555137
1274138981668720641
1274138624041390081
1274138497457233920
1274136713540100097
1274136208096890880
1274136120201265153
1274135309387567104
1274134783375835142
1274134341577310208
1274134294865358851
1274133336093384704
1274133168023580673
1274133067163148289
1274132928252055552
1274132889421086720
1274132840741875712
1274132488395374592
1274131734959923200
1274131203898126336
1274130831632740357
1274130108777930758
1274129659844673536
1274129552189665281
1274129478713839619
1274129451106828293
1274128869533065216
1274128868568436736
1274128826558222337
1274128826046562305
1274128135743823874
1274128034929442817
1274127733283524608
1274127691944529920
1274127416638799874
1274127382186770432
1274127293573738497
1274127188967727106
1274127089873100800
1274126531070132227
1274125790205141005
1274125138393473025
1274124860298375168
1274124582115520516
1274124141126471680
1274124008326410240
1274123647549136904
1274123131058348032
1274122988884037634
1274122936274898944
1274122658062483465
1274122288200404995
1274121429185900544
1274121054731018240
1274121043926487041
1274120717991378953
1274120374914031619
1274120099130216448
1274119977524695042
1274119437403095041
1274119227096444928
1274118952965324806
1274118504812347392
1274118300604043265
1274117909107871746
1274117590223372291
1274116946292813831
1274116549729804289
1274115742343069697
1274115627758653440
1274115285566529543
1274114669691756546
1274114624854667267
1274114000310210560
1274113718696251394
1274113366651527169
1274112900215513088
1274112704328974338
1274112518403903489
1274112488406159366
1274111879359668229
1274111669803900928
1274111619434295296
1274110765990121483
1274109446021615623
1274109105968308224
1274108332501094401
1274108307070947330
1274108208358064129
1274108194466529282
1274108056784306179
1274107955391102982
1274107563467067392
1274107553102905351
1274107260847955970
1274107240732078080
1274107089057710081
1274106996980174850
1274106446431600640
1274105765964296192
1274105420894949383
1274104895847702530
1274104679719297024
1274104584890470405
1274104511993384960
1274104227078471681
1274103807618748417
1274103749426864128
1274103289135665153
1274103244537675776
1274103168880660480
1274103103965593600
1274102590473715719
1274102478259322880
1274102365872848897
1274102315545497600
1274102305214926853
1274101968747839490
1274101702287740929
1274101682968936449
1274101666145538049
1274101243221286912
1274100862198206464
1274100661593014275
1274100571520356361
1274099890365304833
1274099513771339777
1274098764689502208
1274098502264672256
1274098358362259465
1274098328402194432
1274097933672120321
1274097908787314688
1274097811177574400
1274097620714246145
1274097178609438720
1274096905920720896
1274096457314979840
1274096205379833858
1274096103328223232
1274095820590243842
1274095764805992452
1274095660103544836
1274095644882452481
1274095136402702337
1274094586743291904
1274093939251916800
1274093649345814538
1274093611320315915
1274093600977141766
1274093497449017344
1274093411797090306
1274093299020726273
1274092807658110977
1274092440484548609
1274092038716358665
1274091791378251777
1274091357381046278
1274091295754129414
1274091209569509376
1274090889443500036
1274090441495973888
1274090262369894400
1274089978348351491
1274089225781161991
1274089164791840769
1274088558123417605
1274088029133533185
1274087983361208327
1274087773243228160
1274087427607375873
1274087285382766592
1274087011310239744
1274086978389184512
1274086732737196033
1274086132544933892
1274086018963177475
1274085828583657474
1274085753249771521
1274085710799056896
1274085666532532225
1274085563952398336
1274085430795919361
1274085146204033028
1274085122703192064
1274085087043256322
1274084648897982465
1274084631852331014
