1291115069154131969
1291114500116983808
1291113767921684481
1291113593648361473
1291112692497997824
1291112677197205504
1291110863651450881
1291109738558652423
1291108069829742593
1291105342206738439
1291105002283577345
1291104270822133761
1291100759149469697
1291098154142588928
1291098037754818560
1291097626532880385
1291096845205139456
1291096369667563520
1291094421182660609
1291094395400396801
1291094048904638464
1291094039777783808
1291093936891723784
1291093310375780352
1291093225759940608
1291092863468613633
1291092708841476096
1291092397816938496
1291090894775390208
1291086595794309120
1291085652176572416
1291085340606738432
1291084625788514309
1291084455939981312
1291084243792064517
1291083049833201664
1291082821511942144
1291082186867662848
1291082046538907649
1291081754686697472
1291081613304979456
1291081263034462208
1291080914085216256
1291080504423456768
1291079839101771776
1291079697065889793
1291079671480610817
1291079321965203457
1291079287001554945
1291078828434100224
1291078126458593280
1291077111810330624
1291075953108475904
1291075628284825600
1291074938086948864
1291074684990050304
1291074280529297413
1291073218237927424
1291073042341220352
1291070433564008453
1291070134426181633
1291068356636954625
1291068198872391683
1291067794524602369
1291066453110796289
1291063638258847749
1291063470570471427
1291061863602622464
1291060668481839105
1291060214515597313
1291059471326699520
1291059286156677121
1291059168682676226
1291057412091379712
1291057361138987011
1291055356257480705
1291054491660365826
1291053782206357509
1291053566044635136
1291052855885828096
1291050761720344577
1291047319920549888
1291047050017038336
1291046846446665737
1291046208681603072
1291045502289682432
1291045409335328768
1291045059110920193
1291044653676949508
1291043728740753409
1291043640546975744
1291039885718179840
1291039056336285697
1291038683387383814
1291038539161964545
1291037213166194690
1291036752442994688
1291036567591686144
1291035146326618112
1291034144974221312
1291033689514815490
1291031902493609990
1291029761830117377
1291029174539505669
1291029006804893697
1291028108993335297
1291026287901855746
1291025512979038208
1291025231805546496
1291024938854473729
1291024431255638017
1291023914274095105
1291023372751691777
1291022782260809734
1291022196643700737
1291019004618977280
1291018719351779328
1291017995356053504
1291017888497795080
1291016936428642306
1291016234847236096
1291015091064725504
1291014768640143365
1291014480307130368
1291014356960854018
1291014085979459585
1291013762280030209
1291013393298493441
1291012883460104192
1291012514218729474
1291012255979573249
1291011640457035777
1291009418155327490
1291008655450570753
1291008597623742464
1291007324954427392
1291006094773379074
1291005497362075649
1291001125014052870
1291000770175750145
1291000619579449355
1291000423357308929
1290996904810209280
1290996860543545344
1290995537228050432
1290993806951813122
1290993200480636930
1290992573272784902
1290992454158647299
1290991872228368390
1290989333168750592
1290988932222660615
1290986596460908544
1290986430316138497
1290985904547475456
1290985694085750786
1290980090780758016
1290978844908888065
1290977037050576897
1290975290383114240
1290974332131381249
1290974321339441153
1290973927532093440
1290973917033705472
1290972245339201536
1290970714858827776
1290969725091053568
1290966615585062913
1290966280112082946
1290965163320004608
1290957813544615936
1290954987820822530
1290946267795935232
1290945683063627776
1290942865909088256
1290941795862556672
1290940602494914561
1290936901696978944
1290936283636801536
1290932821801017344
1290932481353568256
1290932269495078912
1290931966485901313
1290930022002327552
1290927807078502402
1290927108827512836
1290926806921613312
1290926393346404353
1290923686636265473
1290921511553990656
1290920556322324482
1290920038283841536
1290917384342188034
1290916569510535168
1290916123832135680
1290915051629510656
1290913607669002240
1290913039261356038
1290912244327280644
1290911316711006208
1290910024135593988
1290907070112256000
1290907015506571266
1290905377333116928
1290901508599549952
1290894409949569026
1290890526674358272
1290889807531593728
1290886642048233474
1290885503517110272
1290885440459898885
1290882224523550720
1290881028878303232
1290878652922523648
1290877794000310273
1290873487658164224
1290872452780875778
1290871960587522049
1290871735705722885
1290871077036421123
1290870264457129984
1290869117419806720
1290867679230861312
1290867592769540096
1290866887727882242
1290866738817413122
1290865541788438536
1290865310711468032
1290865042427084802
1290864665468252160
1290864552683483137
1290864313901539328
1290863032558551040
1290862777939054592
1290862118175035392
1290861928068206592
1290861636702498817
1290861470553497600
1290861429281742848
1290861235726987268
1290859213820801024
1290858804293197824
1290858492731899910
1290857553987919873
1290857456256659464
1290857414225326081
1290857043730083840
1290856522264633344
1290856332145373184
1290856313824698369
1290856174779162624
1290856057628049408
1290855695504605185
1290855645118214144
1290855023040028674
1290854724892270594
1290854582948511744
1290853874534879232
1290852815150157824
1290852758812348421
1290851735561543681
1290851717601517568
1290851333722058752
1290850976790978561
1290850854304657408
1290850495951601664
1290849155053686784
1290849095624601600
1290848812446158849
1290848494706712581
1290847938080579585
1290847597113020416
1290847561071439874
1290847403550150656
1290847053308932101
1290846919560957953
1290846718108598272
1290846610893635584
1290846252309950464
1290846002547773440
1290845992934350849
1290845672103649287
1290845599831666688
1290845546006155266
1290845128693895169
1290844880281972737
1290844717513674752
1290844334489837571
1290843628101873664
1290843335305957377
1290842377423396865
1290841335721799685
1290841313277964289
1290840289532424192
1290839734466555904
1290839326876667906
1290839128360312839
1290838135417516033
1290837430501806080
1290836999084146688
1290836845341876229
1290835087207038977
1290832546977193984
1290831756308840449
1290831031399047169
1290826241747103746
1290825782214811649
1290822437828022273
1290821677983694849
1290819321506267138
1290817864312721409
1290815893723705344
1290815579524276225
1290814691619504129
1290814015812370433
1290813666334474241
1290812585042939904
1290810660276727809
1290810056917778435
1290809151053008896
1290808876854648835
1290807288723386370
1290806671351205888
1290806600597303298
1290806344971239424
1290804884988735489
1290803069735915521
1290802716516610049
1290802180832874497
1290801960753541124
1290801266700902400
1290800617015959552
1290799905620086788
1290799034140102657
1290798675296428032
1290798020485931010
1290797926373965825
1290797730206560256
1290797338319978497
1290797168438185984
1290797062917959682
1290796820986200064
1290796195015663616
1290795322491338752
1290793693054742528
1290792492871426050
1290791764794707968
1290791137918111744
1290790074037055488
1290789032688062464
1290788336169373697
1290787566162251782
1290786607507951617
1290786152207851520
1290785571594526722
1290784282320011268
1290782644217815041
1290782579566813190
1290782408762167297
1290780610663981056
1290780090863882240
1290779475576344576
1290778918295949314
1290778902143672322
1290778881113423879
1290778510798270466
1290778432108933126
1290777617814163457
1290776798268194816
1290774542718136322
1290774076290727939
1290773301091065858
1290773106957545473
1290772863352549377
1290771994967973890
1290771040331849734
1290770197176098818
1290770006960152577
1290769001359052800
1290767713305067521
1290766160540000256
1290766112049725446
1290765839873060864
1290765108071862272
1290762861002792964
1290762831248461832
1290761407865262080
1290761124141584390
1290760796276957184
1290760783832313856
1290760772109373440
1290760704774017024
1290759873433604096
1290759377364963330
1290757553421463558
1290756451883941889
1290756212565454854
1290755211888406529
1290925778868330497
1291015391901351936
1290832987542532096
1291041273332117512
1291045047295774721
1291033721974353922
1291026172361367554
1290998982827806722
1291014875968352259
