1280243386197442561
1280239913238175745
1280239261820899336
1280238656070926336
1280238622713630720
1280238407751479305
1280237891755683846
1280237750730420224
1280236630947872774
1280236259382751233
1280233132332113920
1280232759005458434
1280232701707026432
1280232132141633537
1280231259008954368
1280231167434817539
1280230901708845056
1280230751494197249
1280230251629613056
1280230097681887232
1280228901516607494
1280228564273639426
1280227950768484352
1280227772883972096
1280227459628236801
1280227178626637824
1280224956232728577
1280223823703560192
1280223100349661201
1280218759270023179
1280217134761676800
1280215958188175360
1280213788332097539
1280212262201036800
1280211631113334785
1280209651255009280
1280207937236074496
1280206729595228163
1280206340858707972
1280205674337705985
1280205597087084546
1280204332756021248
1280202642346643460
1280201506046857216
1280200426118356993
1280199656610443265
1280199513827880961
1280196624791343104
1280196430804602880
1280196227787902976
1280196083025686528
1280195909964316672
1280194284277432321
1280193914234863619
1280193842365337602
1280192132330844165
1280190910064660485
1280190768892776448
1280190671148769288
1280188892046647299
1280188846764949504
1280188632717053952
1280187414623985664
1280187003821326336
1280184802365194240
1280184736904773634
1280184733121511424
1280183804892786689
1280182650716614656
1280182630760275969
1280181680750329856
1280180917198151680
1280180236899008512
1280179412458233863
1280178645127106560
1280178070033502210
1280177634983329800
1280177331575889920
1280176420145164296
1280176262577717249
1280175534840770561
1280175331177979904
1280175146418880522
1280175106766102528
1280174730868293634
1280174229271478278
1280173505397440516
1280172067221110785
1280170882804187137
1280170830144638983
1280170613047427074
1280170087442309122
1280169741529694210
1280169240457211904
1280168245622759424
1280166918318632965
1280166833039933440
1280166783744380929
1280166011417686018
1280165969642639360
1280165875409182726
1280162673737568257
1280162625444339717
1280161799690747905
1280161494823579648
1280161411952451585
1280160295382650880
1280159741713547265
1280156909161582593
1280156431048638464
1280156079058563072
1280156046443626497
1280154602814476289
1280154509872787456
1280154484400742404
1280153453323378688
1280152924379897857
1280150279397052418
1280148898498174976
1280148596944445440
1280148177476292611
1280146515907018753
1280145933217542147
1280144519783047169
1280143397030973446
1280142032493780994
1280141276361437184
1280140922190258176
1280140534607118336
1280140227634515968
1280138658205650944
1280138377648648194
1280137956024434688
1280137394339983360
1280136925660229632
1280136670768238600
1280132110465085440
1280129312319049731
1280129044420288513
1280128490445078528
1280128213960798208
1280127515898662913
1280126654967427072
1280126432828624896
1280126110722859008
1280125288278605824
1280124310443753473
1280123997968052224
1280123784285040641
1280122025567272961
1280121983183785987
1280121425383362560
1280121385382273030
1280121114224623618
1280121024583884801
1280119402613010439
1280118658686169088
1280118512539840512
1280117433915838464
1280117201199136768
1280117188297441280
1280117051068203016
1280116881593184263
1280116743122321408
1280116665867554816
1280114866590748674
1280114373223161857
1280113830270558209
1280112271818022913
1280111094858735616
1280110340529950720
1280110251858186241
1280109126056587264
1280106873778135040
1280106477789872128
1280106460517748737
1280104988862185475
1280104608749293569
1280104252401045504
1280103276483092480
1280100604266852353
1280099254619353094
1280095831807442944
1280095739797032966
1280095445503614976
1280095051620724741
1280094508210888709
1280093884551442432
1280093829450907649
1280093144613339137
1280090295464538114
1280086846769451009
1280084619434614784
1280083589200257024
1280081860870184960
1280081650123190272
1280081174224867329
1280078755302535168
1280078676587982849
1280078179399581696
1280074261718134785
1280073304313864194
1280073134230691840
1280072904978255879
1280070006366253056
1280069969066078208
1280064133170253824
1280061451474882566
1280058947064393728
1280057272991977473
1280057040229019648
1280055916482740228
1280054845664346113
1280053672999890945
1280049440477372416
1280049109592752128
1280045018229637121
1280044571691569154
1280043112476401664
1280042553249796097
1280042008934002694
1280039323866447875
1280038911591546880
1280038324292382726
1280034914621165568
1280033236832391168
1280033028396527616
1280029777500557313
1280027940173086720
1280027898557206529
1280027000690954240
1280024159305601031
1280023496278650881
1280023089573699589
1280021714798338048
1280019545638481922
1280019433696555009
1280019378336083968
1280018533351436288
1280016857014194177
1280015027794251777
1280014421050290177
1280013763463307264
1280012829911810048
1280011159165419523
1280010825886031872
1280010301912440833
1280010292668141568
1280009570576928768
1280009423646126080
1280008821675442177
1280008734517817344
1280008109411332099
1280006776218402818
1280006503789932544
1280003780038348800
1280003348519845890
1280003008445796352
1280002705621164036
1280002696842375168
1280002357070303232
1280002307510267905
1280002256113262592
1280001040864206851
1280001031464611840
1280000594803953671
1279999851015606273
1279999122850840578
1279998487611035648
1279997400225124352
1279997339667595266
1279996135051005952
1279995318067761152
1279994615790264321
1279993792733552641
1279993525510328321
1279993166540820485
1279992338656317444
1279992184683593730
1279989556876582912
1279989327481765890
1279988581910450176
1279987208565424130
1279986866364846083
1279986615088275456
1279986078967980032
1279985696690798593
1279984027550842880
1279982680197738497
1279982299543515136
1279981989462831104
1279981547374833664
1279980960998551554
1279980904060878848
1279980343580393478
1279979637867610114
1279979264209715200
1279978716098068481
1279978239600013312
1279977929582227457
1279975917146628096
1279975766738915334
1279975389641625602
1279975164793376769
1279975153842049025
1279974298640355328
1279974092599431171
1279973832707706880
1279972904801718274
1279971874240225282
1279971676072132615
1279971405120057345
1279970793338753024
1279970600862318597
1279970477809848321
1279970375158370304
1279970029660856320
1279969749175156736
1279969645659934720
1279969234592976896
1279969068238483462
1279967026505830402
1279966624611815428
1279966602352627712
1279966292745822211
1279966010792005632
1279965451406147586
1279965424340414464
1279964826907754496
1279963993029906432
1279963748493676549
1279963708605763584
1279963676187992064
1279963550451187715
1279963294992789504
1279962213692968960
1279962051733942272
1279961859928592386
1279961642864906242
1279961576217468928
1279961197933031424
1279960840477839360
1279960310808485888
1279958180978667523
1279958139912232961
1279957826367086598
1279957466357383168
1279957039821852672
1279956683935154178
1279956381739757569
1279955725079515137
1279955709384417287
1279955548130033664
1279953662316404736
1279953554392973312
1279953321353232384
1279952926639824898
1279951972787982336
1279951631212150784
1279951179234017281
1279951162431553536
1279951120106950656
1279950974702977024
1279950162597732353
1279949098494418945
1279949040143253505
1279948325144399878
1279948256915738626
1279948176632492033
1279946706831003650
1279946497283497986
1279946227522637826
1279946099915198464
1279945993182572545
1279945795148578817
1279945507515895811
1279943682549075969
1279943578412740609
1279943473114673152
1279943188602597380
1279943127202177028
1279942887166230529
1279942876927946752
1279942666273333250
1279942609331511301
1279942089464147969
1279941431356866560
1279940977034170369
1279940973821337600
1279940946168360960
1279940763829166080
1279939585217347586
1279938314053857281
1279936718624354305
1279935760565768193
1279935603325403136
1279935395271249920
1279934871801036800
1279933614118129664
1279932074728833024
1279931039477989376
1279930945823559681
1279930765917257729
1279930154358358016
1279930084695080960
1279930055297286144
1279930047902728193
1279928898721988608
1279928110184529922
1279927651612983296
1279927634500042752
1279927371236343809
1279927264818409472
1279926500620296193
1279926352154689536
1279924544787152896
1279924115407847426
1279923948441022464
1279923570907451392
1279923026767863808
1279921045894389770
1279920670730858497
1279919611098664960
1279918779787436038
1279917389270806528
1279916689266823169
1279916110914023424
1279915693073264641
1279915538655907841
1279915196513951749
1279914868532019206
1279914467388768256
1279912564709888002
1279911907978182656
1279911847391645702
1279911538632077316
1279911361552809985
1279911301683257345
1279911222075367427
1279910979367849985
1279910453146259458
1279909543884009473
1279908472658759680
1279907764496732163
1279907668669411328
1279906606550048768
1279906288693137409
1279905936560263168
1279905739293831169
1279905375802753031
1279905227643203585
1279904789619499010
1279904639132012546
1279904421401563137
1279904176680640512
1279903249961803777
1279903223663427584
1279902067730063360
1279900329199513606
1279899718420705280
1279899616801144835
1279898942616920064
1279898792964370433
1279898538198138880
1279898204482547713
1279898183326265345
1279897847736029184
1279896826334887936
1279895656933580800
1279894900083879937
1279894868161069056
1279894420460933120
1279894026179809282
1279892124515909633
1279890348211236864
1279890035089854464
1279888488050155520
1279888362367680512
1279886425555701762
1279885231944683520
1279882764825722880
1279882753899589632
