1288214494167158784
1288217631439216640
1288217271207374855
1288216832906678272
1288216204096618496
1288215966179119106
1288215726042611712
1288215010653634575
1288214912246849536
1288214614040166400
1288214443650883584
1288214182861709313
1288214068453494785
1288213637077794821
1288213568949641216
1288213441040154624
1288213427182215168
1288213153851961344
1288212920661409794
1288212860057858049
1288212814134300674
1288212441705455616
1288211478596726784
1288211343972212737
1288209842406977536
1288208375193440257
1288206882230812673
1288206875075452928
1288206719894654976
1288206242717073408
1288206201390424065
1288206014333026307
1288205866458648578
1288205535171366913
1288205296914116610
1288204587816583169
1288204323181207553
1288202606850916352
1288202192822906880
1288201971527188496
1288201933963104257
1288201480617357312
1288201352716451842
1288200930828201991
1288200902176837633
1288200222154395650
1288199888929513472
1288198441156448256
1288196643561648134
1288195209289818113
1288194740341501952
1288193927477104641
1288193423988727808
1288190950292877318
1288190692972531713
1288190495840231428
1288190250360213511
1288189369258565641
1288189216313282564
1288187873997533186
1288187528869294086
1288186453629992966
1288185473823903746
1288185405481848834
1288184750499336200
1288182555922042882
1288182529816748035
1288182263503413249
1288181956488896514
1288181250843435016
1288180949134397440
1288180564244103170
1288180358983213057
1288179834649219077
1288178970416959488
1288178073972736006
1288177605275869185
1288177435708661761
1288176634693070850
1288176334355734528
1288176214134456320
1288175277697372160
1288174467781361664
1288174281512427522
1288173580908400640
1288173411232096256
1288173302205292545
1288172648976068608
1288172529811623936
1288172431950127105
1288172099341676545
1288171016410161152
1288171009057492994
1288169650870779906
1288168568782303232
1288167939519197186
1288167934414782464
1288167842110738436
1288166715466174466
1288166590526058497
1288165853591207938
1288165652604182528
1288165644618412034
1288165093704970240
1288164477502992385
1288164247298605058
1288164193250705411
1288163582132224002
1288163386476433408
1288163237998014464
1288162718080552975
1288161918960599040
1288161747640242178
1288161004636037120
1288160370360819714
1288159896056340480
1288159607697870849
1288159053005426694
1288158925393743872
1288158830942011392
1288158642664079362
1288157928432603137
1288156875335315456
1288156592903524356
1288155964055515136
1288155963233644544
1288155746618793984
1288154889349201921
1288154550470348800
1288153870158397441
1288153591040090117
1288153576749985793
1288153525134950403
1288152881254850562
1288152796840243202
1288151457208958976
1288151083609657345
1288150565508317184
1288150190331817984
1288150156752433153
1288149959947227139
1288149299789008896
1288149085426507780
1288148905251737600
1288148327503208449
1288147614215667713
1288147540026757120
1288147411496558592
1288146413839245313
1288146297560526849
1288145768768057344
1288144548607090688
1288144348476039169
1288142809078403079
1288142775268016129
1288142714601713664
1288140990457548801
1288140733183131648
1288140272019353600
1288139719319191554
1288139284776615936
1288139255362002950
1288139218883981313
1288138414693453824
1288138129237348352
1288137259246587904
1288136630738595845
1288135870126710784
1288135754510667783
1288134783294472192
1288134641292054529
1288133704615890946
1288133518955028480
1288132777578237953
1288130775951519745
1288130201357094913
1288129372369674240
1288129356812951552
1288129231998930947
1288128071535534080
1288127158200590340
1288126593500499976
1288125849271582725
1288125532454830081
1288125406894108672
1288125311423410177
1288123712760238082
1288123335067361281
1288121515653738496
1288120933777989634
1288120404767207433
1288119445127221250
1288118979756584960
1288118376305291267
1288117087894777861
1288116812584902659
1288116265316257793
1288116247939317760
1288116065654906880
1288114927144640512
1288114874707406849
1288114837273288709
1288114663310233603
1288113326061281283
1288113160935706624
1288112887399985161
1288112850901151746
1288112500580311046
1288111854049357824
1288109969842171906
1288109335021723658
1288108392574328832
1288104631239933952
1288104483948568576
1288103701379522562
1288102955896496135
1288101746435215361
1288101735706263555
1288101722548838404
1288100986091966470
1288099709035446277
1288098839052857349
1288096232569810945
1288096164462690309
1288095346980257792
1288094778614308865
1288094469946998785
1288093237652193280
1288092181929091074
1288091535721074688
1288091444981436416
1288091274248163329
1288091243990450179
1288091221693542400
1288090920273903619
1288090552626548736
1288088999509229570
1288088757250514950
1288088211684839425
1288087203944357889
1288087007374258177
1288087003049996289
1288085654354657280
1288085410883805184
1288084357865975809
1288084101040398337
1288082383133179904
1288081998997790720
1288081526765375488
1288080344919547911
1288078465590272002
1288062309361946624
1288059267824734208
1288057671787126784
1288054852539551744
1288050729052241920
1288050630758748160
1288048254848913408
1288047754594287617
1288046635386376193
1288046315012644865
1288043352596688896
1288042708972515328
1288042619063459842
1288042316725391360
1288041199941623810
1288037769890148352
1288035932118032384
1288031557647826945
1288029112641126400
1288025217550266368
1288023465648435200
1288017648085635073
1288016828451770368
1288016539627773954
1288016308785864705
1288015368435511302
1288015274524934144
1288014321042300928
1288014072181489664
1288014032981635072
1288012689541943296
1288011231782146048
1288009239693205506
1288007208198909952
1288006424765882369
1288006343111000070
1288006277180936194
1288005393340198912
1288003504079024128
1288002426310496256
1288001490997542914
1288001152798228480
1288000982685630464
1288000897503473666
1288000494174998529
1288000303808176129
1288000017626566656
1287999701967613952
1287999595713241090
1287999478717276160
1287999177406832642
1287998356589932549
1287998253024153601
1287998240508350464
1287997336627474432
1287995862426165249
1287995189236101120
1287994815414595588
1287992310064492546
1287991910435414016
1287991807943426053
1287991021763166209
1287990857216356352
1287990203097870336
1287989101258563584
1287988102447763456
1287987983057063937
1287986972032557056
1287986817099132928
1287986452073254912
1287986181469343746
1287986077521735680
1287984433363001344
1287984397715681280
1287982919659601922
1287982894443638785
1287982862852120576
1287982241948168192
1287981850770771971
1287981609489174528
1287981433940611073
1287981185948426241
1287978264208670721
1287977801656614912
1287977436253057024
1287976829869932546
1287976522167402497
1287975878098423809
1287975326023208965
1287974794340646912
1287974553482797056
1287974447597592576
1287974269016670208
1287973930624458752
1287973908109561857
1287973328360267778
1287973245841334272
1287972567496654848
1287972372486578176
1287971670138003456
1287971565838258178
1287971242805346309
1287970263569543168
1287970208070512640
1287970196897103872
1287969859851231233
1287968836533313537
1287968532836179969
1287968111807913985
1287967138871902208
1287966854573510656
1287966788978970625
1287966766522490880
1287966740350025730
1287966597496233984
1287966159929663491
1287965806492561408
1287964455091834882
1287963917113688066
1287963774419255298
1287963659801694209
1287963250500333569
1287963137841303552
1287962613150711809
1287962301564358656
1287960740997955587
1287959713871622145
1287959347130073089
1287959102203674624
1287958752969265153
1287958696392179716
1287957423873957888
1287954663623409664
1287951931542056968
1287949769869004800
1287945623866691584
1287944643590537216
1287943783221465093
1287942668291461120
1287942201247436800
1287941822694797313
1287940902451843072
1287940025657810945
1287939284083920896
1287938916109213696
1287938278310719489
1287937466671013888
1287937297552375809
1287937107034431488
1287937054664425473
1287936567525412864
1287935655809605633
1287933901768359936
1287933426327158786
1287932858812727303
1287932681108561922
1287932011278106625
1287931137692561408
1287930876194467840
1287930688000466944
1287930452385267712
1287929825991299074
1287929176138416129
1287929173118459905
1287928103570898949
1287927009243467778
1287926895393353729
1287926699435397120
1287925675299667968
1287924168617590785
1287923968855416837
1287923152128028675
1287922763890438144
1287922735809798146
1287922700623720448
1287922404430405633
1287922323560058882
1287921128141463554
1287920870732836864
1287920725815439361
1287920324516950016
1287919883255250944
1287919804871999489
1287919555243913218
1287918761517944832
1287918505753378816
1287917578715901958
1287915260129796102
1287912845733253120
1287912809481682944
1287912131476758534
1287912113525022721
1287911662897565696
1287910260783681536
1287909797703176193
1287909618476298240
1287909313160282113
1287907718590861314
1287907418119245827
1287907041600835588
1287906421443637248
1287905735272214528
1287904934784954369
1287903204802465792
1287902990402301952
1287901246255316992
1287899553337708545
1287898283671609344
1287898123721990151
1287897611089960960
1287896502543753217
1287896491206426624
1287896365742174208
1287896343038406656
1287896264236060672
1287895932944764928
1287895548515758080
1287894399632932864
1287894324693422081
1287893896043929606
1287893567533457408
1287893547702784008
1287893241816403968
1287892981769543682
1287892953294344194
1287891436969627652
1287890146600206336
1287887931387109381
1287887211191468032
1287886174065917952
1287884875186536454
1287884362051010562
1287882660614778880
1287881941354594306
1287881925927899136
1287881759346978816
1287881646067179520
1287881377543680001
1287879253158006785
1287878774579580928
1287878097363070982
1287877902277554176
1287877875756986370
1287877559103836160
1287877033171664896
1287876603427487744
1287875212281700354
1287873746661863424
1287873577362972673
1287872925492633601
1287872566070145024
1287871861842296833
1287871585978732544
1287870506864058369
1287870325133172736
1287869707165425664
1287869369402368000
1287868853859450880
1287867723725250560
1287867004729270272
1287864789209714689
1287863733474058240
1287862972275097601
1287861788734701568
1287860222522843136
1287859982977732608
1287859558061244417
1287859537366704128
1287859230523809792
1287859189860032512
1287859161385107459
1287858625109790720
1287858340123553792
1287858116135211014
1287857495864750081
1287857366218629120
1287857177563213835
1287857042485633024
1287856860280782849
1287856457786982400
1287855345155670019
1287855302147215361
