1274084457641893889
1274084164065787909
1274083873262120962
1274083825266700288
1274083795789066240
1274082904243568642
1274082746521051139
1274082666007146497
1274082576614002688
1274082457780760576
1274082338549481475
1274082333847683078
1274082281364258818
1274081921568473089
1274081864312066052
1274081747374936077
1274081329290805254
1274081188722999300
1274080338109763590
1274080252864626692
1274080233327599616
1274079863259959297
1274079822105501696
1274079616941129743
1274079538398605313
1274079440759382016
1274079037640630273
1274078982376431620
1274078970573656066
1274078860137631744
1274078806215712768
1274078801887219712
1274078699340603393
1274078272465313811
1274078240605421568
1274078033595564034
1274077746071732227
1274076395254276097
1274076220209143810
1274076101447483392
1274075942579843073
1274075583924834304
1274075460444450816
1274075199122669568
1274074941730652160
1274074736570576901
1274074712822280192
1274074622669910016
1274074147891675136
1274073829984407554
1274073721704243200
1274073549762936832
1274073173525270529
1274073080973996033
1274072947515326464
1274072629196947456
1274072355376033792
1274072308521500672
1274072220852260865
1274071883999215616
1274071818299678720
1274070912367759361
1274070560671248387
1274070395893829640
1274070388436119552
1274070372074139648
1274070195435274245
1274069923430567937
1274069701778460678
1274069506747437056
1274069302048706567
1274069238928596994
1274069118749212672
1274069071034822658
1274068888750297088
1274068883545165825
1274068870668713996
1274068791304114176
1274068291972149249
1274068280894984193
1274068198141370368
1274067866589884416
1274067583847694336
1274067363701444608
1274067278443708418
1274067157077225472
1274066870753202177
1274066618600099842
1274066281872920576
1274066107427631121
1274066069414481920
1274066016268701702
1274065949432283137
1274065843199062016
1274065812882522112
1274065624155766784
1274065388985364480
1274065369880309762
1274065112509427715
1274064884708376576
1274064643984551938
1274064617308860421
1274064513982226432
1274064474513661952
1274064468721401856
1274064326085742592
1274064259513757702
1274063831015329793
1274063626110976000
1274063478974746624
1274063327887581191
1274063075025522688
1274062974504837123
1274062939721531398
1274062247199989761
1274062166367318016
1274062045457969152
1274061585254883328
1274060947481661442
1274060734981386240
1274060318948249600
1274059859722244096
1274059236222222336
1274059071038140417
1274058952746164224
1274058606850252800
1274058547073110018
1274058534192177153
1274058448175542278
1274058375320535042
1274057993861107712
1274057621704716288
1274057605154037764
1274057478175698944
1274056988264148993
1274056866302222338
1274056823960670209
1274056807036616704
1274056736622751744
1274056455906299911
1274056441943355393
1274056236053549056
1274056171490627585
1274056122035511296
1274056073683415041
1274056021879685123
1274055969094479873
1274055886290518017
1274055824105709568
1274055438401712128
1274055363554357252
1274054835831222272
1274054785977769984
1274054226373742593
1274053757823664128
1274053126325182464
1274052904685580296
1274052875933700097
1274052870099341312
1274052809546248192
1274052722338209793
1274052684233027584
1274052520403402752
1274052495690563584
1274052215427260418
1274051189127208962
1274051014598037504
1274050834641367040
1274050764328128512
1274050220041658376
1274049265397108736
1274048615690825730
1274048521352572928
1274048418642624513
1274048386463698944
1274048076735492099
1274047805976309760
1274047315351875584
1274046745035575296
1274046454697299968
1274046418970390530
1274046389631287298
1274046090975809536
1274045966539206656
1274045938785550341
1274045690734395393
1274045540846706688
1274045234633211907
1274045076813963265
1274044851718422541
1274044469562785792
1274044034261098504
1274043962752479233
1274043571939803137
1274043327869001731
1274043118522896384
1274042562312130560
1274042536550699009
1274042098925350923
1274041657533456386
1274041057995603973
1274040923513663490
1274040630222692352
1274040175849607169
1274040114415534080
1274039674869342211
1274039575317377026
1274039226963767300
1274039102963421185
1274038981013966848
1274038911954796546
1274038387507412993
1274038191151087622
1274037891417755649
1274037561766395906
1274037559853711361
1274037535510089730
1274037352407523328
1274037299232137216
1274037284808073217
1274037126628139011
1274036407586230272
1274036184277118977
1274035578741424135
1274035423988383746
1274034903856881664
1274034793760653313
1274034032251199490
1274033902848552962
1274033459460112391
1274033087538757633
1274032913177145344
1274032750140538882
1274032672751464454
1274032225256955905
1274032035045052416
1274031876223762436
1274031844711899136
1274031441748332544
1274031063308873729
1274030845200760832
1274030435404861442
1274030242236108800
1274029447323287561
1274028667044343808
1274028637499596801
1274028611952168960
1274028295697453057
1274028050045427712
1274028041757392898
1274028027018711042
1274027235138297856
1274027054334386179
1274026841293062144
1274026828768952321
1274026656307560450
1274026490254856193
1274026053011484673
1274025479025102849
1274024590893895687
1274024140073246720
1274023971244126211
1274023636542906369
1274023629769097228
1274023474412077062
1274023152050491393
1274023127027200006
1274022967211692034
1274022088639201281
1274021956405334023
1274021725848711168
1274021646698000385
1274020890435518465
1274020543377870848
1274020517805162496
1274019711018250244
1274019553924825089
1274019516176125957
1274019381283115011
1274019218405687296
1274019164609343489
1274018202515910656
1274017851079299079
1274017667574267904
1274017648716787714
1274017164056498176
1274016803161649154
1274016592830005250
1274016167120822272
1274015602093547525
1274015002740080641
1274014946817425413
1274014613068111872
1274014232024158210
1274014229515972608
1274014119641915399
1274014100180201479
1274013610067529734
1274013502105989120
1274013338364715009
1274013304218718208
1274012272638267397
1274011952138858501
1274011853778116609
1274011823432441862
1274011682927329291
1274011494481420292
1274011397836410882
1274010851339653121
1274010672230170624
1274010653552852998
1274010537928601603
1274010058788089856
1274008626831777794
1274008540492038145
1274007177196380162
1274006812128415750
1274006582943051777
1274006577654218752
1274006179845414912
1274006030561751041
1274006026145140738
1274005144233967616
1274004950490714113
1274004911286415360
1274003416856113158
1274002906564358144
1274002306686758916
1274002080089374721
1274001804863234048
1274001125579030531
1274001086991433728
1274001015369498626
1274000912890068992
1273999906223652864
1273999700975210499
1273999535585538050
1273999308346388481
1273998715422990337
1273998666332692480
1273998460069568514
1273998351462088704
1273998299658285056
1273997741845291010
1273997146900086788
1273996885381066753
1273996686415839237
1273996424259272705
1273996295875760128
1273995790172803074
1273995740549976069
1273995147424997376
1273994525829206021
1273994223403106304
1273994156042567681
1273994140943036416
1273994095954976769
1273993237783609346
1273993099627225088
1273992657816244230
1273992579059789827
1273991168678912000
1273991096637501441
1273990987757445120
1273990790121955328
1273990660627017728
1273990240072544256
1273989546636697602
1273989325613608963
1273989141907345414
1273989102241710080
1273988817775726597
1273988646320963584
1273986566885486593
1273986426527526912
1273986401739124737
1273986212869492736
1273985989854330883
1273985854818725895
1273985808316411907
1273985468833632256
1273985358565453824
1273985298565824512
1273984873972326400
1273984666383548417
1273984361512173569
1273983647574605825
1273983458109423617
1273983379751473155
1273983130576224257
1273982925894291456
1273982222433804290
1273982184349741057
1273981913045389312
1273981081713246208
1273980781203988489
1273980476043284485
1273980330593210368
1273980233079828481
1273980227157450752
1273980104268537856
1273979113989189632
1273978789563940865
1273978582759546882
1273977368739266560
1273977326460682242
1273977115621257221
1273976857805946881
1273976660908441601
1273976613403652096
1273976198205407232
1273975660290154498
1273975140351643653
1273974816626876418
1273974684745424897
1273974185111552001
1273973956199026688
1273973242336854018
1273973123243802626
1273972901969104896
1273972545692274688
1273972515552051201
1273972346500644865
1273971931033800704
1273971270183522306
1273971126327226369
1273970832059043840
1273970120453390336
1273968718851309570
1273968449493106688
1273968352759865346
1273968272644456449
1273968175403667457
1273968162103537666
1273967529598345223
1273967522673332229
1273967335284465666
1273967226782187520
1273967185782648832
1273967027405967360
1273966108932964357
1273966048581169155
1273965796843229189
1273965404881391617
1273964761756119047
1273964518176108545
1273964492607459330
1273964286805712897
1273963918625562629
1273962867616817152
1273962688796864512
1273962246411083778
1273961806747381763
1273961618527879171
1273961555294642176
1273961523858137088
1273960834344026112
1273960072578600960
1273960018119995398
1273958937289805826
1273958728367312896
1273958593868562438
1273958409772163075
1273957914760404995
1273957183525289984
1273956983599763456
1273956390864904192
1273956103689129985
1273955374819917825
1273954290164535298
1273953306923208704
1273953184327892992
1273953054069579776
1273952864419880962
1273952706965778433
1273952471111606274
1273952388928417793
1273952264336613376
1273951864476884993
1273951770763497473
1273951582204375040
1273951571576000512
1273950923526717441
1273950488967479301
1273950089946566659
1273949487870984192
1273949367003643904
1273949317271678978
1273948883794776064
1273948689623666690
1273948647718354947
1273947002460463104
1273945659717160965
1273945590762741760
1273945511351943169
1273943179251912705
1273942786530775041
1273942767438311425
1273942455424073728
1273942335638863874
1273940921156087808
1273940422377836551
1273939209888444417
1273938304732401664
1273937392492216320
1273936755260108800
1273936729091772416
1273936420206501893
1273935935311417344
1273935746605473792
1273935105355063296
1273934950379765766
1273934942343479297
1273934857756987394
1273933650799800321
1273933435388772352
1273933005938098176
1273932122970034183
1273931934931062785
1273931901665976324
1273930419973623809
1273929280297164801
1273929005541068802
1273928875953750016
1273928498273554434
1273927775452356608
1273926559041294338
1273926335350607874
1273925540878053376
1273922630064779264
1273922591020003329
1273922332516548610
1273920579847012352
1273920038777561089
1273918813550129154
1273918753777037315
1273918604120141824
1273918050526474246
1273916493051432960
1273915639875489794
1273915601766035456
1273914304190799873
1273914148083154944
1273913502214885377
1273913251328405505
1273913197603495937
1273912522010251268
1273911714124378113
1273910281039679488
1273910260974137344
1273910126496407552
1273909352022323200
1273909286163279872
1273908827914596354
1273908190908907520
1273906850434560000
1273905991373983744
1273905989574701057
1273905778815111168
1273905457053044738
1273905286416338944
1273904628720173057
1273904454396530693
1273904295184928769
1273903914488926209
1273903818493825026
1273902098195705856
1273900935731798019
1273900373829451782
1273899392517451776
1273899325169467393
1273898694832607233
1273897955590901762
1273897348675092480
1273896946390925312
1273896405598265344
1273896022033350657
1273895894849552385
1273895605736214537
1273895559678398464
1273894923675320320
1273892602492981250
1273892207691472896
1273891716995710978
1273891642307760128
1273889494408798208
1273887902313754624
1273886648648925184
1273886420004818945
1273886254355156993
1273885903316975616
1273883716629102594
1273882111213056000
1273881217532784641
1273881207999098886
1273881047932026881
1273880861620879360
1273879924206710784
1273878391461081088
1273877679796781056
1273877616601305088
1273877194100682753
1273875286208241665
1273873153526165505
1273871611548979205
1273871211269730304
1273871184346722304
1273870635765166082
1273870630614597633
1273870576587870208
1273869654109249536
1273869597196730368
1273868370593452032
1273867482470780934
1273866834312400898
1273866741022687232
1273866486122196992
1273866402496163842
1273866259789017090
1273865025883705344
1273864541223469056
1273864308426969089
1273864306573131776
1273863783362859008
1273863310274965504
1273863111766716418
1273860918540042241
1273858179282026496
1273857396696383488
1273856264628568064
1273855638083383296
1273855134150230016
1273854799700733953
1273854173432422401
1273854150321803265
1273853974978998273
1273851894453190656
1273851829541933056
1273851710943961089
1273851571630211073
1273851116543864833
1273850563260608512
1273849523299692545
1273849052489224194
1273848357362872321
1273847929338572804
1273847596637773829
1273847558247534593
1273846874559197184
1273846869366640642
1273846499189952513
1273845284544696320
1273844485986725888
1273843448601337856
1273842746420330496
1273842723901095937
1273842686672302080
1273842402500005893
1273841996667346944
1273841549655367681
1273841244666572801
1273840922640474112
1273840730520211458
1273840286960148480
1273840225320488961
1273839358521507841
1273838877682229249
1273838520877056000
1273838122107916288
1273838039794663424
1273837713276444672
1273837364260016128
1273836735445766144
1273836633389961216
1273836404670373889
1273836234293510150
1273836226018267136
1273836198524526592
1273836194619678720
1273835852217622530
1273835382052970496
1273833509011034112
1273832890439208961
1273832872613380097
1273832851197345792
1273832417812340737
1273830760969932802
1273830470325698561
1273829867759566848
1273829487117922305
1273828836531032064
1273828314227056640
1273828140503236611
1273827474112163841
1273827065930887169
1273826343671775232
1273825987969511425
1273825185574109186
1273825105039114242
1273825063696060417
1273824468268269568
1273824327994167297
1273823993271902209
1273822272189460482
1273821951837036544
1273821129564737536
1273821052016132096
1273820957443067904
1273820539627470853
1273820061329956865
1273819907952648192
1273819842416652288
1273819702268096512
1273819529047609345
1273818602731376642
1273818261625307137
1273817639274586112
1273816307125927936
1273815824713859073
1273815740366254080
1273815422832390150
1273815268985167872
1273814459237249025
1273813060701032453
1273812926739013633
1273810862344634369
1273810668798574592
1273810585172443139
1273809968613994497
1273809780344336386
1273809611326402560
1273808239591743490
1273805798884311043
1273805308310114305
1273804787860070402
1273803969236807680
1273803256154722306
1273803077728911361
1273802655773741056
1273802247437201408
1273801533210198023
1273801223360086017
1273801164077834240
1273801043047038976
1273800444620484610
1273799030183792645
1273798396244111361
1273798011999657990
1273797906907238408
1273797143720067072
1273797080448933889
1273796130065833993
1273795888725610496
1273795807632744448
1273795148007211009
1273794851826356224
1273794738240577536
1273794492617953283
1273794095572570112
1273794061250387968
1273794000433090561
1273793545061752832
1273792329128837122
1273791726126317573
1273791364472373248
1273791306142285826
1273791227700355072
1273790981066887176
1273790253443268608
1273789670028120064
1273789659978575875
1273789055012966400
1273788795737890816
1273788475398139905
1273788407236476929
1273788010425921536
1273787595697332225
1273787384891469825
1273785894911332352
1273785762400657408
1273785679391195138
1273785220500787200
1273785070634127360
1273784164085620739
1273784163896889346
1273783991095746570
1273783913471717377
1273783650098823175
1273783425686781952
1273783385207554049
1273782621592584193
1273781477331869696
1273781223203225602
1273780719752486914
1273780380169129990
1273780030674329601
1273779560274952192
1273779467358539776
1273779285149593601
1273779273032019968
1273778900871417858
1273778577419440129
1273778500739072000
1273778067173863424
1273777785454989312
1273777578961059840
1273776918899257344
1273776818202370048
1273776357177208832
1273776133104943104
1273776098443214848
1273775339219623936
1273774462794694663
1273773749062504448
1273773691713785857
1273773133372235781
1273772848537055233
1273772403123015686
1273771870047703040
1273771804537036801
1273771674811301890
1273771611351478272
1273771559568605186
1273771294706860038
1273770377471242246
1273770263147163648
1273768729277534209
1273768426381684741
1273767953540870144
1273767796544081921
1273767500824576001
1273766715395059717
1273765689137008646
1273765143692836864
1273765115259768836
1273762957827149830
1273762610039500800
1273762572156755969
1273761544833126401
1273761365258375173
1273760869059563521
1273759760148504577
1273759627704807424
1273758770443759618
1273758598758203392
1273758115540815873
1273757921889980418
1273757558696742917
1273757397165715457
1273756988753825795
1273756886882549760
1273756744523497472
1273756233753694208
1273755929452961792
1273755647004176384
1273755143314399234
1273754985826643969
1273754305129074688
1273753320201629697
1273752330643615744
1273752086438707200
1273751850551033856
1273751641947279367
1273751591154221058
1273751567741726721
1273750921118351360
1273750844626755584
1273750772271001602
1273750396129943552
1273749346668802048
1273748245601189889
1273748141301522432
1273747820797988870
1273747169758019584
1273745968819650560
1273745946782969856
1273745904844103680
1273745365204901889
1273745278886174721
1273744366662815744
1273743997345902592
1273743314228072448
1273743172154339334
1273743104613527555
1273742942998577160
1273742885272379396
1273742753244106753
1273742599627685892
1273742564395491329
1273742288800436227
1273742210094129154
1273741965738364932
1273741872326901760
1273740839206957060
1273740609078153217
1273740493080453123
1273739823384334338
1273739514683559936
1273738090461433862
1273738011700858880
1273737800031055875
1273737312984281090
1273736448513126401
1273735936443068418
1273735797615652865
1273735512977805314
1273735504090017792
1273735124115324929
1273734889788014593
1273734370520596480
1273734184297574400
1273734171270275072
1273732685417132038
1273732657348841474
1273731699751469059
1273731453491298305
1273730657236074497
1273729623579406337
1273729416720310273
1273728369469919233
1273728237902929937
1273728129866108928
1273727453987508225
1273726727525629962
1273726670071971840
1273726309676400640
1273726170882641920
1273725945065734145
1273725684117110784
1273725680530984960
1273725560640987138
1273725557344047104
1273725383125487617
1273725245489373184
1273724102759645185
1273723724404084736
1273723554895245313
1273723304004780034
1273723013696020481
1273722976299606017
1273722737102594049
1273722456038088706
