1273722057092726786
1273721869464596480
1273721660462567424
1273721594192572416
1273720323247083520
1273720198311415810
1273719965317726210
1273719431420674049
1273719350030188545
1273719283223130113
1273719027790000128
1273718420450787328
1273718245778915328
1273717805075042305
1273717715178606597
1273717025043611649
1273716527414546437
1273715857181380608
1273715283966914560
1273714602933514240
1273714502542991365
1273713770712399880
1273713669893955585
1273713510300647425
1273712785625690129
1273712302437605376
1273712001395699729
1273711653843095554
1273710477357355009
1273710329835511813
1273709405721317376
1273709241854038022
1273709168877330434
1273709102192111616
1273708805868658695
1273708761199280128
1273707438890508295
1273707262297718784
1273706910387183624
1273706572875792384
1273705962155712514
1273705355508244481
1273705157373689858
1273704059082625029
1273703902546968577
1273703564653719552
1273703383812038656
1273703191448780800
1273703088684257287
1273702675729842177
1273702183091888128
1273701802815500290
1273701305899499526
1273700786120175616
1273700441663000576
1273700304970813440
1273699667214139392
1273699523739693061
1273699045907800068
1273698864147697664
1273698639207182340
1273698126503849985
1273697729458212864
1273697000370909186
1273696365223260160
1273696202425499650
1273696159916318720
1273695789773058048
1273695461241696263
1273695454795046912
1273695313275039745
1273695156726910983
1273695098178600961
1273694949561651200
1273694493183787017
1273694420269850624
1273694084444704776
1273693782953930752
1273693770651963394
1273693339548704768
1273693151975399441
1273692574931464192
1273692224375656448
1273691987149860864
1273690752002871296
1273690726598131717
1273690435748270081
1273689790613991427
1273689562586505221
1273689379924574209
1273688937945538566
1273688818831499264
1273688471165599745
1273688321693286402
1273688190273150982
1273687524288782336
1273687380453519360
1273686756135763969
1273686690167762944
1273685800417460224
1273685707207442432
1273685494241558528
1273685240460922880
1273684934717173760
1273684398517428225
1273683400658911235
1273683373702217730
1273683150061912065
1273682979517235203
1273682459142623233
1273682138555088896
1273681630733971456
1273681289288339458
1273681037407784960
1273680947809079301
1273680371150999553
1273680233997221888
1273679812339646466
1273679703665246208
1273679636501688320
1273679563743277073
1273679481111101445
1273678628182786052
1273678577721118732
1273677733164232706
1273677221761216513
1273677142736453633
1273675976959025155
1273675836382515202
1273675750076485639
1273674657351086080
1273674638418046976
1273674078394748929
1273674053685936129
1273673764899864579
1273673565682819072
1273673101079969795
1273672574761873413
1273672472194318336
1273672092471435266
1273671883683233798
1273671609010847748
1273670953713700865
1273670721982607363
1273670571071422471
1273670373066899457
1273670056988344322
1273669893041188865
1273669474655318019
1273669460931473413
1273669291078848512
1273668882071511051
1273667578058231809
1273667223215837186
1273666295754625024
1273666207326056453
1273665894707838982
1273665461985529856
1273664695296237568
1273664353292750853
1273663988614733825
1273663713606799362
1273663404838977541
1273663387499745282
1273662572592537602
1273662539423903744
1273662504384843780
1273662338466545667
1273662178071998465
1273661893765455874
1273661460942589955
1273660877812662273
1273660632299196429
1273660495564857345
1273659489078697985
1273659077550366722
1273658983174340608
1273658893445533703
1273658326258081792
1273658305693356033
1273657936787705857
1273657252835201024
1273656469720903680
1273656313164247040
1273656239722029056
1273655402316673025
1273655180739989505
1273653862436491264
1273653694165385219
1273653549315080193
1273652966776594437
1273652630380851203
1273652457223196674
1273652381054468096
1273652359713959936
1273652317208940547
1273652260820725761
1273652248325902337
1273652243632357378
1273652069292007425
1273652043018833920
1273651874873425920
1273651585931862016
1273651368969068546
1273651229659238400
1273651197690380288
1273651148319272961
1273650248414572544
1273649632208437251
1273649165831192577
1273649158763753475
1273649114765570049
1273648910473584640
1273648550598098946
1273647402654863373
1273647263240290304
1273647088073662469
1273646829129936896
1273646783953080322
1273646675811274755
1273646311485693953
1273645921364873218
1273645671892029440
1273645518942437377
1273645484368936961
1273645364483145731
1273645347445911552
1273644530575699969
1273643697020772353
1273643541445689344
1273643305780367360
1273643209667870720
1273643188591476739
1273642998480412674
1273642561182277633
1273642378725859331
1273642047388475392
1273641997543317504
1273641997383995393
1273641817708417024
1273641634471780359
1273641626628509696
1273640902481915904
1273640879861968900
1273640576311791620
1273640239710552067
1273640101017341952
1273640027789156352
1273639843692756992
1273639304900816898
1273639232939061249
1273638100942626817
1273637197946785801
1273635959364616192
1273635078107615232
1273634926580109312
1273634779649527808
1273634523763347458
1273634385041010688
1273634285371535366
1273633897566351362
1273633892310880256
1273633474767798272
1273633443230945280
1273633276255666181
1273633191442571264
1273632800386752516
1273632744610967552
1273631864281083909
1273631790348095489
1273631488387547137
1273631178852098055
1273631111881601026
1273630816229363713
1273630751687356416
1273630525656387585
1273630518127595521
1273630344403615745
1273629626057834503
1273629585830293510
1273629229788397568
1273629222028918784
1273629110204608518
1273628918440845312
1273628566186594316
1273627580223102977
1273627288261873664
1273627244754157568
1273626790662213633
1273626073901805570
1273625123455750151
1273624979188461574
1273624949308239872
1273624895717597185
1273624749202178054
1273624703505219590
1273624691106672643
1273624257067532289
1273624122732482560
1273624084392411145
1273623234915774466
1273622763673137152
1273622235736047616
1273622086326632448
1273621291967356928
1273620815536205825
1273620813871185923
1273620570601553925
1273619962435973121
1273619732646764544
1273619667979034626
1273619579458199558
1273619529541681154
1273619435065167874
1273618686037950464
1273618451865546752
1273618220784762880
1273618016366927874
1273617631581536261
1273617253641015297
1273617202072223747
1273616455377080320
1273615021696835586
1273614866239172608
1273614618867503107
1273614211063656448
1273614152955760640
1273613869974540290
1273613841188995074
1273613605682937857
1273613526104338432
1273613289621123074
1273612359534166017
1273612353616121857
1273612054679740421
1273612020055707655
1273611996722794497
1273611922550804480
1273611843781578752
1273611301768568834
1273610613789360128
1273610378069422081
1273609069841002497
1273608906992910338
1273606695353229313
1273606310454611968
1273605744856829952
1273605447468093445
1273605364802555905
1273604750135767042
1273604506526322688
1273604426356461569
1273604061636558849
1273603912688377859
1273603599164153857
1273603212822659073
1273602830201434115
1273602474419589121
1273602393939128320
1273601275976966145
1273601206691278849
1273600899676585984
1273600724610486273
1273600643631140865
1273600446221946880
1273599783756857344
1273599396597370881
1273599331417952256
1273597798081060864
1273597101130289153
1273596797441708032
1273596761358155779
1273596735437320192
1273596662360014848
1273596404724711425
1273596093436178437
1273595862992793600
1273595436704641025
1273595344052350976
1273594448237264897
1273594395259023366
1273594122469769217
1273593874758406145
1273593460986187777
1273593098527006727
1273592450465005575
1273592149775441921
1273591718751985673
1273591548790239234
1273591372294037509
1273591240517455872
1273591197999783936
1273591079238074372
1273590555612766208
1273590276355952640
1273590182474911744
1273589179918749697
1273589017351720961
1273588516082061314
1273587993085915137
1273587609441308674
1273586816789217280
1273586453017051138
1273585626986745857
1273583571630948357
1273583401518403584
1273582931303424001
1273581198967599105
1273579924675321861
1273578927521509376
1273578717013585920
1273578138186985472
1273577225091198979
1273576993116864512
1273576471492100097
1273575407971958785
1273575334877724673
1273574147864616960
1273573810751578112
1273573559357460480
1273573364729286657
1273572670819520513
1273570733604691968
1273569421768953857
1273567267897344002
1273566744733528065
1273565767372541953
1273565629249925126
1273565193294004224
1273564925546373120
1273564863395008514
1273563983073742848
1273563518978179075
1273562816113512448
1273561393745276928
1273560804412063744
1273560389079437322
1273559709103140864
1273559332106514434
1273558082958712833
1273555826842710017
1273553326056013829
1273552298267074560
1273551906548314112
1273551379508805632
1273551221337530369
1273549548997181441
1273548912511594497
1273548069083254784
1273547837905817601
1273546454846435328
1273546327918612481
1273545564081266688
1273545383931777024
1273544955919622144
1273543260296761344
1273543109251653632
1273542492475006977
1273540643189596160
1273540224052838404
1273539732228567040
1273539475935641603
1273538483664171010
1273537703292928001
1273536175827849216
1273536072648208384
1273535570724216832
1273535131173695488
1273535035614720000
1273534994250637312
1273534781305892865
1273534183382618113
1273533708235010048
1273533616841273345
1273531900682883072
1273531326784606213
1273528377459146752
1273528249453285376
1273526873167761408
1273525894326284291
1273523599396220929
1273523549760675841
1273522006730964992
1273520492142628864
1273518398475866112
1273518143839899650
1273517819951558657
1273517805686546432
1273516354348494849
1273516317534941184
1273515682907340800
1273515330518822918
1273513134385496066
1273513036611977216
1273512739521118208
1273512206970302464
1273512018171977729
1273510738326413313
1273510274771947521
1273509342084583424
1273509174530506757
1273509144994156544
1273508610408976384
1273508602234327041
1273508081054302209
1273508077610905600
1273507947117793291
1273506837590085634
1273506110792773632
1273506036700327937
1273505713206300674
1273505497405063168
1273504597508624386
1273504510829182977
1273504469712400384
1273503857633398784
1273502735464267776
1273500441373036545
1273500380333256705
1273497587329519617
1273496317931720704
1273495998975934464
1273495658830295040
1273495096449732608
1273494527513264128
1273494374165311488
1273494193608908803
1273493113789612033
1273492965810470913
1273492690554875904
1273491473636495360
1273491334104584193
1273491073801822208
1273490496132915205
1273490139386273794
1273489546324344837
1273489378711670784
1273488246635364353
1273487853645946880
1273485922768576512
1273485177176518656
1273484840898306048
1273484783910359040
1273483547261546497
1273483524637691906
1273483126589792256
1273482545473163264
1273481617336676358
1273480681730031616
1273480248911261696
1273480006442901504
1273479234640588802
1273479147172646912
1273478872160493569
1273478810407600128
1273477940613808129
1273477834564964352
1273477209232035841
1273476739360911360
1273476388704550913
1273476030326624258
1273475664574889986
1273475034024206336
1273474155128578049
1273473950400512001
1273473294981722113
1273473165373644805
1273473125368373249
1273473073753100289
1273472339674640387
1273471675347218434
1273470474249437184
1273469554346377217
1273467946141126657
1273467913643712512
1273467684068323328
1273467500357775361
1273467033817100289
1273466778564296706
1273466531419209728
1273466299591450627
1273465660165799936
1273465512828125184
1273465211916357632
1273465039152873472
1273464957942796289
1273464865999523844
1273463864357785602
1273463710997270528
1273463592143249408
1273463228635512833
1273462799344304135
1273462753110433794
1273462623233859590
1273461824541741056
1273461573122654209
1273461173829144576
1273461001044873217
1273460749940203520
1273460488270082049
1273460465692110848
1273459163801088002
1273458624489275392
1273458396277157890
1273458318137151490
1273458180878733317
1273458180324900864
1273458102185021440
1273458077791068165
1273457723821228032
1273457653541302273
1273456555372003328
1273456360278155264
1273456265268772868
1273455799415832578
1273455698739974144
1273455569815441413
1273455140008341504
1273454617456754688
1273454085442883584
1273453969918967809
1273453867955564544
1273453509870907392
1273453465159847946
1273453090859958272
1273452761645015040
1273451974952878081
1273451870854529030
1273451638271827968
1273451417525575680
1273449576763023360
1273448346288402432
1273447747887271936
1273447529540194306
1273447120410824704
1273446472508256256
1273446380959404033
1273445794805354496
1273445673065689090
1273445665205616648
1273445590094032896
1273445416898629633
1273445320291241990
1273445214636642304
1273444446407778304
1273443941803798529
1273443889475698691
1273443586013618176
1273443417117376516
1273443345214259202
1273442833312239616
1273442821278588928
1273442720485240832
1273442505468624902
1273442477995892747
1273442388485210112
1273441609011478528
1273441198850670595
1273441198766776320
1273441198645141505
1273439734610657283
1273439698439090176
1273439505081499649
1273439414161637377
1273438600374431744
1273438544070160386
1273438308249395200
1273438208378974208
1273437771252760584
1273437679615725573
1273437055930863618
1273436702317699075
1273436687704772608
1273436187823407105
1273436125131091968
1273435442390671362
1273434974931365890
1273434802121818114
1273434625726185472
1273434510160470022
1273434170338021376
1273434010455117824
1273433894092759042
1273433430336901127
1273432633989648384
1273432615006154752
1273432375653994498
1273431832332308482
1273431197817999365
1273430995728023553
1273430751535652864
1273430734343147520
1273429681912664064
1273429526912143361
1273429504992718851
1273429393751388173
1273429163437891584
1273428729969225728
1273427996557352963
1273427691916742656
1273427157436547074
1273427147248599040
1273427007787995137
1273426510905356289
1273425890735730688
1273425791636983810
1273425684380205056
1273424850275762177
1273424621010849799
1273424013163929601
1273423962676985856
1273423724801167361
1273423619994124290
1273423343949983744
1273422937660375040
1273422641542631424
1273422580297408512
1273422299421605889
1273422253749829634
1273422086720163840
1273422068781113344
1273422012711686150
1273421992079876097
1273421933560938497
1273421870793015296
1273421830485880839
1273421769865523200
1273421669277761541
1273421180632993794
1273420563294367744
1273420531795181568
1273420451046440960
1273420214626127873
1273420046988013568
1273419638949449730
1273419501313253378
1273419226997350400
1273419069991972864
1273417453712871426
1273417013369733121
1273416907454943232
1273416726575751168
1273416696787685377
1273415631124279303
1273415189686300672
1273414216007835650
1273413867230466048
1273413741992951810
1273411511017508865
1273411171744243712
1273411029637177350
1273410901597708288
1273410783842533377
1273410405315076096
1273409587576791041
1273409297091878912
1273408731397660675
1273408641706704898
1273408150440468480
1273406956573806598
1273406670467731457
1273406592625643520
1273405863454289921
1273405836698759169
1273405832638627841
1273405685242515458
1273405165576564737
1273405033149878279
1273404560535547905
1273403635087609856
1273403609972183042
1273403582717583364
1273403566225588226
1273403438861291527
1273403122505957381
1273403012380340224
1273402964627959808
1273402779999092749
1273402643797270528
1273402466411794432
1273402141143699458
1273401936906248192
1273401311816380417
1273400454236508161
1273400324351504393
1273398925031071744
1273398452978941952
1273398337257893888
1273398254382854147
1273398158480072704
1273398120701988869
1273398027718471680
1273397932440551426
1273397829411749888
1273397522719838208
1273397491329884161
1273397401370406912
1273396858476531712
1273396760585678856
1273395922479853568
1273395836706308101
1273395150383972352
1273394921597173761
1273394881143148549
1273394764000497670
1273394750415081472
1273394630365716488
1273394588313628674
1273394240651812864
1273393873734250496
1273393841392037889
1273393708252237827
1273393078959837185
1273392900022337538
1273392855885602817
1273392589752930305
1273392278200029193
1273391679828037633
1273391303439646720
1273391071238725636
1273391031455748097
1273390981560311810
1273390620178956294
1273390520937648128
1273390322182164485
1273389863379795968
1273389755464445952
1273389430183809031
1273389366564532224
1273389114814091264
1273388991841210368
1273388967623262209
1273388509244600320
1273387781272698881
1273387436564008960
1273386625142345728
1273386325903904768
1273386096211062786
1273386076015677442
1273386054154944512
1273386021837774855
1273385758804578310
1273385506248720384
1273385262731743237
1273385192132972544
1273384838184271875
1273384400512864256
1273384325862567942
1273383625195692033
1273383409885368320
1273383360312815622
1273383262552031239
1273383220864782342
1273382978853515264
1273382676846841858
1273382517677195264
1273382054441467904
1273381447051743233
1273381172580511744
1273381149532999680
1273380735903240192
1273380577211584512
1273380488514846720
1273380252107014144
1273379494091321344
1273379188175765507
1273379062522798083
1273378651984334850
1273378579691319298
1273378525433692165
1273378171421773824
1273378147166273536
1273378038885933058
1273378026235936769
1273377885391220736
1273377859067838464
1273377622832152577
1273377590393180160
1273377176193077248
1273376219283591168
1273374980873560071
1273374698982776834
1273373952119889920
1273373952094633992
1273373952052690944
1273373782460084224
1273373342238736390
1273372512315998209
1273372230676856835
1273371946798002194
1273371920063328257
1273371906922733571
1273371900497059844
1273371854955253761
1273371718825005060
1273370997836730370
1273370919872786432
1273370155431559168
1273369978075398144
1273368886071574529
1273368766290833411
1273368715069992963
1273368642365816833
1273368642277773313
1273368642126831617
1273368388757225480
1273368212391047171
1273367705794629632
1273367691529793540
1273367335487840256
1273367197981634560
1273367168923717632
1273367145162903553
1273367122391863297
1273367067610288129
1273366997439397889
1273366984474808322
1273366879822704640
1273366699954200577
1273366682979971073
1273366341592985600
1273366011840872449
1273365958799704064
1273365792067903489
1273365630406852612
1273365612132216832
1273365199123185664
1273365081791832072
1273365026859036674
1273365026850603013
1273365026737401861
1273364907161841669
1273364453615165446
1273364355795619843
1273363753430548481
1273363495220846597
1273363378963128323
1273363294904967168
1273363280107573248
1273363017351208961
1273362779110617090
1273362637364092928
1273362526953025536
1273362393125576705
1273362031740022784
1273361996138852357
1273361636888379404
1273360895566057472
1273360525926293504
1273360397286936576
1273360372075028486
1273360247302664192
1273360128742510595
1273360106323939331
1273360034563411968
1273359831009820679
