1295539231629045760
1295640808436183040
1295734708458881031
1295534421446025216
1295749663715450882
1295757095191576578
1295826715302719488
1295820386081349640
1295813409292853248
1295811789121368064
1295811619533062144
1295810681988501505
1295808687014121472
1295807808710025216
1295804070809292800
1295798390622769153
1295793138930348032
1295790195829334017
1295789312412352514
1295788500768489472
1295786166122426368
1295785596456034309
1295783995003805697
1295780151524052992
1295778798445555712
1295769771326279680
1295769649880039425
1295769302042255362
1295768414183723008
1295768171647991813
1295767870115389440
1295767427389636609
1295766279391866880
1295764840774897664
1295764699359870976
1295764032448655361
1295762145502810119
1295759811473096706
1295759682636845057
1295759678509637632
1295758872796422147
1295758026352336899
1295753755900678144
1295752202552856576
1295751600368160769
1295751326492577794
1295749849120411648
1295749398589140994
1295748913174118402
1295747634372595712
1295745856193216513
1295744619150532614
1295743939920756737
1295736046571991046
1295735073556369408
1295732815322120194
1295731894995185664
1295731818621263873
1295730468323721217
1295726229824380928
1295724409903341568
1295723431611301888
1295720025836462083
1295720012423008257
1295717116671393795
1295716790312599553
1295712743819890688
1295709344764506115
1295708158871117824
1295707140624130049
1295703345101864961
1295703080365744128
1295700619345485827
1295699199602888705
1295695207871045632
1295694270570082306
1295693220064755717
1295691411392811008
1295689470516383744
1295687855809998848
1295687128530194434
1295686701977935872
1295685897019678720
1295680691569647619
1295675703556440065
1295673707457908737
1295669863856316417
1295662682159415303
1295652971376713728
1295649296403124225
1295647459264401409
1295642510338002945
1295640215944482816
1295639530125643776
1295637794132504576
1295635814895026177
1295635300417515521
1295635242414419973
1295632359987933186
1295632359140855808
1295629064326144000
1295628435427979264
1295623439366135809
1295621356457992192
1295621117630128128
1295620309287145473
1295616229873528832
1295614677376933889
1295610634680270848
1295605285826920448
1295600902204788736
1295596830097649664
1295595334005960709
1295590836932026368
1295589764415066112
1295589757783879680
1295582654067245056
1295582269558595584
1295581577166983173
1295580460349820934
1295579961668055040
1295579958421618690
1295579588647686149
1295579584209932291
1295577162641281024
1295575869180739587
1295574448268095489
1295574094201655298
1295573412115386368
1295572678846357505
1295569572775436290
1295568504230416385
1295568503584563201
1295566206439653377
1295563289578164231
1295563217440309248
1295561341110034434
1295561172918312960
1295556884716371970
1295556875669458945
1295556013022523394
1295555311986708480
1295555116360237057
1295554638654177280
1295553635573784576
1295552039179571201
1295551963623374848
1295551928915632128
1295550710147436544
1295550129173340161
1295549532093075456
1295548848631427072
1295547999473418240
1295547983694422016
1295547617976266758
1295547587479601153
1295546577470099456
1295546465528446977
1295544654876889090
1295544245072343041
1295543798701813762
1295542526787620867
1295541785914044417
1295541207427362818
1295541073629126657
1295541042075316224
1295540951163842565
1295539920388460545
1295538903298871296
1295536983490494464
1295536951907553280
1295536430735863808
1295536130851389441
1295535307748544513
1295535143386406913
1295534882584776705
1295533504789241856
1295533326250409986
1295533114534461441
1295533106913595399
1295533101221851137
1295532942345871360
1295532883545923587
1295532843024756741
1295531831681482752
1295530061907533824
1295529817274605569
1295529409684766720
1295528745403650048
1295528608484560897
1295527982933696515
1295527195092430849
1295525744488206336
1295524700416860160
1295524640752730112
1295523599864930304
1295521361004236800
1295519276183498753
1295518550875148294
1295518185144422402
1295517705324376067
1295517670620766208
1295515496725598209
1295515113756082178
1295513749168717824
1295512181178392576
