1275171557057286144
1275171444734013446
1275171385141272577
1275171182241693697
1275171131562090497
1275171079678459904
1275170466718605312
1275170061498454016
1275169537734799361
1275169522346012674
1275169048628793345
1275168755824427015
1275168637389807618
1275168343972917248
1275167965596528645
1275167897774628865
1275167885548228608
1275167697505005568
1275167632745009153
1275167124756062208
1275167093353320456
1275167051259273216
1275166863530627077
1275166824821391369
1275166631296196611
1275166349837418497
1275166326009495552
1275166247995551745
1275166217725247491
1275166194518163461
1275165666606116864
1275165464805679104
1275164661739118593
1275163665906442242
1275163544879759360
1275163382077767680
1275163239123320832
1275163213655502848
1275162602700750856
1275162415869632514
1275161083217678338
1275160966657957890
1275160930163228672
1275158991413248000
1275158141630627841
1275158036831711233
1275157606877650944
1275156820403855360
1275156014279593984
1275155735253520385
1275155588830367746
1275155122016813056
1275154294707273733
1275154050841968640
1275153985578696704
1275153472116142080
1275153461231878144
1275152356494082049
1275151760030490624
1275151192952274947
1275151037167554561
1275150751501660160
1275150661022294018
1275150460593172480
1275150041619955712
1275150017708335105
1275149316630302721
1275149100950978562
1275148550549061632
1275147181817835525
1275146739536683008
1275146450566090752
1275145580902322176
1275145407799099394
1275144592141271040
1275144096840024072
1275144015818764288
1275143902484402179
1275143863032823815
1275142927195402245
1275142228307054599
1275142125789736960
1275142119552880641
1275142025579384832
1275141884025999361
1275141712944472064
1275141683777282049
1275141469075116033
1275140901036310528
1275140632064012289
1275140569468006401
1275140486282579969
1275140070908080132
1275140011956920320
1275138340468162561
1275138266400993281
1275138161765687299
1275137449933635584
1275137235407368192
1275136790232432643
1275136511328092161
1275135128457678849
1275134854796115968
1275134744385261569
1275132939618193410
1275132925571264513
1275132030666149888
1275131746170941440
1275131720531152898
1275131704697671682
1275131426556477440
1275131172302073866
1275130363417853952
1275130242991108096
1275129593599418374
1275129499290664961
1275129126752526336
1275128447694757888
1275127373105676289
1275126162667319297
1275126006962143234
1275125783028269062
1275125169540005889
1275125119694843906
1275123762367795212
1275123460533075969
1275123267678937089
1275123170761224193
1275123029044088835
1275122800941060097
1275121536479965184
1275121203577929728
1275120057602002944
1275120030984830977
1275119759793827840
1275119310990479360
1275119178568122369
1275119010137300994
1275118889714606082
1275118814464585728
1275118654053466113
1275116260980752384
1275116182111051777
1275116138926690307
1275116067896033282
1275114980908642304
1275114979126059009
1275114749299232769
1275114590909665286
1275113054288654337
1275112983803203584
1275112972277473280
1275112377873248259
1275112356171911171
1275111822912348160
1275111817577148418
1275111151978905601
1275110777247027200
1275110395888500737
1275109879896735748
1275109677257256960
1275108945007263749
1275108343892398080
1275108289689329664
1275108005449777153
1275107722728529921
1275107223350456321
1275106099130257408
1275105721609269248
1275105302598299648
1275104585019985920
1275104081581916167
1275104081556713476
1275103614638403584
1275103165499813894
1275102935966498817
1275101944860811265
1275101618682376192
1275101554136186880
1275100903700418560
1275100887006892033
1275100815125078017
1275100609071341569
1275100492897701890
1275100164013862912
1275100051451318273
1275099741718630400
1275098483112972288
1275098190560276482
1275097953586294785
1275097711159717889
1275097588044369921
1275097471274889222
1275097330090496003
1275096920323751938
1275096840908804098
1275096782993645568
1275096747132383233
1275096190875467777
1275095843150888960
1275095343068098560
1275094049310101505
1275093846024753152
1275093782963392513
1275093754819600384
1275093317504561153
1275093232360161280
1275093210268946438
1275093044824625153
1275092608205783041
1275092397266030595
1275092208811741185
1275092099390672897
1275092071402127360
1275091916686843906
1275091874232049664
1275091801712533507
1275091042669297664
1275090942257582081
1275090930714972166
1275090263086706689
1275090172040941570
1275089599841304579
1275089262489341953
1275089110601007106
1275088211396657167
1275087964977025024
1275087934601953285
1275087693354012673
1275087536205987846
1275086052538056704
1275086028609654785
1275085637763432449
1275085594738057216
1275084810386657281
1275084227135012864
1275083665706487810
1275083283597004800
1275082749183848448
1275082308945575936
1275082171649339393
1275081674087206917
1275081043872079873
1275081012309983232
1275080400180633602
1275080348225789952
1275079079255879682
1275079077066534914
1275078753698242560
1275078481664020480
1275077875654258688
1275076691497332737
1275076175572824068
1275075852129021953
1275075367078789139
1275074381266300935
1275074302325358601
1275073989702897671
1275073227765592064
1275073225186148354
1275072403761029122
1275071484617125890
1275070733513666560
1275069781452787716
1275068821603155975
1275067914450644992
1275067328896499715
1275067287049920512
1275067126840045569
1275067109333073928
1275066799831179265
1275066131292631041
1275066065475612674
1275065182830522374
1275064140097175560
1275063076262313985
1275061690812399616
1275061573623484418
1275061020965429248
1275060452976988160
1275060399268941824
1275059862209085440
1275059827434237953
1275058457587187712
1275058404235436042
1275058262560276480
1275056337697804289
1275056196437905408
1275056160253579266
1275055778936676357
1275055507645087744
1275055480415629314
1275054624618229760
1275054613943762945
1275054570218102788
1275054141866418177
1275053992398270465
1275053437189795841
1275052902759821313
1275052183679954945
1275051809636311042
1275051740858114051
1275051521147879429
1275051384426188802
1275051306403745794
1275051191618146304
1275051166909358080
1275050674036891654
1275050524879003649
1275050160901500929
1275050125698596865
1275049979074224128
1275049933775790081
1275048709508591616
1275048302095015936
1275048189264093184
1275047674950103043
1275047257906253830
1275046869132087297
1275045717640384517
1275044656514953217
1275043379949289481
1275042860631502855
1275042570721210370
1275040200159264771
1275039828816601088
1275038723789512705
1275037829266104322
1275036872633442309
1275036659931926528
1275036461373566978
1275036409578115072
1275035342584905728
1275035310678618113
1275033147646840838
1275033007066357761
1275032868142620677
1275031359313129480
1275031242396692480
1275030689830895624
1275029973418606593
1275029139406323715
1275029002726576138
1275027389916090368
1275026353688059905
1275026332066463744
1275023471764860928
1275023434263736322
1275023118789156864
1275022881441931265
1275022005474136070
1275020816632209415
1275020041340121088
1275017832997310471
1275017560723845120
1275017450598420483
1275016880147881984
1275016566598492162
1275016332367597570
1275015920293949442
1275014084677828609
1275013662919528448
1275013549278916608
1275013060231663620
1275012730198638600
1275011199785005056
1275011068826226690
1275010432068182017
1275009198166769664
1275009192303230977
1275008933783130112
1275006908169142278
1275006275651330049
1275005798427525120
1275004939018870784
1275003895949950976
1275003618060578816
1275003367656390664
1275001318357102592
1275000307110510593
1274999935512072192
1274999211851841536
1274998496022663169
1274998351747059712
1274997377347223560
1274997030549520386
1274993573000290304
1274991792648265728
1274991361490661380
1274987779546546179
1274987673644675073
1274987124564115456
1274987095954784256
1274986717351743492
1274986633880895495
1274986421883895808
1274986077774737408
1274985970962698240
1274984706954547200
1274984499756007424
1274984379606016018
1274983310599520256
1274983093758095360
1274982615380942848
1274982457025204224
1274981293894373378
1274981073433346048
1274980982702002177
1274977533998575617
1274977048411471873
1274975865491861504
1274975608758509568
1274975567956209666
1274975247364771841
1274974814185259008
1274974440166764544
1274973482745499653
1274973098002038785
1274972399373619206
1274970991589023744
1274970358165254144
1274969726855217153
1274969356884008961
1274966375858044929
1274963215697534981
1274963112408604673
1274960748972773377
1274959859293786119
1274959746869735424
1274959578799587329
1274959287253688320
1274958694539657216
1274957724741185536
1274956848408473600
1274952496960552960
1274949421772521473
1274948825799634944
1274948519980302336
1274948283564126208
1274947764741443584
1274947445055766528
1274946579196084224
1274945389213315072
1274944968050778112
1274944672847269889
1274944348010971136
1274944300623814658
1274944218956521472
1274943702964875265
1274943371673509889
1274942243099508742
1274941357359013888
1274939479317286913
1274937392294739970
1274936827514777600
1274936422852464642
1274935957175898112
1274935896307937280
1274935250477559813
1274934885845630978
1274933969927041024
1274933729966735361
1274933652661473282
1274933204521070592
1274933065232592897
1274933060400820224
1274932709681479680
1274929215301808129
1274929147006066689
1274928625167499264
1274928333889736708
1274928244328808448
1274927867919400965
1274927763795980289
1274926554871672834
1274926295441461249
1274925334614257664
1274923411978850305
1274922642789724162
1274922580521017344
1274922025471971328
1274921763982409728
1274921496217923589
1274921397123534849
1274920311700500481
1274920219090186241
1274919375066353666
1274918924962926593
1274918795983949824
1274917796871147521
1274916225710043138
1274916194240397312
1274915881966014464
1274915136327868424
1274914704616497156
1274914535862947840
1274913709295575040
1274912949421969409
1274912221634666499
1274912174956257280
1274912056152637440
1274911399668592645
1274911277060669441
1274911104435548161
1274910771332382724
1274910600011841547
1274909155187478534
1274908835640197121
1274908409662451715
1274908298446176257
1274908054438522883
1274907744596684800
1274905162704990208
1274904808311468033
1274904178997907458
1274903900613640193
1274903784586706948
1274903438552297472
1274902764796198914
1274902703601258496
1274900565114437634
1274899743316074496
1274899340516089862
1274898944154390529
1274898486484365312
1274898477911289857
1274897700190924800
1274897461090357249
1274897006830301184
1274895657367568384
1274894772814004224
1274894199859499008
1274893975216967682
1274892990784258049
1274892500658876417
1274891897325137920
1274891693607837696
1274890697980678144
1274890474600480769
1274890257427771396
1274889362522570752
1274889300396503040
1274888592045867010
1274887583890317313
1274887545390796805
1274887210601512965
1274886683612381184
1274886570773024769
1274886555497357318
1274886396285726720
1274886310084280321
1274885744390049793
1274885320924958722
1274884143415885824
1274883611976761344
1274883225370984448
1274883166575235072
1274882635513204736
1274882346576236545
1274881249346154496
1274880767449903105
1274880109208571904
1274879367798157312
1274877762952667137
1274877508760924160
1274877495649632257
1274877092912607233
1274877040928460800
1274876221432553472
1274876218261696512
1274875948924579840
1274875948152717312
1274875490117943297
1274874693762158592
1274874034673475590
1274873127021895680
1274872917348585473
1274872129729724417
1274871533501120512
1274871393415573508
1274871286511042560
1274871215602065408
1274870838156722177
1274870468432916480
1274870407682641920
1274869060510023686
1274868286891732994
1274868143270305801
1274867940874043393
1274867771323691009
1274867570852663296
1274866949827198976
1274866651641475072
1274866382845497344
1274865699425566721
1274865122289356802
1274864909134766080
1274864714414161927
1274864643916181504
1274864224544620545
1274863058423332865
1274862953590853636
1274862420041891841
1274862326903123969
1274861905035898880
1274861753428594694
1274861396283572224
1274860931705700353
1274860565824000001
1274860357031358464
1274860339587252224
1274859734265483265
1274859404697968643
1274858900592918531
1274858037178556416
1274857402492477450
1274856095878647808
1274855918434422784
1274855878622142476
1274855735394889728
1274855606847860736
1274855092034953222
1274854858894557186
1274854814669836289
1274854618581721088
1274854394459312130
1274853395069906946
1274853003552534530
1274852654628376576
1274851786248126464
1274850463079452674
1274850456444043264
1274849015918727168
1274848560492630017
1274847963995570176
1274847234123640832
1274845896992108544
1274845553722109953
1274845394845851648
1274844919648182272
1274844654186487814
1274843939548344322
1274843852600295425
1274843754134978560
1274843055108042753
1274842439711363073
1274842284006223877
1274841952090021893
1274841827955412997
1274841602880532480
1274841589764878336
1274840098522218497
1274839988656627713
1274839375885598720
1274839046171193344
1274835977941536770
1274835589423149063
1274834147945648128
1274833458385219584
1274833403939094530
1274833114158817280
1274832399164194817
1274831757452312576
1274830557512445953
1274830328906092548
1274829915611750400
1274829871407980544
1274829389809803264
1274829382398275584
1274829146372354048
1274829114860539906
1274827556768940033
1274826930676740096
1274826345474863106
1274826284712017920
1274825744196218880
1274825397763551232
1274825360807428097
1274825357020090368
1274824950944337921
1274824619501981698
1274824526250074113
1274824253104259073
1274824107830509568
1274823634377457671
1274823093878435842
1274823069622820864
1274823052665081858
1274822928660680711
1274822816349773824
1274822267105492993
1274822053863055367
1274821999764934656
1274821771217207298
1274821458880090117
1274820833618190336
1274820711111184387
1274820589002412033
1274819797855858688
1274819485980073984
1274819366140379136
1274819102494859264
1274818870591832064
1274818749502230531
1274818432530251776
1274817125933363200
1274816303812030465
1274815571583008769
1274815337104584704
1274814933956390913
1274814695879446528
1274814660911304704
1274814638195044353
1274814499065905152
1274814299878371330
1274814295130492932
1274814198472675329
1274814118671908864
1274813904670130187
1274813740479741952
1274813514205593600
1274813347309989889
1274811997004201986
1274811821619204096
1274811717030199296
1274811335596015618
1274810913862742016
1274810380796166144
1274809776661303297
1275124774969237507
