1284954775851806724
1284954560537047040
1284953913054167043
1284953520936939520
1284952826725101568
1284952502518067201
1284952327317622784
1284950307680727045
1284950261665083399
1284950036208513024
1284949381725278208
1284949014216159234
1284948961305001986
1284948025966813184
1284947942588198917
1284946993417261059
1284945767824850950
1284945317100687362
1284944036004945922
1284941574300819456
1284941387754962944
1284941213724893185
1284940858635112448
1284939504382509056
1284938732777308161
1284937597840691200
1284934498258427904
1284933236985073665
1284932914954686464
1284932847065796609
1284930260123951104
1284930055445999616
1284929474434420740
1284927564272635906
1284927402993426434
1284925896118472708
1284925639519338496
1284925233317715968
1284924814516457472
1284921999442272260
1284921366962229253
1284920983397203970
1284920842204246017
1284920379727912965
1284919762380873728
1284919126272737288
1284918748881678337
1284918214107869190
1284917683595743233
1284917253633388545
1284915090530107393
1284913955069018112
1284913513312538624
1284913308772921344
1284912001307877376
1284909726086713346
1284908925012279296
1284908343220469760
1284906545344585728
1284905027983867906
1284903557712379905
1284901892255031301
1284901686100754433
1284900858010963968
1284899682788024322
1284898370939691008
1284897697317650432
1284897556833632262
1284897402185379840
1284896989893754880
1284896539513696256
1284895805883797511
1284891286844080134
1284890175080890368
1284884980787818496
1284884300584951810
1284883245016821765
1284883206215524353
1284881459380211714
1284880148655792130
1284879601165107206
1284879002524684288
1284878297332101126
1284876801739763713
1284875315282694144
1284874997228539907
1284872999267643392
1284872304745426951
1284871873797353476
1284871506976296960
1284870726290415616
1284870480919396352
1284868446795239425
1284867977305874432
1284866215261822977
1284865351868710912
1284863871426220033
1284863779776475137
1284860834079006721
1284860272382038018
1284859196366708741
1284858815620382720
1284858012658614272
1284856563212021762
1284856447113654273
1284856277982642178
1284856214799540224
1284855849085591555
1284854813260300290
1284854738887094277
1284854497953677312
1284853293596979201
1284852502291271688
1284851689405784066
1284849462192439296
1284849061225353218
1284848314547085317
1284847155606425601
1284845666301177856
1284843692562341889
1284837313642524673
1284834091389448192
1284833768507936774
1284831674379972609
1284828917610799106
1284828731320795138
1284827722380976128
1284826939849572353
1284824766038388736
1284823905681776640
1284823139399217152
1284818127356911616
1284817704067706881
1284811413966512128
1284804564642930690
1284799569155497985
1284798416028143616
1284792194872807424
1284788254508638210
1284787168683061248
1284785811423191041
1284780549622685697
1284777922155479040
1284776702095159299
1284773447290122240
1284772065023864834
1284769576727658496
1284768947275997187
1284762388403818496
1284759915916034048
1284759745509769216
1284757255141949440
1284755468301348869
1284755084144832512
1284753863254454272
1284753661068017666
1284750115106938881
1284749576759586816
1284749537089695746
1284748980258299905
1284748772384399363
1284748749995212800
1284748256195612672
1284744294662897664
1284744279374524417
1284740536536977409
1284739930313252864
1284739134578458629
1284738144609488906
1284737835883429894
1284735497936318464
1284735227299078144
1284733683556065280
1284733359634046976
1284732252472188929
1284722327075393538
1284721344890966021
1284713553295859714
1284711752941408257
1284711225230852096
1284709544203968512
1284708665157722133
1284707071401885696
1284706978737029121
1284705894958325760
1284701477144006656
1284700827970678785
1284699920281174016
1284698171399077888
1284696292459978755
1284693922699194373
1284690428013551617
1284689912231604225
1284688437405253632
1284686528195760136
1284684639311994880
1284684036414140416
1284684031993491456
1284683718213406722
1284683142612295681
1284682892069797888
1284681718306398208
1284680227881390081
1284679010606292992
1284678937210089475
1284678081853235200
1284677915330871299
1284676549728505858
1284675968561483777
1284675891797168128
1284674277426335744
1284672372444930049
1284669420711710727
1284667573741785089
1284666528110190597
1284665022065659904
1284664272300183553
1284664045455306752
1284663441379254273
1284662772660396032
1284662431420231683
1284662310980771842
1284661308063973376
1284660488501104640
1284659722168102914
1284658373737103360
1284654541984747524
1284651145936334849
1284650418492997633
1284650151907168257
1284649386157326336
1284649313898041352
1284648097566490624
1284648046987489281
1284647241773285378
1284646995538276354
1284646146829213696
1284644894275928064
1284643769015508994
1284643338998763520
1284643148443062280
1284642264992473088
1284641994258681856
1284641401704194049
1284639899371667463
1284639164177104897
1284636628670009345
1284632825946419200
1284628354696699905
1284628209066270720
1284626673745440770
1284626199709454337
1284626193732513792
1284625068778295297
1284621955983958017
1284620877666156544
1284618909732282374
1284618070074458114
1284617037583704071
1284614957393252353
1284614739226537984
1284614128477372428
1284612635196096518
1284610584571449346
1284610172825018369
1284609615385239553
1284609575723966470
1284606683533266948
1284606676822302721
1284605721187774464
1284603850012467207
1284600308719652865
1284598590581518337
1284597669390741504
1284597298098581511
1284596800658300929
