1285318428685934598
1285318026619809792
1285317584808824839
1285317233716064257
1285316153838055426
1285313534155530241
1285313347697684486
1285312530093670400
1285310792028622848
1285307473969086464
1285304608466837505
1285303502454116353
1285303181765947396
1285302286009487360
1285301937773129731
1285301527381372928
1285300205668184064
1285299185969852416
1285298562109243392
1285297172133621762
1285296774207266816
1285295567539548160
1285291036366057472
1285290957995479041
1285289519458193410
1285289356886827008
1285288409238507521
1285287913509588993
1285281843709800450
1285279758306217985
1285279647119409152
1285274455678152704
1285273740679536640
1285270916725907457
1285270911613054977
1285269175896809472
1285269024411017217
1285268533912440833
1285267967421239298
1285265101956632576
1285262466121859072
1285261049462169604
1285260004644331523
1285259936797270022
1285259363733700614
1285256544968421376
1285256030415392770
1285255191860781056
1285255010373312519
1285254093246783488
1285253580098871296
1285253356449968129
1285252909735829506
1285252672640163847
1285252035873583104
1285250858872000512
1285249922674163712
1285247658773405696
1285247478087012352
1285246516429496321
1285245146024620039
1285244101370273792
1285243564994310145
1285242515575185410
1285242374566801409
1285241444672757766
1285240128236027909
1285237895155122177
1285237787587825666
1285235276818898944
1285231782342701056
1285230979414503430
1285230059389890560
1285229716195155969
1285227180608413701
1285225369226940416
1285224588683685888
1285223716373303297
1285222314322337792
1285220418417299457
1285219676562370563
1285218082743635969
1285216436269588482
1285214178245054465
1285213885268725761
1285213195297316865
1285212305790087168
1285212115284955136
1285210870851817472
1285209346524303360
1285207243885932544
1285206277841391616
1285205730845286403
1285204873429110786
1285203816892133376
1285199200108544006
1285196312091267079
1285194565482352640
1285194557878087682
1285194328344862720
1285192932228845568
1285191584246423552
1285190542930911233
1285190200025645056
1285189162073763840
1285189115961585664
1285187983088517120
1285187470628458496
1285187165455032321
1285186366486306816
1285186253676322816
1285185574219980800
1285184830779654147
1285184538910560256
1285180040616042497
1285178148917739520
1285177221867622400
1285177170000781314
1285176962449842176
1285174924982837248
1285173931226402817
1285171633506922496
1285168727303098370
1285168103136133126
1285164921320333313
1285164347371720705
1285163882168885248
1285161912012017665
1285157709227020288
1285157697583808514
1285155895534448641
1285153202359459840
1285146469864005633
1285146388364484611
1285140621204701184
1285138733520560129
1285138526179188736
1285137410586578944
1285135694642524165
1285133184691253250
1285132476852195328
1285129822600138752
1285127023028064257
1285120777856126976
1285118301681512454
1285117927369342977
1285116705291698177
1285114457509605377
1285112737354280960
1285110097774022657
1285105649437814786
1285104820349698050
1285101887436386304
1285101326146445318
1285098484618551296
1285094295226265600
1285093267835625473
1285085418229301248
1285085307960995846
1285084523068297217
1285083679870476288
1285076972985622528
1285076573763153920
1285075268940345344
1285072798369624064
1285069089099128833
1285068317292728320
1285067517287960576
1285067402758295553
1285064595565162496
1285064167578165250
1285063720843042817
1285061542275428355
1285060149196062721
1285060140677439490
1285057376958025728
1285051632451977217
1285049425778421765
1285048248093356033
1285048241122414592
1285046983628120064
1285046776752373767
1285046776534306817
1285046506920087554
1285045861509222400
1285042070596530176
1285041715943018497
1285041546631491587
1285041011723571200
1285039829781114880
1285039281849933825
1285037926682890244
1285036992326258689
1285036409171120130
1285035923051294720
1285035811579334656
1285035622365880320
1285033796690227200
1285033641844912128
1285033614481199105
1285033529794088961
1285033085084602370
1285031297648414727
1285030724031184899
1285028404581081090
1285028335974834183
1285026698753454081
1285026488044199942
1285025730192117760
1285023716166914048
1285022588150964231
1285021462290563074
1285018674257174530
1285017030127693825
1285016738711707650
1285016662195032065
1285016447803109381
1285013956726329345
1285010143323791360
1285007876445081600
1285006757404856328
1285006607416320000
1285004945997983744
1285004654250561536
1285003636691607553
1285002234888159232
1285002021322588162
1285000618088656896
1285000353608597511
1285000246343368705
1284998452859068416
1284993667917201408
1284993459816787968
1284992869216862208
1284992860387979264
1284992738350383105
1284990601612623876
1284990352785584128
1284989470165528577
1284988048065867778
1284987823326498818
1284987430861512705
1284987282005491713
1284986108544073728
1284984840711020548
1284983377528004612
1284983305750945795
1284981608605462528
1284981216131907584
1284980948627386369
1284980914162929665
1284979230036484096
1284978483270021120
1284978456023924738
1284978021556944897
1284977997427159041
1284977546099142658
1284977224450478080
1284976646760660992
1284976191942909952
1284973651410841600
1284972935615180803
1284971846375538688
1284971811525009408
1284970771807268865
1284968376247320576
1284968068066807808
1284967855235178502
1284967689681870850
1284966769002713088
1284966700828569604
1284966153912061953
1284965738109759489
1284961468610424832
1284961134370586630
1284960467811577856
1284960380490571778
1284959248103899136
1284956698302701568
