1278070607868039169
1278069503394566144
1278068811703422983
1278068716396314624
1278067321576308736
1278067060447211520
1278063772553232384
1278063652705144832
1278062839459123200
1278062752645427201
1278062603584131073
1278061392252350473
1278061282239770626
1278060748707713025
1278059987403767808
1278059436184084481
1278059050232496129
1278058326920757250
1278058126869028864
1278057761364946948
1278056587404312576
1278055943708856326
1278055123420278784
1278054837834244096
1278053339725529088
1278053317008953344
1278053260876754946
1278052976624406529
1278052941266661379
1278051952929243139
1278051892405440516
1278051239775948800
1278050571971248128
1278049905894965248
1278049354994135045
1278048973001981952
1278048650103533571
1278041950944452608
1278041488891486212
1278041187065176067
1278040936916725760
1278040664534593541
1278039951150637057
1278039825174523904
1278039122372935680
1278037903646605315
1278037879583911939
1278037062990659587
1278036743846060032
1278036007624065025
1278034217511911425
1278033950225522689
1278033536801542146
1278033300783800323
1278032588792365057
1278032488233869313
1278032330754363392
1278029897781465088
1278029581384126465
1278029108790923264
1278028484170756097
1278028134328291331
1278027212722040833
1278026651838885892
1278026254151823362
1278025891189317632
1278025363063361537
1278025353894731776
1278024514207653888
1278021381540720642
1278020915113189382
1278020888420659206
1278020421481377802
1278020250508951554
1278015798489956353
1278015129188171778
1278014902813233152
1278014400981618690
1278014200833597444
1278013871807180800
1278013309376061440
1278013123300143104
1278011919367053313
1278011839368974336
1278010505240731650
1278010096866525189
1278009922412785666
1278009866657755137
1278009395708923904
1278009200115765249
1278008777900359680
1278008541039792128
1278007413002702848
1278007292194144256
1278006017197031424
1278005377666289665
1278005052637097984
1278004529951322115
1278004319778832384
1278002296945770496
1278001953746944002
1278001723668418560
1278001101166399490
1278000572856258560
1278000370564894720
1278000327732707331
1277999264044638209
1277998573179867137
1277998474894680068
1277998161634701312
1277997967019069445
1277997607890100225
1277997491737133057
1277997400141910017
1277996981932240897
1277995696180912135
1277995243963584514
1277995133972238336
1277994327785066496
1277993790154801152
1277993082387120128
1277992161632370688
1277991721775828994
1277991631501897729
1277990731391606789
1277990726425591810
1277990637539856384
1277990470724001794
1277990096688623616
1277989630692986882
1277989471330459650
1277989145344970754
1277988914691702787
1277988079433900040
1277988071414263808
1277986809016967171
1277985615682899969
1277985550100824067
1277985174890909702
1277985141529477121
1277984693737185280
1277984689786142722
1277984437561671681
1277984166206980096
1277983814275313667
1277983740824862722
1277983396271214592
1277982472551018496
1277982321220571136
1277982302404894721
1277982063757414402
1277981197130326017
1277980756162183169
1277980509453180930
1277979299987902464
1277978256612814860
1277978037997285382
1277978035250053132
1277977979130245121
1277977776146898946
1277977677748551685
1277976796940496899
1277976731190616066
1277976540316221443
1277976108181250050
1277975604873228291
1277974787227148288
1277973497122185216
1277971764107030533
1277971239701630982
1277971238061662215
1277970836645765122
1277969158202769410
1277968061656522752
1277967560911097859
1277967504921423874
1277967366203166722
1277965784887595012
1277965253876174851
1277964753449541640
1277963683272908807
1277962930349170689
1277962815009992707
1277962142872825857
1277961792002461696
1277961450452066304
1277960388982816769
1277960289489584128
1277959755391217664
1277959648574877704
1277957696017268741
1277956151628496897
1277953780093509636
1277953523976634370
1277953469291409408
1277953200096718849
1277952829739720705
1277951955072139271
1277951629866778625
1277951382839070722
1277951090957471744
1277950745178931202
1277950658973511680
1277950449371484160
1277950304542212097
1277950284090703877
1277950215014830080
1277949707453558796
1277949351784931330
1277948053790613506
1277947612990234631
1277947448107962369
1277946282762481665
1277944000301993985
1277943669492862983
1277940307523297283
1277940188644364288
1277940093471383558
1277939985136734208
1277937899548348418
1277937626218029057
1277937459138121733
1277936576086056960
1277934746178334720
1277934296259596295
1277933386389168135
1277933009317003264
1277929845217951744
1277929766226743296
1277929517605097475
1277928778916941824
1277926532288327680
1277926486700425217
1277925257207300096
1277924400747216897
1277924280391663618
1277923849808547840
1277923124009263108
1277921733442502657
1277919245532160000
1277917396335026176
1277916559667687424
1277915607049142272
1277912792385781764
1277911551404584960
1277911060276752384
1277908050070945797
1277907258131787777
1277906799572770817
1277906623264985088
1277905042507304960
1277904289483104257
1277903496952590338
1277902233565356032
1277901815313362945
1277899768258273286
1277898420343074816
1277897799779090432
1277897651565051905
1277897313630015493
1277896838973186049
1277896384348401664
1277889250793590784
1277889099588927488
1277888475883360257
1277888416600989696
1277887733965430784
1277887621679722496
1277887421032607744
1277887320050597889
1277887213041340417
1277887098222252034
1277886976377708545
1277886749562241025
1277885825896808449
1277885805432799232
1277884872766509056
1277884100209192960
1277883600319455232
1277883597278441472
1277882656651386880
1277881885436370945
1277880850411995138
1277879073503494145
1277878671244587008
1277878041256001537
1277877212138491908
1277877196850368514
1277876964355760128
1277876414012940289
1277876051058851840
1277875510962532354
1277874549586042880
1277874170114777088
1277872527600214016
1277870177611214848
1277867232945680384
1277867063000866816
1277866519649816576
1277866130061905920
1277865829246304258
1277864751981305856
1277864607818776582
1277864059531116544
1277862962552877056
1277861036226297857
1277860731841581058
1277860144093687810
1277860064062312448
1277859768762159105
1277859507624796161
1277857974711508993
1277857820910645248
1277857382731784200
1277855849700970496
1277855326314745864
1277855059829760001
1277854729700364288
1277854205072551938
1277854124185473024
1277854050474590208
1277852159233712129
1277851933190086661
1277847846633562113
1277846479521157127
1277846470058622976
1277846459845664769
1277844733172252674
1277844560559968261
1277844162071666688
1277841193808752640
1277840952791633920
1277840342373498880
1277840303190274049
1277839594319478785
1277837249489616897
1277833952510738433
1277832336172822529
1277832321664614401
1277832063211778049
1277830042987495427
1277829147335720960
1277828231652130818
1277827210972286977
1277826414365085696
1277826115935932416
1277825340879130624
1277825136503054336
1277825008245628928
1277824972099117057
1277824571043790848
1277823437172432896
1277823299284799488
1277823067398516743
1277823057999118336
1277822916282003456
1277822761696497670
1277822307650674689
1277821990489993217
1277821841911013377
1277821540680249345
1277820163266502656
1277819550700986368
1277818794702852096
1277818601362391040
1277818506956988416
1277816739296940032
1277816285993201664
1277814779722125313
1277813455236587522
1277813206044545024
1277813003174494208
1277812961814274049
1277812673753710594
1277812629784977413
1277811026004602880
1277810881095766018
1277810476651622403
1277810445815029761
1277810365485604864
1277810089659858949
1277809734746333184
1277809517506424838
1277808927871315968
1277808915451752449
1277808409035845633
1277807627561394176
1277806581598621698
1277805479994015744
1277802639229693954
1277802454214602755
1277802377567965187
1277802320701673472
1277801775794454530
1277801505341440006
1277801368703680514
1277799750142582784
1277799546475753472
1277799310713745408
1277797481041080320
1277797095894908929
1277796692293750784
1277796692172189696
1277796661008519168
1277796533325516800
1277796080399405057
1277794297765605377
1277794181994262528
1277793223394693128
1277792768308514816
1277792004106260480
1277791824418136066
1277791234141097984
1277790780157902855
1277790527534948352
1277790455548252160
1277790445641388033
1277789909529624577
1277789262235213825
1277788869249757185
1277787940060463104
1277787883861147648
1277787802080546816
1277787497679015941
1277786442069131267
1277785224106172416
1277784126473547777
1277784009523650569
1277783442080632832
1277783113771495429
1277782431806832640
1277782167733432321
1277781931128549379
1277781804112633856
1277780197518049282
1277779083284426752
1277778437789364225
1277777668088438784
1277777666591141888
1277777665462882311
1277777358628491264
1277776382819479552
1277776202535702533
1277776100941271040
1277776045563875328
1277775853112430602
1277775099391770624
1277774900611219456
1277774504077537282
1277773872520146944
1277773775677906945
1277773543795765250
1277773188601184256
1277772918475362304
1277771910701559808
1277771133702623233
1277771021907623938
1277770477944135681
1277769454450065409
1277768810150404101
1277768428925771777
1277766706224607233
1277766246625402891
1277766127779819521
1277765697293164545
1277762390206091265
1277761591698698243
1277760034626138113
1277759875599212549
1277759231148638210
1277758110355070977
1277756354573348864
1277756228899237890
1277755806818144257
1277755572599717888
1277755025628909568
1277754137745059841
1277753982413426695
1277753409907707905
1277753303380758530
1277753018684002312
1277752102056538113
1277752086344732673
1277751577068081153
1277751268656775168
1277749186159616000
1277748977228746753
1277747999087697920
1277747978539798532
1277747592378683393
1277746523544190983
1277745818590744578
1277744403394760704
1277744294615560193
1277744209274028033
1277744087651815424
1277743733761441792
1277742469451563008
1277741797561819136
1277740655020834816
1277740120158994432
1277738685606227968
1277738493607903233
1277736475094736896
1277736286594437120
1277735076764188672
1277734203728297987
1277733972210937856
1277733614952812544
1277732456938958848
1277731470316986369
1277730972331651079
1277730559008165888
1277730492100440064
1277729704754241546
1277729699033219074
1277729673972244482
1277729567814418438
1277728840610123777
1277727337472196608
1277726709689864192
1277725705372131329
1277725165372059651
1277724638361972736
1277723862214553600
1277723519464292354
1277722358632067072
1277722098086141952
1277721873489424385
1277721333707784192
1277720879024287746
1277718663831982084
1277718232594624514
1277718230509875200
1277718205755097089
1277718137325023232
1277717649313550337
1277716362543034368
1277715018843291654
1277714665477308417
1277713705103273984
1277712873066844171
1277711644710363138
1277711641694666752
1277711013736075264
1277710442954194954
1277710088950763520
1277708997596979200
1277708900213633024
1277708513867968512
