1271547702967500805
1271547091903377408
1271547044113469440
1271547014292144130
1271546899523346433
1271546828002074627
1271546753091862532
1271546705390034944
1271546655276400642
1271546501408292864
1271546486510235651
1271546392998285314
1271546385154916354
1271546368960671752
1271546189679398912
1271546126446088198
1271545888792592385
1271545724451209216
1271545572244234240
1271545419148001281
1271545402622464000
1271545336755105793
1271545295726276610
1271544899159146496
1271544554156687360
1271544543104708610
1271544537324765184
1271544402142351360
1271544344210743296
1271544266708455425
1271544153998913536
1271544111686959104
1271544083106988033
1271544029679890440
1271544006200221697
1271543987795636224
1271543318632189953
1271543298944126977
1271543180899557377
1271543081553158144
1271543056144175111
1271542546892816388
1271542542853644291
1271542396757688321
1271542390759833603
1271542285587578880
1271541246650089475
1271540669270679552
1271540522784604163
1271540456338403328
1271540275308113928
1271540094760095744
1271540072479723521
1271539987864080384
1271539972521238531
1271539895836839937
1271539843164758016
1271539673974878209
1271539644417499136
1271539609944670210
1271539127566172161
1271538907260338178
1271538643224743936
1271538340261588992
1271538319629922308
1271537987445231618
1271537973687914497
1271537899163447299
1271537762064367619
1271537682003492864
1271537387873751045
1271537250375999488
1271537201499779073
1271537191953580036
1271536993487523843
1271536815015710721
1271536694895001602
1271536651702075392
1271536620089548802
1271536556008972290
1271536150411382785
1271536053518692352
1271536031364497408
1271536020870385664
1271535965354332160
1271535943393083396
1271535894755979267
1271535785683058689
1271535636357545986
1271535594389344258
1271535555617198081
1271535460003831808
1271535304416079878
1271535004477272075
1271534970914340866
1271534949158486023
1271534928392585217
1271534909224517632
1271534828891049990
1271534436182560768
1271534434139897857
1271534249695477768
1271534226484203520
1271534184624984064
1271534151007690759
1271534117105152000
1271534104887070720
1271534081088450561
1271533908413341699
1271533902478348288
1271533902306435075
1271533823159709697
1271533811117907968
1271533650136481794
1271533549221548032
1271533505269432320
1271533368681869314
1271533259457835008
1271533174745522176
1271533067090440192
1271533065689608192
1271532976929554432
1271532971196125184
1271532954976686080
1271532839838740480
1271532818389139456
1271532126979026944
1271532005109497857
1271531799429083136
1271531794211516417
1271531293004779521
1271531095260106753
1271531063257505792
1271530975659360257
1271530899037962243
1271530801386213379
1271530757182246913
1271530291404791808
1271529967298338816
1271529493648289793
1271529493539311617
1271529493455405057
1271529468016943104
1271529463390646274
1271529301238784004
1271529178005934080
1271529030622289920
1271529015749349379
1271529004324052999
1271528865848942593
1271528830667239426
1271528823272566784
1271528576555388928
1271528492304347141
1271528469029982209
1271528305695485952
1271528291007180811
1271528261886107657
1271528019103014912
1271527942775025664
1271527902371348480
1271527849888026632
1271527736008306688
1271527499760119809
1271527489026666496
1271527488066330624
1271527331945906177
1271527328108158977
1271526791501557761
1271526780742979584
1271526430287904768
1271526351405608961
1271526293566357504
1271526278047252480
1271526205863362565
1271526144819335168
1271526062565085192
1271525943300042752
1271525879512854528
1271525862152830976
1271525527145213953
1271525203281997824
1271525175109070852
1271524955453304833
1271524944212561927
1271524723525107713
1271524653778046984
1271524603874156545
1271524519568650240
1271524489537486849
1271524425997758464
1271524310755180546
1271523958333083649
1271523641113694208
1271523618481152001
1271523559719002119
1271523545240285192
1271523419654324231
1271523407386030083
1271523334300119040
1271523230004772865
1271523161712914432
1271523159548678144
1271523061200826368
1271522735441805312
1271522678680121344
1271522658560032768
1271522652952371200
1271522590130147329
1271522539957882881
1271522498291646464
1271522146112675842
1271522060368576512
1271521963257757700
1271521817891614726
1271521420900777984
1271521420888203264
1271521420871446532
1271521081015197696
1271521000434401285
1271520809090273280
1271520716811390976
1271520681113423872
1271520662528634881
1271520628181475328
1271520470526025739
1271520263239172101
1271519985463177217
1271519837026689027
1271519772270891011
1271519723545604102
1271519631103188992
1271519581752999936
1271519559044997121
1271519485112041472
1271519468674580480
1271519467646988288
1271519361661100035
1271519352244916230
1271519306333982722
1271519126469648402
1271518922114772992
1271518889235619841
1271518399538094082
1271518133749198852
1271518012433203200
1271517931919364097
1271517882560765953
1271517783206113288
1271517742546345984
1271517614943027200
1271517554758934529
1271517468843028481
1271517448194289664
1271517119893684225
1271517119566491649
1271517035680456704
1271516530698829824
1271516478538428418
1271516274577850369
1271516196530200576
1271515534589378565
1271515534589337600
1271515515933114369
1271515434123231235
1271515336735678464
1271515334479151105
1271515094665568261
1271514962326884353
1271514960355561473
1271514832353796096
1271514709662056448
1271514650916655105
1271514641995304961
1271514599293177865
1271514378257530883
1271514218194501632
1271514190667268101
1271514117376016384
1271514108450480128
1271514050610987008
1271513943828283392
1271513843429265408
1271513688810414080
1271513602734854144
1271513563136491521
1271513385629364225
1271513379769729025
1271513079659053056
1271513079113801735
1271513025917464580
1271512799089491970
1271512781204971521
1271512654893527041
1271512458176466945
1271512258401599489
1271511870613184521
1271511841185898502
1271511613863088134
1271511546544472064
1271511501472296960
1271511478496092161
1271511424196468736
1271511388012371969
1271511204138225664
1271510791653556225
1271510791624241154
1271510791267721218
1271510744182542338
1271510741024043009
1271510726616797184
1271510648367853568
1271510496311603200
1271510397846200320
1271510141159047168
1271510132854272001
1271510102806274058
1271509889823780867
1271509821381128195
1271509734915538944
1271509678565085184
1271509507504513024
1271509440395530240
1271509385265717253
1271509177471557646
1271509113013506051
1271509002854301697
1271508408143921154
1271508400224993294
1271508389328302093
1271508331836907520
1271507964050976772
1271507510206365696
1271507506720722944
1271507483240980482
1271507305285193730
1271506984915918850
1271506856519835648
1271506817827385345
1271506802543415299
1271506756376694786
1271506594241449984
1271506463563952132
1271506272827985926
1271506267060736005
1271506070222053382
1271506043298865153
1271505923547201539
1271505791653208066
1271505756160958465
1271505711151960067
1271505676574101504
1271505658597109760
1271505558550589442
1271505527407882241
1271505319546499077
1271505137715077121
1271505073378648064
1271504931522875392
1271504821200150529
1271504797284421633
1271504735498100737
1271504727939805184
1271504707618516993
1271504705517244418
1271504601787912192
1271504530715430913
1271504494497423360
1271504464827088897
1271504309696544768
1271504246714728448
1271504122634743808
1271504051591503873
1271503999196430339
1271503963599392775
1271503936298590214
1271503589144440840
1271503470256947200
1271503375520149504
1271503371048873986
1271503238009929728
1271503092937183232
1271503059705827330
1271503001497284608
1271502957637402625
1271502902511710208
1271502551515426817
1271502550018097152
1271502492111712258
1271502239325175815
1271502048203280389
1271501612553572365
1271501410098540544
1271501335641366531
1271501279710380038
1271501023102799872
1271500904915775490
1271500661222498306
1271500170337886209
1271500148988764160
1271500141145362433
1271500057364303872
1271500041069506560
1271500006344790017
1271499955501498368
1271499857761574914
1271499732616122375
1271499591247171591
1271499583911276546
1271499575136792578
1271499574935420928
1271499574851575808
1271499543981457408
1271499442890440705
1271499249855930368
1271499201835302912
1271499164430581762
1271499090291904512
1271499058557759490
1271499032855109637
1271498751400480768
1271498747890085889
1271498637105926146
1271498637005258752
1271498636980092933
1271498544554348546
1271498482080272386
1271498315515826176
1271498249342517249
1271498240458973187
1271498091561132032
1271498070304321537
1271497997390614528
1271497706167504896
1271497691030315008
1271497601456709634
1271497526609354753
1271497499723751424
1271497475967406080
1271497305749893120
1271497112103137280
1271497054272065537
1271497020772098049
1271496732594122754
1271496595843014664
1271496591724216320
1271496581796073472
1271496580324102146
1271496496773464065
1271496475458113536
1271496453899390982
1271496234046353413
1271496205785128960
1271496166912471040
1271496103301484544
1271495914612494337
1271495749579214850
1271495550467280897
1271495489448337408
1271495483681366016
1271495383831719936
1271495235290488834
1271495128344145920
1271495101416701952
1271495050871136256
1271494829445271552
1271494650193477639
1271494459591495680
1271494327177555976
1271494257669521408
1271494116321484800
1271494100592627713
1271494063292919808
1271494014496358409
1271493778029916160
1271493653945634816
1271493454997139462
1271493390979358720
1271493378031734784
1271493241293111296
1271493143834365955
1271492955249901568
1271492868557996032
1271492866536361984
1271492807446925312
1271492804397719552
1271492401308356610
1271492063037710340
1271492060630089728
1271491838331904002
1271491674376753152
1271491595880275968
1271491444679860224
1271491444554039303
1271491444398788611
1271491400572403713
1271491347099332610
1271491326773690370
1271491268636524546
1271491257252982785
1271491216119455744
1271491132170670084
1271490905271402498
1271490878205571074
1271490856814432257
1271490759229923328
1271490698085314563
1271490679600971776
1271490324771352581
1271490294131961857
1271490209507618817
1271490166402748419
1271489985502470151
1271489911355576320
1271489599278178304
1271489331639848961
1271489286727229440
1271489272860860416
1271489207672934401
1271489190157520896
1271489162177212416
1271489086189195267
1271488974423568384
1271488964399108103
1271488904143626241
1271488894668886016
1271488718113615873
1271488649012674560
1271488578929995776
1271488549909606402
1271488545170100225
1271488527008772101
1271488526908088323
1271488506544525312
1271488489281015809
1271488469873852416
1271488459295899648
1271488452736045058
1271488426525761536
1271488404820287498
1271488373069357056
1271488369630031875
1271488352244695040
1271488323039748097
1271488303741755401
1271488297265778689
1271488288633892864
1271488264164249601
1271488246166552576
1271488202126352384
1271488183193292802
1271488144550948864
1271488101651746817
1271487686470230017
1271487490449444867
1271487411407724549
1271487403899879432
1271487328259719168
1271487179252994049
1271487097355059200
1271486979524493312
1271486890345103360
1271486885232209920
1271486595590492164
1271486589789712388
1271486561671094273
1271486529601523715
1271486474622586880
1271486470856065026
1271486452124155909
1271486348059344897
1271486308091904006
1271486294561116160
1271486159470899210
1271486108090720256
1271486067267559429
1271486034539405314
1271485968177082369
1271485938565332993
1271485886111326209
1271485800098611200
1271485683283230724
1271485651809009666
1271485504371003392
1271485501900558339
1271485476629667840
1271485385047187459
1271485347155845120
1271485331842510849
1271485319234420737
1271485247339839488
1271485209901273089
1271485066200391681
1271485045115666432
1271485025050034178
1271485011414315008
1271484994289008641
1271484889133715457
1271484754161008642
1271484444009005057
1271484402011439108
1271484279717949440
1271483701474594822
1271483524491685889
1271483267250823170
1271483234283425794
1271483068667305984
1271483020281856001
1271482908553940993
1271482885120430082
1271482878900285441
1271482819949330432
1271482624566009856
1271482391694127111
1271482254724866054
1271482160365494272
1271482151364591618
1271482140811640839
1271481951027957761
1271481825966391300
1271481728700502016
1271481716507652100
1271481652586278913
1271481592373018625
1271481554691256320
1271481488232439809
1271481435283693569
1271481417999044611
1271481381093244928
1271481363338838019
1271481318799540224
1271481153254420482
1271481140625506304
1271480994089009157
1271480918193180672
1271480895330017284
1271480833166073858
1271480827650748417
1271480827369709568
1271480826950279168
1271480706431168512
1271480691654627328
1271480688781324288
1271480606384369667
1271480549539004416
1271480518320836610
1271480466269450241
1271480425291100164
1271480421293981698
1271480398724374528
1271480395964600330
1271480353233022976
1271480296983191557
1271480100094173186
1271479969483546625
1271479869839495168
1271479645834285058
1271479639748292615
1271479538179063809
1271479518717292545
1271479479110701058
1271479454343344129
1271479229352497155
1271479190047436801
1271479121219137536
1271479062201073670
1271478969448030208
1271478963014000640
1271478875537567744
1271478856315174912
1271478791680950272
1271478762199269376
1271478760735494146
1271478722948927492
1271478663830106112
1271478617034256384
1271478523321094147
1271478420480942083
1271478354596655105
1271478336108232704
1271478156055240704
1271478082751340544
1271477981110829062
1271477818975834112
1271477762923126785
1271477616948674567
1271477565559955463
1271477310785536001
1271477135190999050
1271477035765022720
1271477001740791811
1271476732495720448
1271476714552676362
1271476710375129093
1271476588836724736
1271476586638966785
1271476518150189056
1271476368702930944
1271476313065488385
1271476190256103424
1271476007070044166
1271475670405861377
1271475566353567745
1271475537031106562
1271475514251902979
1271475368067768322
1271475245518589959
1271475212366811136
1271475153461866497
1271475125603323905
1271475041465782272
1271474990018203648
1271474855318151174
1271474836812988418
1271474526287691782
1271474460244291584
1271474419735703553
1271474334633275394
1271474314362195975
1271473895795818496
1271473853844373504
1271473717789458433
1271473672449077249
1271473511358435328
1271473404667887616
1271473072508301312
1271473005894533121
1271472871567765505
1271472812310573057
1271472759114268673
1271472742047588353
1271472681829961728
1271472599986507782
1271472548287479808
1271472390132899840
1271472329533472769
1271472082182828032
1271471773574455297
1271471692360056834
1271471626022981633
1271471504346222600
1271471348141998080
1271471313140322306
1271471051965431808
1271470911435177991
1271470880888098816
1271470689128607744
1271470540478447616
1271470262425395200
1271470193470894080
1271469840952254465
1271469677756190721
1271469345143742465
1271469322032959492
1271469312705003527
1271469001424633857
1271468984999821312
1271468903642935296
1271468892829990913
1271468762403942400
1271468612008714240
1271468592492576774
1271468516160475140
1271468325609132032
1271467841280188416
1271467772522958855
1271467436273958913
1271467427088551942
1271467420637474817
1271467211811704832
1271467182703214593
1271467055032795137
1271467008018743298
1271466881296277504
1271466820742967296
1271466675284652037
1271466647740653571
1271466611367608320
1271466552362221576
1271466322979885062
1271466156721868807
1271466134429216768
1271465969253257218
1271465511067553793
1271465489659760643
1271465380603736067
1271465359246274568
1271465304003051521
1271465205755674625
1271465050226778113
1271464966466437122
1271464896794935296
1271464859532701696
1271464812682211331
1271464568892657665
1271464473736421376
1271464400059338752
1271464171792666625
1271464144328425473
1271464053475442689
1271463979039285254
1271463955697991682
1271463948525735936
1271463729327153158
1271463656820260864
1271463408894951424
1271462863874535424
1271462624182575105
1271462390064992256
1271462337254490112
1271462302479515648
1271462219251941376
1271462208539488256
1271462159877312513
1271461853881937923
1271461519214116865
1271461237977690113
1271461214783246336
1271461187381755905
1271461093072928768
1271460608446267402
1271460535167565824
1271460472617873409
1271460029749739527
1271459836379701249
1271459820768563202
1271459675934830592
1271459214444109826
1271459194307317760
1271458600192540674
1271458203784675332
1271458194917937153
1271458136046657536
1271458095391072257
1271458006102876167
1271457906551066626
1271457831364038657
1271457664975896578
1271457502308306946
1271457470431592449
1271457311576469504
1271457247495929858
1271457143900774405
1271457022760943617
1271456967396151298
1271456778459525122
1271456658192023553
1271456541741395970
1271456315756253184
1271456214807871488
1271456214711447559
1271455525578911744
1271455416392843264
1271455225866596352
1271455118316244992
1271455037978488832
1271454988317974528
1271454895233732609
1271454870701314048
1271454847158583296
1271454689549312000
1271454371755114498
1271454309629247490
1271454227504734208
1271454137205620737
1271454099268153344
1271454071526952960
1271454046935814144
1271453966925271041
1271453773815218176
1271453177460617219
1271453160821800960
1271453070279442433
1271453015317323782
1271452960938176512
1271452936376406017
1271452853815607297
1271452843543859201
1271452778695704576
1271452466689773569
1271452258102841346
1271452082361585664
1271451726302896128
1271451538788139008
1271451181215293441
1271451160210296832
1271450979691454464
1271450927631863808
1271450922644844547
1271450693623263232
1271450568658243584
1271450562043817984
1271450506699902977
1271450466715664384
1271450197550383104
1271450147613036544
1271450146895736838
1271450107267837952
1271449882235207681
1271449613971656705
1271449432899420163
1271449424183668736
1271449377673023488
1271449213881253890
1271449205396119552
1271449192288976898
1271449184286236672
1271449084021420033
1271449058813661188
1271448515332505603
1271448305554374657
1271448140478943233
1271448098062163969
1271448090516561920
1271448044618362880
1271447796160368640
1271447760047390722
1271447312301203468
1271447225621716992
1271447172970668033
1271446892530921473
1271446683386171392
1271446676725731334
1271446627241332737
1271446598615216128
1271446502531936256
1271446239414976512
1271446119743094784
1271446102651199489
1271446008845697029
1271445763680358400
1271445560336277505
1271445371395375104
1271444791021232129
1271444702651432960
1271444644824571910
1271444533536931841
1271444496597671937
1271444243161051136
1271444171744632834
1271444166199914502
1271443982581665792
1271443769817210886
1271443704524558337
1271443702305771523
1271443512555380737
1271443420368842752
1271443384876462080
1271443141426634753
1271443120870371330
1271443112439820299
1271443085558456321
1271443008643350529
1271442441967714304
1271442403409506305
1271442265307779072
1271442176463917058
1271441920888311808
1271441696098828288
1271441689882869765
1271441534374875136
1271441418070917123
1271441412249313281
1271441340983922690
1271441214940811264
1271441173257883659
1271441165582077953
1271441135597056002
1271441098720677888
1271441083298267136
1271441059894132736
1271440970303889410
1271440957699850242
1271440785368592385
1271440685242224640
1271440388751065089
1271440380106588161
1271440354609430533
1271440295805300741
1271440032289652738
1271439999838359553
1271439619544936448
1271439370155954176
1271439093445124096
1271439023672889344
1271438680109039616
1271438572558704641
1271438353343434752
1271438077307822080
1271438045666070529
1271437670019973122
1271437608447606784
1271437540164358144
1271437518911741953
1271437268050468864
1271437196604686337
1271436814822322181
1271436758471729153
1271436723298451457
1271436693351129088
1271436606876971008
1271436369521520643
1271436222808948737
1271436052939431936
1271435980550148096
1271435907883819010
1271435626550870016
1271435063700230147
1271434884070780928
1271434817310265344
1271434701043978240
1271434599265173510
1271434572673298432
1271434458697068546
1271434294758649865
1271434151980392452
1271434020090503169
1271433460465491968
1271433313006190593
1271433295759196161
1271433207418888193
1271433150045073408
1271433108617920515
1271432986483994625
1271432764936597505
1271432449080397827
1271431673310261250
1271431400298708992
1271431335610064897
1271431299379707904
1271430968004542464
1271430862593130503
1271430782024929281
1271430751112888321
1271430512515612673
1271430177629835265
1271430099607437312
1271429668953079809
1271429653237059590
1271429399661801472
1271429219701198850
1271429210326867968
1271429102013202433
1271429071885553664
1271429014062841856
1271428602547093504
1271428536587489284
1271428381096079362
1271428246614077441
1271428184865755136
1271427613886763008
1271427534102712320
1271427311410307074
1271427176433418245
1271427162248146948
1271427156984442883
1271427151850602496
1271427124289851394
1271427118531043329
1271427102894669824
1271426754310221825
1271426369256394752
1271426200469200898
1271426163592716289
1271425868187996161
1271425808234688513
1271425436824866817
1271425429069496321
1271425393250242566
1271425369602772993
1271424978970386436
1271424711654858758
1271424241385291777
1271423979832696833
1271423664072937473
1271423400397942786
1271423069878353927
1271422839418171392
1271422640951947266
1271422377424031744
1271422343915753472
1271422132300455940
1271421915190697986
1271421610260652032
1271420942829355009
1271420713224884225
1271420559247712257
1271420392184348673
1271420184125898752
1271420050784821249
1271419780331945985
1271419779065229315
1271419676912951296
1271419483673047047
1271419377091477504
1271419138595065858
1271418908965310473
1271418832658235392
1271418747446755329
1271418683689013248
1271418671806758916
1271418409859846146
1271418299880964096
1271418110621429761
1271418045177761793
1271418016648040451
1271417834900525060
1271417597486149635
1271417134359302144
1271416806750781441
1271416792318185475
1271416530627067906
1271416217425805313
1271415930665545730
1271415125598142467
1271415091372658691
1271414980202635266
1271414935260737536
1271414821938802688
1271414385219637249
1271414177698131970
1271414127198699523
1271413992641216513
1271413842879414276
1271413830824996866
1271413823522701314
1271413750495621121
1271413611437731842
1271413392226607105
1271413391496790020
1271412220170297350
1271412218521845760
1271412192634691584
1271412174687215617
1271411980679573507
1271411929811017729
1271411790870708224
1271411689922199552
1271411428185047045
1271411187041947648
1271411079814537217
1271410268787150848
1271410111391514624
1271409630640517120
1271409159049818113
1271408333212323840
1271408085345673217
1271407801739489281
1271407763810369537
1271407056310894594
1271406844724998145
1271406755549859840
1271406712080207872
1271406654010077187
1271406608980086787
1271406432622120962
1271406285502787584
1271405672299626496
1271405601260744704
1271405479705616386
1271405219860094976
1271404754208423940
1271404471692791808
1271404408316801025
1271403845885652992
1271403798427250688
1271403796313358337
1271403754441539585
1271403437851279360
1271403302438215680
1271403104559345664
1271403038553620480
1271402864678707206
1271402836774043648
1271402798475874305
1271402730876174336
1271402395097075717
1271402300628701185
1271402133787533312
1271401938328879105
1271401660934508545
1271401517912915969
1271401392457080832
1271401157710286848
1271401148352790530
1271400981625004033
1271400588413108230
1271400488630661120
1271400285194334208
1271399885892354048
1271399835787280385
1271399672087805952
1271399664827449349
1271399664068296704
1271399662423904257
1271399253798158338
1271399139356663809
1271397453951090696
1271397062777724929
1271396913280167936
1271396892174360576
1271396790583955463
1271396604327542785
1271396254728192000
1271396143256256513
1271395941220782087
1271395846198710272
1271395761058721794
1271395652786728962
1271395517159706629
1271395404530188289
1271394968758898689
1271394936882188288
1271394677342822405
1271394224945147905
1271393974356500481
1271393960523530242
1271393882308313093
1271393269155606528
1271393226411462656
1271393127572615168
1271392308513079301
1271392207388340224
1271391916416892928
1271391757884968962
1271391733255987202
1271391221928378368
1271390892528513024
1271390875864592385
1271390394673225728
1271390327618916352
1271390042771120134
1271390040543899648
1271389894301159429
1271389612091506691
1271389395380326411
1271388941904760832
1271388715722686466
1271388409290911746
1271388316081012739
1271387894637375488
1271387236660109314
1271386412756107264
1271385524914307073
1271384997224538113
1271384990966743040
1271384986969690112
1271384819059089408
1271384645612048390
1271384613638803456
1271384457875017729
1271384435276087299
1271384382742413313
1271384169260527616
1271383966831034369
1271383790108188672
1271383647204106242
1271383396413870080
1271383174698934272
1271383061196914688
1271383049134059521
1271382890144768000
1271382596681895936
1271382287612096513
1271382094560673792
1271381612979056640
1271381499955367936
1271381452060594176
1271381275329400833
1271381069481345034
1271380664181493760
1271380454936100865
1271380381040693248
1271379819167731712
1271379560211329024
1271379407396122625
1271379249707057152
1271379009411010564
1271378893224755200
1271378707312250881
1271378380445843456
1271378343301132288
1271378269431115782
1271378226833752066
1271377975838224384
1271377271094489088
1271377145764380674
1271376947759640577
1271376876775321601
1271376681123622912
1271376388948287488
1271376361500917763
1271376277572894721
1271375911925936135
1271375807659769857
1271375272961597441
1271374899198689281
1271374551536947200
1271374324637806592
1271374264063516673
1271374098313154561
1271374006315175936
1271373817315758085
1271373698717671424
1271373686755524616
1271373116455841792
1271372111173627904
1271372046325493763
1271371920399724545
1271371638660050944
1271371625074737152
1271371494442975232
1271371165932695553
1271371146194235392
1271370724566085633
1271370439651139584
1271369809809354752
1271369586940747782
1271369530791489537
1271369207687643137
1271368828090449922
1271368283955113984
1271368114492620801
1271368088991211520
1271368074692907009
1271367945193750529
1271367807712845824
1271367638573350913
1271367320330539009
1271366955778236416
1271366938225192961
1271366845346578435
1271366627016077312
1271366263621726208
1271365989754527746
1271365773534076936
1271365187896061953
1271365185983389698
1271364754989146112
1271364378630057984
1271364357851660293
1271363818078310400
1271362849798004736
1271362617777373187
1271362485228957696
1271362412432646145
1271362365720682496
1271362285227986944
1271362233931403264
1271361308101836801
1271361233652940801
1271360400424972288
1271359878360109056
1271359715965050880
1271359538789150720
1271359426625183744
1271359367149875206
1271359283050033152
1271359236123922432
1271359006439694338
1271359004829274114
1271358749047844865
1271358725832314880
1271358409930129409
1271357338583281665
1271356530713956354
1271355462525399041
1271355370020179970
1271355306904358912
1271355238814027776
1271354667327512578
1271354637493235712
1271354523530014720
1271354345007833088
1271354196374065152
1271352934152970240
1271352772856737799
1271352599229300736
1271352394270507008
1271352047137415173
1271351891713241088
1271351335900807168
1271350617840078849
1271350577352630273
1271350488840232961
1271350232194797571
1271349928040648706
1271349673702436865
1271348987723804673
1271348931356581892
1271348786892242944
1271348673025318912
1271348636769759233
1271348595422146560
1271348308661895170
1271348257101434880
1271348086418239489
1271347954725654528
1271347897746034689
1271347866439647233
1271347833401151488
1271347679793160192
1271347610222280705
1271347519688249344
1271347452302499840
1271347438465384449
1271347391539494912
1271347374728704002
1271347313760448512
1271347300577628162
1271347199931060224
1271347078761975808
1271347044351959041
1271346935799189504
1271346548832690178
1271346508403703809
1271346497884434434
1271346355135340544
1271346148159168512
1271346011429011457
1271345813164154883
1271345778120949760
1271345539708149767
1271345463803797505
1271345439636414465
1271345315921059847
1271345145452118016
1271344497755127808
1271344275507367936
1271344242103930881
1271344074772090880
1271343906446344192
1271343774111850496
1271343440832364544
1271343438458507264
1271343402177576965
1271343252852137985
1271342933455691777
1271342522510557186
1271342454374117376
1271342396773548032
1271341847978356740
1271341736523116550
1271341734455320576
1271341078650765318
1271340909347721217
1271340855316623360
1271340603746340864
1271340549451087878
1271340396602290177
1271340334912622593
1271340283008073728
1271340121372016643
1271340080070709248
1271340035057618944
1271339763073642496
1271339722015756289
1271339377185169409
1271339177062338560
1271339136863965187
1271338733803995137
1271338565335687168
1271338526601166848
1271338351157604353
1271338311437692928
1271337834465701888
1271337380885098496
1271337169173577729
1271336070140100608
1271335633315926016
1271335268482777088
1271335223935086592
1271335207103270912
1271335038148390912
1271334558164824064
1271334412202827776
1271334283873943552
1271334224394465286
1271334128097521667
1271333752061464576
1271333707811450880
1271333597727916033
1271333553016418304
1271332889620250624
1271332740311289856
1271332581338804229
1271331996342468608
1271331966521159680
1271331861587988480
1271331833469235201
1271331818789314560
1271331504317067264
1271331481735094272
1271331348662439937
1271331328542117889
1271330554944851968
1271330112214990848
1271329993746833410
1271329961094209542
1271329950558126081
1271329381391060996
1271329335496962049
1271329323312504834
1271328612088598533
1271327981206568961
1271327905142861828
1271327679975788545
1271327484873588737
1271327388199030784
1271327189066067976
1271326935516213250
1271326495923814400
1271326415238033409
1271325950764937220
1271325561365819393
1271324939891519492
1271324586177490944
1271324510914899970
1271324218051883008
1271323156075081731
1271323076727169025
1271323056078651393
1271323013984600064
1271322974956564482
1271322835269464068
1271322797105508358
1271322394611691521
1271321752572792832
1271321702325084160
1271321509403914241
1271321068213374978
1271321023330185216
1271320996373393411
1271320944506634240
1271320709965287424
1271319823130099713
1271319689302437890
1271319653613072384
1271319599938547712
1271319428001488900
1271319363153321985
1271319293221679108
1271319116616351751
1271318861472620546
1271318767084072961
1271318641242304524
1271318614625284096
1271318505971838977
1271318394218795015
1271317840415436800
1271317271105826817
1271317070592872450
1271317044391079937
1271316975973593089
1271316791269056514
1271316710830649345
1271316661467922432
1271316354205806593
1271316276833480705
1271315795876868097
1271315709402902528
1271315590305595398
1271315403109658624
1271315216559599617
1271314825759477764
1271314823393841162
1271314714765623296
1271314607445950464
1271314547115057158
1271314546280370176
1271314449501052932
1271314445550022657
1271314405897076737
1271313322424430595
1271313268674424832
1271313195823624194
1271313068887207936
1271313066139897856
1271313065548476417
1271312868760121344
1271312684353388544
1271312104834777098
1271311955278487552
1271311898684780546
1271311877109252101
1271311778568237057
1271311704236814336
1271311172730368002
1271310973991714816
1271310765199208448
1271310739941347328
1271309825045958656
1271309819606003712
1271309767110057984
1271309410980282369
1271309346777882624
1271309201092968448
1271309122827247617
1271308945705984000
1271308766290444288
1271308555555975169
1271308483485466625
1271308072846327808
1271307778167123969
1271307580355346433
1271307567990366209
1271307233704329222
1271307036483960833
1271306752068386827
1271306707927515136
1271306704710492160
1271306458336985088
1271305923630333952
1271305919796658181
1271305815694204928
1271305535825022976
1271305147361058821
1271304936198934529
1271304650579304448
1271304544476180481
1271304542420758528
1271304501333381122
1271304353186340865
1271304222479433728
1271304164501487616
1271304077595439105
1271304038571741184
1271304020603408384
1271303814256025602
1271303698426126336
1271303665861697536
1271303617774059522
1271303577462624259
1271303190429007872
1271303071839268865
1271302951974268928
1271302709258235904
1271302637166579712
1271302341749174272
1271302317422211072
1271302089398943745
1271302039922806785
1271301889326546945
1271301467908050945
1271301071655383040
1271301070623510529
1271300554988195840
1271300432724443137
1271300176318267392
1271300139458625537
1271300046819135489
1271299930502692864
1271299713451667456
1271299354448592896
1271299169702068224
1271299068031987715
1271298957340225536
1271298905926492161
1271298849160736768
1271298055418138626
1271298023918915584
1271298016759119874
1271297731483533317
1271297655222816768
1271297566152421381
1271297525069148160
1271297322266226689
1271297214388682752
1271296877074378754
1271296843226517505
1271296746417782786
1271296725416841216
1271296245005459457
1271296199929196544
1271295626106621952
1271295487828611073
1271295450289590274
1271295353359405056
1271295034516742145
1271294965231104000
1271294472509366272
1271294373205086208
1271294116031279104
1271293776661602308
1271293704553324544
1271293105291976705
1271292830967672833
1271292653741715457
1271292284013883393
1271292198038863873
1271292184516415488
1271292111418097667
1271291707120685067
1271291329218179073
1271291185156386819
1271291080227471362
1271290940305502208
1271290740853731329
1271290722830827522
1271290690832486400
1271290597014253569
1271290565200457728
1271290520120090626
1271290501849743360
1271290124903395331
1271290008960266245
1271289969315770368
1271289962890006529
1271289880409042946
1271289870497968128
1271289643732832256
1271289496991002625
1271289247060815876
1271289187963002883
1271289130324901889
1271289095130501120
1271289006152511488
1271288997625556992
1271288884949704704
1271288611795681280
1271288581537947648
1271288418962599937
1271288408350945281
1271288247671377926
1271287921694265345
1271287684820922370
1271287221463576576
1271287102458613779
1271286991892574210
1271286967028744192
1271286634068107265
1271286181620142082
1271286003454447623
1271285916456194054
1271285521105313792
1271285314422632449
1271285225994113024
1271285042979856384
1271284929469444103
1271284354593873923
1271284163933384704
1271284080374542336
1271283943598444544
1271283933355757569
1271283889449779201
1271283717504241665
1271283262510383107
1271283182105538560
1271283102363639813
1271283074282618889
1271282801023700992
1271282659273007107
1271281656138043392
1271281621778395139
1271281430987849728
1271281343691780102
1271281047695753223
1271281044369444866
1271281011717017600
1271280958331854850
1271280956322787329
1271280788139470860
1271280522833125376
1271280098730217472
1271279311962558465
1271279245571088384
1271279131611869184
1271278751972683776
1271278702106750976
1271278662692876288
1271278519222439938
1271278390411132928
1271278383792484354
1271277972742430720
1271277672283418625
1271277671842897921
1271277635092570112
1271277525038034945
1271277447909126145
1271277438765608962
1271277420675391488
1271277222578532352
1271277209806729216
1271277083218542592
1271277023906787330
1271277003975479296
1271276955099262979
1271276833544134656
1271276729802293249
1271276547052392448
1271276443012460544
1271276323412029447
1271276239244886016
1271276105346007040
1271276078674243585
1271275998735187970
1271275978313129985
1271275796825550848
1271275756455440384
1271275711228194816
1271275542910627840
1271275493027991553
1271275451579879424
1271275398249066496
1271275060343508993
1271274867329884165
1271274760727523329
1271274466568364032
1271274435807453184
1271274399463878656
1271274165295775746
1271274157565755394
1271274155703443456
1271274043849805825
1271273605347725314
1271273376255000578
1271273120754577408
1271272946737299456
1271272802033831937
1271272786586107905
1271272776872017921
1271272774854721537
1271272683192320000
1271272668222885888
1271272386508328961
1271272344028278784
1271272337816633344
1271272333139800064
1271272268975476741
1271272117141671938
1271272007041081345
1271271953047752704
1271271779001122820
1271271735585845250
1271271428827078658
1271271334576902144
1271271315304054786
1271271285675491328
1271271200359137282
1271271191765037058
1271271189013553158
1271271185809059843
1271271178641059840
1271270952840638464
1271270858799996928
1271270832313192449
1271270771663335424
1271270595540455424
1271270467848957952
1271270270398013441
1271270034569117696
1271270015095001093
1271269985420292100
1271269895951527938
1271269642787606529
1271269587464728576
1271269535035715585
1271269103307821056
1271268925804814337
1271268792971063296
1271268691024338945
1271268571231006725
1271268461436702720
1271268430465859584
1271268351570923520
1271268347326468097
1271268326296215552
1271268280657821696
1271268149225312256
1271268029586792448
1271267486458097666
1271267386520469506
1271267249790365696
1271267106533801984
1271266911171473409
1271266865411743744
1271266784264495104
1271266704807493632
1271266402847121408
1271266350804197378
1271266178061737989
1271266112257372164
1271265867054145536
1271265792374591488
1271265609188208641
1271265592339767297
1271265537084084224
1271265390350479362
1271265141137514496
1271265108761731073
1271264989643509763
1271264982483775489
1271264973277167617
1271264970890555393
1271264846408015874
1271264714950094850
1271264686156083202
1271264617868562432
1271264019467235328
1271263683159552000
1271263643276107781
1271263442998083589
1271263389495496705
1271263275766988805
1271263140685082624
1271263118782496769
1271263074788487172
1271262774111490049
1271262602279022592
1271262298615640065
1271262219376799744
1271262213618221057
1271261303923826689
1271261160302657538
1271260889904295936
1271260852587393025
1271260790046314496
1271260539721846790
1271260522017689600
1271260494058237952
1271260412567117825
1271260372603985928
1271260289833418752
1271260172959100928
1271260007556931584
1271259919866638337
1271259838211735553
1271259753587650566
1271259551430520833
1271259433583161344
1271259176350748672
1271259076027199491
1271259065918816256
1271259049971953664
1271258968015491078
1271258890815111169
1271258736741568513
1271258507619250176
1271258150407213057
1271258136242982913
1271257959457329153
1271257927735803905
1271257847595012096
1271257806688133121
1271257805576720387
1271257641252249605
1271257487640088576
1271257456556101635
1271257052224974848
1271256870649499649
1271256857865342978
1271256686708224004
1271256662750498817
1271255885705330694
1271255816742547456
1271255805942259712
1271255749847638023
1271255717794758657
1271255199286472704
1271254805672058881
1271254743151673344
1271254616399904768
1271254575102787584
1271254531834249217
1271254396827926528
1271254212614262786
1271254157719207938
1271253925300072448
1271253922116546560
1271253839589580800
1271253363095633932
1271253238851960832
1271253232191406080
1271253209277964288
1271253167775383554
1271253129372319745
1271253120262107137
1271253116814528513
1271252840057499650
1271252562658955264
1271252548419235841
1271252293644685312
1271252268327690240
1271252148240764930
1271251965973008384
1271251963632594949
1271251875371708417
1271251515991379971
1271251429479419908
1271251403076485126
1271251282137722882
1271251154974973952
1271250705978982402
1271250405138337798
1271250402126835715
1271250149625532421
1271250071749906433
1271249716072808448
1271249593074843648
1271249518340780033
1271249047387377665
1271249040743768065
1271248877841051648
1271248788544520200
1271248756437127170
1271248742604251136
1271248650585473026
1271248592053907456
1271248580276355073
1271248378400247808
1271248162699739137
1271247688454025217
1271247666194771968
1271247439190777862
1271247192028741632
1271247100848766976
1271246734883258368
1271246723751403520
1271246626720538624
1271246487297630208
1271246451339755520
1271246331420516357
1271245947658555392
1271245929568366592
1271245877072539649
1271245847817265153
1271245829265915904
1271245645685415938
1271244955583827968
1271244725081776130
1271244595159072769
1271244474350555137
1271244346113826816
1271244205549973504
1271244019457196032
1271243792532885505
1271243682251853825
1271243212502360066
1271243076388835329
1271243043916656640
1271242960487755781
1271242945195388929
1271242701955096578
1271242470760886279
1271242405317132289
1271242402473394181
1271242330226507777
1271241899354075138
1271241378710896643
1271241373275078657
1271241361178669062
1271241338550288384
1271241287631593472
1271241198309703681
1271241121138696201
1271241074023952385
1271240953160847361
1271240902137298944
1271240899608150017
1271240892633026561
1271240830653739008
1271240501665107969
1271240189805879296
1271240159678410754
1271240036084789249
1271239899564388354
1271239786162987008
1271239673113915392
1271239662754021377
1271239365772148736
1271239345530273792
1271239137958473729
1271238919569506304
1271238538990964736
1271238160169787393
1271238147758645253
1271238066414383105
1271238050341937152
1271238038287519744
1271237956947316736
1271237932171526144
1271237630768766977
1271237526187999232
1271237409640939521
1271236939463745543
1271236562257403904
1271236560932016130
1271236481525448711
1271236445978669056
1271236426886262790
1271236425892036608
1271236351703289858
1271236318622875648
1271236191405445123
1271236028716601344
1271235883711201281
1271235710138318849
1271235681856090112
1271235649731887104
1271235598112755712
1271235531398053893
1271235420320301057
1271235347188334592
1271235309653626880
1271235020850683904
1271234860015812608
1271234811705737216
1271234459275157504
1271234334603849728
1271234100058361857
1271234070522060806
1271233470191276038
1271233256751534082
1271233255975481344
1271232852580085761
1271232843440549894
1271232654067654656
1271232275255119873
1271232249678176263
1271232200218775552
1271232091091501057
1271231950557188096
1271231882194272256
1271231817085972485
1271231620679438336
1271231565817876493
1271230851360137218
1271230684728717313
1271230652986335233
1271230473742749697
1271230358114140168
1271230303642755073
1271230234579406849
1271230093357170690
1271229958589943810
1271229491797471232
1271229443906736130
1271229423933480962
1271229400479150080
1271229357202128896
1271229306409189379
1271229062493732864
1271228907015069696
1271228518026768384
1271228448355356673
1271228381296820229
1271228277340979205
1271228162811342853
1271227785210662912
1271227776729706496
1271227752000208898
1271227685390503938
1271227589991051267
1271227122401644548
1271226847515287552
1271226751293718530
1271226748139646977
1271226495747440640
1271226437509410816
1271226191203037185
1271226122693378054
1271225985296449536
1271225918892183552
1271225894858657793
1271225876189900800
1271225852475269120
1271225834406379521
1271225620429602821
1271225468897816576
1271225456013062144
1271225290157670402
1271225077518831616
1271225015560798208
1271224906622083078
1271224387581014017
1271224139580272640
1271224134622683142
1271224066729533444
1271224038703194114
1271223983355109376
1271223909405212672
1271223690978607109
1271223592546701312
1271223551819907072
1271223401470984194
1271223338149580802
1271223148646727681
1271222859407523842
1271222844031225856
1271222837873967108
1271222806802554885
1271222548898942982
1271222512186093568
1271222289032413185
1271221913134804992
1271221591506968577
1271221515250331649
1271221457889030144
1271221441040650241
1271221372291706880
1271221190108090374
1271220909911625728
1271220656588406786
1271220631233839105
1271220447795744768
1271220378447347714
1271220377235030016
1271220353575071755
1271220336420241408
1271220102524997645
1271219942596190208
1271219732864090113
1271219445256650759
1271219422225502208
1271219104461008897
1271219079521669130
1271219037628817408
1271218807797932032
1271218627698622470
1271218394851946496
1271218075673690114
1271217631484211202
1271217069892173824
1271217057728618496
1271216956742434817
1271216920931348480
1271216900077350914
1271216641313878017
1271216578756071424
1271216451160993793
1271216450716352513
1271216030094770177
1271215896779018244
1271215832060870656
1271215493924507649
1271215151396597766
1271215086334550016
1271214902129168384
1271214203064520705
1271214123888623618
1271213466410348544
1271213333283254275
1271213328812183553
1271213260637798407
1271212929585680392
1271212619093823490
1271212404433715200
1271212218575581184
1271212212754022400
1271212011318173696
1271211775820812299
1271211743449096193
1271211504189296641
1271211499705511937
1271211496094097408
1271211448404828160
1271211330578587649
1271211317559427072
1271211007042621441
1271211001065754624
1271210993683742720
1271210992849076224
1271210992769265664
1271210937954054147
1271210818286338058
1271210719292383232
1271210698400567297
1271210485069815808
1271210473988505601
1271210351246352384
1271209958927929359
1271209883933773824
1271209722184708096
1271209615657762819
1271209549610049537
1271209433545101312
1271209397440610306
1271209326288330752
1271209210387353601
1271209119215689729
1271209015452680194
1271208924927188995
1271208773479260161
1271208702100623360
1271208489143005184
1271208389134045186
1271208163174473731
1271208143725514758
1271208072531279873
1271208060648927237
1271207998749376513
1271207953924681728
1271207902922014720
1271207865680834560
1271207856671424516
1271207786915848192
1271207772668002305
1271207601435369472
1271207495772635139
1271207491179819010
1271207432723795970
1271207393704185858
1271207272216223746
1271207167752798210
1271207167488667650
1271207141697884163
1271207075927003138
1271207014438506499
1271206882414338048
1271206692399833089
1271206575731064839
1271206571092181001
1271206545662136320
1271206474622971904
1271206389139083264
1271206370985963520
1271206071307243521
1271205931125215234
1271205826913611779
1271205814280302594
1271205708092993537
1271205695774392327
1271205435647889411
1271205293410660352
1271205237999706115
1271205085872300040
1271204863444234240
1271204815738150912
1271204736763650054
1271204711954362375
1271204510527041536
1271204313352765441
1271204293274734593
1271204145660297219
1271204106561105921
1271203871755505668
1271203809998430208
1271203767719952389
1271203381772554240
1271203340937056258
1271203318749171712
1271203258514751492
1271203145880948737
1271203112242622465
1271202850899496960
1271202553045409793
1271202492299255808
1271202276598861824
1271201989033177088
1271201923161567232
1271201687735169024
1271201349858807809
1271201279885312000
1271201262084767744
1271201128206594049
1271201113954332673
1271201073559146496
1271200958324891648
1271200934966820867
1271200866364723202
1271200762186498048
1271200621127852033
1271200507122470912
1271200472716763138
1271200438805598209
1271200394560053249
1271199844137414656
1271199836893704192
1271199768950210560
1271199768916692992
1271199768870563840
1271199365353418752
1271199323943026688
1271199188878004224
1271199022242562054
1271198968723144705
1271198933197500417
1271198490236870656
1271198159956475911
1271198122052640769
1271198094382620672
1271198006575054849
1271197945472393218
1271197301034356737
1271197103356772353
1271197094456504323
1271196987841536002
1271196688221220869
1271196559666012160
1271196394817232906
1271196334574514181
1271196181012647937
1271196175413030912
1271196094010134528
1271196046178181120
1271195883909120001
1271195864388767744
1271195754607136768
1271195721002344448
1271195541725208576
1271195523656101894
1271195218117885957
1271195204092071936
1271195193895682057
1271194837409128448
1271194832929722370
1271194737974734848
1271194677979410438
1271194619540377602
1271194382671077376
1271193520024326144
1271193125197737985
1271192897099005952
1271192846113148928
1271192785610104832
1271192749673504774
1271192072981303299
1271192054345891840
1271191969092558851
1271191919427817473
1271191325426106369
1271191254840119296
1271191086795538438
1271190920243884039
1271190795169591297
1271190272291024897
1271190264602742784
1271190232050761728
1271190055730716675
1271189859508588544
1271189524727635968
1271189137958350848
1271189128575700992
1271188849142779904
1271188670196916224
1271188651117105152
1271188589330731009
1271188420455522305
1271188300137508864
1271188178641305601
1271188156390486016
1271188089780801537
1271187908544905216
1271187731557896192
1271187659508125696
1271187381689909256
1271187306754408449
1271187294117036032
1271187198944047104
1271187125669523456
1271187057914699777
1271186906051751936
1271186843631931392
1271186360796352512
1271186313979613184
1271186241325801472
1271186140616445955
1271186026564911107
1271185923800104961
1271185667179941889
