1278433133457743877
1278432670775685124
1278431594542436353
1278431161589665797
1278430498990284801
1278430366139920390
1278429969362944001
1278429845832249346
1278429801003581440
1278429496627036166
1278428903053373442
1278428463423258625
1278428305495142401
1278428163786366978
1278426915779612677
1278426896380936192
1278426462345932801
1278425729185742848
1278425071720239105
1278424306851229698
1278423625952092161
1278423609002819585
1278423130516701187
1278422246265163777
1278422227474681857
1278421942178058243
1278421279058640897
1278421045154742272
1278420691944124418
1278420508573421568
1278420417825452034
1278420137524301826
1278420007341436931
1278419367689105408
1278419175413866496
1278418278059130880
1278418218961580047
1278418189811146753
1278417809421111296
1278415533780729862
1278415452176355334
1278414989603241986
1278414696807231488
1278413426516267009
1278413250963570688
1278413090581884928
1278412927524057088
1278411090783690753
1278409113563627520
1278408235318468609
1278408190246490125
1278407313867657221
1278407236579201024
1278407017917366273
1278406555357138945
1278406384921595906
1278406269968269314
1278405812457803777
1278405685714145280
1278405297313366025
1278405062516027392
1278405042396160001
1278404650270707713
1278404313669341186
1278403795568021505
1278403031860678657
1278402189694840832
1278402105154428930
1278401835573878784
1278401652844892162
1278401581143126017
1278401478697398273
1278401312661569537
1278401159301079041
1278401073162616832
1278400621356425216
1278400443379482630
1278399321667448834
1278398901599559681
1278398891654856705
1278398687253684224
1278398505241935878
1278398243265744896
1278398158096207872
1278396901860098048
1278396586196951041
1278395988965765123
1278395782140321794
1278395153623986179
1278395135668228096
1278395057364701184
1278393971719487488
1278393125384249344
1278392425011195906
1278390508218454016
1278390122459922439
1278390105154236416
1278389893237018625
1278389827080200195
1278389477589778434
1278388346188947457
1278388160200916993
1278388017997262850
1278387459190128640
1278387342139629574
1278387288284770311
1278387241618989062
1278386958448951297
1278386612733390849
1278386408554745867
1278386354196566016
1278385599070822400
1278385556326510593
1278384882146664449
1278383229955969027
1278383216982884355
1278382652257599490
1278382513350565888
1278382455343505413
1278382343858933763
1278381978375663618
1278381758682140672
1278381545653448704
1278380504279113730
1278379544030871552
1278379486694629376
1278376796367568897
1278376411229806593
1278375986896257024
1278375837293613057
1278375400293502976
1278375071652835328
1278374618223579138
1278374075337932800
1278373824904540160
1278372986899189761
1278372510833283072
1278372333573435392
1278372088454295558
1278372056250359808
1278371750791852032
1278371410134675457
1278370898714779649
1278370692212219910
1278370517347680257
1278369435775049728
1278369391986438147
1278368648411803649
1278368610340098049
1278368083690827776
1278367236994895873
1278366128893550595
1278365795102257152
1278365729457352704
1278364982166515712
1278363675762528258
1278363182470516736
1278363057241153536
1278362925602934786
1278362883664027649
1278362066433130496
1278361611204526080
1278361110723407873
1278358586033344513
1278356658213793797
1278356499430023168
1278356267443146753
1278355871588741120
1278355808523300867
1278354559790911493
1278353615099289601
1278351894629568512
1278351310589431809
1278350945286590486
1278349218411876352
1278348890404720640
1278348101477191680
1278347913404522498
1278345874561777664
1278345481685471232
1278345466837700608
1278344900707262466
1278344575665528832
1278343431216128002
1278343409850290178
1278343384092930048
1278343305684815877
1278343114332295174
1278342938175520768
1278342685418500096
1278342206856757248
1278342158060269569
1278342069396930565
1278342044705009665
1278341669767839746
1278341626805587968
1278341626625171463
1278341246038216704
1278341166908366848
1278340384012238853
1278339677121019904
1278339658859057152
1278338067351339008
1278336690898296833
1278336132707688448
1278334303932493825
1278334051192094726
1278333355616952321
1278333198301147136
1278332875394277376
1278332549870346240
1278332247985344512
1278332242004238341
1278332099360100352
1278331696669175809
1278330735900884993
1278330485345710080
1278330468543467520
1278327966297198600
1278327598439895042
1278327297582534656
1278323765751869446
1278323299613892608
1278323025192972290
1278322828023128064
1278322092375597058
1278321899815215104
1278321562823929856
1278320703352320003
1278320285264084994
1278319926764331008
1278319061454249984
1278318935956492295
1278318451103318016
1278317186386399233
1278316151966179329
1278312869101174785
1278312228043862016
1278312144078016514
1278310344637714432
1278310206234144775
1278310160658726912
1278309769049227265
1278309659301023755
1278309607677575169
1278309539297837057
1278307769309855744
1278307041065525250
1278306232349143040
1278305230766190593
1278305087639760901
1278301742233522179
1278301308747952128
1278300591836540929
1278300355978309633
1278295469618343938
1278294858822754304
1278292966491160578
1278291475139346432
1278291184776097794
1278290692868104202
1278289131689279495
1278289001586348033
1278287343015743489
1278286089221005314
1278285118197637121
1278285008164306944
1278284798092591105
1278281082236891136
1278280276385259520
1278280183276060672
1278280100715417601
1278276848716263424
1278269193041805314
1278267849287532544
1278267197199126534
1278266766838370304
1278265073979412480
1278260132355268609
1278260079012327424
1278256754242064386
1278255845780926470
1278253972541673473
1278251054946107393
1278250289980739585
1278245947458215936
1278244666131931136
1278242618200043521
1278242251936804865
1278237690329169920
1278236768375095296
1278235635933904896
1278235062488772608
1278234525655392256
1278231457522212864
1278231421509865472
1278230253899399170
1278229758279630848
1278228311357956096
1278225467556806658
1278223469826596866
1278219990798266368
1278219512769392641
1278218243472318465
1278217387142152199
1278215167789207555
1278214746433392641
1278213536997535744
1278210770052898818
1278210727572934656
1278210429676851201
1278209564232556550
1278209416261586945
1278209051910975488
1278205268317388800
1278204296677466112
1278199223524212737
1278198904111222784
1278198746023636992
1278198449482223616
1278197122169479168
1278196708275400704
1278195775747416066
1278195290428841984
1278194783442395136
1278193733608013825
1278193424492044288
1278191029686956037
1278190682210009088
1278190314910617601
1278187597316059136
1278186563017543680
1278185931070148609
1278185214183968769
1278184701493235718
1278184523490983936
1278184143340408836
1278183507605381120
1278181504141623296
1278181438781874181
1278181326856744962
1278180498335059973
1278175695739523073
1278175185917693953
1278172574892068866
1278171637624553475
1278169269335777280
1278169000976007168
1278167534680891393
1278167132409225216
1278166124039933953
1278165846691627010
1278163762969632768
1278161568094515200
1278161049817137152
1278160657418981377
1278160031414808577
1278159978579312643
1278159272178855943
1278158882809040896
1278158357732495360
1278157979980726272
1278156479351058432
1278156194486648832
1278154437253492736
1278153977394323456
1278153341164490752
1278153129402552323
1278151956368891904
1278151202308591617
1278149632225402881
1278146754903490561
1278146478888943616
1278145391645659136
1278144607142871040
1278144260248940550
1278142416491601922
1278142407469604864
1278140853580713986
1278140742783741952
1278140694151008259
1278140358514421761
1278140333541322766
1278140001495273472
1278139600926576640
1278138807121043456
1278138670361370624
1278137695269781507
1278136710992244736
1278135733929144323
1278135589464879105
1278134716647059456
1278134220280328193
1278134042446245888
1278133814796193792
1278133557446299648
1278133462969573377
1278133438634233856
1278133432309239812
1278132716471488512
1278130073011453955
1278129203343314944
1278128200053166080
1278126995331854337
1278126755300225027
1278126509077794816
1278126228067713025
1278125476188430338
1278125215432822784
1278123531071438849
1278123010118111233
1278122418381426688
1278121740707794944
1278120772209442818
1278120127813136385
1278120111812087810
1278120001816236032
1278119961299488774
1278119876436123649
1278119804172251136
1278119558780420097
1278117637138944000
1278116394278678529
1278115108032520192
1278114340885970944
1278112409975128064
1278111751259725824
1278111323776311296
1278110886553686017
1278110754701373441
1278110517568176128
1278110220582092800
1278109221326925824
1278108601119379457
1278105236255760385
1278104838874763264
1278103809609338882
1278102631605366784
1278102035452309504
1278100927849943040
1278100537892888578
1278099055751512064
1278098510970265606
1278098056664104961
1278098023684411398
1278096154387976192
1278095542606802944
1278095032797429760
1278094035618430976
1278093793338810369
1278093617320656897
1278093418011537410
1278093162247000064
1278093156597317632
1278092456979050496
1278091577898999809
1278091128370278400
1278091044236779523
1278090704607219718
1278090495516987393
1278090379108245504
1278090044297711616
1278088702292566021
1278087974798929924
1278087427190644736
1278086711923421186
1278086045557567492
1278085971913867269
1278085524604018691
1278085054669950983
1278084717968048129
1278084499029409792
1278083770034327553
1278082343069155328
1278081491231281153
1278080649589657603
1278080567595196417
1278079972096294918
1278079937652670464
1278079916651708418
1278078747111944193
1278078588957294592
1278077610988310529
1278076788539822085
1278076453486288897
1278076183201165314
1278076138846334978
1278076010324389890
1278075277600579585
1278074357621891072
1278072659033632774
