1276621204300926982
1276621168733294592
1276620222787661826
1276620134430343168
1276618393815093248
1276618202496200705
1276617965836947456
1276617413874909184
1276617080465428480
1276616994633117697
1276616923325837312
1276616822733901824
1276616755809583107
1276616489181810688
1276615828239028225
1276615262016606209
1276615097759064064
1276614991089631233
1276614963155664897
1276614628848656384
1276614453996519430
1276614284596752384
1276614169123487749
1276613865959075840
1276613724535697408
1276613635931082752
1276612953798840323
1276612905362878466
1276612703017144326
1276612235440328704
1276612143866097665
1276612019613921281
1276611716072210435
1276611066206859265
1276610915358478337
1276610872664657921
1276610828545003522
1276609950740033536
1276609080703016966
1276608682369802240
1276608611754655744
1276607596120510465
1276607314972127232
1276607222299136001
1276606658601459712
1276606233802407936
1276605968462340096
1276604833257017344
1276604151535824896
1276603980517380099
1276603930189815808
1276603555974123521
1276603359936393216
1276602803532726275
1276602666529910784
1276602628282212353
1276602602449330176
1276602409444392962
1276602366372876289
1276602327743361024
1276602316754259968
1276602053612068864
1276601932673626112
1276601087882145794
1276600167404371968
1276600033182470150
1276599589794185220
1276599228828135424
1276598929937674240
1276598656573964288
1276598523052429317
1276598454320431104
1276597861178695680
1276597477320228866
1276597316938588161
1276597257673027588
1276597151087374337
1276596869376999426
1276596626665193472
1276596279209066497
1276595993501261824
1276595709848858624
1276595012529197058
1276594613147615246
1276594399019888641
1276594061781024768
1276594026137804800
1276593883334324224
1276593616463462400
1276593327190597632
1276593180948008969
1276592711789883393
1276591347412107266
1276591277195264001
1276590994822234119
1276590953562693632
1276589730553925632
1276589636891090947
1276589540723965952
1276589501125623810
1276589493529821189
1276589276059381761
1276588848059998209
1276588559139508225
1276587238566924289
1276586445621219328
1276586214674640896
1276585800222699521
1276585607255465984
1276585329093476352
1276585324194312193
1276585018412929024
1276584595258048512
1276584265233379328
1276583688512233472
1276583623068717059
1276582534093012993
1276582368728539136
1276582103585632256
1276581651653500930
1276581109514375168
1276580747508436994
1276580739073683457
1276580578855444481
1276580255398916096
1276580076746924032
1276579587669942272
1276579407453274114
1276579382320979968
1276578808519372800
1276578598384623616
1276578210680111110
1276577888372879361
1276577858064957440
1276577653823283202
1276577190369472513
1276577140004315136
1276577130307039232
1276577069170855942
1276576981572780034
1276576639355424773
1276576223745933312
1276576001456320513
1276575870136791046
1276575720131588097
1276574735401394176
1276573571398225921
1276573495594491907
1276573455333199872
1276571980204998657
1276571941080424448
1276571748964732929
1276571408194289675
1276570453172084736
1276570343805800451
1276569286757228544
1276569165483118592
1276569018317455362
1276567959197175810
1276567508552691716
1276565567756013568
1276564141046628352
1276564053654147076
1276563797537243136
1276563349656961025
1276563314345041926
1276562765633683460
1276562186303934464
1276561943915102209
1276561760724680704
1276561340430200832
1276561134007382017
1276561078483386370
1276561042236112902
1276560356115185665
1276559325918449665
1276558932585127936
1276558330673139712
1276557719269498880
1276556882019221513
1276556584202776577
1276556451494998017
1276556100511334400
1276556058492915712
1276556019166928896
1276555925055107072
1276555478735126528
1276555192813543425
1276555046994370561
1276554371900325890
1276553447815307271
1276553386322620416
1276552915403116544
1276552604516880384
1276552141516267534
1276552096905433090
1276551878969458689
1276551643052617728
1276551311450832899
1276551287165775874
1276551126536478721
1276550944285536258
1276550133094776834
1276549455567884289
1276548888820879362
1276548871557169153
1276548859074940930
1276548485903507456
1276548409844019201
1276548322371796995
1276548297113698305
1276548273843712000
1276548267807997953
1276548223868571649
1276548078317666304
1276547862063652865
1276547371070115844
1276547301734002690
1276547248978100225
1276546635179401219
1276546444619644929
1276546399161614336
1276546266734792710
1276545982034034693
1276545821895536644
1276545411545792512
1276544834275176453
1276544368447537153
1276543571537965057
1276543462511464452
1276543233326288897
1276542572849135619
1276542277813514243
1276542046891839488
1276541993041174530
1276541661133201408
1276541455398580226
1276541412910211072
1276540466553470976
1276540447402450949
1276540089607299076
1276539674123698177
1276539552325341184
1276539504594223109
1276538524628594689
1276538208776404993
1276538180611837953
1276537423762272261
1276537015304159235
1276536949088456704
1276536928351825922
1276536838853783558
1276536775163310083
1276536574231142401
1276536573849489409
1276536512499167233
1276536174442475520
1276535699802636293
1276535414787014657
1276534831908892674
1276534822626828289
1276534801634336769
1276534663704698881
1276534050862379008
1276533795123089408
1276533337507729408
1276532741220241409
1276532697297563653
1276532690083368966
1276532608084643841
1276532244740538369
1276532146895818753
1276532078713229314
1276531505364426752
1276531335457169408
1276530387292958721
1276530296024899585
1276530059789193216
1276529650517196800
1276529583689535488
1276529494564585472
1276529120843890688
1276528767322726402
1276528718282964997
1276528263108554757
1276527485933551617
1276527419634126848
1276527012723785732
1276526567729045508
1276526399961137154
1276525496050814977
1276525356737052672
1276525207843373057
1276524678631305216
1276524147770712065
1276524064257880064
1276523624288018433
1276523279621160960
1276522761121341440
1276522033875124226
1276521961489924097
1276521607029075969
1276521095143833602
1276520907561996288
1276519640634658817
1276519636817805312
1276519570145239040
1276519357397512192
1276518545543720961
1276517813566541826
1276517812824047616
1276517661971591171
1276517618787053568
1276517149931167744
1276516299603087361
1276516050109116416
1276516040097370126
1276515564576313346
1276513884908765184
1276513564832829440
1276513434385833985
1276513159046729734
1276513139043926016
1276512249679507461
1276512213251964930
1276511018399739904
1276509959220604928
1276509832984625157
1276509425143025666
1276508816952172545
1276508080331776005
1276507831622144001
1276507524565471233
1276506726393659393
1276505378218532864
1276504857357271040
1276504814780846082
1276504395790856192
1276504326551240704
1276503400151040003
1276503058256498691
1276503047644962816
1276502688524578818
1276502133601374209
1276501592376610816
1276500161854795777
1276499906161545223
1276498594187448321
1276498592056958977
1276498181321134081
1276497515597225984
1276497187892088834
1276496742402396160
1276495476473430020
1276495138022404098
1276495004031160322
1276494012015411200
1276493667776299011
1276493581260410881
1276493384639827968
1276492963347156992
1276491608247226368
1276491558028795905
1276490950676754442
1276490607322636290
1276490121664237580
1276489458142109699
1276489078129790976
1276488465337720834
1276488229580087296
1276488116027654144
1276487964634353664
1276485589639090176
1276484944538275841
1276483734779420675
1276483486170460163
1276483336937013249
1276482472708960257
1276481739838423040
1276480956703150081
1276480282263240705
1276479709069656066
1276479580317061121
1276479132268990464
1276477880818708480
1276475446209675267
1276474642128044034
1276473943512121344
1276473863149240320
1276473517626716162
1276472675288956928
1276472386246684673
1276471802936668161
1276471489387048960
1276469916309184512
1276469764517507072
1276467717453705216
1276467519746957312
1276466472810942464
1276466404431192065
1276466250424766465
1276466205973532676
1276465457780883456
1276465457675943938
1276464167495458816
1276464090165030913
1276463402366283777
1276460932965601283
1276460482166059008
1276460414214144000
1276459634409328640
1276459178706513920
1276458658763870208
1276457351210508289
1276457155973922816
1276455894054842368
1276455157048283136
1276451918831902721
1276451636643315712
1276449943130001410
1276449629505191936
1276448721903943681
1276448690618712065
1276448458312945665
1276447762985488384
1276447221098188801
1276445660640731136
1276444521925140480
1276442326831898624
1276440652088213510
1276439737729986561
1276439682528636928
1276439450680045568
1276437931788402688
1276436468483985408
1276435850340052992
1276435568549941248
1276433477550764033
1276433208092037120
1276431504613281792
1276431337730142208
1276431232813993991
1276429648595910656
1276429147091468288
1276428739593805825
1276428387108614144
1276428241184722944
1276428239829950464
1276427968269647873
1276426311121199104
1276426130774462464
1276425034408423424
1276423989057986560
1276423547859218434
1276422521819025409
1276421941293768704
1276420500940566528
1276419112240103427
1276419015452180480
1276418876394409985
1276417651749814272
1276416876713820161
1276413872472236032
1276413484574490635
1276412608212619265
1276410860525752320
1276410150040068097
1276408756029386752
1276408295415255040
1276406449510309888
1276405500662345728
1276405035182759936
1276404348562468864
1276403863030030336
1276403068469297152
1276402974923751426
1276402907995205632
1276402655577935872
1276402341697056768
1276399944769798145
1276398894167941120
1276398844436049926
1276398756917702657
1276398619864772613
1276398552101445632
1276398475266015234
1276398082121363463
1276397549671211009
1276397460483641345
1276397025613893632
1276396335600594944
1276396040254640130
1276395444118204416
1276395388191178752
1276395087782535171
1276392707569713153
1276391711657193472
1276388278435033088
1276387701005131776
1276387141375885318
1276384741978189825
1276384165366247424
1276384148442267650
1276383422710087681
1276382707409317890
1276382354018373633
1276382204277424128
1276381975373180929
1276381506609561600
1276381118502223872
1276380863131979778
1276380785860280321
1276380242370801669
1276378207990628352
1276378000246833152
1276377193506103297
1276377012475592705
1276375685712367618
1276374798981926912
1276374750395158529
1276374427291320326
1276374355090399233
1276374244713050112
1276370398720995328
1276370366949187584
1276370361177833472
1276370216704815105
1276370190184431616
1276369479090483203
1276368916420235264
1276367945082388480
1276367550775824384
1276366750653673472
1276366506205609985
1276366381815074817
1276365584259854336
1276364663069032450
1276364605472804871
1276363920568172546
1276363165127725056
1276363065492004864
1276362699165831168
1276362623316045826
1276362441220395008
1276362187242713089
1276361285526052864
1276360739289214977
1276359408918892549
1276359386525360129
1276358738555871233
1276357985552551937
1276357181953064963
1276357139754254343
1276357125850177536
1276356435438440450
1276356362704957442
1276355434706698242
1276355021614059520
1276355002567540737
1276354694961602568
1276354562585223168
1276354287941988354
1276354045981020160
1276353817249034240
1276353170613112832
1276353099548876801
1276353013125390337
1276352384680235008
1276351205497864195
1276350630488158210
1276349535875469314
1276349488580325376
1276349344128499717
1276348200388083714
1276347681175003136
1276347629031440385
1276347473238257669
1276347106777686017
1276346995263729664
1276346478869561345
1276346456383746048
1276346131685838848
1276345815519449090
1276344866772000769
1276344120412377088
1276344047301545984
1276343929462337536
1276343636981092353
1276343276807901184
1276342556272533504
1276342140344438787
1276341288535760898
1276339202075119616
1276338923195645954
1276338150730760193
1276337958941949953
1276337823961006080
1276336545893691393
1276336141197807618
1276335706105880577
1276335570088800256
1276334674718031873
1276334609937174528
1276334605667311616
1276334536700329984
1276333642919247873
1276333001685766150
1276332171716788226
1276332107476774912
1276331773664743424
1276330949190520834
1276330798249959424
1276329610653941772
1276329326573547520
1276329165659213831
1276328376182222850
1276327536843243523
1276327023825375233
1276326929184980992
1276326868459937794
1276326290350411776
1276325824505864192
1276325618108506112
1276325360809005056
1276325245461229568
1276324813360029697
1276323857444548608
1276323477109301249
1276323461493919746
1276323014691491842
1276322959674822657
1276322718825058304
1276322135447748609
1276322104976257029
1276321515940782080
1276319864987299846
1276319598191751168
1276319526452203520
1276319511432527873
1276318726565101572
1276318359630512129
1276318142529179649
1276317634510888966
1276317479560785920
1276317348950085633
1276316908715991053
1276316329759387648
1276316079523082246
1276315913122430981
1276315766506258432
1276315202812809216
1276314717624176642
1276313681610055691
1276312640156041217
1276312474980057089
1276311726451945473
1276311609514831873
1276311057531695104
1276309694022287360
1276309514170568704
1276309388207304707
1276308841148190720
1276308106314575872
1276307684539666433
1276307622963154945
1276306647305072640
1276305184684195842
1276305044154068993
1276304499267653634
1276304161840041984
1276304096010604546
1276304084161699842
1276303563145261057
1276301568405635072
1276301330861228033
1276299343646113794
1276299038569017345
1276299009792118786
1276298800886353921
1276298277437218817
1276298251994529794
1276298210286415872
1276297854462701568
1276297473699520514
1276297415079923715
1276296919724232704
1276296376759062528
1276296082994143232
1276295740298596360
1276293967001186304
1276293573042978819
1276293520693714944
1276292754528538624
1276292527851819008
1276291437970276357
1276291032976625664
1276290343198248962
1276289758122127374
1276289193753276417
1276288988664328193
1276288905109819393
1276288769155649536
1276288295002148865
1276287551607734272
1276286346978607104
1276285995898396672
1276285617111027712
1276285409123803136
1276284783006371841
1276284476218376192
1276283412668710913
1276282739118018560
1276282583006040064
1276282318227988481
1276282284619042817
1276281486321352706
1276281217411960833
1276281121961988096
1276280916277673984
1276280585455939584
1276279778186838016
1276279751951384585
1276278890269417477
1276278093360095233
1276277804846460932
1276277554102575104
1276277177349296130
1276276349443940353
1276276251246788608
1276276215943516163
1276275779383504896
1276275691995234304
1276275603088474112
1276275337010307072
1276273784878780419
1276273776876011520
1276272745060487169
1276272418231857152
1276272343040606214
1276272194134278144
1276271165036572673
1276270087289409537
1276269847710781440
1276268049725665281
1276267723509637125
1276267513014136832
1276266961647869953
1276266482947641345
1276265976548524033
1276265238128721928
1276264403072098304
1276264330250481664
1276263177542438912
1276262586313404416
1276261676782964737
1276261261467148288
1276261244119339008
1276260976552218624
1276260643277099009
1276260557109129217
1276260350250364936
1276259643145154562
1276259574031568896
1276258976213037056
