1290754062707720197
1290752809474969602
1290752587583684616
1290751110899277833
1290750521272422400
1290750300949827584
1290748582107193346
1290748406013599746
1290748018866688008
1290747272142217218
1290746867014344710
1290745907672002560
1290744547501322242
1290743037547565056
1290741524922155009
1290741518718902272
1290740239770820609
1290740150088146945
1290739811423334400
1290739788438478848
1290739638777384960
1290739500621209600
1290738920133660673
1290738866194972674
1290738298881744896
1290737808005451776
1290737351195467776
1290736713623572480
1290736490146754560
1290736424031883265
1290734811699585025
1290734465006931970
1290733106807418882
1290732487052795905
1290732261994827777
1290731923376046083
1290731568940691459
1290731510514016262
1290731216296181767
1290731215356649473
1290731182913724421
1290730822866292739
1290728452295995394
1290727739364966400
1290726080790368256
1290725884400410628
1290724084108726280
1290723984611454977
1290723394833362944
1290723257155555328
1290723101613985793
1290722583214612480
1290721556130390016
1290721495027724288
1290721324621602816
1290720909746221057
1290720450918658049
1290719490494345219
1290719312060219392
1290719310571339786
1290718735951634432
1290718314973605891
1290717451949191168
1290717080577355776
1290717026386755586
1290716850876223491
1290715869123944453
1290715687317655552
1290714725580505088
1290712796578164736
1290712426330161158
1290712243877957640
1290708588969840640
1290708380571643904
1290708139059421185
1290708095707095041
1290706507064123394
1290703880414789634
1290702892735832064
1290702006898892803
1290701876435005446
1290701494443028482
1290701159829835777
1290700665740722176
1290700589471600642
1290700567845773312
1290699485790773248
1290698725761875975
1290697524622188545
1290697206580817928
1290696229823877125
1290695384432431104
1290695314446397440
1290694618074365952
1290694141551288325
1290693232188444682
1290692029559844866
1290691760184729600
1290690570751365121
1290690168978935808
1290689737284399104
1290689608775340037
1290689523697901568
1290689273516060672
1290688945282404359
1290688715572961282
1290688596643520514
1290688255688503296
1290688243806199808
1290688131407261696
1290687641139048448
1290687577377447943
1290687320346120194
1290686937947181056
1290686891759632385
1290686698775609345
1290685904114388993
1290684674856161280
1290684388665995264
1290683838755155976
1290683362802372611
1290683254060789762
1290683205713047552
1290681620211662853
1290680492921159681
1290680367452688385
1290679024835067905
1290678892416700417
1290677560460935168
1290676987514753024
1290676458470465536
1290675747334557696
1290674261426765831
1290673465633189890
1290672849531932672
1290672055856357376
1290671048745254912
1290669003179008001
1290668795074314241
1290667930531880962
1290667344826638342
1290667338577186817
1290666629249015810
1290665847208509448
1290664434411724804
1290663940716924930
1290663580254318592
1290662559314522113
1290661693798973445
1290661075990519815
1290660382273687552
1290659646798270465
1290659082542690310
1290659062418493440
1290657604117692416
1290656622453436416
1290656256441700353
1290655883341570049
1290655409750134791
1290654873739055104
1290654775583924231
1290654025801703426
1290653996198367238
1290653618572492801
1290652478179082240
1290650923560243208
1290650599248277504
1290649966118154241
1290649953841418246
1290649702841692169
1290649219200692227
1290648877004214274
1290648666433359885
1290648378288885760
1290646727775715328
1290646264594534403
1290643989138419715
1290643958650015744
1290643776571150337
1290642945906008066
1290639590638923776
1290638221789954048
1290637848174092289
1290637072898961408
1290636508731518976
1290636371514753024
1290635850477449216
1290635550140043264
1290634416029601804
1290633315045773312
1290632938695077888
1290632174652268545
1290632168180461568
1290631359761973250
1290631189578080258
1290630346296430595
1290630205992771585
1290630174308933634
1290627746020954114
1290627621823352834
1290624398412648449
1290624338652090368
1290621314605219842
1290619868606324736
1290619863380168704
1290619433702940673
1290615297989382144
1290612864307335170
1290612550376099840
1290612326345965569
1290612266958807040
1290611352084582401
1290608745186242560
1290607941717037058
1290607747780706305
1290605390183505929
1290604970019102720
1290604039542112256
1290603326460092416
1290603210059796480
1290601458744717320
1290600948738531329
1290599335248498689
1290599265140715528
1290598851938787330
1290598726948524037
1290598665757876224
1290598163536109568
1290597529982251013
1290595854055649280
1290594057585152007
1290594011628154880
1290593376996220928
1290593008518402048
1290592335575707649
1290590058718756864
1290589010595737600
1290588156450938882
1290586362177916928
1290586283077767168
1290585000954531840
1290583941284388864
1290582958202642433
1290582217530343425
1290581272838828032
1290580484368617472
1290580403267362822
1290579750805798914
1290575940498710528
1290575901139247104
1290575058927198208
1290574108292452353
1290573991468466177
1290573875885953024
1290573174191489024
1290572987075375105
1290572818543857665
1290569721092419584
1290567679036870657
1290567263112830976
1290566996342579201
1290566581286731776
1290565719340580864
1290562822183641088
1290560136373653505
1290559234292305921
1290558402725318664
1290558141894144004
1290557605937590273
1290555722477056001
1290555658220253185
1290555077829234688
1290554323051700224
1290554264243310594
1290554210132676609
1290554163345215489
1290554025092423680
1290553877863882753
1290553342427627525
1290553126328524800
1290552868726964224
1290552553386774528
1290550970917756929
1290550482226892800
1290548941566750721
1290546872185049088
1290546696523407360
1290544948337614850
1290542404131360768
1290542253874847744
1290541527542796288
1290541153058783232
1290540291213017088
1290539866132869120
1290539497738899457
1290538133193457666
1290537789176651776
1290536455077593089
1290535342450388993
1290534884423999488
1290532480274042881
1290531428157935617
1290531301968064513
1290530366176944129
1290528779677437952
1290528677478858752
1290526962696380418
1290525616585023491
1290525203907465221
1290521519802613760
1290518808474484736
1290518673812271104
1290517548216311808
1290517050578927621
1290516648940564481
1290516523430404097
1290516331616522240
1290515866593959936
1290515200853118976
1290514459564232704
1290512078478942208
1290510992770826241
1290508654744133632
1290508527774007296
1290508156511158272
1290507037567340545
1290505368750170112
1290504760781488128
1290503977109319682
1290503901020598277
1290502270702895105
1290502204361601024
1290502101122990081
1290500309425352705
1290500109323517954
1290498917595926529
1290496223959322625
1290495584969793536
1290494320638746625
1290493867528134656
1290493347115569154
1290492915530121218
1290492861046169602
1290491547272638470
1290491146175569920
1290490735590965248
1290490587653664776
1290490586634399745
1290490102221664256
1290489468781133830
1290489380604276736
1290489101322293251
1290489045831675910
1290488930685485057
1290488632730517506
1290487899897524225
1290487137482100736
1290486851447357446
1290486250143494145
1290486221152501762
1290486008987828224
1290485656586657796
1290485395080110087
1290484996805808130
1290484436291604484
1290484141641707520
1290483897084416002
1290483611188174851
1290482558635880449
1290481961912344576
1290481429013360644
1290481413578317830
1290481356196126720
1290480190271787011
1290480105551097856
1290479945093767179
1290479849610518535
1290479552309809152
1290479164642877442
1290478301270614018
1290477313822318593
1290476921201938433
1290476768688709633
1290476125559361537
1290476069879812096
1290476016612171777
1290475661367205889
1290473968030437377
1290473922568179712
1290473723657682946
1290473682553298944
1290473330252877824
1290473309012922368
1290472759181615104
1290471686542942208
1290471397341290496
1290470790023053313
1290470334639087627
1290470213356593153
1290470172210470913
1290469834824835072
1290469759746748425
1290469091732598784
1290468852690755584
1290468835460513793
1290468810387062785
1290468773938503682
1290468700554964994
1290468524482322433
1290468400255381510
1290468354516373504
1290468135640997888
1290468107291709441
1290467990841044994
1290467694039511040
1290467394717208576
1290467200541786119
1290467147710423040
1290467127313530881
1290467090709860352
1290466777990942720
1290466496729276416
1290466220521684993
1290465905261064194
1290465640457936898
1290464986201051136
1290464710006050816
1290464462340870149
1290464430392778752
1290463997989392385
1290463948228243456
1290463681722056712
1290463449047236610
1290463412447739905
1290463398711492610
1290463396098461699
1290463357238161411
1290463123644833801
1290463082599329792
1290463049866977280
1290462889522978816
1290462888205877248
1290462648459550725
1290462155825971200
1290461696298045441
1290461646557786114
1290461488440893443
1290461196014018566
1290459690606960641
1290459239262101506
1290459149436891139
1290458733802397696
1290458551580798978
1290458345539883009
1290457870379687936
1290457675927617546
1290456933909049344
1290456828296519680
1290455847328534530
1290455730563284992
1290455400383471618
1290454956168957952
1290454578379530240
1290453995501363200
1290453878408908800
1290453474539438083
1290453440813051909
1290452815073226753
1290452315565109248
1290452312960442370
1290452292098023424
1290452166327640066
1290452125739372550
1290451904678498308
1290451541753769986
1290451537706340352
1290451005843345411
1290450851962728454
1290450546558668802
1290450330552020993
1290450329822269440
1290450249920794628
1290450176507875328
1290450018453917703
1290449314997829632
1290449300506447872
1290449207082582016
1290448777283874817
1290448517291544580
1290447961105870849
1290447548767969280
1290447110521978880
1290446677430632453
1290446153700573198
1290446150630244352
1290446115171696641
1290445803169951744
1290445084274634753
1290445053358477313
1290444643050692608
1290444502407221250
1290444447008919552
1290444337537523713
1290443802424029203
1290443266509475840
1290442428718120968
1290441882988883970
1290441559666819072
1290441464707768321
1290440893594509314
1290440689818521601
1290440554992619520
1290440439854768129
1290440248057647108
1290440054289072129
1290439888555446272
1290439464268050436
1290439417077932032
1290438642113163271
1290438541093330945
1290438448558608385
1290438433652068352
1290438333596946433
1290437399076536320
1290436396327620612
1290435615331422209
1290435332102672384
1290435041353519104
1290434820418437124
1290433578464157699
1290433255959863296
1290433229510422528
1290432376745721857
1290431470067048448
1290431328786120704
1290430071220523008
1290429341990555654
1290429104723042304
1290428712404635650
1290428439611154433
1290428350889177088
1290427982188646400
1290427400413683712
1290427236575830017
1290427165637476355
1290426105913126913
1290426000443084800
1290425869824131072
1290425803927363586
1290425743520882688
1290425622267822081
1290424653677309958
1290424647650082817
1290424647637504000
1290424647578800129
1290424550619054082
1290424538078076928
1290423785607372800
1290423629801558016
1290423461265977346
1290423143639797761
1290422633415286785
1290422139632394240
1290421768725962753
1290421552849158144
1290421143346741251
1290421071062040577
1290420616298999808
1290419825748201472
1290419805061885952
1290418896864935936
1290418361541820416
1290417707972730880
1290417248641986563
1290416753932148736
1290416582972375040
1290416559572357121
1290415953570930689
1290415876173373441
1290415001572913152
1290414744202076160
1290413737359400965
1290413589069791232
1290413359976906753
1290413165579325441
1290412765887307777
1290412566078873600
1290412506372902913
1290412268845326336
1290411656573603848
1290411174736011265
1290411098320121858
1290409876200607747
1290409167094718466
1290407219222196224
1290406603850752000
1290406390079664130
1290406145023266816
1290405621867646977
1290405002146717697
1290403851447697409
1290402222401114113
1290402016846471170
1290401815188721671
1290401413315678210
1290401243865796610
1290401121639383040
1290400698333564930
1290400630230704128
1290400558055006209
1290400548466892808
1290399507767648256
1290399293568884737
1290398833739010052
1290398494386278400
1290397513896398848
1290397148471865347
1290395850716241920
1290393694059630592
1290393558030090240
1290392926426738688
1290392813306142720
1290392806591086592
1290399546737152000
