1279520079353221120
1279519035529535488
1279518938062376961
1279517872595906563
1279517538259525637
1279517482433286145
1279517390460596225
1279517328871309313
1279516682663403521
1279515977646931968
1279515519360663553
1279514705946529792
1279514494532812800
1279514431890710528
1279513624998969344
1279513299546144769
1279512916224610304
1279512889561415686
1279512767553126400
1279512249435074562
1279511786350354438
1279511716649467911
1279511352479014917
1279511309957070851
1279510747928834053
1279510409574100992
1279510010507206657
1279509905859379207
1279509793682657281
1279509783972847616
1279509769900810241
1279509640343023616
1279508714081452035
1279508690668789760
1279508617608249344
1279508200719613953
1279508099850797056
1279507881872809985
1279507409841487872
1279507342376255488
1279507288722518016
1279507215053971457
1279506541024956416
1279505623730679808
1279505349284855808
1279505305584492549
1279504968672776193
1279504553029840906
1279504496536813568
1279504495811182595
1279504381113761797
1279504234581499907
1279503515547770886
1279503460891688960
1279503446303891461
1279503313931653120
1279502698459643905
1279502651143716871
1279502481257574400
1279501704690614280
1279501442043314176
1279500819113615361
1279500711085178880
1279499262284443649
1279499259604320257
1279499065668108289
1279498925859377153
1279498350614675456
1279498252853735424
1279498199045111814
1279497349069451267
1279496696687398917
1279496069844537346
1279495748900360192
1279495462836469760
1279494957808726019
1279494927248961538
1279494689100611585
1279494659367071744
1279494510674882561
1279494275667865600
1279493277163683840
1279493256565469184
1279493205247983616
1279492917736833024
1279492844328226817
1279492086287355904
1279491803595501569
1279491126056099843
1279491125758160897
1279490607589789696
1279490136099532800
1279489996999864320
1279489901852065792
1279488968975888385
1279488953507348480
1279488642927525888
1279488476015022080
1279488270259412992
1279488074079068160
1279487670822080515
1279486998856839169
1279486415777169408
1279486392217866241
1279485828327264256
1279485704372920321
1279484984462643200
1279484840576839680
1279484799221149696
1279483891691057152
1279483863102894080
1279483756965814272
1279483266215673856
1279482563145404416
1279481798649618435
1279481378715963392
1279481320985358336
1279480954810036225
1279480514718633986
1279479746942943232
1279479510275145729
1279479493128847361
1279479404058550274
1279479212185923585
1279479137481211905
1279478809725677568
1279478562379235328
1279478386629283840
1279478316240531456
1279478110610694145
1279477963851997184
1279477916666036227
1279477908751306753
1279477366343991296
1279477362061647873
1279476999048908802
1279476756832047104
1279476236364873728
1279475767563468805
1279475407364993025
1279475103282184196
1279475034306871297
1279474459112398849
1279474362412863488
1279473936531628032
1279473714074202115
1279473702128803840
1279473605215043584
1279473509950017537
1279473507894730754
1279472890782658560
1279472841218338816
1279472457229844485
1279472261112594434
1279472256721264640
1279472208742670336
1279472043931709442
1279471941003481088
1279471520482459648
1279470312137031680
1279470035208192001
1279470011560706056
1279469864688721921
1279469841242611712
1279469772212596736
1279468924783005698
1279468001880879105
1279467823249551360
1279467385565720577
1279467178392076288
1279466910476689408
1279466596897964032
1279466035704455168
1279465810889768961
1279465179319873541
1279464970867048448
1279464831251349504
1279464680767975424
1279464470868303873
1279464311304458242
1279464080391233537
1279464050670415872
1279463987164459008
1279463946144145410
1279463361974022145
1279462973715517440
1279462687957831680
1279462601504817152
1279461945817653251
1279461620549324800
1279461132500119555
1279460852668657665
1279460850445606913
1279460835807682560
1279460826840268800
1279460777448144897
1279460389378568192
1279460132867448832
1279460131403706368
1279460053636886535
1279459707388751872
1279459395416580098
1279459264570982400
1279459119498506241
1279459065924595712
1279457924872577024
1279457805049761792
1279457793288761345
1279457499758964741
1279457469849309185
1279456535962284032
1279456349752111108
1279456328201748481
1279456306093535232
1279455344394027010
1279454673162944516
1279454295562301440
1279454100124467200
1279453918343372800
1279453743503699973
1279453687492927488
1279453089582526464
1279452950658719745
1279452938511867904
1279452810720018432
1279452620432826368
1279452231184637954
1279452174565572609
1279452080420380675
1279451994592329730
1279451727239032833
1279451705726435331
1279451427090444295
1279450787832365058
1279450467035222018
1279450005791625221
1279449778494083075
1279449703860572161
1279449456308555776
1279449286862753795
1279448626947739648
1279448490028957696
1279448178622959616
1279447905187672069
1279447663134625793
1279447638530801664
1279447471358226432
1279447152859795456
1279447038103564289
1279446644400979969
1279446472518443012
1279446019592224770
1279445473292681216
1279445392145428484
1279445364752314370
1279445304350257153
1279445228596985862
1279445152596189185
1279444694154575872
1279444463828389891
1279444004728340483
1279443120443346944
1279442695518388225
1279442131430649856
1279442125118210050
1279441846045999110
1279441668853379072
1279441629741346817
1279440408343347200
1279440147566792704
1279439485424381952
1279439276950855680
1279438865925840899
1279436850222989312
1279436610627612673
1279435957658411009
1279435796181909517
1279435573762166784
1279435078968508422
1279434799392993281
1279434661811441671
1279434625975300098
1279433987233132544
1279433597611474944
1279433275073867776
1279433107247116289
1279433020437598208
1279432070230683648
1279432047296208896
1279431991558053890
1279431816261361667
1279431148914053120
1279430905870909443
1279430541545177088
1279425803705552898
1279425224639950848
1279425173603717120
1279425152820801537
1279424886386102272
1279424762922569728
1279424652713099265
1279424634711166977
1279424570076913664
1279424427160006659
1279424425071427584
1279424424312287232
1279424230652862467
1279423201639108608
1279423174602625024
1279423078490083329
1279422949704024068
1279422764567404544
1279422746460553217
1279421927891832834
1279421754369335296
1279421512316002304
1279421061218668552
1279420993061236738
1279420133656723456
1279420121363050496
1279419725248790534
1279419602028683265
1279419529232252928
1279419435527405571
1279418896597037058
1279418263412158464
1279417752005103616
1279416978160054273
1279416345319309313
1279416290835410948
1279415677787537408
1279415575975022592
1279414736514416647
1279414519966523392
1279413927005294593
1279413290360344576
1279412216786108417
1279412144572977153
1279411287097847808
1279411272812019713
1279410887049334784
1279410779725467648
1279410295719383043
1279410116509331456
1279409672932515840
1279409218433531907
1279409154050809856
1279408967010181122
1279407834086739970
1279407367847849984
1279405902257364993
1279405390355193857
1279405387494670341
1279405365956927495
1279404697271644160
1279404501838041090
1279404143304728578
1279404023754473475
1279403935321722881
1279403533507465216
1279402604460720128
1279402419420450817
1279401897523281921
1279400710455476224
1279400377616457728
1279398629296541696
1279398337846882304
1279397595815776257
1279397436017033216
1279396480260980743
1279395946720137216
1279395708890742785
1279393700083306496
1279390944635256832
1279390391259758592
1279389817399242753
1279389043529142272
1279389024420061184
1279387515884093441
1279387320928612357
1279386818669133824
1279382844926763009
1279382698105155584
1279382516718276608
1279381552388956161
1279378024664895488
1279376958481141760
1279376887584825345
1279376848754016258
1279374938722512896
1279374848695971840
1279374391369969665
1279373025230667776
1279372238840528897
1279371047419228161
1279370574377164801
1279367800436424709
1279367224898334720
1279367064394756097
1279366358560641024
1279359446678822912
1279356215986925569
1279354613712314369
1279354366571483136
1279353030606020608
1279351501798862849
1279350195810193410
1279349757094264833
1279345602648666112
1279343415856005120
1279343315322839044
1279340115089780738
1279337089385918464
1279336854865817600
1279334177289179137
1279333878121893888
1279332307569192960
1279332305127890945
1279330653365063680
1279330517004017665
1279328768440631302
1279326647481700352
1279326091925024803
1279325720507043840
1279325060965302277
1279322737534738432
1279320977877405697
1279320877390233601
1279317108405481472
1279315196427661316
1279314380044132352
1279312647142494209
1279312582889762816
1279311089822347269
1279310017116725249
1279309518640300032
1279309510298001408
1279308625522176000
1279308428431765505
1279308126651547648
1279307639415947264
1279306436070293504
1279305897722798080
1279304944558850049
1279304340197584896
1279303844674121728
1279303759630303233
1279303545364385793
1279301066794741760
1279300940135165952
1279300780403691521
1279300716994031616
1279300456993427457
1279299553066352642
1279298918501756928
1279298336235765760
1279297794939990016
1279296108917862401
1279295741886738432
1279295701520912387
1279292237260550144
1279292209746137088
1279291010959446017
1279290140796559360
1279282623202816000
1279282092413579264
1279281856333205504
1279280441669742592
1279277853079531520
1279275798902435841
1279275417849880578
1279275309435686915
1279271696923389954
1279271668733673473
1279271082961383425
1279268898098024448
1279268726957912064
1279268236341596161
1279267589710131202
1279267002947973121
1279266002170150912
1279265970922668034
1279264516661030925
1279264511115943936
1279264285693284353
1279262467420557312
1279262286108999683
1279262118613827585
1279261732331032577
1279261669143838720
1279261309410979840
1279261196789723142
1279261107048284163
1279261039117447169
1279260891297583105
1279260635457601536
1279260037433536512
1279259830050533377
1279259710793940993
1279259533701861376
1279257626056982528
1279257404765605889
1279256658288545792
1279256383918149632
1279256132415098882
1279256021949509633
1279255020127637504
1279253920489992192
1279253729112449030
1279253027057094656
1279252531206664198
1279252289996369920
1279251172721917952
1279251073740484608
1279250735650070528
1279250523846176768
1279250404698710017
1279249999952400385
1279249999105339392
1279249979979304962
1279249979891212290
1279249932017418242
1279249902984462342
1279249875646001154
1279249863780245506
1279249846638194688
1279249843538583552
1279249826597797888
1279249374711820289
1279249105261379588
1279248752423907329
1279248642784866304
1279247109053657089
1279246378837987332
1279246368905854976
1279244838865494019
1279244495041765381
1279244090404528128
1279244027523629057
1279243749902565376
1279242151751270400
1279241038692061184
1279240957272231937
1279239881881817088
1279239859610271744
1279239853146730497
1279239440100200448
1279237992163442689
1279237937973075973
1279237431187902464
1279236859005198336
1279236812884475904
1279236457690005504
1279235234773340161
1279234710246510595
1279233884161478656
1279231999169814528
1279230815969386497
1279230722813894658
1279230259548704769
1279229619984621569
1279228705714266112
1279228215257714695
1279227596178407425
1279225993027375104
1279225135086608384
1279224696425328641
1279222872481947658
1279222626251083777
1279221948514480128
1279221769514225664
1279221488688615425
1279218880142102528
1279216323021733893
1279216135611842560
1279215475298316289
1279213707550130178
1279212879724417024
1279212866386767872
1279209688207425537
1279209511472029697
1279209448444223490
1279207413439135748
1279206449910910976
1279206294205972481
1279206079885344768
1279205637612810241
1279204754598400000
1279204035690725378
1279203963095654400
1279203770140852224
1279203070375649280
1279202583933001728
1279202387287252994
1279202213433401344
1279202114674159616
1279201579220914177
1279201552562085890
1279201367584841728
1279200310401970176
1279200222514724864
1279199792435015680
1279199620929736704
1279199528860745729
1279199207900041217
1279198751211520000
1279198517827960843
1279197812098510848
1279197219455995905
1279195842067513345
1279195277589483520
1279194900555337728
1279194671303049221
1279194419674206208
1279194355190956035
1279194244977229824
1279193488202952705
1279193003358334981
1279192023095021574
1279191304774266880
1279190705617817600
1279190517612515328
1279189061006094336
1279186445937369089
1279185743215239168
1279184119323295744
1279183824581058561
1279183637062303744
1279183043584864256
1279182399365144586
1279181123457658880
1279180469704294401
1279180456358019072
1279179309047898112
1279179027438157824
1279178563657142273
1279178161046073344
1279177078122962960
1279176708986462209
1279176592183439362
1279176290562650112
1279176041219702785
1279175845203116035
1279175755788881929
1279175617733447686
1279175459935260675
1279175097337745408
1279174935227830274
1279174771448647680
1279174600904114176
1279174335052333068
1279174247349456897
1279172221840363520
1279170445351301120
1279170385590747139
1279169784115011585
1279168585693229056
1279168493229871106
1279168008762601473
1279166569348763649
1279165558638829568
1279164097930702855
1279163214647840769
1279163168716013568
1279162752116895750
1279162709947318276
1279162531961921536
1279162325518487552
1279162115165614081
1279161131542573058
1279161127763505153
1279161125741817856
1279160393848389633
1279160278148661249
1279159908127125504
1279159611828953088
1279159575707435008
1279159525564575745
1279158158561284096
