1283868295884451840
1283867662666420224
1283867197346062337
1283865561135374337
1283861235914678272
1283860169038929921
1283860102479372288
1283855252152700928
1283851623484125187
1283851093886328832
1283850547553087493
1283849913546178560
1283849650471161857
1283849216301977600
1283847087982030854
1283846976463867907
1283846434362621954
1283845850502967297
1283844093374877705
1283843790952976385
1283843413683699714
1283841863762550786
1283841588121292800
1283841511109603331
1283839270227255302
1283838236419391489
1283837851675889675
1283837719601389570
1283837269091246081
1283836421065908225
1283836398643171328
1283835876024504322
1283835782906740743
1283835617718210561
1283832887314391048
1283832591800467456
1283831200478445568
1283831036011520003
1283828204638285827
1283826585984958464
1283826265380786176
1283824961103310848
1283824651899039744
1283823908114882560
1283823681114984454
1283823225768730624
1283822929059471364
1283821675516063744
1283818605289697281
1283817398710218757
1283816400885186562
1283815390699827201
1283815195702431750
1283815128518004736
1283813872177119241
1283813660620718081
1283813632233672704
1283813158822412288
1283812906346438657
1283810455660658688
1283809323705982976
1283807633410056193
1283806395792416768
1283806123938713602
1283805704793526272
1283803188429193217
1283803144057741313
1283802864545128449
1283802421358190598
1283802049277198341
1283800737601015809
1283799644867194882
1283798679212548097
1283798250328412167
1283797648353492992
1283796861288161280
1283794801880707074
1283794365433946112
1283793963854565392
1283793558747574274
1283793381706080256
1283793322360868864
1283793305055031298
1283792628652400640
1283789898487672832
1283788635859554304
1283786943453523968
1283786111089688576
1283785640962859009
1283784750117748736
1283784278111776770
1283784265860358145
1283782593951883264
1283781673671372800
1283781495463702528
1283781281394962432
1283781162184216577
1283779782552027141
1283779696719609857
1283778441612070912
1283777821970661376
1283777690143617024
1283777552360898560
1283776534680145921
1283776510260740103
1283774981005082624
1283774952974540801
1283774615307919360
1283772647487057920
1283771722592903169
1283771265325527041
1283769961899536390
1283768639762640898
1283768398975991810
1283767914865328138
1283767324407926784
1283767020023144456
1283765698758615044
1283765649169199105
1283765397964173313
1283764035255705605
1283761913390923776
1283760913879793664
1283760508697563139
1283759965086326784
1283759404228190209
1283758238241103872
1283757165094875136
1283756219283505153
1283756062060023808
1283754677474123776
1283754380542578693
1283752875441692673
1283752858563772416
1283752740330643457
1283752501418831872
1283750112062312449
1283749408203591685
1283746109941338114
1283745763374387208
1283745129917042688
1283744948878270465
1283743681342734336
1283743007326580739
1283742641109323776
1283737598314373123
1283734545695674370
1283727278975995904
1283725312510038021
1283724485816983553
1283719976608825345
1283718446858088448
1283718141596631041
1283716274132889600
1283713874017968128
1283713640508592128
1283712753752924160
1283712472885522432
1283708054601695233
1283706418818932738
1283704732377329666
1283698355839868928
1283697179132125184
1283691078013587456
1283689885472378880
1283684489982615552
1283683100606763008
1283681726317944833
1283678284623024129
1283671420573294592
1283670174130941956
1283667004403023872
1283664564253609984
1283663847367245824
1283662922711994369
1283662769401675776
1283659956269379585
1283659954327437312
1283659733178540032
1283659660101210113
1283657662832549889
1283657115639447553
1283656929131343872
1283656899079045120
1283656867030487040
1283656484803551233
1283656354716979202
1283655784442863616
1283655605140566016
1283655087454289920
1283652152041148422
1283649558912749568
1283648886570180609
1283646976651862016
1283645573707575297
1283644791041822721
1283642982931914753
1283642908092936193
1283635560704172032
1283635249768013825
1283634901355507712
1283633224841920512
1283627999040954368
1283623123687022592
1283622525927215104
1283622395287224325
1283620078999797760
1283618047190798336
1283616833787113475
1283616374003322885
1283615646220054528
1283615516343574528
1283615339046150144
1283611854858747909
1283611479502016513
1283611104824836099
1283610610203152384
1283610488992002048
1283609538088714240
1283608924881641474
1283607290491269120
1283605604745883648
1283605208443113473
1283605132475858944
1283604869765570563
1283604448611196928
1283603657502556161
1283602900095324172
1283602224854302720
1283602200497979393
1283600627885473793
1283600091039899653
1283599456689172481
1283597510318198786
1283596178073030657
1283595658516103169
1283594522015006721
1283593241913249792
1283592944147038209
1283590170319740931
1283590158638624770
1283589048318210048
1283588918009618433
1283587917697490945
1283585680375857152
1283583619009843206
1283582113288249344
1283581839928590336
1283581488978698242
1283581161797812224
1283580566747652096
1283580336497201153
1283579983177318400
1283578841244618759
1283576486365138945
1283576023184007169
1283575787636097027
1283575475902668801
1283575398274600961
1283573621328424965
1283573300396912640
1283573097816186881
1283572961803370497
1283572558462423042
1283572176017412096
1283571083120119814
1283571045979627522
1283570704575803392
1283570671797317634
1283570581502337028
1283570182527561734
1283569765521514496
1283568182276640770
1283566863985840138
1283566518790492161
1283566496518529024
1283564267216662528
1283563988609982464
1283563549307080706
1283562326226989057
1283559618623549441
1283558527177555972
1283558449167638533
1283556148440956929
1283555284372336645
1283554826287222787
1283554624260186114
1283554143962112001
1283553731867541505
1283553704914808832
1283553119100637192
1283552867920445440
1283552856490954752
1283549407770824707
1283549000524681216
1283548850247139331
1283547270835650560
1283547042107789312
1283546279554023424
1283546069381664769
1283545923289669632
1283545376017047552
1283545289727639560
1283544291441291264
1283543446226173953
1283542223569788929
1283541874872025091
1283541265347272704
1283540663968161794
1283540606585917440
1283540116674248705
1283538724496670721
1283538544313524224
1283537101892595717
1283536101911691265
1283533933351772167
1283533591981555712
1283532745780715520
1283532407803645953
1283532201792081926
1283532102164783105
1283531748308127749
1283530589224742912
1283529786044764160
1283529745792106499
1283529365184303111
1283529103946244096
1283529006864838659
1283528950665424898
1283528891995492352
1283528797359407106
1283528134235754496
1283526970760986626
1283524732017680384
1283521495139000322
1283520381505150976
1283519528580853761
1283518934684057600
1283518774348570627
1283516834629615616
1283516363315785728
1283516235637035010
1283516149871849473
1283515068521611265
1283514717940510720
1283514569986646016
1283514559978971141
1283514327253880834
1283513417685508097
1283512199412166656
1283511555871641605
1283511126051807232
1283509413643419648
1283506938970542084
1283506894099951617
1283506778454454272
1283778734571618307
1283778637477675010
1283778431163957249
