1273359716853350402
1273359624146583552
1273359605570174977
1273359370617851905
1273359115428007937
1273359047077572619
1273358766604529667
1273358463666728962
1273358395911725056
1273358364387487749
1273358359660355584
1273358281235476493
1273358133776330753
1273358048510087168
1273357931434708994
1273357890049409025
1273357811641090048
1273357727365038082
1273357680179122176
1273357613670043656
1273357532099117056
1273357474389807107
1273357474188443649
1273357349307265027
1273357144906248194
1273357106721193985
1273356962357563392
1273356541794512896
1273356248998572033
1273356146808696840
1273355461203578882
1273355264536858626
1273354750512099328
1273354303609200640
1273354187393417216
1273354077120987136
1273353818022055936
1273353405294088193
1273353345969913859
1273353345844076545
1273353345781174273
1273353201794920450
1273353163232468992
1273353119418716162
1273352947204751362
1273352482316521480
1273352474527752194
1273352434031755266
1273351753400975363
1273351648207941637
1273351425821601793
1273351231507959809
1273350680699338752
1273350616857948160
1273350119459454976
1273350085263286272
1273348899793592320
1273348870559465475
1273348870102224902
1273348272128692227
1273347942448013314
1273347513152688129
1273347225574412288
1273347064135667713
1273346720655650816
1273346703001899009
1273346111500148739
1273345922777440257
1273345738014109696
1273345517943218176
1273345495096791041
1273345378956578818
1273345167945347072
1273345087989256200
1273344910570041344
1273344635570737157
1273344539131076612
1273344504804720641
1273344369270104071
1273344363163086848
1273344243638185986
1273344212285587456
1273344044681302021
1273343907154276352
1273343138636222465
1273342896515813377
1273342763405279237
1273341066754883586
1273340875167404037
1273340661123747841
1273340582849642503
1273340431829516288
1273340308370198530
1273339588782800896
1273339386659250177
1273338580551729157
1273338364125753344
1273338283980763138
1273338154171330561
1273337832229220352
1273337555988160513
1273337353327738880
1273336801881739265
1273336211134873607
1273335580835737601
1273335462405394432
1273335401113980928
1273335196918702080
1273334655350177792
1273334547887857665
1273334458146590720
1273334220841246722
1273334075391004672
1273334064221573120
1273333915634282496
1273333590261223426
1273333541707939840
1273333525710766082
1273332943751086081
1273332633691455489
1273332530129895429
1273332474098089987
1273332456658264065
1273332081716854787
1273331717923835907
1273331701104742400
1273331598356865024
1273330991386542080
1273330835320643584
1273330334583717889
1273330190056185856
1273330152609587200
1273329908249477123
1273329700723548161
1273329580841988096
1273329161453613056
1273329099289886722
1273329038472314880
1273328833358331906
1273328646044950530
1273328517317566468
1273328247560908801
1273328206477697031
1273327922930020353
1273327899701960704
1273327897001033733
1273327884468228096
1273327790406893569
1273327412558925826
1273327375149752320
1273327213199396867
1273326928737587208
1273326899020861440
1273326892234358785
1273326812622290944
1273326619218845696
1273326528470765569
1273326459843751938
1273326373172580353
1273326368802009088
1273326094909923328
1273325719339270144
1273325671620608001
1273325348009259015
1273325189804130304
1273325176009240577
1273325108564602880
1273324961961304065
1273324746805919745
1273324729500344320
1273324643089293313
1273324402831171584
1273323559000199169
1273323408206581762
1273323223300489216
1273323012968738821
1273322908035710976
1273322290910883840
1273322263706828813
1273322097444519939
1273321915147587585
1273321700080275461
1273321673706680320
1273321485273350149
1273321408345538560
1273321342952144896
1273321044896432128
1273320946254798849
1273320664590684162
1273320524496744448
1273320404199882754
1273319941622517761
1273318974500077569
1273318953331408896
1273318861891178496
1273318660992630784
1273318600787611648
1273318586778607616
1273317766703898624
1273317201722867713
1273317064686649347
1273316845307731968
1273316812818702336
1273316675291623425
1273316345820721158
1273315784551550977
1273315678200741889
1273315589143044096
1273315363141410822
1273314840556134400
1273314605033500674
1273314405762154497
1273314269526925318
1273314239365574656
1273313885857210368
1273313100033216512
1273312941769621505
1273312836022722560
1273312408799522817
1273312211159654405
1273311927683481601
1273311281529991170
1273310958329397252
1273310754352087041
1273310171817705474
1273310107129057280
1273309924894715904
1273309538553262080
1273309379836571655
1273309201859850246
1273309167382560771
1273309115033550849
1273308787089141761
1273308357932322817
1273308207855919105
1273308097495404545
1273307539392864256
1273306807851716608
1273306642306568192
1273306355235946497
1273306220087185410
1273306070782488577
1273305692259127297
1273305682763284481
1273305619630632960
1273305492782186505
1273305013142650882
1273304349758889986
1273304338451087360
1273304225951494145
1273304006899699719
1273303933432152065
1273303593802702858
1273303364114276353
1273303291083067394
1273302401278066688
1273302096822009858
1273301838721359877
1273301531564089346
1273301240710119425
1273300731488079872
1273300518329294848
1273300439379795968
1273300416172896262
1273300409055141889
1273299701434105859
1273299634757173249
1273299329936175104
1273299181306871810
1273299152508780549
1273299009713475584
1273298533144199170
1273297697764761602
1273297505917317120
1273297362992148482
1273297089368391685
1273296727232167936
1273296685926621185
1273296487418433536
1273296144731430914
1273295004010795008
1273294905398394880
1273294473020100608
1273294419051995138
1273293896488009728
1273293690719608833
1273293128347328513
1273293101134643201
1273292906003075074
1273292239905660930
1273291954051260416
1273291658529058819
1273291012304183296
1273290524414357506
1273290194159046656
1273289450345373698
1273288711623581697
1273288606623371264
1273288497743507463
1273288273859919874
1273288266784157698
1273288197049548800
1273287620450086913
1273287216815620098
1273287203502899206
1273286406274789377
1273285504813989889
1273284776468905984
1273284635418431488
1273284295038246913
1273284149193969666
1273284132219617280
1273284109108948992
1273284003680989186
1273283961926701056
1273283936379121665
1273283849980706817
1273283395628470273
1273283363219144704
1273283170021117953
1273283156687441920
1273283142577729539
1273282911404535808
1273282767460147200
1273282649482833921
1273282556511891457
1273282460554539014
1273282235047829505
1273282179959840769
1273282108203708416
1273281080540327937
1273281075884810240
1273280550237646848
1273280421963456514
1273280372680413184
1273280327805476866
1273280182883770368
1273280162528886786
1273279607387631617
1273279497266225152
1273279344324952065
1273279287500693504
1273278997464526849
1273278932746244097
1273278183933194242
1273278168779153413
1273278129847635978
1273277622533984257
1273277453788762113
1273277201509572608
1273277159185043462
1273277031434915846
1273276862538625024
1273276663359393792
1273276539317161984
1273276499987247105
1273276461303160832
1273276073921458176
1273276019126960128
1273275920690712577
1273275847235874816
1273275826830815232
1273275614640955393
1273274861880856577
1273274760554840064
1273274567214206979
1273274371692429313
1273274340948279296
1273274240096178176
1273273765107990530
1273273761064792065
1273273609943990273
1273273560283430912
1273273544861003778
1273273119508246533
1273272493231484928
1273272457957388289
1273272349408800770
1273272229090992130
1273272220572319745
1273272042775814145
1273271915612901376
1273271794309509120
1273271652835524609
1273271569909985281
1273271207144587270
1273271146599845889
1273271122289721347
1273271050881687552
1273270911270113280
1273270473837752320
1273270426978959360
1273269567951908864
1273269483138961409
1273269120042237957
1273269046956503041
1273268996540977152
1273268716164329481
1273268629157576710
1273268518537043969
1273267510721331200
1273267193447354370
1273267046386552832
1273267006695931905
1273266635433037824
1273266551739867136
1273266358692638720
1273266292737421314
1273265960397361154
1273265949907587073
1273265480602660864
1273265457601155079
1273265094827401216
1273265080038297600
1273264438808842244
1273263930580832256
1273263688699375622
1273263627013894146
1273263337204318208
1273262987349045255
1273262975764160512
1273262670175748096
1273262272337469441
1273262222807048193
1273262209062203392
1273262207653085185
1273261939146309634
1273261879851470848
1273261820942389253
1273261803317932032
1273261671436496897
1273261535897550848
1273261460588843015
1273261436043747328
1273261366615384065
1273261352027672577
1273260444287995904
1273260442383720449
1273260386771333120
1273260274988941314
1273259971006943233
1273259958289813505
1273259816417234945
1273259326854094849
1273259143210717187
1273259004140171265
1273258972750000131
1273258729719369730
1273258548898803712
1273258493953429505
1273258382737027074
1273258373971095553
1273258298209337346
1273258196040327169
1273258101790081024
1273258078364975110
1273258047759101953
1273257788442058752
1273257662814261248
1273257635836579841
1273257538172174338
1273257071287373832
1273256728533127169
1273256637323792385
1273256385380323330
1273256369974644738
1273256282057781253
1273256059411615745
1273255955300483073
1273255621014454272
1273255520376442880
1273255263945003009
1273254977276870656
1273254804727443456
1273254626616360960
1273254379823357953
1273253239870369800
1273252822717521920
1273252408991322113
1273252270575161345
1273252263256117250
1273252048742555648
1273251694864932865
1273250771895713792
1273250619915149314
1273250476876795904
1273250267534893061
1273249988819259392
1273249496173031425
1273249406507245568
1273249290761240577
1273249121734778882
1273249093134036993
1273249021084172290
1273248947587485696
1273248469537431553
1273248428819185664
1273248242956939268
1273247823870525445
1273247734909329409
1273247707801370625
1273247647692984321
1273247561915170816
1273247434811080704
1273247207471353857
1273246998049816576
1273246960489824264
1273246322716553224
1273246106051379200
1273245607961001989
1273245394768736257
1273245352817315841
1273245068514770944
1273244553202597888
1273244450186199041
1273244336012947462
1273244089228509184
1273244084640133122
1273243742661677059
1273243375228129283
1273243172165095425
1273242947358769152
1273242924566941696
1273242727006851074
1273242692928122881
1273242649525456896
1273241972308955141
1273241905267122176
1273241500768444416
1273240786361081862
1273240035987521538
1273239981167915008
1273239969457414144
1273239842059702273
1273239794819182592
1273239749294260225
1273239723272593409
1273239723197243393
1273239595321307137
1273239539646115842
1273239468481433608
1273239238130221057
1273239089534337029
1273238872449781761
1273238611488620545
1273238423973834759
1273237866852823042
1273236612248461315
1273235765724618760
1273235730375102464
1273235244167151617
1273234391356125185
1273233666207035395
1273233158100615168
1273233086201892864
1273232227661422594
1273231557617221633
1273231232843857925
1273230008094470146
1273229818352500737
1273229765781135360
1273228088608948225
1273227815954141185
1273227760832561152
1273227097612443651
1273226843093688320
1273226549223919616
1273226168515387399
1273225985048170496
1273224079353487364
1273223852672331776
1273222136182734848
1273221560317476869
1273220994765897730
1273220797600055297
1273220227505979392
1273219787359993856
1273219667562094592
1273219527199907840
1273218753170464770
1273218696165629954
1273218521351274497
1273218056899223553
1273217621282955266
1273217420782522369
1273216923862544384
1273216886352814087
1273216726050668545
1273216235694505985
1273216200365846528
1273214914824413187
1273214049099137025
1273213730621468672
1273212251110019072
1273210954923356165
1273210675108679680
1273209054500990976
1273208977158012929
1273208853858041856
1273208811269115905
1273208224771198976
1273208122669182976
1273207150228254721
1273206763701956608
1273205243430555650
1273204995471572992
1273204728370024448
1273203971960774656
1273203938762858496
1273203888657764354
1273203381545435137
1273202495951646723
1273202180007354371
1273202138408239105
1273201515533152257
1273201485933764609
1273200586238726145
1273200526465929216
1273200271506767875
1273199096061472771
1273198962762186752
1273198356836298753
1273197944708247552
1273197073995882499
1273196642464706561
1273195736277139456
1273191907188002816
1273190976631328768
1273188471687884800
1273187768408117249
1273187070069145603
1273185467970789377
1273184674832093185
1273184263391723520
1273183325528653824
1273182439259717633
1273180842865692673
1273180647188815872
1273180108820545541
1273179891006156807
1273179394371174401
1273179138057277441
1273177057577570308
1273176085291773959
1273176082791923716
1273175491156074500
1273175419248881664
1273174405812797442
1273174301164875787
1273172038799233024
1273171990933839877
1273170678410346498
1273170177207816193
1273169427702468608
1273168705476792322
1273165533081370630
1273165293657915392
1273164734393696257
1273164286903422982
1273163650866581507
1273163046727417857
1273161283144241152
1273160938921885696
1273160535434035200
1273159956901093378
1273159509540732929
1273159248017592321
1273158549347143680
1273157457901215746
1273156503785136131
1273155821225082886
1273155457247518720
1273154268745342981
1273153926938976258
1273153055631032322
1273152926312267788
1273152615443050496
1273150901654618114
1273150584850448386
1273150535101812736
1273149660048363523
1273149640980996096
1273147870871465988
1273147653958877191
1273147446546378753
1273147446043062273
1273147418058596352
1273145545226403841
1273145306184667136
1273145060905934849
1273144591559151621
1273143081458688007
1273142482558214145
1273142436269887491
1273142383077711872
1273141502051483648
1273141096084844544
1273141073859219457
1273140805973180419
1273140544546406401
1273140069562494980
1273139317909721089
1273138912089735170
1273137429734723587
1273137328505184256
1273137183000612865
1273137165044781056
1273136677511446530
1273136602106257409
1273134952901677064
1273134369373331464
1273133208306155521
1273133039485358080
1273132197835407361
1273131918696030208
1273131774764253185
1273131428931416065
1273131226405240838
1273130555270402050
1273128621675290626
1273128373422784513
1273127796768997376
1273127516119728134
1273127150426697729
1273126701594279942
1273125034530308097
1273124620229652482
1273124476859879425
1273124036252442629
1273123213028012032
1273122962435178505
1273122820285923333
1273122041013637121
1273122006607761415
1273121020220760064
1273119296454041600
1273118896585871360
1273118574043893762
1273118203934367745
1273118149144203267
1273117828967776256
1273117550751158273
1273117198714896384
1273116242006638594
1273115940499193860
1273115759259107329
1273115570205057025
1273114348160987144
1273113860086661127
1273113632033947649
1273112002588794881
1273111654998343684
1273111440094908416
1273111088742227968
1273110469683920897
1273109170913509376
1273108984359256065
1273108872379670528
1273108811700744193
1273108757472518144
1273108473635577862
1273108440181805058
1273108192772456448
1273107740903329794
1273107729662558210
1273107350702956544
1273106820652040194
1273106427784151040
1273104559016206336
1273104492515467266
1273103873146847234
1273103685804048385
1273103624810479621
1273103059275702273
1273102884117385216
1273101452676943873
1273100993304109057
1273100090740297729
1273099916232069120
1273099133952446465
1273099063752302592
1273098594795565056
1273098359574794240
1273098288007467009
1273098203345412097
1273096646734340103
1273095350182653958
1273095317357907968
1273095147975249920
1273094884325560321
1273094271856283648
1273094232706674688
1273093941412401152
1273093258521063429
1273092826239246337
1273092739735998468
1273092527550353409
1273092484965392384
1273092429344919552
1273092406284562432
1273091138120007683
1273090961875202048
1273090120766414849
1273089808378802177
1273089451992813568
1273089047792168960
1273088772134051841
1273088218561478657
1273087287736315906
1273087229250859009
1273086358672859136
1273086138371190791
1273085701584797696
1273085620886228992
1273085506864189443
1273085257667862528
1273085209454362624
1273084778540138497
1273084356609937408
1273084342554820609
1273083901163057153
1273083278598144000
1273082704469405696
1273081802995888131
1273081569356517377
1273080911379095552
1273080910271754240
1273080793271881729
1273080473485533184
1273079212400799744
1273079135020019713
1273078772728762368
1273078488644321280
1273078319748186113
1273078234243043329
1273077989538959366
1273077630808535040
1273077338784198657
1273077327522607104
1273076384710066186
1273076290107723782
1273076289956708353
1273076289918898178
1273076219462979585
1273075792990408706
1273075693862166530
1273075671410118661
1273075524978511872
1273074565128826880
1273074501102850048
1273074133438468097
1273074065809592321
1273073806135836674
1273073781511200769
1273073555731877891
1273072310677729282
1273072223457337346
1273072208001277952
1273071723538153472
1273071527962071041
1273071517681750016
1273071370189123584
1273070580695281666
1273070517453565953
1273070177308020736
1273070102431387648
1273069666857029634
1273069249234440192
1273069174575824896
1273069170134061057
1273069076663996418
1273068832400105472
1273068597317754881
1273068542347354114
1273068238218412032
1273067458073632770
1273067033538764800
1273066768215531523
1273066704302727169
1273066162709020672
1273065419855720448
1273065300439728133
1273065002543517698
1273064894473154560
1273064894091444226
1273064650012319744
1273064645604118528
1273064514737582081
1273064429555515401
1273064357165969408
1273063936166952965
1273063910934020102
1273063383915528193
1273063291942768641
1273062876455067655
1273062152941768704
1273061674791174145
1273061658752139264
1273061474529755138
1273061468410458114
1273061148557017088
1273060619546173440
1273060321008267265
1273060281128648704
1273060195049132038
1273060029432762369
1273059859102040064
1273059541459091456
1273059200344653824
1273059182242082817
1273058575988948997
1273058277329428482
1273058165794516998
1273057460157374468
1273056963069448197
1273056919616393218
1273056853589725185
1273056715617992704
1273056542540075008
1273056122040135687
1273055974731939840
1273055830938656768
1273055516491735041
1273055170964926466
1273054980899930112
1273054902642782210
1273054582407606275
1273054238114041856
1273054178559000578
1273053566769467393
1273053406375161856
1273053314280820736
1273052963934740481
1273052464678424583
1273052407296077824
1273052366015782913
1273052292154040324
1273052257135845379
1273052232590786560
1273051989480402944
1273051811809804289
1273051469546209280
1273051454039678976
1273051245188730883
1273051162699280384
1273050754555789312
1273050441694265345
1273050268125605888
1273050219752513537
1273050066526375938
1273049398642122753
1273049273580617732
1273049046144425984
1273048511387500544
1273048490902532097
1273048452021342209
1273047930933596160
1273047871378657281
1273047784103514114
1273047641237192704
1273047518604132353
1273047305667698690
1273047286050947078
1273047214756151298
1273046440978403328
1273046252641554433
1273046239362330632
1273045916967227397
1273045684623720456
1273044820328579075
1273044735888932866
1273044669027561474
1273044518984704002
1273044072811442179
1273043901713088514
1273043882683404288
1273043784239104000
1273043013682552833
1273042909672230914
1273042877506093057
1273042833994395649
1273042738502656000
1273042722371354625
1273042491965571072
1273042395916050432
1273040855801237504
1273040605355151360
1273039984724004870
1273039949726703616
1273039100396711936
1273038631645491200
1273038504474243072
1273038460220248065
1273038445082968064
1273038331568427011
1273037577394814976
1273036936496717824
1273036631218454529
1273036287642042371
1273036162047922178
1273035764926951432
1273035753191346176
1273035700217303040
1273035493152894977
1273035487360569350
1273035477101223938
1273034917925060608
1273034706922192896
1273034575426605057
1273034427669663745
1273034123750367233
1273033784326324227
1273033309778579456
1273033304485310467
1273032719082061826
1273032225030889474
1273031376489664513
1273031334827560961
1273030195155537920
1273029816661487621
1273029673795096582
1273029597500669954
1273029551598206983
1273029022033883137
1273028486362529794
1273028296280850432
1273028123756580864
1273028121273552899
1273028098691264515
1273027834114686976
1273027743639375872
1273027503951511552
1273027419117703169
1273027382627065856
1273027237470547968
1273027040988577793
1273027004091301895
1273026421649260545
1273026379072901120
1273026185619025920
1273026036314312704
1273025650656448514
1273025621187166208
1273025518900740096
1273025000283541505
1273024796452847618
1273024747555651585
1273024557679591431
1273024553799888896
1273024369116303361
1273024364489986053
1273024297448202248
1273024219102638080
1273023993910419459
1273023981960990720
1273023945734848512
1273022527665844232
1273022517385494530
1273022091982278656
1273021829234356224
1273021532659494914
1273021367248699393
1273021165150167042
1273021098796425216
1273021001043816449
1273020525539807232
1273020428940750853
1273020323135459329
1273019780426055681
1273019112185364480
1273018639902482434
1273018606566223874
1273018598005579781
1273018472956432384
1273018043623505921
1273017862387531777
1273017824269807618
1273017686092509184
1273017673924915202
1273017587992014848
1273017539258249216
1273016869113393153
1273016864923361286
1273016578628616194
1273016483669557249
1273016403860258821
1273016402706927619
1273016238059540480
1273015983679168514
1273015961201684481
1273015906495414272
1273015688534384642
1273015570099851272
1273014663786225672
1273013978126581761
1273012532706340864
1273012340238151681
1273012044665626624
1273012006396854273
1273011977606979585
1273011919738114048
1273011782949502980
1273011726246645767
1273011640343171075
1273011476064800769
1273011351573716993
1273011194677215232
1273011144446414850
1273011079229169665
1273010480198623233
1273009926122754055
1273009657167130625
1273009652415049729
1273009533858787328
1273009528808673281
1273009443714760704
1273009259035406336
1273009253687734276
1273009138721849344
1273008727222779906
1273008614312116224
1273008511761317888
1273008498700255234
1273008385164705794
1273008264826048515
1273008217833066496
1273008103013875713
1273007860864225280
1273007601001865229
1273007535063261193
1273007488519077890
1273007471049740289
1273006905183461376
1273006750736801792
1273006681677369344
1273006677999202304
1273006643274489857
1273006411002204160
1273006304450228227
1273005902078128130
1273005866212614149
1273005730224898049
1273005587580813321
1273005290011705344
1273005097350381568
1273004412793995266
1273004190151831552
1273004162007961602
1273004142219403271
1273003401211715585
1273003096210366467
1273002990744592386
1273002546223894528
1273002316925370372
1273001912779051008
1273001384154206208
1273001384154193920
1273001384095465476
1273001267342827521
1273000968007716864
1273000833630773256
1273000503316799488
1273000255647342593
1273000058070487041
1272999732399521794
1272999706050703361
1272999065555525637
1272998812185792512
1272998014945300481
1272997650393190402
1272997480783925249
1273246517684568065
