1282781579459170304
1282780317049331713
1282779204279578629
1282775601720578050
1282775337663946752
1282773295302148096
1282772712381792256
1282772386593615873
1282772078198841344
1282771478853943296
1282768223080009732
1282768017361784837
1282767868334047232
1282767629103570944
1282767589614198784
1282767562858790913
1282767425344282626
1282767306515460098
1282766805019144192
1282766290143383553
1282764775810904065
1282764338529542145
1282764079820668928
1282763379283640320
1282763258244542464
1282761788799541250
1282761214855122951
1282759277854302209
1282758984383045632
1282758969266765832
1282758918452711429
1282758820654088195
1282757944711536640
1282756588126822402
1282756148874170375
1282755716105637888
1282755629174657024
1282754954948747265
1282754935692681224
1282754264666902528
1282753880024068096
1282753603355250688
1282753066727542786
1282751180955942913
1282750743221604356
1282750689706467332
1282750586719477760
1282749575154077696
1282748464779145218
1282748363918778368
1282748278921207811
1282748082661335040
1282748058455941122
1282747766549221376
1282747701818544129
1282747464555077632
1282747409022496768
1282747027495976961
1282746956113219584
1282746659999490049
1282746592215412736
1282744461915828225
1282744362292711426
1282744310786482177
1282742639318765569
1282741695881392128
1282741075220676608
1282740895348068352
1282740646126612480
1282739322031157249
1282739100257320960
1282738865258868737
1282738131519836160
1282737264179720192
1282737073288617984
1282736184255447042
1282735714451546116
1282735394971422721
1282735310376521728
1282733490648174592
1282733060316962816
1282732056246722561
1282730450658619393
1282730380165029890
1282726691710918658
1282726460302729217
1282725438289305600
1282723432027893761
1282719413825921024
1282718845602537472
1282714058278363137
1282713953915801600
1282713661195329537
1282713474859245569
1282706465841700864
1282706084772356097
1282705708618780672
1282703895576432640
1282703131596468226
1282702570973061120
1282701758842777600
1282701674658713601
1282699912845692929
1282697913223831552
1282697539360350211
1282697459072999425
1282695541852385282
1282695326772736000
1282695240416210946
1282694677997682688
1282691940186615808
1282689137326383104
1282688859378274304
1282687172378791937
1282686517631160320
1282685993351446530
1282685261596577794
1282685067521753097
1282684795772968961
1282682612222328835
1282680672465952769
1282678915354558464
1282678888322207744
1282678484049911808
1282678432065822723
1282676934472863745
1282676506368659456
1282675448749658112
1282675293602353155
1282673022076248064
1282672995761348609
1282672464162705410
1282671378794151938
1282671152683454466
1282669697662685186
1282667860226199553
1282665835320967169
1282665445556981761
1282665111824588800
1282664388466548737
1282662043057827840
1282661229622898688
1282660743373099013
1282657956060893185
1282653837766135808
1282653360903028738
1282652967624224768
1282651161108119552
1282650465243664386
1282650067766255616
1282649716522704898
1282648249896022019
1282645881519370240
1282642050538668033
1282639605183983618
1282638506435764230
1282633764804472833
1282627896213995521
1282627739984572416
1282625825381273600
1282623539581943808
1282622102969999361
1282620892229644288
1282620829814095872
1282619282468286468
1282617340748693505
1282610024196583424
1282608440620310530
1282606354054537216
1282605822992961536
1282603167834931200
1282602558981373953
1282595220035645441
1282594974849105920
1282594631905996800
1282592103168724992
1282587319573164032
1282586612472455170
1282585608343506944
1282585189319942144
1282585157296205824
1282581031946772480
1282576282035855360
1282573438780145664
1282567905301987329
1282565184909869057
1282564618729201664
1282558787656790016
1282558319505408001
1282556568706387968
1282556386220617729
1282555651479216130
1282554502348804097
1282552552697942016
1282552457562750976
1282551437336215552
1282549943388037120
1282548946686992385
1282548680785108998
1282547659295817728
1282546043104702464
1282545854557982721
1282544285594812416
1282543423975759873
1282541332892913670
1282540571790323712
1282540213164703745
1282539725153161217
1282539561093074944
1282539560468021248
1282539317202694144
1282535415182815235
1282535364637470721
1282533690279464961
1282530775565578240
1282529180643557378
1282528487744692226
1282528147997626374
1282526084156686336
1282525553078284294
1282525412871016448
1282524150251130880
1282520388379930624
1282519996652851200
1282518792661336069
1282516891215360005
1282515861660528640
1282515432251944960
1282509805970751488
1282509793941434371
1282509488625528832
1282508608605835264
1282507718109036545
1282506754652241921
1282506083190345729
1282504038563622912
1282503506637840389
1282501886738915330
1282500918282457088
1282498522395205634
1282497441468686337
1282497256789364736
1282496281512800256
1282494968242872320
1282493929997438976
1282493222913224705
1282492628383133696
1282491633196384259
1282490433554141184
1282489391341096970
1282488097398296576
1282487632837120005
1282486459291836417
1282485876686299136
1282484397694955526
1282483746588033027
1282483202192478214
1282479279058685954
1282478422724349953
1282478132327571460
1282478001368834048
1282477132455858176
1282475854958931969
1282475143881605120
1282474177073688576
1282472786171133952
1282472157302468616
1282470074708905985
1282470015841730560
1282470011681017859
1282467250100932608
1282465149169934336
1282464237139496960
1282463534144720896
1282463367760736256
1282462708919611392
1282462521971159043
1282461069131350017
1282460135797948417
1282459821560811523
1282459159489851392
1282456974404263941
1282456601333571589
1282456517199962114
1282454915915358208
1282454115667316737
1282453117716631553
1282452666640203776
1282452381779791872
1282451818019278848
1282451444440981505
1282450877622611968
1282449522656829441
1282448082819571717
1282447650990759936
1282446244099457024
1282446030827663362
1282445415829430274
1282443541978001408
1282443458809147394
1282443053425451009
1282442800114438145
1282442475504832514
1282441205331058688
1282441144635359233
1282440567792766976
1282440360279539712
1282439867385946113
1282439279688523776
1282438811348344832
1282438738887540737
1282438639314771974
1282438336234377216
1282437269954138112
1282437060968607745
1282436672580444163
1282436254710337537
1282433930549817344
1282433727994507267
1282432760825749504
1282430148466409472
1282429560932319232
1282428424909463553
1282427628838952960
1282425866950070273
1282425207123304448
1282422906153308163
1282422444054188035
1282421909045608451
1282421725653872642
1282420532722319360
1282420088914804740
