1271185214065250304
1271185192854716417
1271185130518794240
1271185107496448000
1271184993952423941
1271184928797945856
1271184918408814592
1271184859923267585
1271184843619983360
1271184632164364291
1271184620332204034
1271184596626006018
1271184532763541509
1271184434616774662
1271184398277210113
1271184180638973952
1271184088695803907
1271183861540704257
1271183837289218048
1271183698482905088
1271183683320496130
1271183363500650497
1271183360803692545
1271183188547829769
1271183177038598144
1271183175121874947
1271183106024734721
1271182996503179267
1271182760808460288
1271182757297885187
1271182681590697984
1271182522093834247
1271182353059196934
1271182314375012352
1271182132824682499
1271181941786710016
1271181862237544454
1271181700631089154
1271181617776771076
1271181604723933184
1271181590660513792
1271181474385911808
1271181425891475458
1271181302650359815
1271181219875733515
1271181003638239232
1271180984835244032
1271180866430042112
1271180712918556683
1271180656631037957
1271180596593778695
1271180590587490306
1271180584568512513
1271180452888563712
1271180422978904064
1271180344121753600
1271180331446530048
1271180254007173122
1271180252799172610
1271180250873868288
1271180220528287747
1271180145961963520
1271180053360017415
1271179944056573956
1271179895029235712
1271179859474014208
1271179769590304771
1271179700145213441
1271179695296589830
1271179693140709384
1271179654502789120
1271179518317821952
1271179238180347904
1271179188079296513
1271179164800843779
1271179023754780672
1271178877570740225
1271178794699653120
1271178792103563266
1271178603896754186
1271178300509978624
1271178213553844224
1271178167437471745
1271178042124259338
1271177974880952320
1271177888058892288
1271177851350536194
1271177833403072512
1271177823500320769
1271177738146271237
1271177506578558976
1271177440413581314
1271177332686942209
1271177308297064448
1271177282774761474
1271177251019726850
1271177123621896196
1271177095968960513
1271177080135434240
1271176966687920128
1271176920886136836
1271176688408227840
1271176678333493248
1271176667042635776
1271176588382687236
1271176225067851778
1271176013406494722
1271175985396768768
1271175937044869120
1271175867847389185
1271175802986643456
1271175764705230848
1271175729200402432
1271175648451588096
1271175577161039872
1271175493736378370
1271175424538746882
1271175267826860033
1271175235702796288
1271175170359808004
1271174920773328897
1271174815139971073
1271174686651699205
1271174646570930178
1271174477615894529
1271174443176546311
1271174379611795456
1271174250217508864
1271174195498545157
1271174172727705601
1271174081430253568
1271174033946693632
1271173944968708103
1271173931425247234
1271173900911562752
1271173786545672195
1271173668907831297
1271173476829859841
1271173380222316547
1271173256687636482
1271173132112613379
1271172619052683272
1271172576539099140
1271172568922361857
1271172495312408578
1271172466212208640
1271172445823619072
1271172312851759111
1271172236871970818
1271172207423688707
1271172193079132162
1271172085507899392
1271171864052805637
1271171799871610880
1271171784096788480
1271171591905435651
1271171569289695233
1271171486590656512
1271171475358113793
1271171297297305601
1271171071148986368
1271171070322671623
1271171015268356097
1271170989263634435
1271170684996120577
1271170588925546496
1271170587914842112
1271170576707579905
1271170496604889088
1271170248268537858
1271170215959769089
1271170204706516996
1271170140164567040
1271170037903048705
1271169990071328778
1271169971695939585
1271169768096182281
1271169685275410432
1271169577381179392
1271169331666186240
1271169302910001152
1271169235717427208
1271169211575001094
1271169119111479296
1271169118679506944
1271169087809499145
1271168961908846593
1271168893072158720
1271168840718671872
1271168707524390913
1271168486048436230
1271168225280004096
1271168203864133635
1271168006702403587
1271167804318908417
1271167652833013760
1271167375811870720
1271167352730599425
1271167344845488130
1271167198594301955
1271167045405757440
1271166969786531840
1271166677267472385
1271166637941690373
1271166562515529729
1271166440985497600
1271166171186946049
1271166029616558081
1271165980891156480
1271165804386476032
1271165646668271625
1271165591823323136
1271165518033149954
1271165495790764034
1271165281562505220
1271165100473421826
1271164980101029888
1271164777969209348
1271164738936795136
1271164677138132992
1271164395788386305
1271164225810059269
1271164189365723137
1271164171359449088
1271164075913994240
1271163943247966208
1271163909366403072
1271163760422588416
1271163598446792704
1271163454292983809
1271163436295049217
1271163294921961474
1271163240039485441
1271163181830938636
1271162982911881218
1271162980701528066
1271162777294561281
1271162521848872966
1271162448498712576
1271162374234537992
1271162267854426113
1271162204826542085
1271162198463672320
1271161997531533316
1271161974793990145
1271161817155305472
1271161799254163462
1271161279080615937
1271161251767484420
1271161251750645762
1271161251637256192
1271161238974857217
1271161120569647104
1271161016936804354
1271160815589167105
1271160803106803712
1271160784610082816
1271160678804570112
1271160466681847813
1271160439515250688
1271160233327497217
1271160131137474561
1271160084295323648
1271159767885635585
1271159740714807301
1271159542286557184
1271159520685772800
1271159518517288961
1271159496501604354
1271159380608606208
1271159368868925440
1271159237373239301
1271159176983707655
1271159147694821379
1271159136911265794
1271159099586015232
1271159042958938114
1271159040018722817
1271158862301802497
1271158790021419014
1271158666012487680
1271158587079839744
1271158252265496578
1271158238000676864
1271157810286428161
1271157302914146304
1271157275344932865
1271157057790623745
1271157042145886208
1271156999078785024
1271156874839076864
1271156612011565058
1271156558555230208
1271156530126225411
1271156391407792128
1271156368133799937
1271156356905496577
1271156315616718848
1271156256720519168
1271156095193624581
1271155951123550216
1271155943716372480
1271155307188797441
1271155305108385798
1271155277652389888
1271155047817252866
1271155037805457409
1271154718639656960
1271154691746017282
1271154272508489735
1271154251339882497
1271154163678760960
1271154133345595392
1271153874888425474
1271153801966346243
1271153578816598017
1271153555513192448
1271153419487715336
1271153405092823042
1271153168848687105
1271153099252654081
1271153003668443136
1271152832146792451
1271152467158487046
1271152381871284224
1271152197657640960
1271152083484454912
1271152049963642880
1271151957466656768
1271151928601448451
1271151805687148544
1271151674208346112
1271151652221878278
1271151582504275969
1271151508923445249
1271151481333469189
1271151462031097856
1271151372575166468
1271151259127611394
1271150769195155456
1271150734487293952
1271150655718043649
1271150398284447747
1271150233645281280
1271149998672134145
1271149940983705601
1271149920741974016
1271149910826442752
1271149890840788997
1271149870510944258
1271149495955447810
1271149377885782023
1271149347821027329
1271149342951452672
1271149288899239936
1271149159769427972
1271149093323235330
1271148948149985280
1271148868739018752
1271148842331844608
1271148470578135041
1271148414009511936
1271148386113277952
1271148349329010688
1271148280488038401
1271148265258565633
1271148174770688012
1271148024170000384
1271147925242929152
1271147908600119297
1271147864530522112
1271147773983932417
1271147739347378176
1271147720502325249
1271147716832382978
1271147640063963137
1271147514696269825
1271147507301711872
1271147373385994246
1271147345032417280
1271147244834770945
1271147237175951361
1271147200614207489
1271147085723602944
1271146857448837128
1271146744055652357
1271146702054076418
1271146660874379264
1271146513046085632
1271146509954772992
1271146458905968643
1271146419076956163
1271146392229228547
1271146381504380928
1271146381495975937
1271146381474959365
1271146337921204224
1271146286348218369
1271146203875508225
1271146091803742208
1271145944701001728
1271145930583166976
1271145881073602566
1271145850610180096
1271145837339574272
1271145626479149056
1271145586033520640
1271145504550850562
1271145459361427459
1271145455007576065
1271145396543291392
1271145285041831937
1271145256864661507
1271145224203624450
1271145183984279554
1271145168729600000
1271145128858718208
1271145059124039682
1271144949036113920
1271144938013589504
1271144860163006464
1271144829578248192
1271144799215554560
1271144663122993152
1271144614758690816
1271144588376338432
1271144528062406659
1271144317172748288
1271144253645819909
1271144135811051520
1271143980072202241
1271143924141297665
1271143898203787264
1271143767056269313
1271143744197267457
1271143669337190401
1271143589578371072
1271143587271577600
1271143492857655296
1271143435312017408
1271143417633013763
1271143186426212352
1271143166268379136
1271143137570947072
1271143024702009344
1271142963528241157
1271142898117931008
1271142833551007747
1271142699744329728
1271142534614528000
1271142528033554432
1271142522719358976
1271142517929463808
1271142437415763968
1271142288211746816
1271142287469395968
1271141983910875139
1271141864759050240
1271141840692142086
1271141839710457856
1271141835570728960
1271141767736373250
1271141740490166275
1271141719808135168
1271141719690694657
1271141666695626753
1271141511619633152
1271141447232892929
1271141389204512768
1271141370225401859
1271141162032734215
1271141146220265477
1271141136082636800
1271140960303558657
1271140939566809089
1271140752165388288
1271140562192732165
1271140526528528392
1271140462313775106
1271140447537123328
1271140424061681670
1271140365979000834
1271140230699995137
1271140141684457473
1271140108104851458
1271140070712459265
1271139925560381443
1271139925157654528
1271139925031890949
1271139859311149056
1271139804650987520
1271139705204195328
1271139570319491079
1271139436017840129
1271139374512693249
1271139368355401729
1271139339200856064
1271139283714191363
1271139174578565120
1271139119478046720
1271138876590039041
1271138674118459392
1271138591838818306
1271138547613855745
1271138510452514817
1271138462423449603
1271138433407188992
1271137943344885762
1271137869147537409
1271137850373832709
1271137846708047876
1271137711928139777
1271137653916762112
1271137618412081154
1271137522207391747
1271137396566953985
1271137368406294533
1271137299376435201
1271137253834625025
1271137177292771329
1271137156770131969
1271137103787819014
1271136887416205314
1271136811595816961
1271136575720574977
1271136407671758850
1271136259709140998
1271136158655774720
1271136063600410625
1271135975452733440
1271135944960348162
1271135816203501573
1271135797278846976
1271135544706301952
1271135483716874245
1271135451584307200
1271135399012970501
1271135393325486080
1271135325277040640
1271135310772989954
1271135242896670727
1271135163318185986
1271135155319521286
1271135130740875264
1271134860413931525
1271134812401807361
1271134691970539520
1271134626392576000
1271134573917884418
1271134562093895685
1271134433643462663
1271133858277318660
1271133773544001542
1271133726685179912
1271133693965299717
1271133335352479747
1271133263847923712
1271133215298854921
1271133210072711169
1271133152728227840
1271133001951465472
1271132927040999424
1271132873265987587
1271132744614060034
1271132743116652558
1271132682743840769
1271132539659247618
1271132303738142720
1271132181688131584
1271132130458791936
1271132113211764736
1271132008832368641
1271131966264442891
1271131831564472322
1271131830385889287
1271131745115496450
1271131726157426688
1271131715407241216
1271131687427211270
1271131676446359554
1271131641847713792
1271131620511289345
1271131550135050243
1271131486658404354
1271131372762083330
1271131230835216384
1271131072600969216
1271130895316127746
1271130894569361408
1271130732807716867
1271130693586780167
1271130686049714180
1271130587231850498
1271130493107310592
1271130360135299072
1271130260290056193
1271130215243231235
1271130179147005959
1271129808647454721
1271129759939006466
1271129747523657729
1271129733502304256
1271129719275237376
1271129707266916352
1271129640560545793
1271129498633863170
1271129363455660034
1271129286934757376
1271129136560365568
1271129109335244801
1271129063504183296
1271128992070983683
1271128963990138880
1271128911322251267
1271128894981234692
1271128847707185152
1271128816459460609
1271128806267461636
1271128803281117184
1271128775628029953
1271128751145979911
1271128720539922433
1271128569910046720
1271128402007855104
1271128368465842176
1271128202224812039
1271128137087299585
1271128115838955527
1271128047337435136
1271127952336584705
1271127919738454017
1271127878823038978
1271127860741373956
1271127676716187648
1271127581765615617
1271127580603793408
1271127556998168580
1271127517156392960
1271127369374457861
1271127337006960640
1271127241364320258
1271127174867804161
1271127166034550790
1271127140524871683
1271127121843433477
1271127109608628225
1271127062007472128
1271127012829270016
1271126978855342082
1271126746553696256
1271126725364154368
1271126673157582849
1271126585610027009
1271126470144876544
1271126466412138496
1271126366851747840
1271125950713917440
1271125863422144512
1271125858787291142
1271125847383191552
1271125830886973446
1271125814332063751
1271125742668169216
1271125657796263936
1271125649550389249
1271125638532005890
1271125311715971072
1271125262822858757
1271125252312051717
1271125210482253824
1271125201552658433
1271125064138788871
1271124979174735873
1271124976456871937
1271124914162921472
1271124871939055622
1271124686357684224
1271124614404468737
1271124614127603712
1271124589486235650
1271124519327956992
1271124507579867137
1271124444057145344
1271124438348595203
1271124424628948992
1271124341959385089
1271124301383639045
1271124132718088199
1271124123989803008
1271124108818997250
1271123984197677057
1271123926253547520
1271123914056519680
1271123503513849857
1271123496257585152
1271123434051756034
1271123368889081858
1271123365047054336
1271123363054919692
1271123242023976962
1271123218930241538
1271123174684422149
1271122893162926080
1271122736807641091
1271122697808994305
1271122656688046082
1271122652606808066
1271122621690712064
1271122576769761282
1271122557790556163
1271122546335850497
1271122468892278784
1271122444481441793
1271122392824373249
1271122322687213568
1271122234686537730
1271122210145464320
1271122080357113856
1271122018239471617
1271122008110247939
1271121991014244353
1271121988807991304
1271121846272917505
1271121743487340544
1271121466885574658
1271121366998233088
1271121273045897217
1271121186093760514
1271121118401888259
1271121085296238592
1271120815170478084
1271120791653007360
1271120770928750593
1271120727924633602
1271120646588727296
1271120605400662022
1271120554477727744
1271120403096915970
1271120291272503296
1271120098288439298
1271120094588997632
1271120080064188416
1271120053128376322
1271120050163003393
1271119950439120898
1271119815655161859
1271119747103457280
1271119613091360771
1271119427166179330
1271119427048747008
1271119426985869313
1271119265802989570
1271119242759471104
1271118881650663425
1271118859148447745
1271118852101820416
1271118782342234112
1271118689991929857
1271118660279689226
1271118592076124162
1271118218170707970
1271117900548636680
1271117884715159556
1271117846580469766
1271117758818811910
1271117531764477952
1271117520657952771
1271117498432266246
1271117483945099264
1271117405733953537
1271117300821823488
1271117180688633856
1271117113160355843
1271117066502918145
1271117024467521536
1271117020357156864
1271116991458414593
1271116835015077888
1271116689891946496
1271116601413296129
1271116560795447297
1271116117977829379
1271116016282750984
1271115880198475777
1271115656998641665
1271115588006526978
1271115405952552961
1271115372729708546
1271115330887323648
1271115248431480833
1271115195012853760
1271115142357549060
1271115078129967104
1271115069779132416
1271115016062808064
1271114983242444800
1271114922156609539
1271114888916529152
1271114849729359873
1271114808478380037
1271114764475707392
1271114743009480707
1271114684167532546
1271114635622703105
1271114540877561856
1271114485432938496
1271114467863117834
1271114451597570048
1271114326062116864
1271114203856683008
1271114203009626113
1271114192750292996
1271114073720131588
1271113875589562372
1271113746996506628
1271113683419181062
1271113620806565894
1271113605669359617
1271113469262270466
1271113365239336968
1271113313544519680
1271113222381330432
1271113176172593153
1271113141506670594
1271113012712259584
1271113010149539841
1271112868793135104
1271112865026658304
1271112856516395008
1271112771028103168
1271112589330743297
1271112455817740296
1271112377644302337
1271112308568317952
1271112152678621189
1271112075138473984
1271112022290137094
1271112011804479488
1271111867646214144
1271111703237808128
1271111653833277443
1271111531271467008
1271111438732591104
1271111397934587907
1271111083592425481
1271111032715440129
1271110871637516288
1271110796475428864
1271110619203338240
1271110569748135937
1271110465800876033
1271110463313633283
1271110415238512648
1271110352277835783
1271110154373574658
1271110150007459840
1271109826626682881
1271109771672743937
1271109724889587712
1271109512758546440
1271109296110141440
1271109025246175232
1271108971198324736
1271108603659739139
1271108531156955146
1271108515382398978
1271108502539272192
1271108446268592128
1271108339498471427
1271108324314845187
1271108207658795008
1271108124552736771
1271108093406044162
1271108031191842816
1271108002481930242
1271107989756243970
1271107958538207238
1271107945321787392
1271107934160916483
1271107790606610433
1271107785925804032
1271107675762372610
1271107659207528448
1271107519621091330
1271107289798197254
1271107167576301571
1271107134818836484
1271107114476417024
1271107077910548481
1271107028438724613
1271106885572104193
1271106825077665792
1271106763945922560
1271106727853916160
1271106567363014656
1271106507258515457
1271106469891629057
1271106383379914753
1271106368347529217
1271106258033131520
1271106155398475776
1271106069998247938
1271106007205318658
1271105979690749953
1271105929975599104
1271105916868284416
1271105840708300800
1271105822362341380
1271105770491449346
1271105741668208640
1271105707069276167
1271105690896039938
1271105653600333826
1271105512982052866
1271105498436304896
1271105497605775360
1271105482405687297
1271105482313302017
1271105482221109250
1271105437602123777
1271105400495112194
1271105224959197185
1271105208324706305
1271105116838428673
1271105068926791682
1271105046109806593
1271105037499056128
1271105014946299904
1271104821299490818
1271104552574615552
1271104477710385152
1271104366582419457
1271104327738896384
1271104309938315267
1271104309749518338
1271104309707628545
1271104274605305861
1271104270905905153
1271104166799323139
1271104139767033857
1271104139657969667
1271104139645288448
1271103950754807809
1271103693534965761
1271103636463144961
1271103540249989120
1271103462164455424
1271103427951632386
1271103347282640897
1271103302873182210
1271103296669839360
1271103160254226433
1271103142076338176
1271103103396347906
1271102992289333248
1271102942167339013
1271102928548438018
1271102909636321281
1271102864975441923
1271102685647863809
1271102630346006529
1271102629221892097
1271102626533441538
1271102517447987202
1271102478096961538
1271102390033199105
1271102364712349697
1271102117370101760
1271102001804390400
1271101941435772928
1271101881163677697
1271101844522250241
1271101708630802432
1271101654956478466
1271101454254817280
1271101381991071744
1271101321509126150
1271101206069424130
1271101158392770560
1271101123492012033
1271101059209912320
1271100996681216002
1271100980126515202
1271100807426048000
1271100766120325120
1271100632682749952
1271100625636524034
1271100625623961600
1271100625502208000
1271100564928151556
1271100546322247680
1271100456916389892
1271100350540349440
1271100299906867200
1271100185255374848
1271100158042755073
1271100043496501249
1271099891507396608
1271099880308604932
1271099875455913986
1271099828538241025
1271099816408301568
1271099804811235328
1271099525109649408
1271099484152320000
1271099312735318016
1271099004231626754
1271098933494906881
1271098927694127110
1271098702174830593
1271098623892357120
1271098542665408513
1271098454660591616
1271098431142936582
1271098388650606597
1271098126544355336
1271097947254595586
1271097631117209603
1271097241386835969
1271097143785185281
1271097116585332742
1271097045546422273
1271097016358232065
1271096896623427589
1271096816700928000
1271096793883914242
1271096748228952064
1271096745850593281
1271096478052777989
1271096440887091200
1271096286817644545
1271096239258398720
1271096139518021634
1271096010975174659
1271095937339883521
1271095930306134016
1271095640085467145
1271095605679591430
1271095440369303553
1271095136483782661
1271095135435186177
1271095100592934914
1271095075498409987
1271095000961560577
1271094944015540225
1271094926936342530
1271094834019930112
1271094782874529794
1271094775668768769
1271094756454662145
1271094583439605762
1271094567165722625
1271094545527246849
1271094511385616392
1271094391554400259
1271094388672913408
1271094238533607425
1271094200004562952
1271093891782127616
1271093848375164929
1271093844319199233
1271093606120644608
1271093496506695681
1271093496456327168
1271093496439615490
1271093470296449026
1271093434640556032
1271093323760046080
1271093242315132930
1271093242143158272
1271093149314813952
1271092945865891840
1271092940342001664
1271092833571799045
1271092730056359937
1271092590650294272
1271092519464505344
1271092466976985088
1271092455107158026
1271092427282173952
1271092413621133312
1271092344205520897
1271092299670458369
1271092166039875584
1271092097563721728
1271092062620876802
1271092021084684288
1271091865463422982
1271091856739352582
1271091786971258880
1271091724648165382
1271091701570887680
1271091568452272129
1271091502031073284
1271091156563214341
1271091120328638466
1271091040439750659
1271091036698423297
1271090871602221057
1271090853776367618
1271090763271733253
1271090657097105409
1271090260378869760
1271090241231704064
1271090154694991873
1271090100743614465
1271090001472864256
1271089990001479680
1271089835110027265
1271089710656561154
1271089668272951296
1271089503701172238
1271089441696657408
1271089283944845312
1271089049902764032
1271088865852391426
1271088612986273794
1271088478089031680
1271088367359406081
1271088327370956800
1271088315530448902
1271088304671395847
1271088293577457671
1271088207510331398
1271088142326493184
1271088122177089537
1271088120705015808
1271088060927795203
1271087876550406144
1271087787106656256
1271087775362584578
1271087765409562624
1271087641350586368
1271087608807002112
1271087562656890881
1271087147941007368
1271087031771443200
1271087011462623233
1271087002671214592
1271086962561085440
1271086942663344129
1271086811318595584
1271086730742059008
1271086711427280898
1271086650437840897
1271086631018168321
1271086563213168645
1271086555881324544
1271086403234025472
1271086321776254981
1271086122089750529
1271085999964205058
1271085928103190528
1271085747706216448
1271085704894918657
1271085632568397827
1271085528528584710
1271085518730690562
1271085418558246917
1271085407652978690
1271085159559954432
1271084879187509249
1271084864129941504
1271084807028531202
1271084556184150016
1271084512219455490
1271084433584644107
1271084405407318023
1271084353116725248
1271084210779021313
1271084193376862208
1271084160879333376
1271084124812587008
1271084087525036033
1271084051861057537
1271083964195917831
1271083817051262978
1271083789012267009
1271083762420514817
1271083722595500033
1271083720670425088
1271083682099613697
1271083640789884929
1271083584905007104
1271083576273108994
1271083387709648897
1271083367069597696
1271083078195216385
1271083010482270208
1271082964735188992
1271082600241782787
1271082588837470213
1271082541777391617
1271082442691096581
1271082350722650113
1271082313733099524
1271082235551027201
1271082235211456512
1271082147772694532
1271082114272751616
1271082076910092288
1271081911193088002
1271081795199459328
1271081735179112448
1271081544874987523
1271081521164816390
1271081516509073410
1271081318827405313
1271081295611752449
1271081226779209728
1271081204263972865
1271081197897240576
1271081178179629056
1271081128317849603
1271081052245819393
1271081039193092096
1271081007437971456
1271080914681036804
1271080906716045312
1271080859836182529
1271080818446929921
1271080782501744640
1271080756987793413
1271080683721629696
1271080574715920385
1271080477210927104
1271080468138430464
1271080456360849408
1271080420130590722
1271080072221523976
1271079919192289287
1271079828498898944
1271079475430723590
1271079468820553729
1271079310133284865
1271079227769659395
1271078689887879168
1271078639656931328
1271078547315208192
1271078476829937670
1271078420873707520
1271078300660764673
1271078233363054593
1271078162806554629
1271078155797835776
1271078137674076160
1271078045051424768
1271077969293987840
1271077967079358464
1271077916089163778
1271077733548699648
1271077700611047425
1271077670969901056
1271077602455781380
1271077463980941314
1271077387179098114
1271077190923423744
1271077164390256641
1271077132182134792
1271077123483217929
1271077042826752001
1271076990544752642
1271076450322407431
1271076413991292940
1271076339458564097
1271076308055883776
1271076223398141952
1271076220638281728
1271076220210479104
1271076206407045121
1271076161880125442
1271075833390739456
1271075706857021441
1271075524857774080
1271075450060709889
1271075394834378752
1271075329910726657
1271075295185993730
1271075262873112576
1271075177246281733
1271075054269259783
1271074976624304138
1271074945213386753
1271074763553849345
1271074672592015361
1271074457877086209
1271074420501745664
1271074277228515328
1271073910382039042
1271073556500267009
1271073494403395584
1271073461654507520
1271073453014241280
1271073450015195139
1271073416179744771
1271073125522976770
1271073018593161216
1271073018060722176
1271072672311414786
1271072576928768005
1271072350788780034
1271072216004747264
1271072118344749056
1271071882767470595
1271071846411177989
1271071811338452992
1271071799518859267
1271071754237157376
1271071684976619520
1271071518160805892
1271071241093423105
1271071217961885699
1271071008972255239
1271070992627118081
1271070954828050432
1271070901048672256
1271070899916111872
1271070492548403200
1271070461296861186
1271070368703434752
1271070350697050113
1271070321282596864
1271070214730514433
1271070171617284104
1271070027299672065
1271069990200971264
1271069855911944192
1271069833879314432
1271069747103387649
1271069623157391362
1271069584590864386
1271069467204861952
1271069318621650946
1271069231258447873
1271068947480281093
1271068847949385729
1271068777837461504
1271068650037030912
1271068611365474306
1271068375121346566
1271068286520905728
1271068271278768130
1271068256917434368
1271068125702713347
1271067833741520897
1271067668163026944
1271067659048804352
1271067613209276418
1271067597199609856
1271067576970469376
1271067491893227523
1271067454060494857
1271067292739108866
1271067202632982528
1271066975821877255
1271066943806746624
1271066890291601411
1271066659332124672
1271066653695107079
1271066595729670144
1271066307157528577
1271066207656034305
1271066016936800259
1271065862271913984
1271065761281433602
1271065760958312448
1271065755602337797
1271065559887761414
1271065545979330560
1271065453067149312
1271065308221054978
1271065260913549323
1271065209298464768
1271065176717099008
1271065172975792129
1271064930221948929
1271064901381840896
1271064469800706048
1271064463236571136
1271064137569837056
1271064063611674626
1271064061464047617
1271063767548194816
1271063714314153984
1271063672748748805
1271063660472029186
1271063393026351106
1271063375473184770
1271063282657476608
1271063073617559552
1271062976431181825
1271062938078588929
1271062709157662720
1271062236492992512
1271062219221094403
1271062192054509568
1271062048957296640
1271061990111424523
1271061931961528321
1271061663622615042
1271061520710086656
1271061321124061192
1271061291105386496
1271061078990974976
1271061058418020353
1271060875407953920
1271060865769525255
1271060852762869763
1271060662433677313
1271060465259593734
1271060445726748672
1271060421890301952
1271060348913713152
1271060269947445249
1271060244190429184
1271059756640239617
1271059613153181697
1271059362224705539
1271059206561337345
1271058823604822017
1271058811940483072
1271058749944455169
1271058502593556480
1271058123625762821
1271058117829287937
1271058087206674436
1271057887201296384
1271057880234577920
1271057766661197829
1271057625778700288
1271057550306353154
1271057493490233345
1271057355619348481
1271057299017211905
1271057265177526277
1271057058507481090
1271056987200110595
1271056741275500545
1271056716411678725
1271056648736354309
1271056533615493120
1271056510865551365
1271056219889758208
1271056180694171651
1271056074775420929
1271056026377297921
1271055991614947328
1271055923239358465
1271055918868901888
1271055862749114368
1271055836668997632
1271055490156507139
1271055335466438657
1271055152091447297
1271054977436442625
1271054944137654273
1271054826332459009
1271054809978884101
1271054797500813312
1271054541551796224
1271054466326945795
1271054176202772480
1271054086633189377
1271053971105382400
1271053702896508928
1271053677109956610
1271053661813256195
1271053426609336320
1271053375224897538
1271053146324959233
1271053001965416449
1271052291685134339
1271052271422504961
1271051533673783296
1271051398118019073
1271051339787718658
1271051273064890377
1271051034698317824
1271051024397217793
1271050862304034816
1271050821103431680
1271050821069877248
1271050761326096384
1271050682230083584
1271050585345671169
1271050511546974210
1271050495302533122
1271050493175795713
1271050373416005632
1271050312720121856
1271050071480492032
1271049967856205824
1271049912977772546
1271049752319156224
1271049719050121218
1271049593946624000
1271049579539161095
1271049543749173248
1271049459884011520
1271049416015839233
1271049359346462722
1271049291851759617
1271049260327469057
1271049194569183232
1271049172028981248
1271049107092668417
1271049068916031489
1271048997461995521
1271048905845878784
1271048822647672833
1271048729609605120
1271048687574269958
1271048616283705350
1271048390416220162
1271048276171649025
1271048230713860096
1271048205707415554
1271048084328534017
1271048067047964672
1271048039709454336
1271047792614682625
1271047700612513792
1271047522744709120
1271047313637740544
1271047206984916994
1271047189817708544
1271047185359163393
1271047028307451904
1271046703857176576
1271046370854658048
1271046201463447552
1271046151748423680
1271045826715045893
1271045788924358656
1271045754199646208
1271045384153022470
1271045234005327872
1271045226942078978
1271045224358445056
1271045149527810050
1271044925992435714
1271044430208761856
1271044068307546114
1271044017879494656
1271043783514185728
1271043748600971264
1271043731546832896
1271043509148147717
1271043429724717056
1271043403300691968
1271043299185491970
1271043289878331394
1271043113046458368
1271042599143591936
1271042509024694273
1271042406897594373
1271042370268692480
1271042160700411906
1271042103922110465
1271042053246509056
1271041861084479488
1271041494443491330
1271041314419806208
1271041181095391232
1271041007841193984
1271040976287604736
1271040894175772675
1271040812508381184
1271040803104788480
1271040748125814786
1271040712704839681
1271040650918625282
1271040647714279424
1271040379975094272
1271040211234041856
1271040171388133379
1271040084364521472
1271040017477992448
1271039734052196355
1271039494037409793
1271039491352993792
1271039486726672386
1271039485120307200
1271039226465959936
1271039209298464776
1271038989517062144
1271038924765487105
1271038746927017986
1271038695223824384
1271038517267894272
1271038385931550720
1271037889594482688
1271037879767179264
1271037805729402881
1271037719427387393
1271037705942491136
1271037300097667079
1271037237929656321
1271037202038956034
1271037020010360837
1271036763352502272
1271036762366730240
1271036379233955845
1271035973493764097
1271035919697686529
1271035751476736002
1271035736008122368
1271035594580385792
1271035577605992449
1271035261221126145
1271035250236424193
1271035164617928706
1271035134469267458
1271034806697185280
1271034613125840898
1271034589197279232
1271034266076319744
1271034239161708545
1271034235743137792
1271034188557217792
1271034171373219841
1271034007686242305
1271033931111059456
1271033869291192321
1271033854019715072
1271033827734020096
1271033653309714434
1271033504382451713
1271033432886243329
1271033331057123329
1271033185376313344
1271033122579152897
1271033070225940481
1271033063149953025
1271032604427456517
1271032557925068800
1271032287795326976
1271032085109768194
1271031927798222854
1271031866917879809
1271031081853165568
1271031076387876867
1271031027473907712
1271030587508363265
1271030141502849030
1271030068530143232
1271030037983174659
1271029701763567618
1271029581823148033
1271029454513504257
1271028824432619523
1271028746829455360
1271028648825499649
1271028638788448256
1271028627698827264
1271028237074862081
1271028097580699648
1271027774464167936
1271027725193617415
1271027636639236097
1271027580213301249
1271027483354095621
1271027351124615168
1271027206727143424
1271027138007891974
1271027117686501377
1271027083041542145
1271026808633339904
1271026786210643968
1271026753138569216
1271026622481735682
1271026443019902976
1271025938575306752
1271025807465512960
1271025585364635650
1271025533849972737
1271025383614418944
1271025319240228864
1271024687649296390
1271024525690523648
1271024210836623360
1271023860876541952
1271023795935916033
1271023573189230592
1271023318234042369
1271023249040773122
1271023072074760193
1271022193447665666
1271022127706144768
1271021898852376576
1271021305488236547
1271021100470763520
1271021005109112835
1271020726481555456
1271020678771118080
1271020209265152000
1271020127207796736
1271019686294097924
1271019683110629376
1271019607575400450
1271019492793937920
1271018711537848320
1271018379818741761
1271018206237425664
1271018206162038785
1271018206149390336
1271018113019121666
1271018050955821057
1271017793916411905
1271017564181651456
1271017522624520192
1271016089502138369
1271016020312875010
1271015868667838464
1271015513628565508
1271015451146047489
1271014882306134017
1271014812902924288
1271014741985636353
1271014545834815488
1271014206914080769
1271014197174964224
1271014143601115137
1271013907201576961
1271013871164297216
1271013782412804096
1271013164818345985
1271013071075643396
1271012953609900032
1271012741428412417
1271012670674780160
1271011622744621056
1271011259534753792
1271011227897077760
1271010939345797126
1271010519101538304
1271010448247107584
1271010271994183683
1271010168680132608
1271009871845101569
1271009345036267525
1271008917049315328
1271008493139636226
1271008333281951749
1271008235726790657
1271007914644258816
1271007900182425600
1271007705507954688
1271007262941876224
1271007098172616705
1271006805091475456
1271006663282130944
1271006481710747648
1271006409585569792
1271006358192652288
1271006275581759491
1271006195969675264
1271006051463098368
1271005925969543168
1271005641985884160
1271005245271871488
1271005031173517312
1271004736720863234
1271004704710017024
1271004301389959168
1271004151024058369
1271003924338601984
1271003465968259072
1271003315564736513
1271003286494162944
1271003172933435393
1271002617943068673
1271002561533878272
1271002476162899970
1271002325927317504
1271002169622310913
1271002150341132288
1271002133773651969
1271002114504916993
1271002108695924738
1271002065750200320
1271001813026832384
1271001688783060995
1271001384012283904
1271001219465527304
1271001065379500032
1271000942998061056
1271000861137793026
1271000858847662081
1271000825557659649
1271000781752283136
1271000716996423680
1271000690899300354
1271000487609982976
1271000450062413827
1271000234877956096
1270999961707126784
1270999910654128130
1270999888118063106
1270999708262117378
1270999555887292416
1270999456029323264
1270999210817581056
1270999109349052416
1270999079481421829
1270998662521458690
1270998565792501765
1270998339870392320
1270998231141539845
1270998198979645441
1270998138246103040
1270997800365568001
1270997668316184577
1270997286655492097
1270996833356185601
1270995931295559682
1270995753318649856
1270995719810363395
1270995686117511168
1270995266305495040
1270995017855885314
1270994818290708482
1270994541315870721
1270994536144211971
1270994457777799169
1270994205012307969
1270993145946353666
1270993108109455367
1270993006049427457
1270992848356356096
1270992734325747712
1270992717611335680
1270992627240857601
1270992507959214082
1270992065510457344
1270991816536526848
1270991682616655878
1270991290726068224
1270991232190369792
1270991181451718656
1270991118776315904
1270991038023434242
1270991004615823364
1270990992489902081
1270990981438099458
1270990795907010561
1270990699744223232
1270990559520399360
1270990162005241857
1270990146184400898
1270989759519657984
1270989719950802945
1270989418179026944
1270989379150979076
1270989191657279490
1270988956822372352
1270988223599312896
1270988155458641921
1270987349464236032
1270986864283906048
1270986748152156161
1270986128485572608
1270986083036266497
1270985754966134784
1270985652193157123
1270985621306175488
1270985533926367232
1270985424748507137
1270985268384980993
1270985208775479302
1270985037626912768
1270985024683343872
1270984642615640064
1270984581932605441
1270984448423518210
1270984324540559361
1270984169993244674
1270984167711531009
1270984027420282880
1270983978552565763
1270983942976360449
1270983811543846912
1270983783605403653
1270983744695021570
1270983533218144262
1270983504168452097
1270983374501482496
1270983347649601536
1270983285770866689
1270983262299729920
1270983208373489665
1270983191633920000
1270982625012797442
1270982463947497472
1270982401334767619
1270982252462321665
1270982212167651328
1270982179825336320
1270982134510104576
1270981954666663936
1270981547139751939
1270981374795812869
1270981316700332033
1270981302720831488
1270981251235708929
1270981134873067520
1270980958863450112
1270980611507843072
1270980507002691586
1270980418209185792
1270980031465078784
1270979823028957184
1270979666149380098
1270979614416896000
1270979451459899392
1270979097297068032
1270979084055719937
1270978975473467392
1270978624808779778
1270978477450289153
1270978379114635265
1270977782370185216
1270977724073390082
1270977579084918784
1270977155682443265
1270977126150426624
1270976910131068928
1270976580077137921
1270976562842697728
1270976546812149760
1270976229534031873
1270975970791624705
1270975744441794561
1270975203829362688
1270974849490411521
1270974780582187008
1270974700865421312
1270974698667438080
1270974524176003072
1270974398934200320
1270974240699842562
1270973828609392646
1270973725039624193
1270973664478007296
1270973501843951616
1270973483217031168
1270973370574790656
1270973246079479808
1270973240387796992
1270972958505414657
1270972890335203328
1270972673691127809
1270972483399593984
1270972264025112576
1270972111805231104
1270971856238059520
1270971767142506496
1270971646288019456
1270971498568843264
1270971211879608321
1270971079163437056
1270971015523381248
1270970936058150913
1270970930282496000
1270970776980582401
1270970671703547905
1270970337979752448
1270970189123731458
1270970100359847938
1270969942272245762
1270969833438564354
1270969382815088641
1270969261285048322
1270969111271497728
1270968770283163648
1270968718516944896
1270968521846075393
1270967903081414656
1270967851051073537
1270967671161380864
1270967627737939969
1270967507122180097
1270967393381048320
1270967304663322625
1270967292189274113
1270967036232024065
1270967006016176128
1270966741921943552
1270966593271541763
1270966574912954368
1270966568105771008
1270966510270517249
1270966496915849216
1270966209396142081
1270965486851895296
1270965380408737797
1270965362280984578
1270964992603336705
1270964880061992968
1270964793298620417
1270964613593661440
1270964591472893952
1270964568005791746
1270964537705893888
1270964449734651905
1270964353286770688
1270964292515479552
1270964271472615431
1270963926205792256
1270963841770426368
1270963408918048768
1270963381227466752
1270963330367188993
1270963329738199040
1270962859820843008
1270962795782209536
1270962686398992384
1270962622834376704
1270962502726123520
1270962477589823488
1270962347528470528
1270962141282144256
1270962140359331840
1270962067411890176
1270961926726733831
1270961869449289728
1270961852508487681
1270961555237109766
1270961535528165378
1270961534685065217
1270961533305131010
1270961462203351041
1270961242509721601
1270961223350140928
1270960855291576321
1270960645467504644
1270960403397263360
1270960303451275266
1270959999733256192
1270959960621559808
1270959728877862912
1270959683520643073
1270959490129522688
1270959383841845253
1270959319987613697
1270959293794103297
1270959083730984961
1270959007168172033
1270958993859588096
1270958855036588032
1270958801420574720
1270958544670478336
1270958525670449152
1270958391205167105
1270958289967292416
1270958270023372801
1270958189488603138
1270958150766788608
1270957841436815360
1270957611807055874
1270957571004936194
1270957345561104384
1270957327852531712
1270957158398603265
1270957134566621184
1270957126932889600
1270957116535144453
1270956862028972033
1270956835055398912
1270956810745372673
1270956743837863937
1270956118420918272
1270956106190254080
1270955916406505472
1270955543117561857
1270955041197867008
1270954617526984704
1270954501927649280
1270954482524971008
1270954407899914240
1270954292023713793
1270954135857147904
1270953965035810816
1270953898736525313
1270953805077757952
1270953668389601281
1270953431268818950
1270953425589751809
1270953305037045760
1270953194613587969
1270952999846916102
1270952684401631233
1270952554701000704
1270952137283956737
1270952014500036608
1270951964856049665
1270951727341027329
1270951593991602176
1270951395663937539
1270951251862327298
1270951066054660097
1270950397444673543
1270950294248026112
1270950104657039363
1270950059388145665
1270949964278050816
1270949904094040065
1270949756706029568
1270949317730119680
1270949190504349696
1270948954159616001
1270948746638102528
1270948723330170880
1270948519591866369
1270947855453339652
1270947752613163009
1270947661403820032
1270947607716732929
1270947370356768772
1270947155914588165
1270946885386350592
1270946868802007041
1270946574609330176
1270946485874700288
1270946396468736000
1270946371634413568
1270946313585262592
1270946119380582400
1270945854497722370
1270945791356530688
1270945708842061824
1270945519628509184
1270945437600460801
1270945301206118403
1270945248424923136
1270945104098975745
1270945095244808193
1270945006497349632
1270944896569016320
1270944872774668289
1270944776850796544
1270944675206180868
1270944598378987521
1270944387099316224
1270944232174284800
1270943930004062208
1270943923528175617
1270943887255879681
1270943866187681793
1270943857438384129
1270943648595632130
1270943518194892800
1270943439782391813
1270943392210419713
1270943213142962181
1270943182117896192
1270943117911326720
1270942594193862656
1270942389155377153
1270942328035786753
1270942307412393986
1270942290152960001
1270942073445740548
1270941992084819968
1270941841509060609
1270941769123971073
1270941697879560192
1270941518908534784
1270941390046998528
1270940701514235904
1270940278703230976
1270940147949858817
1270939543357853697
1270939463871496192
1270939190763626496
1270939185491456000
1270938860508176392
1270938675128524800
1270938488716828672
1270937852331921408
1270937767074283520
1270937603383099395
1270937450643361797
1270937276051324933
1270937160791863298
1270937130156654593
1270937045393866755
1270936962199887872
1270936872336928768
1270936754539855876
1270936724189765637
1270936624373866497
1270936599111569408
1270936500587421696
1270936482132512768
1270936478109990912
1270936137989750791
1270936096021590016
1270936087528124416
1270936033958518784
1270935954346225664
1270935390778580992
1270935284658712577
1270935212697038850
1270935104232148994
1270934883469340672
1270934645190713344
1270934644930736128
1270934618318016512
1270934561866813443
1270934485559738368
1270934424901820417
1270934284073910273
1270934106378055680
1270933803947581444
1270933753699893248
1270933606924455940
1270933471813386240
1270933446223896576
1270933445405966337
1270933016349683712
1270932969918730240
1270932832827797504
1270932743929520128
1270932546969354240
1270932336809357312
1270932182069063680
1270931866238025730
1270931432454500355
1270931405690765312
1270931116506189825
1270930670848749568
1270930532423962626
1270930431811215360
1270930364987404289
1270930354245951488
1270930175652327424
1270929956403634176
1270929881430396928
1270929823087521794
1270929819807571979
1270929759334268928
1270929754846138368
1270929255174746112
1270928945668665346
1270928943156248576
1270928935086256128
1270928845793869825
1270928760645222406
1270928654856597504
1270928596937388032
1270928541815697410
1270928485318643712
1270928473532456960
1270928095889911808
1270928078441676801
1270927900158517250
1270927801483497472
1270927754586755072
1270927417452965893
1270927269578412032
1270927144856637440
1270926920063102981
1270926807533891587
1270926793852301312
1270926793835454464
1270926793776803840
1270926777532194816
1270926735308197889
1270926703079165952
1270926488439853056
1270926445775224837
1270926233623289856
1270926029834596352
1270925960704114688
1270925771801059334
1270925689353654274
1270925677173317632
1270925644881330176
1270925630314549248
1270925583141257230
1270925562475720705
1270925526371196930
1270925276680052736
1270925237547421698
1270925130223534082
1270925047813640193
1270924906948165632
1270924765872734208
1270924549715120129
1270924509839650823
1270924075737722881
1270923746480701440
1270923739845271552
1270923717489688577
1270923526275502080
1270923462278774786
1270923462031347712
1270923404607176708
1270923252047593475
1270923109936304128
1270923043238526976
1270922756234903553
1270922652337745933
1270922568405585920
1270922468576854022
1270922446150021120
1270922376042156033
1270922364042215425
1270922274762158080
1270922179534782464
1270922160555597824
1270921986739494913
1270921895974703104
1270921748440141827
1270921704487952390
1270921684174979072
1270921656773382145
1270921639727755265
1270921612410290178
1270921595725344768
1270921465743978497
1270921464057913346
1270921386698190852
1270921246922997761
1270921212663754752
1270921065951354881
1270921030870024192
1270921023060410371
1270920937324580864
1270920834387865602
1270920797985492993
1270920749038141446
1270920693262114816
1270920128843014147
1270920094139514882
1270920039999451137
1270919918976933888
1270919837385142272
1270919793953116160
1270919739255095296
1270919517615484928
1270919276921270278
1270919048209985541
1270919042564489218
1270918859294416900
1270918727870152704
1270918677362286593
1270918563470233600
1270918537817788416
1270918481639354370
1270918190542065664
1270918160363986954
1270918158912647168
1270918113656217601
1270917945527418882
1270917808927518723
1270917798500470785
1270917763452801024
1270917755924090886
1270917601133309952
1270917540076826624
1270917522435436545
1270917478521044992
1270917385927655425
1270917307213086722
1270917303195107329
1270917125415337986
1270917064476131328
1270917026823974919
1270916995886862338
1270916960557993985
1270916881608781825
1270916856841453568
1270916616730050560
1270916599499849728
1270916321933492225
1270916319177826307
1270916280732844034
1270916261141233664
1270916228387913731
1270916178286792707
1270916140710182912
1270916124654346240
1270916106887315469
1270916035798020096
1270915947910619137
1270915897763520519
1270915880407400448
1270915680104316929
1270915616799707138
1270915592174911490
1270915508729233409
1270915489661956097
1270915360796090368
1270915321990430721
1270915265635790848
1270915234459521026
1270915226611965953
1270915223311003648
1270915190880710658
1270915113680281600
1270915081472282630
1270915080956325889
1270915032906379264
1270914946361147393
1270914833249075200
1270914779528548352
1270914716098011136
1270914710884343809
1270914624125169665
1270914417610326017
1270914389919494150
1270914368419647492
1270914226161438720
1270914122687737857
1270914046158491648
1270913872610951171
1270913512466870272
1270913463385276416
1270913456968007680
1270913423430254593
1270913400005103618
1270913280559599617
1270913131938750464
1270913073369493504
1270913018998804480
1270912614827204616
1270912510967889922
1270912508405198848
1270912434358890496
1270912346156756993
1270912245850165255
1270912181442433028
1270911739706707968
1270911707464863745
1270911487398359040
1270911475008208896
1270911448420663298
1270911374353477633
1270911355013431297
1270911226990792705
1270911180513689601
1270911119515934720
1270911039002066944
1270910995708461058
1270910952070950912
1270910933334986761
1270910841236398083
1270910747170742273
1270910742787772416
1270910734520717313
1270910685392887809
1270910563770667010
1270910453263319042
1270910399957745666
1270910274388856840
1270910261885468672
1270910194025979905
1270910167165677574
1270910167152984064
1270910167136247808
1270910069685850113
1270910060361920514
1270909980066164736
1270909943554756609
1270909885442666496
1270909872415088643
1270909695348412417
1270909633058594816
1270909514481651714
1270909490460872706
1270909347724505088
1270909281425068032
1270909204287631363
1270909202442203136
1270909135874166785
1270909088814120960
1270908975626596353
1270908914842783745
1270908901588971520
1270908814896873472
1270908758219055104
1270908753248993281
1270908678602985474
1270908675079786502
1270908586521251840
1270908355448627201
1270908245142429697
1270908223856562176
1270908191082115072
1270908183431704578
1270908064447827968
1270908002145632258
1270907986173497345
1270907951557931008
1270907841998544897
1270907802593222656
1270907796066832384
1270907716899409921
1270907664088915980
1270907550003859457
1270907498703323137
1270907462804107264
1270907385725374465
1270907374644219904
1270907319006769154
1270907149942693889
1270907078178201602
1270907047811268608
1270907046129475585
1270906919876734978
1270906907792945158
1270906851132047363
1270906840759631880
1270906779027865601
1270906778738253824
1270906744076554240
1270906649700642816
1270906579143979009
1270906403654270978
1270906350147690498
1270906156098060290
1270906068349009920
1270906055359373313
1270905713053876225
1270905661375672320
1270905523974672386
1270905492177473536
1270905303534645255
1270905268642201601
1270904885706457089
1270904559750316033
1270904507757506561
1270904444612276224
1270904441361666048
1270904440434749440
1270904439579086850
1270904438627041281
1270904393605566466
1270904205100888067
1270904130647646208
1270904093502996480
1270904023210758148
1270903980416217088
1270903884010184704
1270903871427284993
1270903853966331906
1270903778951041024
1270903608306020352
1270903550290333699
1270903472658042881
1270903402172526592
1270903351555874817
1270903321637904384
1270903298757808129
1270903256089161731
1270903234627076097
1270903163474804745
1270903067798646793
1270902999091572736
1270902989264322560
1270902919173484545
1270902897648128000
1270902843743121411
1270902841960521731
1270902811614724097
1270902715942649861
1270902629053456388
1270902591841599491
1270902567241990144
1270902522895577103
1270902360374566912
1270902313851420672
1270902099019259905
1270901963652128769
1270901800569319427
1270901777177751553
1270901633971617793
1270901401019973632
1270901364948860930
1270901327846158336
1270901254961709057
1270901208568512515
1270901111902351366
1270901076787593218
1270900971497979904
1270900956838887425
1270900921657102337
1270900814094065664
1270900411524882434
1270900361222479873
1270900346131492867
1270900243933073409
1270899955977289728
1270899919264591874
1270899897496039429
1270899864373608449
1270899681535627264
1270899671733424128
1270899666742382595
1270899524853272576
1270899452493139968
1270899310553468928
1270899212381597696
1270899129967710208
1270899119108829187
1270898982882082824
1270898892767404032
1270898827751567360
1270898800845033475
1270898778044870656
1270898755823210498
1270898579977105408
1270898553288822786
1270898524788531201
1270898291715211265
1270898226518949888
1270898042925912065
1270898000517369857
1270897996343865345
1270897958779858947
1270897949829201921
1270897947526529024
1270897907827433475
1270897785701830656
1270897751841259521
1270897667015610369
1270897577093935104
1270897510589050881
1270897466175561744
1270897449926828034
1270897437729849344
1270897386668412928
1270897314995961856
1270897309371363328
1270897303050690560
1270897296813592576
1270897178379055104
1270897172603645957
1270897168677654528
1270897107671625728
1270897062557749249
1270896741773123584
1270896730637131777
1270896480757284867
1270896344740302850
1270896344702562307
1270896344673247233
1270895882528075776
1270895704265887744
1270895692874203136
1270895687811526656
1270895685450293248
1270895455283494912
1270895434194489344
1270895351696744450
1270895327046860800
1270895316242440194
1270895252719755264
1270895247455903746
1270895247434944515
1270895247405592583
1270895172826664960
1270895034091651077
1270894967267852289
1270894937374986247
1270894755778646017
1270894752162963458
1270894712266899456
1270894698413072386
1270894644344299531
1270894588102762497
1270894560621875202
1270894455034265601
1270894267435823110
1270894242928316416
1270893916993343493
1270893839872593920
1270893828090839041
1270893814840995845
1270893802954256385
1270893786319581184
1270893601376161793
1270893535575732224
1270893498934480897
1270893422530957312
1270893325596254208
1270893214669524992
1270893181509537792
1270893035119882240
1270892997308223488
1270892991075495937
1270892856627134464
1270892785999077376
1270892758396354560
1270892723587805185
1270892627722985474
1270892611621064706
1270892611096764416
1270892600808157184
1270892568230969344
1270892494520270849
1270892387259363328
1270892303574417410
1270892262470250496
1270892035600498688
1270891951764758528
1270891663850864646
1270891501770412034
1270891453674332160
1270891370228711426
1270891294345355266
1270891293124812802
1270891204104814599
1270891161801064450
1270891086215622658
1270891028678148097
1270891020914438146
1270890971606200320
1270890964517675015
1270890809475432450
1270890656437862402
1270890583951892480
1270890477915602944
1270890471250952192
1270890364266663937
1270890343416729600
1270890270700130305
1270890191176249346
1270890190719107072
1270890136973332481
1270890082266947584
1270890063245848582
1270889968450273280
1270889864494448640
1270889661896982528
1270889550777208834
1270889432426651650
1270889400424169475
1270889348725125126
1270889295897866241
1270889271508054017
1270889247734710272
1270889246715457536
1270888983162089473
1270888976325455877
1270888903206211587
1270888805189509121
1270888692207333379
1270888666710380545
1270888482173575168
1270888347095797765
1270888196801548291
1270888181282467841
1270888138085466118
1270888036851691520
1270887982967521282
1270887880190132224
1270887860657442819
1270887775395549186
1270887723742699521
1270887432611864578
1270887394254954496
1270887233831108608
1270887160410001408
1270886970219270148
1270886715331395592
1270886710356910080
1270886592761278466
1270886535382986753
1270886499140206592
1270886474607661057
1270886390037909504
1270886351454572545
1270886333905600515
1270886326485876737
1270886302716657669
1270886269564801026
1270886267031601152
1270886267006472192
1270886238690705417
1270886186920411138
1270886181706715136
1270886024835731467
1270885944770605056
1270885907525013505
1270885875140964354
1270885864269365249
1270885799614009345
1270885796359344138
1270885737634787329
1270885633347801091
1270885534643171329
1270885528359981056
1270885474073292804
1270885467198636033
1270885403663499276
1270885179083628548
1270885129389510656
1270885081318653952
1270885031679012864
1270884988309962757
1270884922887032837
1270884904666947584
1270884847096082432
1270884845170745346
1270884772437307392
1270884758520827906
1270884600399704065
1270884592724082691
1270884542883209216
1270884504891043841
1270884478341320704
1270884464198025219
1270884448318427137
1270884346115719169
1270884336687108103
1270884288809091072
1270884204860096512
1270884199143178240
1270884195431137280
1270883902966513665
1270883893407887363
1270883831441211393
1270883781780660230
1270883636368347136
1270883451324030976
1270883449394491392
1270883168623747073
1270883121848868866
1270883002726440967
1270882994392371201
1270882984221179916
1270882964767797248
1270882960124841986
1270882949634969607
1270882947642658816
1270882932417331202
1270882911689019393
1270882741710721026
1270882678351503361
1270882603852234759
1270882602778583047
1270882588836507648
1270882538546962432
1270882428802891776
1270882401418387456
1270882349064962049
1270882326164066304
1270882287878619136
1270882276109418500
1270882210170707969
1270882172463972354
1270882051776868352
1270881854397112321
1270881846616784898
1270881837309521921
1270881724021555201
1270881673941409793
1270881646615527424
1270881589904453640
1270881554651324416
1270881470865911816
1270881251054977025
1270881112265568256
1270881081345167361
1270880976332378112
1270880941800599555
1270880802964996098
1270880787458555904
1270880713999556617
1270880679031713795
1270880623167705090
1270880364895051776
1270880270355488769
1270880217540644864
1270880215141679104
1270880160984825863
1270880117925928960
1270880067246264321
1270880051265851392
1270880021385633792
1270880003253612544
1270879993715929091
1270879976599027713
1270879851470180353
1270879733769801731
1270879703042347009
1270879666639974405
1270879659853561856
1270879587644223489
1270879519247917058
1270879506136522753
1270879355334463490
1270879325991075840
1270879325852663810
1270879311201996800
1270879244827197440
1270879162320990208
1270879083904172032
1270879069807144960
1270878981512986625
1270878979281444864
1270878945819398150
1270878877368360966
1270878833340633089
1270878700742103043
1270878691216838659
1270878612825288706
1270878590922563584
1270878514888261632
1270878504016625673
1270878502137376769
1270878405060427776
1270878387083644936
1270878324722511872
1270878276810969089
1270878276140126208
1270878246398316546
1270878182233776128
1270878135844773888
1270877963215568896
1270877871347728390
1270877810211450880
1270877678162202625
1270877663414988800
1270877651704721408
1270877650920394759
1270877515935100929
1270877501074673670
1270877468581220352
1270877416894980097
1270877343922487303
1270877295520002049
1270877248137109512
1270877220039536640
1270876990170697730
1270876968020475905
1270876943735558145
1270876908318625793
1270876886806212611
1270876886797881347
1270876886634299397
1270876883899617282
1270876715863048192
1270876684078678023
1270876487890026496
1270876477303787520
1270876470982868992
1270876414284378125
1270876399469948929
1270876375361167362
1270876290132967425
1270876281685422080
1270876223325958144
1270876111858208768
1270875961102348288
1270875959025995776
1270875902239404034
1270875897109925889
1270875889040068608
1270875842630094848
1270875824904794114
1270875734333100032
1270875659397718016
1270875614040535041
1270875573880008704
1270875520184365056
1270875483249561601
1270875474051256320
1270875453612572672
1270875426353643521
1270875384419168257
1270875370363990016
1270875335882653697
1270875321672306689
1270875316702056448
1270875276495523842
1270875056965648384
1270874845795016707
1270874755416064009
1270874727700148226
1270874694422597632
1270874658552897541
1270874656032112641
1270874620326010895
1270874573186248707
1270874464591458304
1270874441556406272
1270874432819605505
1270874279354253313
1270874225843281920
1270874097208229888
1270874047912587264
1270874027050098689
1270873949392551939
1270873926730682371
1270873916643434498
1270873909810757632
1270873856824098816
1270873823563468801
1270873698497593355
1270873474874171397
1270873467311841282
1270873429244129280
1270873334922858497
1270873223740129280
1270873166664040448
1270873128386863105
1270872970018373635
1270872942759555074
1270872896865525762
1270872835397910529
1270872800430088198
1270872760156401666
1270872707211689986
1270872684260478977
1270872589808918528
1270872480748646406
1270872408858284034
1270872369469501440
1270872292059480070
1270872285478600706
1270872267392606208
1270872259087998978
1270872144788914177
1270872132961124354
1270872105656213510
1270872084655280128
1270872027243728897
1270872022248235009
1270871970469556224
1270871805499080705
1270871775946199041
1270871743549374466
1270871682820050953
1270871649034747904
1270871614352232449
1270871596417216512
1270871587449962497
1270871581753896960
1270871568181194752
1270871565152985088
1270871523457302528
1270871424551485441
1270871415831527424
1270871321677709312
1270871227637346304
1270871165502881792
1270871033558503425
1270870844177297409
1270870838095437824
1270870785582866437
1270870697422868482
1270870653231456256
1270870642351538176
1270870612769210374
1270870567768461312
1270870432170815490
1270870419168530432
1270870404979208194
1270870334103867392
1270870308908527617
1270870308065546241
1270870186082648064
1270870174279884811
1270870124644327425
1270870070974169089
1270870039739187200
1270870014799814663
1270869953852383233
1270869811212562433
1270869690672451591
1270869564675420160
1270869299402596352
1270869278674374657
1270869258327724033
1270869167256862721
1270869055667417088
1270868969679843329
1270868949928939520
1270868912369020933
1270868899186294784
1270868860183461898
1270868831343226880
1270868763316031488
1270868722597707781
1270868712036409344
1270868681967439872
1270868613159936002
1270868590745526272
1270868556503289856
1270868545954557959
1270868518645334016
1270868453583466507
1270868453075845125
1270868409740296193
1270868314458374144
1270868266320375811
1270868234070142977
1270868126729736195
1270868050850361344
1270867969795657729
1270867879039324160
1270867646850924545
1270867644615286784
1270867634867879937
1270867514071887872
1270867501455486976
1270867395066900480
1270867313126854656
1270867226652897280
1270867226485239810
1270867226468507654
1270867221787615233
1270867157694414848
1270867153386954755
1270867131471736833
1270867019219390465
1270866811723165697
1270866742303129601
1270866734040395777
1270866668449697797
1270866658605875203
1270866404657463298
1270866244556767232
1270865902196723713
1270865850506059778
1270865849621110784
1270865801734733826
1270865665038209024
1270865580392734722
1270865556120514560
1270865525698990081
1270865412071317506
1270865255023820800
1270865154809397249
1270865105388003328
1270865013234962432
1270864955206582273
1270864908532449287
1270864889293094912
1270864737241387013
1270864544647090177
1270864524799770624
1270864461818200064
1270864454088089600
1270864446223724545
1270864227687903234
1270864184608251905
1270864177859637250
1270864176710369282
1270864168833384448
1270864118258569216
1270863953166548994
1270863925404409857
1270863847201689601
1270863813655408640
1270863661272305664
1270863616690937858
1270863530225545216
1270863470175625216
1270863345185435648
1270863143980457995
1270863119317962754
1270863054243332096
1270863044642512896
1270863036266528768
1270862880347435009
1270862841994711043
1270862808222183424
1270862801511288832
1270862715938979840
1270862619256250369
1270862508748951553
1270862133555630080
1270862105609146368
1270861932971474944
1270861772635942924
1270861709301989377
1270861656919126016
1270861648589402115
1270861567211470849
1270861540074422273
1270861490560667649
1270861464098701312
1270861454116302860
1270861364219850756
1270861315758854146
1270861287841574912
1270861246196301825
1270861198049804294
1270861125215825920
1270861112339099648
1270861107339472896
1270861083176325121
1270860970483568640
1270860964448083970
1270860923029389315
1270860797724377088
1270860747896008706
1270860733580890112
1270860692720156672
1270860611535155202
1270860610729902080
1270860591469600768
1270860586994335747
1270860460645068801
1270860405179645953
1270860405162663936
1270860405141901315
1270860310702850055
1270860308068909058
1270860308052168705
1270860307980791810
1270860180130070536
1270860174174162946
1270860135448088578
1270860017886015488
1270859983001923587
1270859974437199877
1270859950802247681
1270859924843552773
1270859843344138240
1270859828550873094
1270859705955598342
1270859705930440709
1270859705750097922
1270859689652137985
1270859667573530631
1270859665719676929
1270859637521293313
1270859294792134657
1270859281709981703
1270859110628691970
1270859092911742977
1270859084254806017
1270859071982153728
1270859051467894785
1270859001878794241
1270858971713171456
1270858864028602368
1270858795531427840
1270858777844121601
1270858773436018693
1270858655810768896
1270858507286446080
1270858403011854338
1270858371604905986
1270858331477782528
1270858305854939145
1270858254428577792
1270858040212885504
1270858040124887047
1270858040049311744
1270857617154269185
1270857575416967171
1270857405509832704
1270857358625902594
1270857352544018432
1270857059936931843
1270856888092147712
1270856742809694208
1270856706503979009
1270856632730374144
1270856518053826560
1270856468825243648
1270856370837950465
1270856139589079040
1270856138293153795
1270856017094619137
1270855965211009027
1270855944457633794
1270855902011297798
1270855854447886336
1270855619650768896
1270855571768586240
1270855569897713664
1270855523559043073
1270855419821527042
1270855337596186624
1270855318252249089
1270855259968040962
1270855154028306432
1270855037728837632
1270855024567033858
1270855023426260992
1270855010822131712
1270854921273868288
1270854895990566913
1270854858514542603
1270854851761590272
1270854838973132800
1270854819243102208
1270854657771032579
1270854641081876481
1270854608416657410
1270854483766108167
1270854423225331712
1270854285681623040
1270854232862650369
1270854082937393152
1270854035831128065
1270853917837078528
1270853622960553984
1270853530182656000
1270853444312522753
1270853428940607488
1270853388369002496
1270853298564632576
1270853297281343494
1270853264741982208
1270853176149901313
1270853125990203393
1270852941461635073
1270852876303286278
1270852874562498561
1270852812721831938
1270852793885171714
1270852786536710144
1270852777468661764
1270852695579033601
1270852673831657477
1270852664432173057
1270852657163403264
1270852592596389893
1270852325914132482
1270852302388281345
1270852298584010752
1270852174579261442
1270851913832116225
1270851879233359872
1270851821687443456
1270851821469302785
1270851821456838657
1270851770177159170
1270851624941096962
1270851589213794304
1270851526412640256
1270851520423006208
1270851512084938752
1270851443465961472
1270851397580320768
1270851327006924800
1270851304181694466
1270851284778848263
1270851227392315393
1270851191237468160
1270851179237515264
1270851084580532229
1270850762227269640
1270850588683784193
1270850366985449472
1270850338535297024
1270850310337150979
1270850266934448129
1270850043310829569
1270849988650819584
1270849876025380866
1270849848946733056
1270849771163582471
1270849742164185090
1270849724980084741
1270849681367670788
1270849500412882944
1270849449728884736
1270849307734933505
1270849257965322251
1270849224305971200
1270849100821549059
1270849082521763846
1270849079585771520
1270849010883051520
1270848952229912579
1270848882768044033
1270848855311966208
1270848692719886336
1270848690991673345
1270848684863913986
1270848611576938499
1270848601510547457
1270848577720520706
1270848309628997632
1270848224291622912
1270848214497931264
1270848208156028928
1270848118049968129
1270848077042085890
1270847963829432320
1270847955407339522
1270847814419939329
1270847676305858560
1270847662577692673
1270847642898247684
1270847642227089409
1270847611587551233
1270847449054302208
1270847217423855617
1270847145222959106
1270847019133931532
1270846968391180295
1270846952771670017
1270846925324136448
1270846759879704578
1270846655391301636
1270846655248715777
1270846655248642048
1270846571689771009
1270846519608934400
1270846450063126531
1270846380802637825
1270846250200563724
1270846215274606597
1270846197876486144
1270846116012208128
1270845828698177537
1270845776986624002
1270845737241206785
1270845671701016576
1270845640143142912
1270845611038801921
1270845598896357377
1270845585218777089
1270845420021964802
1270845390451965959
1270845358810124288
1270845244922306560
1270845105226813442
1270844709280374791
1270844674333462532
1270844671921545217
1270844461602480132
1270844355864133634
1270844272149962753
1270844175311921153
1270844005463531520
1270843941600911361
1270843937952018434
1270843783719124993
1270843655977414659
1270843583470452738
1270843379199414277
1270842998436200448
1270842992455225347
1270842881964531713
1270842819876401159
1270842727849095168
1270842672970784768
1270842640309743616
1270842600241709056
1270842485217144833
1270842451033374720
1270842357781598209
1270842198712557570
1270842168253403136
1270842097680224259
1270842082345783296
1270842026767122433
1270841986740674560
1270841913294426115
1270841870084648961
1270841868537008128
1270841789382090752
1270841783753138176
1270841681345216512
1270841598859972615
1270841465934151681
1270841421428224000
1270841415673643008
1270841388750553094
1270841163352666113
1270841117114806272
1270841039717367810
1270840946071162880
1270840939657990151
1270840748032905220
1270840684313030657
1270840667917475845
1270840653702930432
1270840587529396226
1270840568839639042
1270840537503936513
1270840448534405121
1270840404007510016
1270840386525765632
1270840380842483712
1270840256594616321
1270840234272526336
1270840189787799554
1270840179935399942
1270840135798661123
1270840063690182656
1270840004386881536
1270839956538372096
1270839887596597248
1270839730716979203
1270839673154416642
1270839534947913740
1270839526890536961
1270839318152646656
1270839236133105670
1270839168936091650
1270839095175122946
1270839094701174786
1270839053550792711
1270838817302278145
1270838767750914048
1270838744858284032
1270838622493855744
1270838603497836550
1270838412828950540
1270838335808827392
1270838329546858499
1270838267928293376
1270838264270925825
1270838223011528705
1270838220431986689
1270838114781556737
1270838041008123905
1270837824334344192
1270837813798297600
1270837732198227968
1270837712292139009
1270837662635655182
1270837647569813505
1270837367948091392
1270837342794846210
1270837319147442177
1270837314181349380
1270837298616307714
1270837210594582534
1270837105514684419
1270836926866763783
1270836677561417728
1270836647928705026
1270836645428957184
1270836481561591809
1270836441401249798
1270836416336052224
1270836399235665921
1270836358055997441
1270836081823531009
1270836037384835073
1270835765560344580
1270835674455977986
1270835631283937280
1270835492062466050
1270835444335276032
1270835432876457984
1270835362584244228
1270835264492122112
1270835242039902209
1270835096359260166
1270835093788135424
1270835014180225025
1270834821846228999
1270834811398127620
1270834782939815936
1270834705315672064
1270834699703930886
1270834444862140416
1270834404701507584
1270834394245275649
1270834386175356929
1270834255224946693
1270834242285481984
1270834107346452480
1270833968712122368
1270833905134903296
1270833792513695746
1270833737308217346
1270833677673680896
1270833559842910209
1270833526699671552
1270833352623489026
1270833316455948288
1270833223069839361
1270833123073409030
1270833036528099328
1270832895117189123
1270832885382201344
1270832768835112960
1270832703512948736
1270832688673390592
1270832476324315137
1270832454194978817
1270832301300162567
1270832220048064514
1270831940107526144
1270831892737208320
1270831812374409216
1270831571545645056
1270831552914653186
1270831421960192001
1270831385381609472
1270831360425340928
1270831215893983233
1270831202132529154
1270831182087745536
1270831150228004864
1270831051204689923
1270831033135628290
1270831015934730241
1270830978068430849
1270830955587080195
1270830907054796800
1270830692352634880
1270830679165751296
1270830639474974720
1270830581710860293
1270830548165033985
1270830515084541952
1270830430560964619
1270830305792806913
1270830235714490376
1270830222175322113
1270830218312404992
1270830204173406209
1270830121243381760
1270830015077203969
1270829887255953408
1270829877697163270
1270829779185471488
1270829752098709504
1270829733438042112
1270829552479191042
1270829473819168768
1270829473726959619
1270829400251076610
1270829348921020416
1270829316721594368
1270829263172878341
1270829209745793030
1270829022750969856
1270829002048131075
1270828972000059395
1270828930644279298
1270828865372463110
1270828836096262149
1270828730777305088
1270828725211447298
1270828605363412998
1270828509427089411
1270828498475790336
1270828325842362369
1270828139946610690
1270828103972139008
1270827944487710720
1270827920739598336
1270827877051891712
1270827593714020358
1270827586994810883
1270827453586554880
1270827413522591746
1270827401694633987
1270827363534811147
1270827248069644288
1270826938517635074
1270826936957153281
1270826742312243203
1270826629661679626
1270826614398607362
1270826608342040576
1270826584610496513
1270826580810567686
1270826463131062273
1270826438778707968
1270826429169745920
1270826396441550848
1270826287851081729
1270826155931770883
1270826131374043136
1270826038608699392
1270826038520668163
1270826038419996673
1270825930391531520
1270825922829201409
1270825859474247680
1270825723171794945
1270825596768194563
1270825584520642562
1270825538031149062
1270825468560842752
1270825417927282688
1270825389988839425
1270825356245766150
1270825353276264450
1270825319101083653
1270825318333415424
1270825309475045382
1270825299958272000
1270825239723806720
1270825223743569921
1270825048245493762
1270824876954267649
1270824863490588673
1270824753360748544
1270824720234164225
1270824669671718912
1270824587257921538
1270824573534158852
1270824569910308865
1270824551518097408
1270824528118255619
1270824515531083776
1270824514465792005
1270824503019540480
1270824404860252162
1270824309846507520
1270824275579072512
1270824157060587520
1270824106372370432
1270823841925722112
1270823758387982336
1270823698342305794
1270823698254172167
1270823698128408584
1270823556155351040
1270823543220178945
1270823387087212544
1270823379424198659
1270823333202989056
1270823179762753541
1270823122145550339
1270823110229573634
1270823090726076416
