1283142955705020417
1283140787933454339
1283140705582546945
1283140682299748352
1283140378573578241
1283138835845484544
1283138787728674819
1283138351197978625
1283136506669015048
1283136284853182465
1283136014836531206
1283135846661726208
1283135725651865600
1283135488132554758
1283135355395481600
1283135179951935488
1283134607488147459
1283134072588349441
1283133675148697600
1283133472752582656
1283132108253396992
1283131932075798535
1283131530060210178
1283131322181906432
1283131188350193664
1283131141499826182
1283130402870190082
1283130165598576642
1283129905241362433
1283129898283028481
1283129504618217473
1283127431415521280
1283126895429799944
1283125091799142401
1283123669959573504
1283121494692892672
1283121216107274241
1283120182651691009
1283119828065300480
1283119778748674049
1283119658770427904
1283118384469639169
1283117807585157120
1283117446879154176
1283116572656238592
1283115645547229184
1283115328973627392
1283113951006523392
1283113943679086593
1283112665435508737
1283112275528740866
1283111009855692801
1283110751662510080
1283108510771879938
1283107660146106369
1283107634464411648
1283106102419357697
1283104648036003850
1283103835121229825
1283102102110134272
1283099958241980417
1283098392491630592
1283098347264450561
1283097298583515136
1283096937453858816
1283095998722498560
1283095532643037185
1283094506724904963
1283094391855489026
1283093392306565120
1283092751723008000
1283091333008093184
1283091226158391301
1283090949581627398
1283090811664519173
1283090074456948736
1283089778074943493
1283088529245995008
1283086067688542208
1283084817274413056
1283081884440899587
1283081516030005248
1283079690102571009
1283078171252920320
1283077827101949952
1283077772596908034
1283077203916255233
1283076335452262400
1283075761826492417
1283074448665583618
1283073994762010624
1283073112158986240
1283072625078603776
1283069538876166150
1283069169618030593
1283068838226132999
1283067720985182214
1283067212874633221
1283067184609189892
1283065705198477316
1283064884540977152
1283064369949995009
1283063518472929280
1283062317958205455
1283062042547687424
1283061388663943171
1283061374692851714
1283060538310832135
1283060487547088897
1283058366487527425
1283057978870861824
1283057913762844678
1283057154296086528
1283056445911715848
1283054071314812930
1283052533527785472
1283049275484786689
1283046544766316556
1283045990308741123
1283045716068360194
1283045588897009668
1283044405864271878
1283042522739232775
1283040590171643905
1283038435343847424
1283038407397081096
1283038157278257153
1283038085115240448
1283037010576527361
1283036262430056449
1283033632941248512
1283033210352332800
1283032925827629056
1283032849701117955
1283030169444249600
1283028965653909504
1283028433950433280
1283027698009485312
1283026818744946688
1283025942902865921
1283024720879919104
1283024342218088448
1283022496585916417
1283017157287333888
1283015782335762438
1283015650970079239
1283014645423513601
1283014092475834369
1283013862296555520
1283012474401361922
1283010962598121474
1283010452469972993
1283010174207369218
1283009501835206657
1283007288635043849
1283005310853165057
1283003385642471424
1283000406369542145
1283000293412741122
1282995272675667968
1282993832427237383
1282992010782179328
1282987912230055936
1282979904452276225
1282979710092357633
1282979678353948674
1282979645399474176
1282979506748370945
1282979088316194817
1282975970278780931
1282974308776718337
1282971640523943936
1282968987148488705
1282968855178932224
1282962007814221824
1282959921030414337
1282956906043248643
1282956205158215681
1282955209510199299
1282953168641564672
1282950072351592449
1282949979041136640
1282946206897811457
1282945904995995648
1282939219652915212
1282937106495451137
1282935714481491970
1282933418922254336
1282932603197124615
1282929222345007104
1282928174343630851
1282927349743456257
1282926966329487360
1282926510974935041
1282924788604903425
1282923762380406786
1282923061633667072
1282921055439523840
1282920648159838208
1282919536556224512
1282919316699185153
1282918150468771840
1282916404069449730
1282915926824738817
1282915328671047680
1282915108642062336
1282913700001849344
1282913214146150402
1282912229629792257
1282910792992473090
1282910375210614785
1282909984083390466
1282909387544305671
1282908533873414149
1282907292996861952
1282905728920035330
1282904522499612672
1282901315346202624
1282899784240693253
1282899292999446529
1282897285324648450
1282896338670309377
1282895539512782850
1282892985273774089
1282892770458435584
1282891253546450945
1282888051073712128
1282888046757711876
1282887709053251585
1282887041324216321
1282886116023001088
1282886057399390214
1282883705837625345
1282880102511054849
1282879164559822848
1282879021974302721
1282878728486260737
1282877515141459970
1282877066480951298
1282877003537043456
1282876534173437953
1282875696197578752
1282874042236772353
1282871938952511494
1282871858300358658
1282870985939652608
1282870197267976195
1282869395971334147
1282868506220834816
1282865875658379264
1282863801956696065
1282861316462399488
1282861158681255936
1282859820245286913
1282859294904291330
1282858532614729728
1282858051700228097
1282858025611599874
1282857730273882116
1282857201221197825
1282855181797949442
1282853215898345472
1282852627970240512
1282852023055024128
1282851776463433729
1282850143696334848
1282848581280583680
1282847791572643840
1282847684878053376
1282843156338417665
1282842480585723904
1282841761132486656
1282841339416047616
1282840074757894144
1282840021968379905
1282839474834006016
1282839150849413123
1282838206266904577
1282838136599584769
1282837593080684545
1282836779020759050
1282835185814446080
1282833323379826690
1282832663536111626
1282832334279127042
1282832175054888962
1282832107220488192
1282830946056785921
1282830527142285312
1282829647516848128
1282829490599727104
1282828462705840132
1282828003429490688
1282827615401902083
1282826328270680072
1282825252192391168
1282824824570576897
1282824504012533760
1282822885166505996
1282822809140559873
1282822189377560578
1282821940730834944
1282820996140015617
1282820215651201024
1282819720325013504
1282818769757310978
1282817718467440642
1282817410458890252
1282816603508408323
1282815839230730240
1282815706925391873
1282815233598222336
1282814655656800258
1282813932172910594
1282812058761822208
1282811600861376521
1282810004597342209
1282806385659596800
1282805586141356032
1282805563785699328
1282804819921481729
1282802772186988545
1282802507387793408
1282802358011953153
1282802267159134210
1282802191766441990
1282802183516426240
1282801832507568129
1282801122709655554
1282800971995848705
1282799853400199171
1282799743282884611
1282799410175516679
1282798897568636931
1282798577492860930
1282798531733000194
1282798456860549122
1282798036486365185
1282797795590713345
1282796108213714944
1282795133281415171
1282794323893878784
1282794278679269376
1282793932074758145
1282793811832442890
1282793636405620739
1282791609617330176
1282791577337946118
1282789943820062720
1282789295225401345
1282789261578842116
1282787439505895424
1282787162472230918
1282786616273182728
1282786504323076100
1282786377143332865
1282785890704728067
1282785730125680640
1282784525341331457
1282784472119808001
1282783944258260993
1282782414050340867
1282782366327595010
1282782347725856771
1282954448755720192
