1276258502747406336
1276258397227188224
1276258267770077184
1276257919093399567
1276257745956737024
1276257737278656512
1276257468364886016
1276256995784482816
1276255953491460097
1276253952816766977
1276253160638566400
1276252402111242240
1276252308154679296
1276252280405155840
1276251997344116736
1276250980716339201
1276250876391243776
1276250843285610496
1276250296134623232
1276249897193398277
1276249144789786645
1276248713296515072
1276248676676100109
1276248624163414030
1276248604966096898
1276248574242807833
1276248541221052442
1276248164685811714
1276248083500879872
1276247952713908225
1276247386776653824
1276247248150704130
1276246267434340354
1276245958205071367
1276245651316244482
1276245049970434049
1276245034212290560
1276245005519200256
1276244853245042688
1276244778821263360
1276244732927193090
1276244581365903360
1276244429905391616
1276244077474914305
1276243681029296131
1276243376392658949
1276243186181013504
1276243034510962695
1276242615621390336
1276241263604518919
1276241222882000896
1276241091172470785
1276240971919998979
1276240882119794688
1276240837324574720
1276240103745236995
1276239963932299269
1276239282697637888
1276237977929146369
1276237254189633538
1276237224456192005
1276236925897244673
1276236734234128384
1276236120448282629
1276235946921353216
1276235921948651522
1276235490950213633
1276235177996562434
1276235144442130433
1276235065580761088
1276234883778711555
1276234606078054400
1276234421893566472
1276234186404384768
1276234002098204673
1276233992883195905
1276233639852945410
1276233549293682693
1276233509494013963
1276233499830353927
1276232423991369730
1276231544877842441
1276230055367258112
1276229464133906432
1276229278057652226
1276229027599134722
1276228524630827009
1276228330778492934
1276227681101713408
1276227555473973251
1276227456127524865
1276227311826882561
1276226352383918080
1276226128139747332
1276225309902323712
1276224770439360513
1276224543967916032
1276224236810637316
1276223853329559553
1276223445043478534
1276223221138890754
1276223017954271233
1276222966523555840
1276222955505188865
1276222811040698369
1276222657495814150
1276222439559696384
1276221589193920519
1276221418196406275
1276220206323466242
1276219426027773955
1276218430362968077
1276218384267567105
1276217866199732225
1276216996003274752
1276216207452958720
1276216176985534465
1276215947280482306
1276215764740124672
1276215470132264960
1276215048168443904
1276214706378858498
1276213799700385794
1276213348447784962
1276212528599744514
1276211796551118858
1276211771628494848
1276211641294741504
1276211528417587201
1276210861305221122
1276210822742708225
1276210811707555846
1276210763074428928
1276210446832459782
1276210314669948928
1276210026668007425
1276209870484750337
1276209566909370376
1276209036459835392
1276208943082201096
1276208767328272384
1276208735455776773
1276208506098589698
1276208433910255616
1276208419087757318
1276208325248659458
1276208296127533057
1276207800960442368
1276207358159589378
1276206888867241984
1276206880021458948
1276206330060079106
1276206050862039042
1276205824054943745
1276205717524004866
1276205409599193098
1276205306431889409
1276205288912281609
1276205050851926023
1276204676095127553
1276204196178677760
1276203997104390146
1276203829910962176
1276203609995304960
1276203497248010240
1276202873056083968
1276202548781879296
1276202263338516482
1276201687904948224
1276201339790528513
1276200867507712005
1276200837375766529
1276200017540284416
1276199639666921477
1276199484377174018
1276198823174471680
1276197871914823682
1276197032227753989
1276196885766651912
1276196303480008705
1276195897269837825
1276195109076262912
1276194993506418688
1276194799297724419
1276194500692631552
1276194384304693249
1276194249650864131
1276194151453929472
1276193890622533632
1276192994220290049
1276191831663968261
1276191410023272451
1276191207576780811
1276191117499916293
1276190789270474752
1276190669279825923
1276190506679222275
1276189502973726721
1276189286686212097
1276189159472971778
1276189037225787397
1276189027692142592
1276189010784894978
1276188871080869889
1276188100138610688
1276187313102630912
1276187165031006212
1276186840870146048
1276186648473198592
1276186641716084737
1276186292628439046
1276185948188000257
1276185932807405569
1276185855061889031
1276185760731979786
1276185750388736002
1276185514924740609
1276185214469967872
1276185116918734848
1276183897995444232
1276183846829072384
1276183791955054599
1276183086791823361
1276182913025892352
1276182862941872133
1276182457805651975
1276181993924038656
1276181876152176640
1276181449914421249
1276181187011239939
1276181171123052544
1276180886103322624
1276180244135886848
1276179996722298881
1276179599924383746
1276179002844217346
1276178946946527233
1276178891669942272
1276178246351142912
1276177979517870087
1276177814706929667
1276177383050088450
1276177154624098309
1276177096830865417
1276177028098805761
1276176968824819712
1276176331097739266
1276176245047214080
1276175884945436673
1276175873985699844
1276175845544034306
1276175476537659398
1276175468543250432
1276175140104142856
1276174729947250689
1276174728315666432
1276174573809983488
1276174309636136960
1276174309598171140
1276173301858041856
1276173074438795264
1276172623177711616
1276172231798915075
1276171921684606977
1276171622685294598
1276171612551892992
1276171287703048193
1276171250201694214
1276170555885064195
1276169615438118913
1276168538324111360
1276168508506767363
1276168287446065155
1276168152062349314
1276167885921095682
1276167437357121541
1276167276534861825
1276167149380386821
1276167024977248260
1276166899261456387
1276166648408481793
1276166500051755019
1276166360821792771
1276166311282958339
1276166250650009602
1276166181544693760
1276165989994987520
1276165910932459526
1276165561152659459
1276165356688748544
1276165278762704897
1276165220415746048
1276165140350730242
1276164490619498497
1276163847439745029
1276163242524585985
1276162935153459208
1276162791905337346
1276162659063390209
1276162257311891456
1276162103112540161
1276161958794997761
1276161550714310658
1276161149386592261
1276160765674901507
1276160281245253639
1276159885462429698
1276159351842013185
1276159004935368704
1276158811003392000
1276158031395422218
1276157987099418624
1276157792823529473
1276157629719511040
1276157292011020292
1276156858114486272
1276156398859161601
1276155464540213249
1276155290925387779
1276155169764450305
1276154816931270657
1276153760901890053
1276153501995974656
1276153279895003137
1276152509468495879
1276151784516595717
1276151272098406405
1276150111299670019
1276149900611399682
1276149508569731075
1276149439191711747
1276146133128171523
1276145918115491842
1276145698086334465
1276145651676516352
1276144391556608007
1276143405899436037
1276142927153033217
1276141879374069760
1276141750055309312
1276141718153375744
1276140250834833409
1276138683456880640
1276136446261329920
1276135936955428864
1276135541273174018
1276135308329975809
1276134790153080835
1276134621206515720
1276133673641836544
1276133152940068864
1276132805949480960
1276128254110371841
1276127740614369281
1276127717210165248
1276126741602369540
1276126213107564544
1276126201682300931
1276125364318810112
1276125216729513984
1276125213390966784
1276124854157299712
1276122667578425345
1276122310248972288
1276122290057437185
1276122010607857665
1276121266454499329
1276120429363634176
1276119641379737600
1276119598602084352
1276119277582667779
1276118968193949696
1276117411662618624
1276116892177104896
1276116185923420166
1276116111436767233
1276113481218101251
1276110947258707969
1276108916934336512
1276108353622728704
1276108007244513281
1276107911203299328
1276107735403311104
1276107566649671681
1276107371295752194
1276106787872268288
1276106050366844928
1276105339696558080
1276105200470839296
1276104474067709953
1276104382262784000
1276104187663626243
1276103952371609602
1276103316557238274
1276102669594251264
1276102474735255553
1276102176385970177
1276100563676147713
1276100288383012864
1276099347143364608
1276098956104208384
1276097260825333765
1276096934797889536
1276096639632113666
1276096094913679361
1276092979300773889
1276092926137901059
1276092583903666177
1276092059884158976
1276091565186875392
1276091451580059648
1276090977283747840
1276090877673340933
1276090860636119040
1276090712073920512
1276090025491394560
1276089834365497346
1276089214396805120
1276086867277029376
1276080379578011648
1276080029252882432
1276079270499160064
1276075290444337153
1276071641227943937
1276070965995331585
1276070045358186496
1276070014332911621
1276069267243520001
1276068279497392128
1276067983127982080
1276063601825112065
1276062004952723456
1276061429494415361
1276059837177135104
1276059401682472960
1276058286127820800
1276057006764425222
1276053276203638788
1276050359144701952
1276048858011836416
1276048551441838080
1276047606142074880
1276045103870513154
1276044256780697613
1276043959421161472
1276043790642446336
1276043361070256128
1276043252676702208
1276042616174493698
1276042315132555266
1276040019438862336
1276039782875967488
1276039221917122561
1276039158478315525
1276037770868404224
1276037361923751936
1276037316776267776
1276036703405305857
1276036613068505088
1276035592678236160
1276034578893996032
1276032827470090241
1276032141571342336
1276031525214019584
1276031278488457218
1276031255251951616
1276030054258991104
1276030042041208833
1276029424094380033
1276029188366118912
1276028134966603776
1276027516306640896
1276027515480543232
1276027434580705281
1276027174059991042
1276026429537423361
1276026099252805633
1276025278662422529
1276025255337705472
1276025092791656449
1276025065201688576
1276024983219625984
1276023662341165056
1276023164355571712
1276022910105387018
1276019122527240193
1276016899466366976
1276016818692513794
1276016461123686400
1276015988442574848
1276015754060738562
1276014928386801665
1276014530510782469
1276014121063010309
1276012548353998850
1276011623371517953
1276010986932187136
1276009658017292288
1276009101265235969
1276009060710731776
1276008723736137730
1276008338627743744
1276007030118068224
1276005914441650177
1276005776017031169
1276005715841298432
1276005284889137153
1276005140877774848
1276004283838857217
1276003964551671808
1276003828593233923
1276003715623858176
1276003605535961089
1276003360781619200
1276001628940877825
1276000539747237889
1276000363951382528
1276000147932164098
1275999327165353985
1275998641467998209
1275998592843603968
1275997913135689728
1275996626453217285
1275996261355868162
1275996155269218305
1275995440501133312
1275995388965781510
1275995253925990402
1275994521474605061
1275993751186538501
1275992615486283778
1275991431442808835
1275991281697787907
1275990691626332161
1275990310741594127
1275988798959222784
1275985706947448832
1275985301601579008
1275985259214053376
1275984911170564097
1275984510228758529
1275984446320259073
1275984165708730370
1275983691957895168
1275983554346876930
1275981871311175680
1275981220912955394
1275980977538465792
1275980256038567936
1275980133476839432
1275979845235851264
1275979359975870466
1275978591604367361
1275978568934227968
1275977671030312962
1275977102240763905
1275976906215694336
1275976836149907456
1275976794462707712
1275976647850602496
1275976376538075136
1275975900614594562
1275974850864168960
1275974742177206273
1275974421384216583
1275972337133924353
1275972332893413377
1275972184985534464
1275972070564921344
1275971950775599105
1275971943989215233
1275971909382004736
1275971893007245312
1275971870274187264
1275971294434152448
1275971169536147456
1275970396072767489
1275970111388745728
1275969045590769667
1275968597144137730
1275968485206581248
1275968094347935745
1275967589903142912
1275966860245139456
1275966750165696513
1275966583022784512
1275966398271913984
1275966224309108738
1275966066963996673
1275965940866469890
1275965859777769473
1275965595578773511
1275964854935982080
1275963542047526914
1275963111929937921
1275962535141924877
1275961655441141766
1275961623216300033
1275961458946441216
1275960631938744323
1275960622052708353
1275960401323163648
1275960156388577280
1275959388138876938
1275958466780200965
1275958287528333314
1275957971428577281
1275957338252480514
1275957034647785472
1275956984102223875
1275956905752629248
1275956112613916673
1275956092309311491
1275955313938698240
1275955203053887489
1275955029447528458
1275954140884217858
1275953995996114944
1275953122830168066
1275952160723931136
1275951080191344641
1275950339506630657
1275950130013679616
1275949595143688193
1275949394941149185
1275948624078409728
1275948428984487937
1275948285337964544
1275948006341255168
1275947054204891142
1275946379563728896
1275945409232416768
1275944731411992576
1275944075884204034
1275943492137582597
1275943491319693312
1275943141099659265
1275942893614661634
1275941681628618752
1275940938830024704
1275940543420264448
1275940499711422465
1275940393469784069
1275938894047932416
1275938678494412805
1275936982271582208
1275936833382150144
1275936392351277058
1275935036676530176
1275934941780508673
1275934752466300928
1275934379814948864
1275933972082688001
1275932975943819273
1275932605553217536
1275930828376346624
1275930158864744449
1275930098189963265
1275929758686158848
1275929401209745408
1275928984518299648
1275928923231137793
1275928336980742146
1275928202163060736
1275928142633414656
1275928130763370498
1275927925297164288
1275927361712615424
1275926500328472583
1275926371756380161
1275926211533762562
1275925564717744128
1275925478877138947
1275925002253107200
1275924691908046848
1275924521887948802
1275923732704436228
1275923673992527872
1275922455454875649
1275921610537496577
1275920928376074241
1275920919869952000
1275919477868240898
1275918884000890882
1275918689523490816
1275918332412063744
1275917979646132225
1275917350886309890
1275916651918249985
1275914987786174464
1275913970818449412
1275913784469655554
1275913563090178048
1275913441136402432
1275912769703821312
1275911917866045445
1275911853923860480
1275911837226348545
1275910495837532162
1275910101585584128
1275909916436369408
1275909749993803776
1275909548340117504
1275909192616775681
1275908628638244864
1275907805455831040
1275907801928343552
1275907493546393605
1275907472457375746
1275906678005923841
1275906604332920832
1275906524855107590
1275906520245587971
1275906430470520832
1275906328066744321
1275906288325713925
1275905638334414848
1275905248419291136
1275905200511991817
1275904179765116930
1275903418821783552
1275903333543403520
1275902482405826560
1275902415619919872
1275902371839819782
1275901924152393729
1275901867159990273
1275901810067161088
1275901755952369666
1275900236796514306
1275900130898534400
1275900101643448325
1275899580069154816
1275899505980903427
1275899183619334146
1275898920619687936
1275898740449124353
1275898471392915461
1275898282540240900
1275898174285250563
1275898136129679362
1275897979535327235
1275897435173371907
1275896994133716992
