1296188258943029248
1296186047563431941
1296185735058542592
1296179101775073280
1296177753599938560
1296174344884744192
1296169929981362176
1296166752255119360
1296157593283579905
1296152173605199873
1296150458734698504
1296150446667632640
1296150157646614529
1296148545255419909
1296148065305452545
1296143116274151425
1296141068417761280
1296140445257523201
1296140384695996416
1296136862499831811
1296135870542741506
1296135866558144512
1296133331235622924
1296132166632579078
1296129450376155136
1296129339222876160
1296127686100660224
1296127550897270784
1296123299563356163
1296120744892674053
1296119427780481027
1296116335823421442
1296115608371761152
1296114727039401989
1296114157922611200
1296112053824806913
1296109762367696908
1296109628082868224
1296108752979087360
1296108260638982144
1296107096862347265
1296101726219534342
1296101330642059264
1296100539894202369
1296097443885527040
1296097380434149376
1296090291271655424
1296089799619678208
1296088584580206594
1296083843645083651
1296083780986441729
1296079280489861122
1296079182393479168
1296075841684766720
1296075519406923778
1296069750154461184
1296069471606628353
1296068520837623808
1296066583475785729
1296064338856419331
1296060741217398785
1296060399498997761
1296056586843181057
1296051858289696769
1296051853554339840
1296050176788922368
1296048759147814913
1296047608708956161
1296047000190955524
1296046997024247810
1296046545289256962
1296044797283545092
1296036886159470593
1296035529767686144
1296028841820016640
1296024665337368577
1296023867773853697
1296022691066056704
1296006237545431040
1296005860062265344
1295987203932401665
1295976177933250560
1295967947295531008
1295967854915981312
1295965661252825089
1295962365280886785
1295961012210999296
1295954554056593408
1295949671081357312
1295947526659596288
1295938998838284290
1295934845072351232
1295931387380486145
1295928163923628032
1295925799518982145
1295921871234400260
1295920431434694656
1295916541343494144
1295916183888199680
1295914437216526336
1295911989047427074
1295911703457267712
1295910992598183936
1295906517540048904
1295904271393685506
1295903505606045696
1295897880264421379
1295897798244786176
1295896089535688704
1295890435492073477
1295888805837393920
1295886868723228680
1295885500788637697
1295881369608949761
1295876548160102402
1295872690566422529
1295864701570527232
1295863211758149632
1295862352580153346
1295858612670275584
1295857900888432642
1295856678131257344
1295854519763513345
1295853096661377024
1295852540257591298
1295846554054488065
1295846298948710400
1295846182434951168
1295843267721015296
1295842643054866432
1295838914125627393
1295838003777150976
1295835025162809349
1295834004676018176
