1279157691164905474
1279156442692489216
1279155176121733120
1279154768120893446
1279152695845228544
1279152543738847240
1279148706579664897
1279147306361602050
1279146096678313986
1279142541720338433
1279141983798394880
1279141742961397763
1279141700146016256
1279141362663817216
1279140888447537162
1279140282571907075
1279140079169044480
1279139659369648134
1279139492327305216
1279139293726998531
1279139089233608704
1279138790485954560
1279138407998947328
1279138163487842304
1279138147910246400
1279137109698363392
1279136663709442048
1279136621095510019
1279136483660759041
1279135901013041152
1279134999577423872
1279134677069111296
1279133460507119616
1279132548098961409
1279131902600007682
1279131666821394432
1279131227094687750
1279130335276498945
1279129557526872065
1279128645555101697
1279128563808112642
1279128501308841984
1279128289441918979
1279128227240382466
1279128108772229120
1279127901833531392
1279127751551848448
1279127717057789952
1279127292426350592
1279127257039110146
1279126665776394240
1279126659464155137
1279126558922420224
1279126355909636096
1279126037901783044
1279125600490438656
1279125364116078598
1279125359909371904
1279124933231198208
1279124252168302592
1279123887889043456
1279122680646701059
1279122492502749185
1279121264062246912
1279121248035856384
1279120388908290048
1279120050268471297
1279119960632168448
1279119135503536128
1279118122700509184
1279118054576631813
1279117896736821248
1279117840172244993
1279116978456838145
1279116523303550976
1279116139235344385
1279115949828968448
1279114981838118912
1279114849281327104
1279114689323073537
1279112899840131072
1279112485044285441
1279112432787640321
1279112312465485824
1279111954926272515
1279111716832284674
1279111205882220550
1279110723159961605
1279110092902690817
1279108753132883968
1279108607347511302
1279108032941580288
1279107565822017537
1279107534750539776
1279106741096132608
1279105804793192449
1279105748379865093
1279105691698036738
1279105523690938377
1279105159931576321
1279105117418131456
1279105095179866112
1279105068948770817
1279104873284415488
1279104711258447888
1279104588470259716
1279104218226241536
1279103405873680386
1279102154675011584
1279101835786235904
1279101215733723137
1279100937278128128
1279100817484607488
1279096936495276034
1279096648933822465
1279095562189647873
1279094937032830976
1279094449415602177
1279094192514490369
1279094116471779328
1279093367364898817
1279092964103540737
1279092324031578112
1279092032829521921
1279091960179945472
1279091329117696000
1279090023946694660
1279089311665852419
1279088666258767873
1279088612030795776
1279088463317524481
1279088413942177793
1279088103626547200
1279087998450237440
1279087185640042496
1279087110587383810
1279086867317764099
1279086200762929154
1279086140700667905
1279085092980195328
1279084623214116868
1279082015657246720
1279082007763529736
1279081086639734784
1279080935489757185
1279079996707962881
1279079805959516165
1279079376269774848
1279078891525636102
1279078849301659649
1279078111641055232
1279077378086408197
1279077230937767937
1279077189326114818
1279075527140270082
1279075039413927938
1279074870610059264
1279073853080141825
1279073423319339013
1279073089666584576
1279072193125601285
1279071912182849536
1279069137701134337
1279068904917172225
1279068664793268224
1279068558408871937
1279068040307580936
1279066421788585985
1279065967969161217
1279063752378368002
1279063350958161921
1279062177614356480
1279062140649984009
1279061070494093313
1279060859537354752
1279060492380770305
1279059578295070721
1279058137543315456
1279057594045399040
1279057418912100353
1279057007396491265
1279056986072592391
1279056764177129478
1279056452066443264
1279055096177975299
1279054769374613504
1279054629049970689
1279054472187015170
1279054059861946371
1279053730898477063
1279053727375265795
1279053586996113412
1279051799756894209
1279050603138813952
1279049614654570496
1279049276920934402
1279048875408592896
1279047267174043649
1279046838298050560
1279046469337710592
1279044784821157888
1279043185596141570
1279043057552261123
1279042512112570368
1279041546462126081
1279039540141920256
1279039390472237056
1279038609476276224
1279038508192194561
1279038280877707264
1279037480314925060
1279037439630163968
1279036769506226176
1279036592305422336
1279034327855255552
1279033623266508802
1279033533059612673
1279033452856176641
1279031579445047298
1279030615225110530
1279030409985228802
1279030061946023937
1279029976323350528
1279027411607343104
1279025500610953217
1279024368232923139
1279024349559783425
1279023481561243648
1279022984506871808
1279022622173548544
1279022572097564673
1279021898488254464
1279019937583988741
1279019733858373632
1279017623523430402
1279017005778173953
1279014273159585792
1279013047034613766
1279011768166219776
1279011053473427456
1279009619310829568
1279006025736060928
1279003771931168768
1279001851841708032
1279001062607896576
1279000430429605891
1279000349425057793
1278999594349846529
1278999320881033216
1278999003938516993
1278996271777435654
1278996132945956864
1278995480488194048
1278993888628228098
1278990469322637316
1278987531892264963
1278987474375782401
1278986599976632320
1278986473526759424
1278982120304709638
1278981934488698881
1278981487023452160
1278977014209433601
1278975852085047297
1278975747672223745
1278975333665038339
1278974678309023744
1278974258593640448
1278972150515412994
1278968092148678656
1278965160686706688
1278964491699589120
1278964033362759680
1278962419818131456
1278960133071089665
1278958560622317573
1278956860230389760
1278956471175262208
1278956039962910720
1278952211792478209
1278950247427969024
1278949346231218176
1278948663629213696
1278947783853178882
1278947044531548160
1278946396813422592
1278945968163938304
1278945298220412929
1278943813386620928
1278943421172838400
1278943203161370625
1278942916602400770
1278942106288095232
1278940658691014657
1278938107061006336
1278938090199896064
1278937951980990464
1278937821810700288
1278937612305268737
1278934742751117312
1278933133375741952
1278931784286089216
1278931554832510976
1278931231154016256
1278930468000477184
1278929615701135361
1278929160241508352
1278929044327641088
1278928384769306624
1278926454026354688
1278926222131515393
1278925530855694338
1278924524017385478
1278923470110445569
1278922741052129281
1278922032160411648
1278921788777521152
1278920933563121664
1278920344498307072
1278919083531145216
1278917755845193729
1278917279376277504
1278916495695740929
1278914218855522304
1278913872821436416
1278913788213735424
1278912743223910401
1278910945826398209
1278909554974240769
1278909368470327299
1278909349709197313
1278907887067291651
1278907864099074048
1278907745396232199
1278906549688295424
1278905679735148549
1278904513936719873
1278904372110389249
1278903931947663366
1278903525263761409
1278903363770318848
1278903176679141376
1278903066889195522
1278901420905787392
1278900977253433345
1278900494958825477
1278899637089439746
1278894441890185216
1278893537942056960
1278892170829631488
1278889822204067847
1278889656952582144
1278888645034991616
1278888597459009546
1278885117017100293
1278885101292658688
1278883483155337223
1278883261364699143
1278883165562482688
1278882998633422849
1278882594159902720
1278882297392087040
1278881615150809088
1278881147804512256
1278880965868355584
1278880946146684928
1278880184083582977
1278880100818149376
1278880072280268803
1278878701396963329
1278877691865739265
1278877587687833603
1278876678320787456
1278874569034604544
1278874151575531520
1278872645208100869
1278871193404219392
1278871013808275456
1278870171369615360
1278870037277765632
1278869883405471744
1278869790900121602
1278869705353281536
1278869373063778307
1278869224753172480
1278869045622616065
1278868751799246848
1278868111999918083
1278867392928645121
1278867125206204417
1278866649068732417
1278865621531279361
1278865112544219137
1278864792976007175
1278864630886969344
1278864252003135490
1278861692848529408
1278861224088752130
1278860761742241792
1278860534327189506
1278859427051864064
1278858628754075648
1278858560022036480
1278858281411371008
1278857805605351424
1278857759694323712
1278857215709937665
1278857043751759872
1278855431788597248
1278855383147298817
1278851953448177667
1278849504708624384
1278848208291201024
1278846439498690572
1278846235781169157
1278846089232351232
1278845709148721154
1278845515703164928
1278844462870007809
1278844451079827457
1278844397644206081
1278844034249785345
1278843693470892033
1278843652412895233
1278843415715872768
1278843380475322368
1278843337588572160
1278842691367743489
1278842688595537920
1278842600842240001
1278841074946134017
1278840765926563841
1278840641695494144
1278840457129127937
1278839307026026497
1278838639955492870
1278837925896171520
1278836292122484737
1278835872188624896
1278835530076237825
1278835431132413952
1278831234345390087
1278830948101107716
1278830189938708481
1278828240820461568
1278827159763726338
1278826720506896384
1278826471461720064
1278824728875225090
1278824101684051968
1278823777502191616
1278823672803987466
1278823609402716160
1278823355521667072
1278823176122830850
1278823085609754624
1278822896266289152
1278821837259104258
1278821734834147329
1278821494395633664
1278821354733801475
1278820859826692097
1278820666926661632
1278820359274446851
1278820138234589186
1278819353841065985
1278819137691803648
1278818353000390657
1278817757870645249
1278817063327404033
1278816802735304707
1278816638180220929
1278816073349988352
1278815615579557889
1278815588559839232
1278813827774152711
1278812352616554498
1278812299487178752
1278811816555094016
1278811324810739712
1278811127477141504
1278810866276761600
1278810747930214400
1278810436528418816
1278809091696209920
1278808953095368704
1278808723159420928
1278808562370781184
1278808373010460673
1278808351347036161
1278808020999376898
1278807126891278337
1278806686841610241
1278806471044739072
1278806132560220161
1278806036724559875
1278805962640498688
1278805206034251778
1278805119530864645
1278804907420778496
1278804521905524739
1278802578487345156
1278801125060247552
1278798866821890049
1278797099702894592
1278796083334991874
1278795871509983233
