1281228486942883841
1281331406828982272
1281331228470321153
1281331212871626752
1281330072809545728
1281329561838460928
1281329494863872000
1281329280597835782
1281328890590433281
1281327722787201024
1281327363628789760
1281326142604091392
1281325714885750784
1281325145932460032
1281323304893272064
1281323290083000320
1281323178619478030
1281322904735621129
1281321042976350218
1281320818228649984
1281320474023264257
1281320069516062720
1281320053150027776
1281318825066143747
1281318627376054273
1281318177432129538
1281317604603248640
1281316861792174081
1281316541443776512
1281316294378258432
1281314646570536962
1281312884841082882
1281311847497363456
1281311640965742593
1281310860187664385
1281310520793063425
1281310409690152966
1281309993178853376
1281309900732280834
1281309784088739840
1281309532191424512
1281309373831118848
1281308789015146497
1281308676914122753
1281308316254208000
1281307738207911938
1281307205782798336
1281306125183393792
1281305778050068481
1281305749990318084
1281305475225714695
1281305393398984706
1281305235294576640
1281304915688558592
1281303555094315012
1281303274788990977
1281302745878867968
1281302076681793539
1281301681003794434
1281300652191289344
1281299249846718471
1281298290131288064
1281297955132145664
1281297565778997248
1281297383683354625
1281297232126509056
1281296697574883328
1281296151942176769
1281296141930373123
1281295711213142018
1281295219418415107
1281295125923020801
1281294796275855360
1281294758992687104
1281294041100038144
1281293938188574722
1281293727693262849
1281293480321519617
1281292907870253056
1281292587983241216
1281291951048994816
1281290206524649476
1281289482118090753
1281289263758401536
1281288987118837760
1281288768935297025
1281287059768881153
1281286796370903040
1281286516812189697
1281285867802419202
1281285827109289986
1281285585148219394
1281285453103026176
1281285014106238977
1281284950881447937
1281284748481085445
1281284591538634752
1281283411542446083
1281282649202491392
1281282230724239360
1281279981155430402
1281279465394507777
1281279176805244929
1281279082643075072
1281279065798905858
1281278701749977088
1281278486641074176
1281278174043701248
1281277827615260673
1281277448534069248
1281277283521556482
1281277217293680644
1281276946794663942
1281275924151963649
1281275537688649729
1281275258813714432
1281275061878624256
1281273879164583941
1281272749604904961
1281272374076334081
1281272318195568640
1281271953345650688
1281271908059627526
1281271177101684736
1281271042527412225
1281270395673489412
1281269849294069762
1281269033128660994
1281268467291893761
1281268337360715776
1281266813502779393
1281266756997337090
1281266350606909446
1281265626980519936
1281265610480107538
1281265388261695489
1281265339234422785
1281265228102029313
1281264350792003586
1281263296306348032
1281263112964804608
1281261657310867461
1281261481913450496
1281259027666698246
1281258951342989312
1281258835529945088
1281258499905855488
1281258098330656768
1281258018168963072
1281257674521411584
1281257320735887360
1281256698640908291
1281256321812176896
1281255361987710976
1281255330958229505
1281254827109101574
1281254263969153024
1281254165256298501
1281252818746310657
1281251084267401216
1281250723204870145
1281250380773556225
1281249690818940930
1281249585776799747
1281249288601952258
1281248527927017474
1281245931862552577
1281245564823310337
1281244937271607296
1281244790030508033
1281244564125372418
1281243747494309889
1281243633191182341
1281242545461194753
1281242356788924416
1281242348010106880
1281242322806738945
1281242309930123264
1281241600694333441
1281241555639173121
1281241067610832896
1281240320064270336
1281239679023624193
1281239416141422593
1281239173840678913
1281239155134140416
1281239102491430912
1281239000594952198
1281238325316239360
1281238137080025089
1281237434748014593
1281236255100059648
1281236128763346952
1281234988122411009
1281232924461989889
1281232265289367554
1281231872060788736
1281231776422096898
1281231562458247168
1281231053945004032
1281230687077576705
1281230346781167617
1281229665315598337
1281229637230747648
1281229592544632832
1281229281398587399
1281229045783461889
1281227352480141318
1281226565666430980
1281226164447719424
1281226109338750982
1281225520915591169
1281225214370684929
1281224898459979776
1281224683287982080
1281224203912523779
1281223262412967939
1281223214706970625
1281222304375201799
1281221443217428482
1281220613034708993
1281219621970837504
1281219615729823745
1281219592551985154
1281219042213277697
1281218612443971587
1281216899129454593
1281216802148634626
1281216063720611845
1281215394091610113
1281214196722655232
1281213611483049987
1281211991886086150
1281211974051913729
1281211853679534084
1281211502360494085
1281210693564407809
1281210685138120705
1281209347691950081
1281208458491150336
1281208347555844096
1281208249094725632
1281207514546176002
1281207020755058688
1281206722229448706
1281206284935745537
1281204995782737920
1281204171849584644
1281204031017320451
1281203999325241348
1281203627848355840
1281203600849612800
1281203492665856001
1281202424179576835
1281202014878412802
1281200564156559361
1281200343913828353
1281198502123618304
1281195940947296261
1281193565511507971
1281193074215940097
1281191913836564481
1281189380405764097
1281188688869969927
1281186567785242624
1281185659462520838
1281184269835042816
1281181324091559936
1281180631964233728
1281180416649592832
1281180042970742785
1281179691794169858
1281178114341683203
1281177996657713163
1281177845826453504
1281175653077917696
1281175628188876801
1281175323091120128
1281174906353352705
1281174496095895553
1281174082843815936
1281173754295357441
1281173202907979776
1281172702233899009
1281170007204888577
1281169690195374081
1281169386657775616
1281166571826749440
1281166027322163200
1281163646241038336
1281159934697144320
1281158638674067456
1281157889781104643
1281157261528903681
1281156001757044743
1281155292579889152
1281155047666200578
1281149382470111234
1281148905619668993
1281147154581590016
1281143761615990789
1281142198856228864
1281141062212427776
1281138786198450176
1281135389298720768
1281134859570892800
1281133958118305792
1281132853204520960
1281132038943358977
1281131930013007874
1281131823293255682
1281131296798973954
1281128880347271169
1281127821914419201
1281127578787553281
1281126818863448065
1281126643684315136
1281125965670699008
1281125049521655809
1281123104807256064
1281121530748047362
1281120792584036352
1281118154735988736
1281116999805030401
1281116507741790208
1281116426246467584
1281115803853615104
1281115736530776065
1281115558881169409
1281115093808316417
1281114733412847617
1281114298639474689
1281111467920699392
1281110952541220867
1281109438473142272
1281108351766548481
1281108111013511168
1281107597538537472
1281106329843699713
1281105959780114432
1281105760865226753
1281104850273484800
1281104751384498176
1281104733084631040
1281104158926548992
1281101710518366208
1281101398394802177
1281101328362754049
1281101317289553920
1281100776719310853
1281100736655474688
1281100485987049472
1281100282772897793
1281098878310404096
1281097960818913280
1281095000294637568
1281094586937597952
1281093294588649473
1281093243153854464
1281093227949539328
1281093087457169409
1281092438069665792
1281092305160671232
1281091632679485441
1281091445126950912
1281090415827931137
1281088757966536705
1281087673227149312
1281087189615628289
1281086746906652674
1281084942143766528
1281084931687411713
1281084757288218624
1281084638514106368
1281084358485565440
1281084144953503747
1281083793219162112
1281083663619289088
1281083322949664769
1281081985063104514
1281080872838606850
1281080801891885056
1281080646706900993
1281079978453590017
1281078388480856065
1281077832022740992
1281077053173923843
1281077018227085312
1281077011570585600
1281076778279239681
1281076697773867008
1281076419653558275
1281076195791011841
1281074142196965376
1281073813346750464
1281073701249789952
1281073616235442176
1281072969792606213
1281072104281120768
1281071627048902658
1281071178568908800
1281071004211646464
1281069934899081217
1281068220019949568
1281067857334489088
1281067856860311552
1281066139997679621
1281065981876400130
1281065800858767360
1281065199953342464
1281064940015702017
1281064865939898368
1281064788077002755
1281064138454765568
1281063601797726209
1281063263300714497
1281062500512010240
1281062498125467650
1281062230126018562
1281061755435786242
1281060707585478656
1281060578233122817
1281060063537360903
1281060013272895489
1281059613131993088
1281059262303809536
1281058937874284550
1281058607505825793
1281057902128623616
1281057671160848385
1281057462578286592
1281057205710659586
1281057008196521990
1281056653341872135
1281056574241308672
1281056545313341440
1281056301561380865
1281056175363104768
1281056105037271041
1281056060787298304
1281056012565389312
1281055800107192320
1281055675079155712
1281055397760176128
1281055290805366787
1281055166955835392
1281054997690507265
1281054718995968000
1281054673542119425
1281053645186924544
1281053205254848512
1281053018192896001
1281052135963181060
1281051566666125313
1281051474181722114
1281050158625669121
1281050017755734016
1281049292677971968
1281048825050759170
1281048821368307713
1281048741127106562
1281048449199243265
1281047901758767106
1281047738361274368
1281046748899807232
1281046307084304385
1281045959078752256
1281045524011859968
1281045441983938567
1281044899949838337
1281044891087155200
1281044806056067072
1281043810408181761
1281042635889704968
1281042261254365184
1281040896524419073
1281040317848981507
1281038763771269126
1281038741897969665
1281037563902509060
1281037153963855872
1281036549526863873
1281036404596920320
1281036012286869504
1281035591761592320
1281034784064577536
1281034390504566785
1281033774814420992
1281033738697105409
1281032398646337536
1281032184392896513
1281031460909125632
1281029636797927424
1281029363626958848
1281029155610669057
1281028576599367680
1281028575798460416
1281027638019133440
1281026171908452352
1281026143257333760
1281024443930816519
1281024391296491520
1281023365197828097
1281022664941940738
1281021740559278081
1281021502402502663
1281021404998176770
1281021194259628032
1281019786114355203
1281019531738132481
1281018689341571072
1281018266438242305
1281017936984014849
1281017707597402112
1281017474339635200
1281017437341847553
1281016501500338183
1281016248491442191
1281015864096108544
1281015697913634816
1281013662031974400
1281013553088958464
1281013397664919552
1281012130083483648
1281011997266477056
1281011672786837510
1281010574609047552
1281010455297888257
1281010413983764480
1281009274206826496
1281009091633127424
1281008871285436416
1281008740645302273
1281008720693075970
1281008423673294848
1281008201668816896
1281007905593049097
1281007430235820034
1281005490265358341
1281005163264856064
1281004934406832132
1281004715208249345
1281004562573336577
1281004456579141633
1281003748882550787
1281003209138622467
1281002825426677761
1281002798981754881
1281002769193680896
1281002074524790790
1281001383416619008
1281000794976743430
1281000202862833665
1281000159594213376
1280999412056166403
1280999406326644743
1280999295098015745
1280999294737227782
1280999163136806912
1280997994817454080
1280997742509035520
1280997487571017730
1280996560344690690
1280996066335191040
1280995228938391554
1280994617048141831
1280994231989960705
1280994044915654658
1280993173179899905
1280992782329483265
1280991138623524865
1280990481510432769
1280990195962216448
1280989278194073600
1280989076695310336
1280988774298718209
1280988765754810369
1280987992233041921
1280987575264538630
1280986472645042176
1280986127835361280
1280985958196936711
1280984797054197761
1280984443918876672
1280984175953055744
1280984125772455936
1280983852786352130
1280983815960383490
1280983715858968576
1280983615292141568
1280983125930258440
1280982627034390529
1280982456150228994
1280981897494044672
1280981677762916352
1280981380541804544
1280981073867034624
1280980896976420864
1280980595833622528
1280980340702576647
1280979877538041856
1280979249931915264
1280979243481038856
1280978399213654017
1280978289738371076
1280978069512245250
1280976818711998468
1280976104417705984
1280975401112739847
1280974724466704384
1280971472392028165
