1277346000986951683
1277345483694813184
1277345365767925762
1277344770046791680
1277343801313460231
1277343675144712193
1277343479497207809
1277343305618112513
1277342704553394178
1277342110799343616
1277341553900412928
1277340923492524035
1277339411441577985
1277338273174695936
1277336875557163011
1277336664478711809
1277335083364618247
1277335066704777216
1277333662913175552
1277333118945460225
1277332934421176320
1277332811595173888
1277331656903405568
1277331342854893576
1277331330771095553
1277330903837167616
1277329662897729542
1277328230299598848
1277328223416745985
1277327283565613059
1277327229001891841
1277327129630273536
1277327125415165953
1277326449364664321
1277326290564063233
1277326277352062976
1277326086766919680
1277325947751092225
1277325613687353345
1277325564249018368
1277324897442648064
1277324813699354624
1277324697227587585
1277324046150107136
1277323269222420489
1277323196782514181
1277321868085735425
1277321748162191367
1277321208971898880
1277320968130760705
1277320705948991489
1277320403673907200
1277320390986137601
1277318983398699012
1277318496045629440
1277318241879277570
1277317735991709697
1277317163792117760
1277316384913944577
1277316120945594369
1277315961100664832
1277315785900404738
1277315703889068032
1277315310844964864
1277315042430631936
1277314990459011072
1277314549541109760
1277314467055968256
1277314250256547840
1277314118136012800
1277312682086010881
1277312311192178689
1277311809033318401
1277310672490151941
1277309182295900161
1277308875620995075
1277308647358562304
1277308369888403458
1277308308907536384
1277308110206455808
1277308024722317312
1277307342149677057
1277307213074386944
1277306867450957824
1277306383927369729
1277306162514403328
1277306016829526016
1277305878555906055
1277305607373099009
1277305319840833537
1277305261443686400
1277305253835268098
1277305130430402562
1277304855695183873
1277304638925164550
1277304595761553408
1277304285617967106
1277302618088509440
1277302334490587136
1277302043519127556
1277301999139262465
1277301428156055553
1277301427480788997
1277301243669622785
1277301190825586690
1277301159997452289
1277300880652611586
1277300463801634816
1277297760035799041
1277296402062770180
1277293917793325057
1277293747798257664
1277293547713187842
1277292499804000256
1277292310229811210
1277292296078110720
1277292087071911937
1277291745433341952
1277291726999298048
1277290974306336768
1277290952898555904
1277289764740370433
1277289393406042115
1277289382525927425
1277288473519706114
1277288170090946564
1277287867509686272
1277287864397631490
1277286826617733123
1277286814831837184
1277286489982935040
1277286435981266945
1277286394696736770
1277285771578347522
1277285707535409152
1277284510384693249
1277284274853601281
1277284207618936835
1277283956715651072
1277283433161658368
1277283311614861312
1277282758218350592
1277282545734955014
1277282473190191105
1277281987116429312
1277281812495110145
1277281733763833864
1277281375801036802
1277281352430256130
1277280569928400898
1277280252398624768
1277279267785711619
1277278938985902083
1277278738665930753
1277278282497568768
1277278074271420417
1277277229924392960
1277277184751796226
1277276729472581632
1277276656324038661
1277276527315558401
1277276455374815232
1277276411989032962
1277276344443953158
1277275578027200513
1277275555520487424
1277275535899492362
1277275302192791554
1277275289836498944
1277274858011967490
1277274803527979008
1277274287209054210
1277274248235683840
1277273847956484096
1277273775810248704
1277273641210822658
1277273570167709704
1277273363866693632
1277272364326236167
1277272214652489728
1277271955796877312
1277270785778806784
1277270376196825089
1277270155240837120
1277270135523459073
1277269893902143494
1277269645926502400
1277269553194491904
1277269388979326983
1277269187354910722
1277269064092651521
1277268683090472960
1277268665696686086
1277268368651882497
1277267912408129536
1277267457107832833
1277266959701180419
1277266597002899456
1277266120718909445
1277265997045608449
1277265264149749761
1277263492366688258
1277263128712134656
1277263045702582272
1277262711215271936
1277262292120461314
1277261976574492674
1277261474566680576
1277261434804563968
1277261042612125697
1277260047819706369
1277259687642173442
1277258754967441411
1277258302339059712
1277255115678740480
1277254889333305345
1277254450764103680
1277253433720860673
1277253030736470024
1277252717992427520
1277252272918061056
1277252272381218818
1277252258019725312
1277252208812331008
1277251568258203650
1277251376376983558
1277251213780803584
1277248841494999041
1277248760385437697
1277248601354391558
1277247371194359814
1277245206543228930
1277245183365648386
1277244596930650118
1277244087939235841
1277243184637259782
1277242634747117568
1277240970732539907
1277240670193774592
1277239636000149504
1277239204813160450
1277238492628746240
1277238095914680324
1277237656804622336
1277237237642678272
1277234310748217345
1277232985062989825
1277231261170499586
1277230980911128576
1277230456862396416
1277228969096556546
1277228654230192128
1277228404832600066
1277227053553598464
1277226517387448320
1277226286121975809
1277226078361268224
1277222738378317825
1277222682220802054
1277222458056040448
1277222291903057925
1277220879362150400
1277219710912913408
1277219363309998081
1277216074564542472
1277215457699921922
1277213895380422659
1277212022338355201
1277211566421622786
1277211058680336384
1277210687253745673
1277210289793110024
1277209622336532480
1277209430728364032
1277209419726622721
1277209303334572032
1277209178696605697
1277208948291121152
1277208192523649025
1277208122424274944
1277208056070377472
1277206442529841153
1277205234142633985
1277205107256557569
1277204648487718912
1277202907264192517
1277202787281985537
1277202449720377344
1277202356468363269
1277202276147290114
1277200736879771649
1277200031976534017
1277198581083111424
1277198426321702913
1277196054677643265
1277195618604253185
1277194748181139457
1277194675271553024
1277193805528211458
1277192336930414593
1277191143898267648
1277190518829711365
1277188785780842496
1277184974190514182
1277184573860913152
1277183100469088260
1277183008152395777
1277182096583258113
1277181472294633474
1277179373918003200
1277179349519568897
1277179286160580609
1277178799155826688
1277178677403451394
1277177549773250560
1277177343908483073
1277176195424157697
1277175462645706752
1277174999699329027
1277174917730107394
1277174695297716224
1277172900328542209
1277171182522040320
1277170484837117952
1277167708883345408
1277163371834544128
1277158996517027841
1277158592974487552
1277155657851035648
1277154249663791104
1277152373098471427
1277150169906192385
1277148560262389760
1277146773547556865
1277143259823984640
1277140304898846721
1277140174166728704
1277139709995565056
1277138599440314369
1277136519338364933
1277136160490262528
1277135113189568512
1277134167902261249
1277132319028137984
1277130687078957066
1277130267854082050
1277126455479189509
1277124503089414144
1277124471485161472
1277124291734077445
1277124161438171136
1277123568736833538
1277123236493287424
1277122750658809856
1277120673404485632
1277119876222648322
1277118583898857472
1277116587636645889
1277116070747205632
1277115129474224129
1277115123841282048
1277115085148782594
1277114492078481409
1277112950071988225
1277112442233909248
1277112107750785030
1277111982571864064
1277111170831388672
1277110816542797826
1277110145114238976
1277109497434009600
1277107409857785858
1277107237299912704
1277106275151683585
1277105899698483201
1277105863036002304
1277104216406777856
1277104066695434240
1277102951409111041
1277102492543643648
1277101990955401216
1277100987757604865
1277100756949250049
1277100582583631872
1277100505882386433
1277099752350310400
1277099461467082753
1277098383803588609
1277098074519699458
1277097305146036224
1277097138422505473
1277096255265615872
1277095232400736256
1277094845467619328
1277094512448303104
1277093584341106688
1277092768498749440
1277091769277186053
1277088154932195328
1277087858998812673
1277087769374920705
1277087523379052545
1277086319198588929
1277086104177512448
1277085629680058368
1277085475619176454
1277085117601779715
1277084989943930881
1277084867650617345
1277084730786275328
1277084429412978690
1277084353567154176
1277084325863981056
1277084190685741056
1277083753467334656
1277083287488528385
1277083118722150400
1277082937922596869
1277081725085061120
1277081613017526272
1277081264634429440
1277080854934609920
1277080799200915457
1277080457637756928
1277079187493285888
1277079002268631042
1277078768784306176
1277077765653577728
1277077335020384256
1277076772098584576
1277075989151936512
1277075890401247232
1277075303580536832
1277075033119170561
1277074964156309508
1277074557711646723
1277074255302328320
1277074228685099009
1277073639372754944
1277070598242328576
1277070174231953408
1277069665890643969
1277069018520788994
1277068486678925322
1277068108407193606
1277067330829287425
1277067018504744963
1277065938882433025
1277064925819461634
1277064263203348480
1277063343518384128
1277062658475393024
1277062392132915201
1277062226264948740
1277062212943638528
1277061356856815621
1277060558559170560
1277060178744131589
1277058201146535937
1277057478279286788
1277057254810845186
1277057075072454656
1277056401492369415
1277054878737522688
1277054749829988352
1277053429987381249
1277052534671245317
1277052209520246784
1277051829654863872
1277051637639467009
1277050782655942656
1277050421245329410
1277050224415068161
1277049929656160257
1277049313928101888
1277048470671699970
1277048293017686016
1277046985850261504
1277046866463666182
1277045063504322561
1277044315878031360
1277043705338159105
1277041886847524864
1277041600896675841
1277040890368974848
1277038750011281408
1277038677236092928
1277038599897153537
1277038105065914368
1277037868905422853
1277037468995522564
1277037318344527873
1277036986797301762
1277036435246374914
1277036026259804165
1277035812174082048
1277035614051975168
1277035396858339328
1277035151302721536
1277034812155494400
1277034244540297218
1277033984199983104
1277033613368885256
1277033392752799744
1277031515709415425
1277029647373516804
1277028656049647618
1277028557668130817
1277028313366749185
1277028248308928512
1277027717821521920
1277027048016326656
1277025076043550720
1277025068774719488
1277024886528057345
1277023671887028226
1277023271259693058
1277021780343959554
1277021192860426240
1277020881919922180
1277020803712856064
1277020632518144001
1277019252889878528
1277019120383528960
1277018753906212866
1277018051775520775
1277018022927044612
1277016996610179072
1277015531241869312
1277014108328488962
1277012921046966274
1277012750934446087
1277012627802206208
1277012410692325376
1277012302529589249
1277010883798065152
1277010639324618756
1277009697871212545
1277009491846979585
1277009246387929090
1277008723945422849
1277006661815808003
1277005219239546882
1277003956909232129
1277003955323764737
1277002935461871616
1277002259377913857
1277001574607396864
1277001507896885248
1277001502742249472
1277001494299115521
1277001263880732672
1277001076340736000
1277000775974170625
1276999151209734144
1276999148995088384
1276998511259680769
1276998473175322624
1276998410667790337
1276997576554921986
1276997292394819584
1276997261675945985
1276996887279579136
1276996305492086790
1276996069621207040
1276995788141481985
1276995737478410241
1276995545794588672
1276994465492803584
1276992787804762114
1276992321209409536
1276991243873062915
1276990649896595467
1276990625511018498
1276990017722818562
1276989628965322754
1276988809452740610
1276988264352751617
1276988101127213065
1276987961289125888
1276987769932349444
1276987269740728320
1276986644680318983
1276985921192300545
1276985841391292416
1276984621503254528
1276984408591998978
