1272272487271858180
1272272243842670593
1272271921523146764
1272271743642742792
1272271379484700673
1272271354910445569
1272271330742874113
1272271121316892672
1272271104720150528
1272270795255844864
1272270663320064012
1272270447011192832
1272270272872058880
1272270261061070849
1272270218161729551
1272269817781911555
1272269742997491715
1272269662672375814
1272269582452117506
1272269573367099409
1272269510335176705
1272269451480752129
1272269395939807233
1272269264330747905
1272269012160835585
1272268917361094656
1272268727711666178
1272268690046832642
1272268608362606592
1272268410441863169
1272268390799990786
1272268341504180224
1272268248944218117
1272268184154976258
1272267746508668933
1272267486767939584
1272267317716582405
1272267291862765569
1272267200104214530
1272267079241076739
1272266999901622275
1272266870863933442
1272266584812290055
1272266550968324096
1272266468642582528
1272266370126938119
1272266227839352832
1272266122524573697
1272266054232924160
1272265970187460614
1272265817263091714
1272265541848162304
1272265333697654785
1272265116898283522
1272265002918055936
1272264681604952064
1272264635731902469
1272263848163246082
1272263792521621504
1272263695163445248
1272263538329792512
1272263536132136961
1272263515760406530
1272262700593295361
1272262414306889733
1272262397064077313
1272262224275439621
1272261711433568256
1272261693310001152
1272261539966390272
1272261531330363398
1272261394776408065
1272261270742294528
1272260852201160704
1272260565092753409
1272260512898641920
1272260368820105216
1272260271642304512
1272260189987667968
1272260174649098241
1272260119896735746
1272260100615475201
1272260094357471233
1272260077412651014
1272260027517198341
1272260022320283648
1272259945795391490
1272259833950089217
1272259718497611777
1272259248186175490
1272259215797686273
1272259203734876161
1272259032707981319
1272258996083273730
1272258966412767233
1272258752297570306
1272258709209731072
1272258608542121986
1272258607158042624
1272258602628243460
1272258594487091201
1272258457358536709
1272258285400403971
1272258197873541121
1272258136397828097
1272258067388788736
1272258004134526976
1272257964888506371
1272257929496977409
1272257805756628993
1272257291782324228
1272257194973696001
1272257099578388486
1272257066569068544
1272256741904965632
1272256292153933825
1272256237359554562
1272255706486407175
1272255581974339584
1272255102099894277
1272254977759539201
1272254959430430721
1272254920419311621
1272254835530665988
1272254827213533184
1272254285997359106
1272254146830200832
1272254038097178626
1272253997836091394
1272253813215371265
1272253772107067392
1272253766088171528
1272253756919500801
1272253471153164288
1272253358024384513
1272253323056418817
1272253131750080514
1272253119175356418
1272253057984868357
1272253020554891264
1272253012682121216
1272252960022695937
1272252777075372032
1272252695714373633
1272252659467259907
1272252634800566279
1272252626210631683
1272252625199812609
1272252624948080645
1272252527543816192
1272252524427427840
1272252501450985479
1272252499773317121
1272252483067404290
1272252447734595586
1272252183933710336
1272252139197194240
1272252003561979904
1272251765979742213
1272251690557767682
1272251562426077184
1272251374613532674
1272251285006430209
1272251144262254596
1272250972606267392
1272250918638100480
1272250867819970562
1272250660260466688
1272250632280342530
1272250390478716929
1272250383453298688
1272250310438895616
1272249716982644739
1272249634707169282
1272249536556064768
1272249493623394304
1272249408688664576
1272249010502467586
1272248941233401856
1272248895599509510
1272248863299174403
1272248746609389571
1272248734630375424
1272248650672963584
1272248264776126464
1272247979873898500
1272247857391849477
1272247780820516865
1272247471276785667
1272247298509230090
1272246989699366914
1272246973786198017
1272246960624451585
1272246946250489856
1272246942756724736
1272246927132897282
1272246804931895297
1272246792013393920
1272246787546525696
1272246344116305922
1272246287501602816
1272246030222987270
1272245876476559361
1272245706326188041
1272245629654380546
1272245529951588353
1272245505154625537
1272245253572112386
1272245092829425664
1272244948184829959
1272244858950950914
1272244840730951682
1272244835907502086
1272244628113195011
1272244433321439232
1272244375557484545
1272244227385278468
1272244222868041728
1272244174893408256
1272244112561971201
1272243798677032961
1272243621971070978
1272243380177666048
1272243348347195392
1272242974504648707
1272242972411801601
1272242518885793793
1272242513160650752
1272242491350228994
1272242401726398466
1272242213280309248
1272242081247920135
1272241988386148354
1272241956861566976
1272241780247969793
1272241558142803970
1272241427473469444
1272241065895002113
1272241001982197760
1272240886341152769
1272240616718696456
1272240340913684480
1272240219635539970
1272239713919873024
1272239674594136067
1272239447623401472
1272239310776012801
1272238921309663232
1272238768314101761
1272238651313762304
1272238507482890241
1272238499509534720
1272238189193854982
1272238053801840640
1272237805855363072
1272237568600559618
1272237270259707905
1272237159882375171
1272237069226688513
1272236991820836865
1272236987878043648
1272236963337248771
1272236796953296896
1272236771485630466
1272236613947609092
1272236356312301568
1272235992099942400
1272235955659902978
1272235730698461189
1272235718786584576
1272235651417735172
1272235422442127360
1272235391073034243
1272234932220411913
1272234504581718017
1272234275073593345
1272234170786463746
1272233612222648323
1272233550201393152
1272233448523137027
1272233045236559872
1272233037560975366
1272232953200865280
1272232925556346880
1272232908892393473
1272232568558059521
1272232335421947907
1272232310713323525
1272232277829812224
1272232147835916289
1272232143327019008
1272231938527461376
1272231894642503681
1272231884446203906
1272231730951282693
1272231575346954247
1272231469679812608
1272231377296076802
1272231273793294336
1272231143119749122
1272230905462079488
1272230900965744640
1272230878735933452
1272230858519437316
1272230771357634560
1272230730832191489
1272230628407365633
1272230575747805184
1272230456885489665
1272230323695300610
1272230201645293568
1272230180946231297
1272229979431075843
1272229942642663424
1272229911533584385
1272229180466479107
1272228724709232644
1272228587588984833
1272228230515343360
1272227856106557440
1272227593383804928
1272227460130709507
1272227146405228546
1272227124879822849
1272226499119194114
1272226386388946944
1272226304604155904
1272226269669842947
1272226241643511809
1272226192104488962
1272226016459730946
1272225861773651969
1272225860423241729
1272225409590079488
1272225254006497282
1272225159341117440
1272225076046450690
1272225067590725632
1272225056169644040
1272224990566453255
1272224946920599555
1272224888556748805
1272224822211338240
1272224774903611392
1272224754615762946
1272224661846339584
1272224631924105217
1272224478093869063
1272224423655936002
1272224298011373570
1272224207535915008
1272224003948793856
1272224003206164480
1272223852265955334
1272223521716961284
1272222929548267520
1272222810341912576
1272222672647262213
1272222579848359936
1272222218039279616
1272222216634216448
1272222161227452416
1272222015039119361
1272221907639840771
1272221595709440000
1272221502465859586
1272221185338535937
1272221030875041793
1272220757532323845
1272220714930769921
1272220450144178176
1272220443764838400
1272220335513964547
1272220287677935618
1272220074884173829
1272219861914202113
1272219536712970241
1272219524855672833
1272219517725401089
1272219464319348737
1272219176665591809
1272218840236199942
1272218677589323776
1272218221274374144
1272218216945848320
1272217988083712001
1272217968613654533
1272217947524694017
1272217666246316033
1272217655555039232
1272217534377463813
1272217311487942657
1272217279170781184
1272217218944729088
1272217131464167432
1272216906695692288
1272216808498450432
1272216792203694083
1272216648888520705
1272216609080381441
1272216589610283011
1272216521088040965
1272216406294134785
1272216398186590210
1272216387193384970
1272216371611525126
1272216371087245312
1272216195895263233
1272216184679735296
1272215993239187456
1272215992249257991
1272215349673578496
1272214953294954510
1272214952279973888
1272214858667352064
1272214821677617153
1272214610280669186
1272214450733375489
1272213852210552833
1272213739002048515
1272212937759813632
1272212805144453131
1272212658117324805
1272212465871474693
1272212155060944901
1272212073506902019
1272211876148137985
1272211794841546752
1272211646170030080
1272211567107624960
1272211224256819201
1272210952834834433
1272210801567379456
1272210752623964161
1272210606737612801
1272210267745722369
1272210109381390336
1272209456558821376
1272208327116808192
1272208255759060994
1272208053530619904
1272208043321819136
1272207582384418822
1272207468307738625
1272207434346647552
1272206874918612992
1272206768035303425
1272206767011672065
1272206553639268357
1272206314698088449
1272206248704794626
1272206176860680192
1272205563787501568
1272205512629608448
1272205039096999940
1272204958805434369
1272204858511093767
1272204856892157952
1272204491597795328
1272204092698324992
1272203902855917569
1272203863140024321
1272203597317578753
1272203519244644352
1272203296078356480
1272203176649818114
1272203164897480704
1272203113936621568
1272202752240742401
1272202751116599299
1272202696326615046
1272202495864066048
1272202482165395456
1272202286094340097
1272201877858353152
1272201781804752897
1272201741438599170
1272201714163048448
1272201340060647425
1272200878548754432
1272200716103319554
1272200472644870144
1272200417645125632
1272200064652500998
1272200033463603200
1272200020926709760
1272199903209500672
1272199901661638659
1272199741347069954
1272199548342013953
1272199176168919042
1272199173345968129
1272198940322979841
1272198875214868482
1272198342873739265
1272198331222065152
1272198262540337153
1272197915382079489
1272197822578909184
1272197797169844226
1272197541678002177
1272197316707905537
1272196989552332800
1272196771356254209
1272196477893435392
1272196467407622145
1272196408322543616
1272196383286558721
1272196239786942464
1272196189430185985
1272196033301315585
1272195920419942400
1272195890392862722
1272195819026907136
1272195519402708993
1272195366822252551
1272195182990110721
1272195103713525761
1272194926110027776
1272194645741666305
1272194637969661952
1272194632408014851
1272194378539446274
1272194282615640067
1272194051362734080
1272193953643868164
1272193907124658180
1272193863696789504
1272193373668093953
1272193266935648264
1272192828324614144
1272192812663156738
1272192738180632578
1272192603874885632
1272192577186471937
1272192563848663040
1272192284461871104
1272192251800797184
1272192232771239937
1272192178119340032
1272192175116185600
1272192174273073153
1272192173442691078
1272192172570210305
1272192151330398213
1272192015619457025
1272191699964456961
1272190418172641281
1272190175234457600
1272190074525028352
1272190058058186753
1272189646126985222
1272189482754859009
1272189391776239620
1272188607177072641
1272188482572730370
1272188474343305216
1272188225843597312
1272188119282905091
1272187365063380992
1272187358272581633
1272187285497249794
1272187157852172288
1272187087203241984
1272187065510383624
1272186966847688704
1272186861386117121
1272186598264840192
1272186372540051458
1272186342215204864
1272186314855776256
1272186227802828802
1272185947661258752
1272185942011449344
1272185930217132032
1272185784708280327
1272184835524739074
1272184417193164804
1272184331667193856
1272184063458246656
1272184023561928704
1272183983514812416
1272183917349679104
1272183759199178754
1272183624096460802
1272183217911500800
1272182953200607239
1272182867657883649
1272182661495377921
1272182654591533058
1272182645992984581
1272182580264103937
1272182491294687238
1272182175031455745
1272182051102474241
1272181896596918273
1272181866905378816
1272181776614428680
1272181549862092801
1272181474079510529
1272181346157412352
1272181296282959873
1272181088769712128
1272181068909641729
1272180891066875904
1272180863036506115
1272180809089167360
1272180750767607809
1272180594072567816
1272180465231855616
1272180215314350082
1272180206300803073
1272180199703162885
1272180162872905737
1272180128731152385
1272180091326533632
1272179693672939520
1272179677969281024
1272179135545303042
1272178807848308738
1272178672452206593
1272177620969574400
1272177551075676161
1272177476450635776
1272177320699166727
1272176979635318786
1272176801968721924
1272176759883079686
1272176741398831106
1272176736839630850
1272176677477588992
1272176577812496387
1272176573517639682
1272176509369954304
1272176325399281664
1272176144767430658
1272176096432189441
1272175703337943040
1272175258041229312
1272175092680790016
1272174446833545217
1272174393767198720
1272174389455319040
1272173975804588034
1272173901246722052
1272173888919617536
1272173651023011841
1272173285086834689
1272173176743698432
1272173137111576576
1272173031213821952
1272172648655654913
1272172508511375366
1272172168986550273
1272171835833094144
1272171584304713735
1272171436891754496
1272171356927528960
1272171231119323137
1272170921818648576
1272170918249463809
1272170805619720193
1272170250767724550
1272170031732776962
1272169991933067272
1272169849851187200
1272169793689473024
1272169482874761216
1272169481268273152
1272168782383812611
1272168507166392321
1272168227049701376
1272167975618035713
1272167883620171778
1272167734739165186
1272167673191858177
1272167462730174464
1272167413795225601
1272167388931293184
1272167082994601984
1272166656731688961
1272166656043896833
1272166616361570305
1272166577144807424
1272166041179901954
1272165933088419841
1272165917229793288
1272165278051336194
1272164881605812224
1272164752920326146
1272164632174698498
1272164263528992768
1272164050412109824
1272163524219936770
1272163215498067969
1272163160208932871
1272163085453799426
1272163042705444864
1272162775222161410
1272162722776379393
1272162576508555265
1272161824495067137
1272161705808683008
1272161422399746049
1272161321539309570
1272161157298696192
1272161002478419970
1272160934048550913
1272160635929989120
1272160608067125248
1272160063902408704
1272159908532637697
1272159721613660161
1272159654085300224
1272159500527640576
1272159324568080385
1272159102932856832
1272157860101750785
1272157823216959493
1272157599601917952
1272157077826416640
1272157049896435713
1272156634853203970
1272156439855824898
1272156334125912065
1272155765369974786
1272155623287926784
1272155291526799360
1272155037024673794
1272154999024427010
1272154957806997504
1272154828454666241
1272154749345775617
1272154199351070720
1272154127787872256
1272153357256359937
1272153309873426432
1272153058471022593
1272152987545280512
1272152248529928192
1272151847378305025
1272151090868498432
1272151084006588417
1272151047310659585
1272150442194001927
1272149989293203456
1272149915322515456
1272149856115720193
1272149730269765633
1272149594584027136
1272149510811193344
1272149441974337537
1272149441504522245
1272149391621730307
1272149318569545728
1272149153334939651
1272148892700852224
1272148431394549762
1272148403682713600
1272148284316909576
1272148254910808064
1272147692886556672
1272147422945382400
1272147361712803842
1272147274315988992
1272146473409372161
1272146409618395136
1272145755218812929
1272145578961645568
1272145463282524166
1272145353995948033
1272145252980310019
1272145208264753152
1272145173812830209
1272145164920713218
1272144944485011456
1272143983330942976
1272143919892107264
1272143913269116928
1272143880855728129
1272143601158537216
1272143278058754048
1272143243350880256
1272142813417766913
1272142620769357825
1272142595074990080
1272142374534168576
1272142259576864770
1272141646751293442
1272141289115594754
1272141194231902208
1272139869326905344
1272139630536732677
1272139474286325762
1272138576780652545
1272138354897846273
1272138338770788359
1272138191303311360
1272138023996620800
1272137905704706048
1272137655141183489
1272136842415091712
1272136269645168642
1272136166087802887
1272135523654602752
1272134319541235719
1272133065406586880
1272132976017641472
1272132547733004288
1272132323602030592
1272131974170370052
1272131719664152577
1272131704975581185
1272131511169540097
1272131362380791809
1272131120323330049
1272130840391299075
1272130812977254405
1272130443945672704
1272130333727653888
1272130253700415488
1272130047009267714
1272129720365260805
1272129660114161665
1272129399412924416
1272129310363615232
1272129205376028677
1272128633977610240
1272128523466047488
1272128401181216769
1272128130996555776
1272128100877447168
1272127945616867328
1272126987511963650
1272126859581566976
1272126355610710016
1272125819121332230
1272125647880675329
1272125153577705477
1272124713876127746
1272124623430332417
1272124267396808705
1272123452103831553
1272123334826868736
1272122851198414853
1272121218502705154
1272120642935152641
1272120299337609216
1272120207809576965
1272119885867466755
1272119829059842050
1272119601728372738
1272119092816818177
1272119085799792641
1272119019047456768
1272118283811131393
1272117819769892866
1272117329879371778
1272116842522427392
1272116179956568065
1272116067012313090
1272115990504116225
1272115179061489667
1272114629465067520
1272114385784311809
1272113636459282432
1272113341381541889
1272112782205468674
1272112579612205058
1272112520753565696
1272111966883057664
1272111870120464387
1272111599109758981
1272111443832451073
1272110702392721408
1272110624303198217
1272109703665983488
1272109109492490244
1272108398692249605
1272108149772824581
1272107899339358209
1272107337638125568
1272107011673427969
1272106638732931072
1272105432773951488
1272105425194766337
1272104795512455169
1272103947415756803
1272103872337776645
1272103859486367744
1272102830736846851
1272101623830118400
1272101600664969218
1272101314386972677
1272101178617278466
1272100462725074944
1272099895969808386
1272099890898796547
1272099283207151616
1272099022845743106
1272098777315213312
1272097375595704325
1272097287410507777
1272097117239160840
1272096200188141573
1272095817000681473
1272095794657550338
1272095749493403649
1272095227252219904
1272093715092430848
1272093223599640576
1272093049317982208
1272092596236673030
1272092397875453954
1272092251129286657
1272092178689544193
1272090336953655297
1272090282536951808
1272090128165400577
1272090069357268992
1272089613461368832
1272089445249028096
1272089355742404608
1272089091991957504
1272088806116610048
1272088573353897984
1272088049351000065
1272087434164142081
1272086622683742210
1272086101595914240
1272085900994981888
1272085767242878977
1272085341806067713
1272085279885705221
1272085275393441792
1272084272359321600
1272083401080811521
1272082511997403136
1272082499515019266
1272082468489908226
1272081842334769152
1272081578923941890
1272081311772086273
1272081119077433344
1272080966421487617
1272080865154281473
1272080734602190848
1272080461997707265
1272079860484255744
1272079520762408960
1272079482384527360
1272079441582157826
1272078954992672771
1272078824738521088
1272078800092909569
1272078676759154689
1272078502645231616
1272078127116595205
1272078075069677568
1272077922388414465
1272077473946066944
1272077075839623168
1272074463270633472
1272074065889681414
1272073330082881536
1272073258574032897
1272072889865572352
1272072284933586945
1272072171800707073
1272070924859084800
1272070655333335040
1272070293004173313
1272070012027707392
1272069828506005505
1272069741784547328
1272069469851078656
1272069417749397504
1272068303004020736
1272068232959201280
1272068064905842690
1272066983396282368
1272066689488703488
1272066570966183937
1272066351402815488
1272065955238199298
1272065812749094913
1272063838217789440
1272063798657060866
1272063147067785217
1272062791193554945
1272062542353846272
1272062014760747009
1272061412169277440
1272061396071714816
1272060683216183296
1272060577247092737
1272060495361605633
1272060361596899328
1272060304440954880
1272060144025821185
1272059791427452928
1272059738050703361
1272059587852722177
1272059520823549953
1272059387436322816
1272058581362368512
1272058382338232320
1272058049402822657
1272057486112174080
1272057434287280128
1272057269476364288
1272057220507873280
1272055835758297088
1272055585857470466
1272055439899983874
1272055362091442176
1272054529870028801
1272054271018782720
1272054163845926912
1272053597623267329
1272052483620208646
1272052247271059461
1272052240807628802
1272052229223129088
1272051958845566981
1272051838498439168
1272051805820719104
1272051664724398080
1272051372792385536
1272051308497903616
1272050772151169026
1272049870333808643
1272049686556311555
1272049622567936001
1272049042122403840
1272048641021181952
1272048522557304832
1272048446350950402
1272048439862403074
1272047763631542273
1272047303579316225
1272047015850106880
1272046839089561600
1272046591373832192
1272046243460636672
1272045704211574784
1272045401869148160
1272045352259108864
1272045182855393280
1272045136680308736
1272044275602124802
1272044154483118081
1272043856431898624
1272043692145152001
1272043513811800064
1272043282428764161
1272043187700486144
1272043100626718726
1272042954820067329
1272042763530366976
1272042578205007873
1272042124297547776
1272041948606496768
1272041849163853825
1272041034021629954
1272040938395795458
1272040860469940224
1272040616919097344
1272040599391109120
1272040424933404672
1272039940625502208
1272039804037935105
1272039419156008960
1272039417855774721
1272039118239789057
1272039100636413955
1272038827998273538
1272038721630674944
1272038394093240320
1272038231371112448
1272038173389074432
1272036668674125825
1272036630979895296
1272036368303169536
1272036028736516097
1272035161417363457
1272035145344835584
1272035091804454914
1272035024397885440
1272034893745119234
1272034869875367936
1272034794025750529
1272034424163614721
1272034286208602114
1272034245880537088
1272033978523029507
1272033033625972737
1272033014567047169
1272032671959523329
1272032649993953282
1272032095070834689
1272031885917671425
1272031881714900993
1272031855802413057
1272031624138539008
1272031593931190272
1272031494538539009
1272031413467037696
1272030961874735104
1272030744827670530
1272030559972229121
1272030276395425792
1272030210406232065
1272029714450837505
1272029591826321408
1272029153252999173
1272029022461939713
1272028635361411072
1272028530222739456
1272028452133072896
1272028224994848768
1272028209824051200
1272027761880625158
1272027411631259648
1272027259105411074
1272027007870734338
1272026971623604229
1272026921279217664
1272026886529527809
1272026735756730369
1272026278166777857
1272026221828661248
1272025858639872000
1272025743355150336
1272025726838079494
1272025622575898624
1272025294438666240
1272025207205756931
1272025150842712064
1272025139580985344
1272025084799135745
1272024640467218432
1272024570585845760
1272024320898891777
1272023907583713283
1272023655812345856
1272023575864717312
1272023435095539714
1272023374152130560
1272023111077109760
1272022584033329152
1272022440416292867
1272022241518157824
1272021896498823172
1272021678147715072
1272021647021596672
1272021442314604545
1272021276547317761
1272021165318369280
1272021046607130624
1272020891291942913
1272020506498211840
1272020284468416512
1272019943895314434
1272019898299023360
1272019896654675968
1272019778497064962
1272019313847939073
1272019308248551428
1272019173040893953
1272019050252562434
1272018943297966081
1272018862586937344
1272018440463675392
1272017993510219777
1272017985948004353
1272017814493319168
1272017666979631105
1272017568308609025
1272017562226884608
1272017408606244864
1272017255082024960
1272017165630222339
1272016887367401473
1272016192459272192
1272015827697451008
1272015804096147458
1272015048714661888
1272015039663308801
1272014776823054337
1272014704462966785
1272014688528863233
1272013994186981380
1272013826557386753
1272013810858147841
1272013525481697281
1272013199546736640
1272012899024809984
1272012829470552066
1272012198655651841
1272011940727066625
1272011900713349120
1272011892622413828
1272011518406799361
1272011461737545738
1272011055871508480
1272010942851710976
1272010925906759680
1272010872626397185
1272010741374226432
1272010580589715457
1272010550617260034
1272010413169836032
1272010280134901761
1272010208437571584
1272010066225315840
1272009948428468224
1272009404272054274
1272009354997202944
1272008851420860416
1272008528115499009
1272008501137510406
1272008440467111939
1272007572090912769
1272007458458869761
1272006812959748097
1272006703479832576
1272006374004625410
1272006357319741441
1272006093531688960
1272006030021582849
1272005806238699522
1272005787477520385
1272005474116870145
1272005054304641024
1272004471753592832
1272004199841099777
1272004002465677312
1272003791823478792
1272003722462154757
1272003527129264128
1272003167002091521
1272002765624090630
1272002709881749504
1272002682962808832
1272002651509547008
1272001997525454848
1272001909075800064
1272001892533645313
1272001868584157184
1272001868386971649
1272001584277401601
1272001289853956097
1272001181410308096
1272001077806678016
1272000825028571136
1272000697832071169
1272000676667719680
1272000553455845378
1272000292767313921
1271999465717727232
1271999424353492993
1271999219071664129
1271999185458327552
1271999154781380608
1271999048443183104
1271999002859450369
1271998990595379200
1271998789075730433
1271998775851180033
1271998729768370184
1271998714807291904
1271998690719338496
1271998684373360642
1271998662722420736
1271998504580382725
1271998472670101505
1271998376360529920
1271998370513633280
1271998066598375424
1271998039834505216
1271997576838070273
1271997558550863872
1271997353940193280
1271997154299650048
1271997145244205056
1271997068081606656
1271996952121675776
1271996835176079361
1271996693878378497
1271996613930545152
1271996483584225280
1271996389854072835
1271996288268226561
1271996107338297344
1271996078477455363
1271996005320478720
1271995849111998466
1271995832871587841
1271995830308761601
1271995762491174912
1271995676193443845
1271995672594702337
1271995665867046912
1271995584438833154
1271995508173737984
1271995395015614465
1271995384546463744
1271995025463730176
1271994832370700294
1271994737411665920
1271994670369947648
1271994613117657094
1271994198632390656
1271994129703219200
1271994010257641472
1271993840417767426
1271993659739770880
1271993606925139968
1271993452012716032
1271993259393499138
1271993139910389765
1271992804370190336
1271992804332523523
1271992804240220160
1271992784887504896
1271992729099214854
1271992627009916929
1271992622190559233
1271992486748139521
1271992302639222788
1271992235391963143
1271992012762501123
1271992006370308098
1271991590001704961
1271991534515302400
1271991518275010561
1271991141488041984
1271991065835220992
1271991004791439360
1271990970427547656
1271990934322900995
1271990920989343750
1271990057562488832
1271990039124344832
1271989930806464512
1271989854906339329
1271989801890217986
1271989569991454721
1271989353317830659
1271989335710216197
1271989013130272768
1271988805457846274
1271988371234193409
1271988319157579776
1271988270478626818
1271988254598889474
1271988158226403329
1271988150693433344
1271987706063536131
1271987498827149312
1271987405533245440
1271987113064611840
1271986770721165312
1271986300892184576
1271986262958845953
1271986199972974593
1271986138337738753
1271986058293542918
1271985758249910272
1271985757239087104
1271985711776821248
1271985705649164289
1271985540116754433
1271985518595543041
1271985392409956357
1271985276060131330
1271985056563605504
1271985006349635584
1271984926091509767
1271984863072129024
1271984831304515585
1271984465338871808
1271984449853497345
1271984432128258048
1271983964400599040
1271983921513803782
1271983775556263937
1271983674993541122
1271983075392716803
1271982963715125248
1271982860510126085
1271982836707471360
1271982826447974400
1271982741588979712
1271982704540684288
1271982603977932801
1271982532834230272
1271982321583915013
1271982165799157760
1271981979026718723
1271981761334050816
1271981761057226753
1271981530445905921
1271981437542117377
1271981407980699649
1271981292398219265
1271980855540551680
1271980024531316737
1271979928854999040
1271979814682066944
1271979789453332480
1271979422128709638
1271978793591169024
1271978722371833856
1271978552326606848
1271978238684868608
1271978206753697792
1271978170531618816
1271978160687472640
1271978070451183617
1271977753697562624
1271977636282142720
1271977568980344833
1271977546255564801
1271977509173841920
1271977489837854722
1271977338532700160
1271977232844705792
1271977199793516546
1271977152834084867
1271976998680834048
1271976050885570563
1271975820593070080
1271975791358644224
1271975787286142976
1271975679329001472
1271975480187650048
1271975265888096258
1271974858771947521
1271974708750106624
1271974511093653504
1271974451643629568
1271974428147138567
1271974404340228096
1271974217488183296
1271974017054932992
1271973978882662401
1271973771986063361
1271973466636529666
1271973342661263361
1271973263623819265
1271973253838286848
1271973015660740608
1271973001043427328
1271972738824093701
1271972703218495489
1271972643751759873
1271972141995405313
1271972123892805632
1271972119887273984
1271971619586469888
1271971563252994048
1271971244603310083
1271971204799311872
1271971058619305984
1271970727571476480
1271970701579173891
1271970591273181184
1271969777943281664
1271969745173008385
1271969532060610561
1271969214069440512
1271969092375687168
1271968724996755459
1271968237136293889
1271968156379238403
1271968142382837762
1271967994399375360
1271967957967466496
1271967921233727488
1271967753813942272
1271967683907444736
1271967204754501635
1271966861958184963
1271966679195475968
1271966660660989953
1271966634253660160
1271966556839448576
1271966240303509505
1271965662903062528
1271965231250636801
1271965054234214401
1271964879054913542
1271964827259244544
1271964715560980482
1271963982765514756
1271963833414774784
1271963687293722626
1271963680205426689
1271963497040089088
1271963432015802368
1271963160572985345
1271963098702888960
1271962990334656517
1271962976237453313
1271962769089351681
1271962725648863244
1271962369971945474
1271961974558031874
1271961888134516736
1271961848540209155
1271961836947210242
1271961667774152705
1271961595393032192
1271961559011639296
1271961313351106561
1271961229003837441
1271961009905979397
1271960985226575873
1271960647228698624
1271960540047273984
1271960305283796993
1271960268264935425
1271960209854873600
1271960159837880320
1271959946330959873
1271959837707042817
1271959777095176192
1271959352702840832
1271959320926859264
1271958726208094208
1271958647174725632
1271958518933970944
1271958464701648897
1271958430627049472
1271958174971703296
1271958137508106242
1271958132965679104
1271958103018418176
1271957961481637890
1271957829809778688
1271957812994879488
1271957714684579840
1271957532119052289
1271957210101407745
1271956274519957509
1271956143141728261
1271956132702060544
1271956014334689282
1271955889411493888
1271955801796730885
1271955747824381962
1271955570346676226
1271955353559863297
1271955130246553600
1271954933680611330
1271954527579705350
1271954176835301377
1271953885893144577
1271953875902267399
1271953769723572224
1271953606984466432
1271953182780882944
1271953078527373314
1271953055626526731
1271953015965134851
1271952952044015617
1271952815364153345
1271952659910668289
1271952541862027264
1271952344771514368
1271952343383379970
1271952280212795392
1271952157248454656
1271951871633248256
1271951629529550848
1271951547040235520
1271951339183112193
1271951227438469123
1271951158320513025
1271951104595689472
1271951095787655174
1271951094248280066
1271951021439320064
1271950965395111941
1271950298974572544
1271950193672544256
1271950184470085634
1271949929733382145
1271949839048364032
1271949789744074752
1271949740981149696
1271949512337010688
1271949504116338688
1271949476291244034
1271949434847404033
1271949344451842050
1271949180957679616
1271949144677134336
1271949118655598600
1271949086615375872
1271949084597731330
1271948944717885440
1271948870096838656
1271948850022907904
1271948607160119296
1271948281900404736
1271947957093437443
1271947711026270209
1271947693322047488
1271947489302757379
1271947471359406080
1271947282309619714
1271947249220608000
1271947191691730944
1271946900682530818
1271946863537729542
1271946841358139392
1271946569747558400
1271946343397969923
1271946168185085952
1271945968888483841
1271945868334313472
1271945655037186054
1271945594551046147
1271945235485114368
1271945017918136322
1271944875257196545
1271944853660798979
1271944750342574081
1271944554304897026
1271944541541732352
1271944501322489860
1271944306983677953
1271944008772665344
1271943936701952001
1271943787116326913
1271943762244239360
1271943585341026304
1271943424862826501
1271943290238177282
1271943107668410368
1271942999488884736
1271942867842486273
1271942776112857089
1271942461821157376
1271942332183482368
1271942257902575618
1271942172833652737
1271942156048089094
1271941697807814657
1271941685392498688
1271941626475229189
1271941377488834567
1271941130725273601
1271941125587251204
1271940953553674242
1271940896360144900
1271940846070435841
1271940630105583616
1271940442314194946
1271940417685241857
1271940286793478146
1271940140383047681
1271939593026355200
1271939495244505089
1271939134349815813
1271938965965344769
1271938826336952320
1271938464750108673
1271938354179948548
1271938318066909184
1271938293660364800
1271938289759649793
1271938134008365058
1271937995457925120
1271937991951466496
1271937572378378241
1271937536802390021
1271937455097352201
1271937226788741120
1271937204533833733
1271936695307395073
1271936644363452416
1271936611849289731
1271936469079384064
1271936081374539776
1271936048977895424
1271935938168451073
1271934856331587584
1271934748055781381
1271934116762652672
1271934046239461376
1271933904463724545
1271933782061268992
1271933703825035264
1271933648866914304
1271933379089498117
1271933182598950913
1271933171924447232
1271933103863468032
1271932746751852545
1271932506212896768
1271931948894691330
1271931914165915649
1271931765058351107
1271931601656528897
1271931100928016386
1271931070599106561
1271930769750065152
1271930491692777472
1271930343809929217
1271930081481494529
1271930073508167687
1271929757924540418
1271929716673519616
1271929639133417475
1271929343871254530
1271929081680982016
1271928971077341184
1271928966803226626
1271928857352757248
1271928841695629314
1271928811962195968
1271928636921307136
1271928529022746624
1271928500887400448
1271927890599464960
1271927780809334787
1271927599816757250
1271927545974358020
1271927481394540544
1271927400830468098
1271927211076079616
1271927135024930816
1271927062182400000
1271926997372059648
1271926880732504065
1271926838181244928
1271926820158558211
1271926789166817280
1271926776504164352
1271926471083413505
1271926381727944704
1271926241873006595
1271926189066801155
1271926150990827521
1271926100197666816
1271926092065058816
1271925945830694912
1271925865455259655
1271925727877672960
1271925689097338887
1271925667953770496
1271925660349497351
1271925645778587649
1271925351598432259
1271925349207748613
1271925131758182407
1271925053458984962
1271924818183688192
1271924803012706305
1271924596078530560
1271924555536359424
1271924550952013824
1271924521898053632
1271924488461041667
1271924392587603969
1271924365295321088
1271924083110940673
1271924001347174400
1271923927833391104
1271923899048038401
1271923698853982208
1271923560605298691
1271923201803681793
1271923143163207680
1271923057242800134
1271922997390184448
1271922781349982213
1271922771329605632
1271922759627681792
1271922740551749632
1271922530924650497
1271922378373763077
1271922149612302338
1271921999288373250
1271921877318074369
1271921687311921152
1271921650502639616
1271921640843214848
1271921590545121280
1271920934723768323
1271920922182578177
1271920910321307654
1271920589360562177
1271920226117005317
1271920200137482245
1271920182022139904
1271920168852246530
1271919986324303872
1271919433188073472
1271919200517468160
1271919191424040961
1271918736262471680
1271918608554307592
1271918376458190848
1271918327162642432
1271917967157202944
1271917896051175425
1271917716992032770
1271917534317432832
1271917533415817216
1271917508262535169
1271917350170906624
1271917346312146945
1271916596835966976
1271916595363921923
1271916386797924352
1271916282397540352
1271915950250635265
1271915784877441024
1271915631395450880
1271914639484477440
1271914569896689664
1271914456390361089
1271914453194293248
1271914438296326145
1271914308969127944
1271914032002457601
1271913881804378113
1271913833645424647
1271913720013193216
1271913674219892741
1271913487095271424
1271913357566672901
1271913037079986176
1271912916510523394
1271912911749996546
1271912894897291266
1271912773782573058
1271912167575601154
1271912148810305538
1271912117705347072
1271911998352060416
1271911537062678530
1271911412491710465
1271911346528047106
1271911108274786304
1271911093275934720
1271910899226488838
1271910884634431492
1271910587488972805
1271910245263200259
1272091189118939136
