1287855024304017408
1287854687509606400
1287854533171970048
1287854393937801225
1287853851597512705
1287853698606039040
1287853601109323776
1287852549769515009
1287851932409901058
1287850787687800832
1287849486308585477
1287847739406069761
1287847562586861570
1287845172957544450
1287842774147047432
1287841722228146178
1287838710361456641
1287837694823981056
1287837241184858116
1287836978747019264
1287836908316491776
1287836653625565184
1287836531118477312
1287836184182390789
1287835784049864704
1287834703660163072
1287834393281728512
1287834356703096832
1287834309311647744
1287834032718241792
1287833121732214784
1287832404044984322
1287832037592715264
1287831933750304770
1287831407256121345
1287830863623798786
1287829780797235200
1287829481525313539
1287829314357075968
1287828926052683779
1287828422614491138
1287826975734857737
1287826743835922438
1287826695572066310
1287826481142538240
1287823845345259520
1287822058630418432
1287821997183991811
1287821767348645888
1287821720750034944
1287821517615661056
1287820433388183552
1287818796468756482
1287818723106025473
1287818394084024320
1287815782030888960
1287813372998811648
1287812933330796545
1287812845606973447
1287812153953718272
1287812010860785664
1287811943928074240
1287810422784098305
1287809905613778944
1287809456848416770
1287809404469993472
1287808994980040705
1287808875392045070
1287808172707557377
1287804746556874752
1287804677174722563
1287804274852806656
1287803891057385472
1287803802461118466
1287802320881885185
1287802187876188162
1287802005818429447
1287801307529527296
1287800890515009536
1287799497846853632
1287798615394652161
1287798596184625153
1287798490505125890
1287797592684929026
1287797487252549632
1287797470702043136
1287797403882524675
1287797088215064583
1287796867376570370
1287795885783433221
1287795837549064193
1287795070096289792
1287794886922711040
1287794409002729473
1287794149379497986
1287793307553337345
1287792807705550848
1287792366783520769
1287790848533499905
1287790809983651840
1287790513253490688
1287789908841639936
1287788663573602310
1287788576139288577
1287788211499147264
1287787551353430019
1287786975446159363
1287785989549764611
1287785681754914817
1287785494458376193
1287783482236768256
1287782186893160451
1287781981812600833
1287781918755479553
1287781354726359042
1287779656389857280
1287778665401647108
1287778614469996545
1287778447746621441
1287777998834470912
1287777476547153932
1287777351347077122
1287777237144612865
1287777226398863361
1287777134199668737
1287776680908599296
1287776490516615168
1287776378738429953
1287775823022428161
1287775436731297792
1287775361703514118
1287775048888209409
1287775014629113857
1287773503257796610
1287773325683458050
1287773264056668162
1287773175791714307
1287773013669294080
1287772909897908225
1287772656603979781
1287772374105042945
1287772331931316224
1287772246107275266
1287771356453646337
1287770787248844802
1287770293948293120
1287769919271174144
1287769518366953472
1287768484714360832
1287767692234063877
1287767328306991112
1287766254112182273
1287765105237807107
1287763997127847938
1287763734694436868
1287763287732563968
1287762831115456512
1287761835517771776
1287759792069586946
1287759589744623619
1287758649612525570
1287757901017341958
1287757818150387712
1287757766854148096
1287757577388949506
1287757426717007873
1287757262568620034
1287757155827888130
1287755617315233795
1287754219185897474
1287752148315381760
1287750727486656512
1287750010881429504
1287749646094413825
1287749585990025217
1287749320939380739
1287748873692352512
1287748306479853576
1287747761350127616
1287747538959835137
1287745391341916163
1287744818307829761
1287744657435373569
1287744533174902784
1287742519938179073
1287741256521715713
1287735395342528514
1287735217608851456
1287732812989321219
1287732770652008450
1287730660325695494
1287728428406513670
1287727296963579915
1287724385290387456
1287719767999156224
1287718911337795585
1287717567558234112
1287717484297105408
1287716872729878530
1287712063922401280
1287711441936683008
1287710619555291137
1287703160471949314
1287699609758961666
1287695042757324802
1287693481109082113
1287680893885317120
1287679573728141312
1287675517047648257
1287670021833895936
1287668444335415297
1287668404569214976
1287667202255130624
1287666131919155201
1287665541407223808
1287664053125615616
1287659073597345793
1287658526643544066
1287656496977723393
1287646070835572736
1287645982319157253
1287644936863612929
1287644658063958022
1287642778424365056
1287634576748290048
1287626099560599552
1287622256915386368
1287620916483170304
1287619603703595011
1287613564203737095
1287609903654170624
1287608650110914561
1287606212121358338
1287603543071891456
1287600091256111105
1287596891157364737
1287594103493005313
1287592978211627008
1287592859684790277
1287592240299245569
1287591683710828545
1287590046632218624
1287589109116964864
1287588057387077633
1287587916949184513
1287587199689596929
1287585887715377153
1287583829788680193
1287579677964619777
1287579036206665730
1287578503215489025
1287578160025030660
1287575831108366336
1287574238791073793
1287568908866789385
1287568529181429763
1287565937026035712
1287564828320694272
1287563981540880386
1287563628842045440
1287561938118086656
1287559467429748741
1287559249980264448
1287555963528986627
1287554939409981444
1287553298573094914
1287550768988315649
1287548805320257536
1287548034939789315
1287547950026174465
1287547679371931650
1287547176948834305
1287547100729880577
1287546900917485568
1287545880279744521
1287545742874365958
1287544939740631041
1287544814267961351
1287544772358529024
1287543524091625472
1287543229290700802
1287542829657608193
1287541239131168768
1287539105279225857
1287538624452612097
1287536967232626688
1287536469838573568
1287534152913432578
1287531328745938948
1287530698576781313
1287529482937438208
1287526925896949760
1287526305043329024
1287525953959321603
1287524467728625665
1287523184179388416
1287521635805929475
1287521476485296128
1287520341347180544
1287520277333762048
1287519062986301443
1287518730751279104
1287518368732450818
1287518322293178390
1287518317259960326
1287518283118379008
1287518246195822593
1287518151266181120
1287517720855093248
1287516990589079552
1287514909358596096
1287514835039772672
1287514475050995714
1287514125824925696
1287513981729615872
1287513981264035841
1287512933640155138
1287512749560549377
1287511738762633219
1287510961113444352
1287507226278715398
1287507191335796736
1287506211932442625
1287502130912272385
1287500900634898432
1287499656054759424
1287497579303927808
1287497521787535361
1287496817781829632
1287496393192378368
1287496166968406016
1287496070717673473
1287493502218186753
