1277707806616018944
1277707541603143680
1277706779569373185
1277706751006162946
1277706640423129088
1277706452531060740
1277706322591518727
1277706268388491271
1277706102759657472
1277705772038832134
1277705395348307969
1277705067437584384
1277705023376560128
1277704852001472512
1277704543430680576
1277704301234749441
1277703872816001031
1277703857414590469
1277703632604061698
1277703411358502917
1277703105111605253
1277702885489311744
1277701898473295875
1277701763211067394
1277701428140793856
1277700836467015680
1277700444979109890
1277700400406130688
1277700129152217088
1277699608919961606
1277699000389365761
1277698407130451969
1277697642911367169
1277697576721092611
1277696786228969483
1277696714389028865
1277696283571093504
1277695589183115265
1277695112424968192
1277694464535003139
1277694260175929345
1277694036158156804
1277693262652940290
1277693212161986561
1277693139059388418
1277693081723252737
1277692955000700929
1277692243910918144
1277691906948988928
1277691707988082693
1277691277933531142
1277690663920824320
1277690528142934017
1277690451802427393
1277689022916198401
1277687653085962245
1277686620339109889
1277686546821517312
1277686140380815361
1277685549000785922
1277684823792906247
1277684078666539010
1277683989965410304
1277683980830203904
1277683761770045446
1277683472862023680
1277683446026919936
1277683426686930944
1277683257723756548
1277683224492281857
1277682966362312705
1277682678335262722
1277682085550084103
1277681925277220867
1277681364788109312
1277681234483740673
1277680859282313221
1277680531325534210
1277679536902221824
1277679511916740611
1277679221851279363
1277679046751514626
1277678761568337925
1277678446060150785
1277678431040344064
1277678195479904256
1277678052814749696
1277677918886473731
1277677333936246784
1277676853294182404
1277676763133468672
1277675449246797829
1277675014884454400
1277674787691773953
1277674080955699200
1277673480348004352
1277673062436155393
1277672039680278531
1277671700407214088
1277671521167818755
1277670641886547968
1277670189362864130
1277669883124297728
1277669882088300549
1277667604598046720
1277667491397812224
1277665783624105984
1277665202318839811
1277664830355357696
1277664686293561348
1277664596778762241
1277664353592975361
1277663590703480832
1277663502602252289
1277662866192175104
1277662800794583041
1277662360820383745
1277661915808960519
1277659675589087234
1277659567271231491
1277659531451887616
1277658298389606400
1277658181817122816
1277657314519142400
1277657232331747330
1277657150282760192
1277656815669440512
1277656116105826304
1277655328830550021
1277654563886153729
1277654372843950082
1277653939333275648
1277653843401216001
1277653705249054721
1277652700348506112
1277652637744332802
1277652634191659009
1277651651533443072
1277650152266903553
1277649615278440453
1277649223106912257
1277648788757393409
1277647619246952450
1277646821217746944
1277646138557038593
1277646032717914113
1277645923619930112
1277645775795879937
1277645578919309313
1277645336215986177
1277645213641605122
1277644424340783107
1277644245537439745
1277643376108634114
1277642073450008576
1277641895972188183
1277640485096603655
1277640028303302657
1277639806097506304
1277639597854527488
1277639508662587394
1277639463846412288
1277638428277067778
1277637547120889857
1277636090451628032
1277635499872616449
1277635459330572290
1277635019318669316
1277635003447377920
1277634693777649674
1277633460140675076
1277631197993209856
1277630773974179841
1277630343827374087
1277629782998605826
1277629771246166017
1277629707425648640
1277629373420617728
1277627598739312641
1277627033070141441
1277626392516100096
1277625988751544323
1277625547766579205
1277625494561832963
1277625466967506944
1277624597148504067
1277624364465221633
1277623104664150019
1277623054084997122
1277622620465356802
1277622170311671808
1277620858132074496
1277620368786591745
1277620315481419779
1277620039076786176
1277619973159112706
1277619772973170690
1277619096851484672
1277618821851942914
1277618037810769927
1277618023541735426
1277616788918857735
1277615898044612609
1277615870664216577
1277615549594419200
1277615432002875392
1277615033451712513
1277614959975821314
1277614733323980801
1277612601078407168
1277612239244201986
1277611805959995392
1277610978113236993
1277610646167838721
1277609444487114753
1277606748338229251
1277606425527795712
1277606083327143936
1277605871497867264
1277605557281722369
1277605366327414785
1277605131987685376
1277604979038203906
1277604768450514944
1277603720579121152
1277603363740250115
1277603189240389632
1277602974827794439
1277602931299299329
1277602824671682561
1277602373855334400
1277602281261805568
1277602141872537604
1277601831556911110
1277600136919756804
1277598833007091713
1277598667051020289
1277598363727409152
1277597571452751872
1277596795678404610
1277596290533199872
1277595195245297665
1277594985026781184
1277594538568306688
1277592122926006282
1277591952163250176
1277591902267879424
1277591186308390912
1277589975131992065
1277589786463789063
1277589462713864192
1277588713548193799
1277588041893380096
1277586928703954945
1277586391304736770
1277585700053905409
1277585458504089600
1277584732490838026
1277584521031008259
1277584244617945089
1277583105759547392
1277582073210048512
1277581314196193281
1277581102102851585
1277580958938660868
1277580574480371713
1277580476639858689
1277580448449822721
1277580103623598082
1277578976396017668
1277578783386730496
1277578678021611520
1277577735028781056
1277576748687929346
1277576250069049344
1277575976722018305
1277575697213636611
1277575662153367552
1277575552996646912
1277574711535271939
1277572346006700032
1277572204746727424
1277571421150085122
1277571381530710022
1277571179331624960
1277569280503152641
1277568078306512899
1277565256802410496
1277565142058885120
1277560238418296833
1277558990835200000
1277558448062967819
1277558066960007172
1277557966808535040
1277556881448460289
1277556440689831938
1277556251732307968
1277551671011422212
1277550928355373057
1277549108186755072
1277548893530660864
1277548194055012352
1277547626297245696
1277546007056781312
1277545985523228672
1277545856426639360
1277545365345091584
1277541222421274624
1277540764717744128
1277540466762883080
1277538799199776768
1277535984628924418
1277535481807413248
1277535399900966912
1277534676614295552
1277534113080266752
1277532842138800128
1277532414299058177
1277532099424051201
1277530593421557761
1277530476056645632
1277530428237283329
1277530311564328960
1277529924895682560
1277529651896860672
1277527396938383360
1277526956716830721
1277526284525068290
1277526026655014912
1277523869302046720
1277520190465470465
1277519665179299843
1277519550137995264
1277518238172286977
1277518116491272193
1277515439120109568
1277513595203448833
1277513449690615808
1277513245516017664
1277511486760521728
1277509290799087617
1277509017732919296
1277508368421117952
1277508284937908227
1277508150799859712
1277507781294264320
1277507555321712640
1277507381040218112
1277506208719605760
1277504811127074816
1277503287013658624
1277496075096653825
1277494312561864709
1277493164505362432
1277492971143745538
1277492921197977600
1277492678930898944
1277491680032239616
1277491185238413312
1277488436639707138
1277486014869667840
1277485428145295363
1277484837239001093
1277484178481782785
1277482853056512004
1277481016681279488
1277481006342299649
1277480579278221321
1277480565411848192
1277480154848276484
1277480003232563201
1277479855345422341
1277479319590170624
1277479018040877056
1277478852621565952
1277474401944924160
1277474086965456897
1277473274960793601
1277472973067292673
1277471019821699074
1277470218097324032
1277469789267595265
1277468923546533890
1277467755676078085
1277467199272153089
1277466237455523843
1277464448228225025
1277461220048568320
1277459193591726080
1277459138805719040
1277457580328202240
1277456743627460609
1277456185063608322
1277455672456753152
1277455455246262275
1277455200308080641
1277454984829898753
1277454254341533696
1277451735913631745
1277451515477852170
1277451510608166912
1277450295367393280
1277450163598946304
1277449982895939584
1277449964805914625
1277449835696791563
1277449583661060097
1277448741700632576
1277448365177999360
1277446797951143941
1277445632622579713
1277445300244881411
1277444705677123584
1277443355664924673
1277442120715046912
1277436444768952325
1277435355466215424
1277434434158039040
1277434349013499904
1277434242717417472
1277433732241043456
1277433083902468100
1277432749108924416
1277432269553057792
1277431753481891841
1277431650658418688
1277429154921746434
1277429138278711298
1277428942325059586
1277428241012264961
1277427697870921729
1277426337389608963
1277425501225844736
1277425492132605952
1277424314179104770
1277423660270153729
1277423650841473028
1277423019384647681
1277422871703363586
1277422655810023424
1277422316121665536
1277422289294970880
1277421670282780674
1277421450652266497
1277421307790069761
1277421139200036864
1277420857212538880
1277420688039505920
1277420574743171072
1277420072768638976
1277419423373164544
1277419142774231040
1277418865862082560
1277418781753651201
1277418763034468353
1277418294970945537
1277416237048487936
1277413971113521152
1277413740103827456
1277412959124369409
1277412881554907136
1277411175442141185
1277410843924127745
1277410273117253632
1277409301297074176
1277409220611227654
1277409168085921792
1277409111391588353
1277408962107731968
1277408876325896192
1277408539733041152
1277408127294586886
1277408006938877952
1277407969680883712
1277407444277362688
1277406466824077314
1277401384028160000
1277400946948087809
1277400906531733504
1277400821676666880
1277400535360892928
1277400389676003329
1277399599343448064
1277399351283900422
1277398880414502913
1277398425097641986
1277397592847069185
1277396892037636096
1277396628308189184
1277395939091795969
1277395634434252800
1277393049291763714
1277392752175529985
1277391590210834432
1277391312162099200
1277390710350716928
1277390301603213312
1277390282879913985
1277389930084413446
1277389830729666563
1277388136964907009
1277387738275340290
1277386589371617282
1277386232419495939
1277386169165234179
1277386128212008962
1277384821405126656
1277384152132845568
1277383498941083649
1277383368330575873
1277382736232226816
1277382170785398784
1277381665493594112
1277379720406011911
1277379299553603591
1277379072679718912
1277378764780036097
1277378691891449856
1277377329593974785
1277377017542041607
1277376893700825088
1277376343664218112
1277375796945043457
1277374115456974849
1277373885156077568
1277373612488613889
1277373177853816832
1277372806070784004
1277372301835530240
1277371743318016007
1277371676771053568
1277371406226010112
1277370910438068224
1277370371344412673
1277369973715931137
1277369659147378689
1277369218627969025
1277369026851848192
1277368803660165120
1277368393851600899
1277368274917998592
1277368241963151360
1277368079283097600
1277367852161470464
1277367729914368000
1277367047173922816
1277363409210806275
1277362342339252226
1277362025279172613
1277361484633460738
1277358265798668290
1277357388715212808
1277357349536182278
1277357125694562306
1277354716922556418
1277354582557900801
1277354373459464192
1277354329704292352
1277353930691874816
1277353813490483205
1277353295087050754
1277353207207952385
1277353174513471490
1277352747524915206
1277351346358947840
1277350276735938560
1277350008661200897
1277349763466301440
1277347503533445120
1277347359953952769
1277347090063151105
1277347036980011014
1277346284634963968
