1287128919070703635
1287128459450425344
1287127254217011201
1287125831547072513
1287124615186329603
1287123372569059328
1287123356320399361
1287123204662800391
1287122938861424641
1287122045910888448
1287120221866786816
1287119772719747072
1287119336512147457
1287116390789337088
1287115950668431360
1287110053212893187
1287109986489962498
1287109146253373447
1287108670061449217
1287106301840031744
1287104772135358469
1287103103725076483
1287102560235589632
1287097147591196674
1287095821922492416
1287093175757295621
1287092528370585600
1287092060529385473
1287090445055557633
1287090140272365568
1287090106638245888
1287090067379326976
1287088897235628032
1287087717675827201
1287087083211948037
1287083070299025410
1287082784482381824
1287079404850601984
1287079385502289922
1287077943894781953
1287076655534571520
1287075720481644546
1287075181912117249
1287074898486145032
1287074531232878594
1287074345341386752
1287069732114296832
1287069050032488448
1287068803151458306
1287065046196117506
1287064483110817792
1287064195683569676
1287060329785163781
1287057403272462343
1287056374346797056
1287053169889931264
1287045494389313536
1287043414798684166
1287040002019532800
1287038666636963840
1287036882132414469
1287036711302762496
1287036571250651143
1287035930495393792
1287035689402499073
1287035297532870661
1287035244940386305
1287034504260067328
1287033829534896132
1287033028376748032
1287030511236534272
1287029973421891585
1287029921685086208
1287026554825056257
1287026204533493761
1287025997121028096
1287025909883641858
1287025778694279169
1287024090272980992
1287023581801713666
1287023137012322306
1287022793226252288
1287020083815092226
1287018074151858176
1287017524849147904
1287015014562398210
1287012916122746886
1287012740394037248
1287012178969743362
1287008951779786752
1287008690554523648
1287006287390289920
1287005014494531584
1287004057798881285
1287003691212513280
1287001602054688769
1287000779241467904
1286998846749528064
1286997303891496961
1286992709631320064
1286992427555856384
1286987433515589637
1286983980890415104
1286982997556760582
1286982189658320898
1286975133958250496
1286974348985802753
1286958989952135168
1286952148350177281
1286939705389408256
1286939445866852352
1286928379900567552
1286928090321559552
1286927580554235909
1286925316213149701
1286922632626135040
1286921131732037632
1286920997933690880
1286919122014658560
1286918526138294272
1286917818630512640
1286914484410306560
1286912538077208576
1286910823043145728
1286909257082908672
1286906386610257920
1286894657339891712
1286891484248190976
1286891424403742720
1286887940086325249
1286885252414296064
1286884380980523008
1286881715575836678
1286879514543390720
1286878563933859840
1286872232191500288
1286871330202116098
1286870732589404160
1286868004106432512
1286864209662353416
1286859737158627330
1286859488088035328
1286858385758064641
1286856820649332736
1286853120329428992
1286844543913033729
1286844093071466498
1286843628686462978
1286843553881169922
1286842963494965248
1286842703460753408
1286842699601993728
1286841666897403904
1286839319655624704
1286839146242244611
1286838412461277184
1286835765113167872
1286834744395735047
1286834095545171968
1286834049420427267
1286833184789995520
1286833020956102656
1286832187602591746
1286829151412985857
1286828493863559171
1286826248828641281
1286823959594520578
1286821435252645889
1286820479475560448
1286817514622779392
1286817417159737349
1286816936542629888
1286814612285845505
1286814568182841344
1286813883781525505
1286813778957533185
1286812384137551874
1286810849928241152
1286810450164944896
1286808340287258626
1286804263176478721
1286804017880981505
1286803913463615488
1286803901661024261
1286799245543116800
1286797472363433984
1286796474764996617
1286796231734435847
1286795048538058759
1286793663604023304
1286792626151337990
1286790805009637380
1286790510741524480
1286790409088204802
1286789002553565186
1286787379810861056
1286784746463408128
1286782780496543749
1286781942810185733
1286779502203473920
1286779163215409152
1286776626857025536
1286773523034382339
1286772340416811008
1286770654545575936
1286769150753292288
1287031669485117440
