1271909963024134145
1271909910649942019
1271909885958127616
1271909740801654784
1271909716130770945
1271909602951680000
1271909442678853632
1271909418926514176
1271909088209915907
1271909062305820674
1271909024016015360
1271908798597234688
1271908674588549120
1271908590190833671
1271908500264890368
1271908369822081027
1271908237747634176
1271908233008025606
1271908007815925760
1271907738881265664
1271907456415907841
1271907001111646208
1271906308237770753
1271906267532079105
1271906253279764481
1271905918720995329
1271905731202043904
1271905615670108162
1271905445263761409
1271905409121607680
1271905398363217920
1271905147455758339
1271904999375802373
1271904230383603712
1271904126025285634
1271904122002984963
1271903904184164352
1271903632456323072
1271903567645999106
1271903403787108353
1271903365837062150
1271903123632787459
1271903100509523974
1271902928702369793
1271902703959060480
1271902559544856577
1271902458747510786
1271902390963318784
1271902164298854401
1271901919603093504
1271901699654004748
1271901638073225217
1271901616912752640
1271901525678460930
1271901347743399940
1271901174183219201
1271901155090673665
1271901110236860416
1271901083011477504
1271900959036313605
1271900940296171523
1271900715787657217
1271900590503837696
1271900550418837511
1271900480088621056
1271899877052686345
1271899778507575296
1271899355075747840
1271899317733859328
1271899142277795840
1271899104457752576
1271898773812363264
1271898690492432384
1271898664294899713
1271898623094280199
1271898592492412929
1271898545294057472
1271898092250554370
1271897983198597122
1271897959622311936
1271897905557917698
1271897721801248769
1271897631413932035
1271897399133429763
1271897334247501829
1271897286415536130
1271897208531685377
1271897205104881667
1271897083528781825
1271897022799511552
1271897002884902913
1271896812245442567
1271896792674652160
1271896728875274241
1271896628136460288
1271896377002467329
1271896346145021952
1271896247746560002
1271896184899211268
1271895989851271168
1271895662586499072
1271895652121767936
1271895644047699968
1271895504398413824
1271895268741480449
1271895234532855809
1271894864448323584
1271894694004264960
1271894678502334467
1271894670361219072
1271894521064939522
1271894261445918722
1271894199462432768
1271894066821808128
1271894017547145217
1271893938996199424
1271893893097893890
1271893843558924288
1271893744594358272
1271893688034230273
1271893589535133696
1271893160407506945
1271893157400240128
1271892953473187841
1271892896380223488
1271892889040302082
1271892697058553856
1271892409501102082
1271892259118743552
1271891617235034115
1271891553926221830
1271891427467964416
1271890962638344192
1271890782761426946
1271890493362917378
1271890380204711936
1271890365445005312
1271890120304668677
1271889726023372802
1271889629755486209
1271889617097306120
1271889307918196736
1271889252192681984
1271889239265824768
1271889236183199744
1271889150929747970
1271888427559067649
1271888367689621505
1271888216501530625
1271888089544159232
1271888054425399307
1271888033198092288
1271887817073930240
1271887784748277760
1271887770018033664
1271887620948312065
1271887574924050432
1271887376550203393
1271887370321715201
1271887336150913029
1271887105908600832
1271887094907052034
1271887013676007424
1271886854107926528
1271886824001146881
1271886789708578816
1271886764437917697
1271886387705311237
1271886239621427205
1271885980681883648
1271885937492938752
1271885856505311232
1271885761265238021
1271885327905538052
1271885214877462528
1271885153489440769
1271885088599478273
1271884989689257985
1271884939177279489
1271884858071977989
1271884690945794048
1271884579671093248
1271884426490925062
1271884336321581056
1271884257649025024
1271884141794136064
1271884132176392192
1271883592742952960
1271883396252184576
1271883364782477312
1271883214588653570
1271883099744473091
1271883093423595520
1271883057553969153
1271883022284062721
1271882980286398470
1271882658276995072
1271882635816697857
1271882630674427905
1271882507386892288
1271882221721464832
1271882175151923200
1271882143086477312
1271882026552000520
1271881959015317504
1271881915835047938
1271881560489447427
1271881533029220354
1271881289868640256
1271881287050113024
1271881235174961152
1271881192003047424
1271881152387784704
1271881075611111425
1271880742226718720
1271880705291649024
1271880691249115136
1271880584256774145
1271880538337542144
1271880521786761218
1271880520260034560
1271880404119834626
1271880372998090755
1271880351808438273
1271880281079910400
1271880153107501057
1271880072396505089
1271879927437066240
1271879860152139778
1271879840422072320
1271879671534227461
1271879601782845440
1271879421260161029
1271879287386320898
1271878382930837506
1271878196829360128
1271877519407448066
1271877337181806593
1271877296895463424
1271877151747272704
1271876891570401280
1271876890916196358
1271876806975594496
1271876790609297408
1271876635193511936
1271876366829522944
1271876321539317761
1271876128815316993
1271876094308704256
1271876072427192320
1271875972099379201
1271875940080115720
1271875910988333062
1271875889760854016
1271875877643497482
1271875861927493632
1271875625599537153
1271875505042702336
1271875397605560322
1271874879525195777
1271874824327925762
1271874755025494024
1271874623928328192
1271874605913911298
1271874601975451648
1271874468143607810
1271874451173507072
1271874422505451520
1271873977510748162
1271873941452345351
1271873937513656321
1271873728964689921
1271873673545289735
1271873652460597253
1271873518142197761
1271873102985609217
1271873063907401728
1271873047394426880
1271872712806469633
1271872605306445833
1271872565867356161
1271872330646597632
1271872289022152704
1271872219644178433
1271872191223590913
1271872051150835716
1271872047203917824
1271872004287860737
1271871955898163200
1271871886104973312
1271871807335825413
1271871723248537600
1271871462534569984
1271871456226562050
1271871357622476800
1271871299636334593
1271871002608144384
1271870918944534529
1271870873058893826
1271870748420759553
1271870678099062785
1271870550130995200
1271870477900939268
1271870454513446913
1271870188355551233
1271870183490105344
1271870150518734858
1271870088119975941
1271869770057613313
1271869727510495232
1271869610351091713
1271869435461148672
1271869364824932354
1271869207802765312
1271869040378605569
1271869023693594624
1271868932933197824
1271868802523856896
1271868778247225345
1271868473782697989
1271868181385183232
1271868065068781569
1271868007317417984
1271867999365074946
1271867993975222277
1271867812001218561
1271867733848862721
1271867569830535174
1271867483234992133
1271867311037841413
1271867133501353985
1271867124861079552
1271866946355490816
1271866937484677121
1271866799127134210
1271866700741345287
1271866597309911040
1271866539902406656
1271866424575709184
1271866307324018688
1271866287510208514
1271866246561173504
1271866171508178945
1271866099848687621
1271866091959181314
1271866054302556160
1271865832692256768
1271865620053864454
1271865619328057344
1271865356123099137
1271865146411909120
1271865134735069191
1271864953213980674
1271864693447987201
1271864475575037955
1271864090579722242
1271864028311281670
1271863940432179203
1271863878222110726
1271863736702287872
1271863391431376897
1271863294844784647
1271863279695073281
1271863196811505665
1271863193300852736
1271862933560188928
1271862739321999360
1271862690059898889
1271862684862963712
1271862628890152961
1271862516289683456
1271861773373603841
1271861767413604352
1271861765362585602
1271861760484671488
1271861667320791042
1271861633401401346
1271861402152710146
1271861099705643008
1271860893278748674
1271860769391620096
1271860760746979331
1271860637627494403
1271860576596062209
1271860393628053504
1271860314699706368
1271860276443430913
1271860215517007873
1271860210718724097
1271860174714744832
1271860097698992130
1271859926504288259
1271859757113135104
1271859219495616513
1271859059210280962
1271858938250768388
1271858722063749120
1271858692758126592
1271858354739015680
1271858354172952578
1271858350939148293
1271858344878387200
1271858238355468288
1271858116863254529
1271858090133073921
1271857698603220993
1271857668936871936
1271857571272577024
1271857444591935488
1271857257979002882
1271856754326769665
1271856508083544064
1271856500282032128
1271856453456924673
1271856417562132485
1271856337740165120
1271856335584481285
1271856214297554946
1271856152322674690
1271856052137611265
1271856028959866885
1271855983472472064
1271855457049739264
1271855349646032897
1271855266473148416
1271855265361600512
1271854941817253889
1271854863727693825
1271854718835478531
1271854592096075777
1271854269700792320
1271854219247697922
1271853950740938753
1271853882394546176
1271853854687191046
1271853715394228224
1271853658532175872
1271853624306565128
1271853496644644864
1271853223586852866
1271853029374021632
1271852342615453696
1271852262474776578
1271852205813923840
1271852146812522496
1271852017284263936
1271851908257525762
1271851870575886339
1271851827718508547
1271851440269602816
1271851408376180736
1271851178427592704
1271851106767757312
1271850939549442050
1271850876710400002
1271850779117334528
1271850603254362112
1271850380859789314
1271850328183525378
1271850094439079942
1271849972376485888
1271849895624925184
1271849894546980864
1271849670550138884
1271849652850249733
1271848833115287552
1271848603468861440
1271848035098808321
1271848020468994048
1271848001250701314
1271847897277972481
1271847734660796418
1271847622966497280
1271847363473297409
1271847278337196033
1271847242048114688
1271847116881539075
1271847090700812288
1271846796365451265
1271846792032894977
1271846773833818112
1271846683555610625
1271846250284027907
1271846095904215040
1271845736032825349
1271845665996517377
1271845570748047365
1271845514808565771
1271845491588956161
1271845436874199042
1271845411129634818
1271844871498878977
1271844824941985793
1271844407105421312
1271844404362457088
1271844163886002180
1271844097603637248
1271844062727815169
1271843990158086144
1271843822381731842
1271843705524301824
1271843254284107779
1271842920748982273
1271842683493941249
1271842662543495169
1271842548936347649
1271842479529172992
1271842426940874756
1271842266168999937
1271842248184016896
1271842188066947074
1271842040976982020
1271841964422574080
1271841885993213953
1271841689091690498
1271841686042423300
1271841634943225857
1271841538352521217
1271841493259517952
1271841490445250562
1271841436191854592
1271841398434729993
1271841156943527943
1271841120473870336
1271840675634561025
1271840607686684672
1271840506704691207
1271840493954043904
1271840463385849856
1271840451818074112
1271840339507191811
1271840057939263488
1271839930550018051
1271839900678131712
1271839811922472961
1271839786421157888
1271839553712803840
1271839287546449920
1271839169170604033
1271839036219355136
1271838759206686722
1271838734858817538
1271838700410978304
1271838512174727168
1271838485142319109
1271838137464107009
1271837604154138625
1271837524730707968
1271837451196289027
1271837363933786112
1271837278650855429
1271837238255640579
1271837054675161088
1271836999159332864
1271836895333548037
1271836818103648256
1271836629062189056
1271836611647397888
1271836131190083584
1271835702393782283
1271835659167240192
1271835610970501122
1271835595896164353
1271835374424293376
1271835363988865024
1271835278395703297
1271835046542966784
1271834888765714433
1271834380793757699
1271834280801509377
1271833644785496064
1271833432730013697
1271833364194967553
1271833296821944320
1271833056232366080
1271832738920755207
1271832474222379008
1271832473958318081
1271832367087464448
1271832159729278976
1271831800562642944
1271831591279398912
1271831459645591553
1271831420953116672
1271831332847583233
1271831284902436865
1271831262672666625
1271831006925008898
1271830989669650434
1271830845297287174
1271830544544935936
1271830385291227137
1271830353859272710
1271830255607730176
1271830121926791170
1271830066570428418
1271829976396886017
1271829333380747264
1271829225872465923
1271829033169420288
1271828672559939585
1271828514963144704
1271828280295829504
1271828192928706560
1271828060547903489
1271828051106676736
1271827987919278080
1271827839743070218
1271827758000340992
1271827526919376898
1271827298367483908
1271827186123710464
1271827103336538114
1271827097045123073
1271826884763017217
1271826785790033922
1271826733839286272
1271826544361603077
1271826469862420482
1271826463113822209
1271826365583589376
1271826116802752512
1271825849168408577
1271825809737609224
1271825392677146624
1271825220077150208
1271824937003683840
1271824555749801984
1271824484518019072
1271824340447789056
1271824078593294340
1271823957528805376
1271823891871096832
1271823721842372609
1271823689919549442
1271823415062790144
1271823238243336192
1271823215090905089
1271823113219715073
1271822686726078465
1271821701114998789
1271821699747663872
1271821617329590272
1271821575541665797
1271821515223375872
1271821513637924866
1271821282447970304
1271821110779301894
1271820304021704704
1271820221473488903
1271820058143133696
1271819975196622850
1271819867285368832
1271819783248449536
1271819626645786626
1271819564364386306
1271819380679114755
1271818998691307526
1271818950771306496
1271818932622688256
1271818920966709249
1271818876473483266
1271818453003968517
1271818432627879936
1271818406153650177
1271818239203594241
1271818213299490816
1271817595893800961
1271817560498098176
1271817498132955136
1271817397905719304
1271817363613237248
1271817268662603777
1271817148529364995
1271817042153426951
1271817024214151174
1271817007990800388
1271816978706182144
1271816728272650245
1271816723293855744
1271816672752611328
1271816624115527682
1271816535913496576
1271816307101614080
1271816134686359553
1271816026154364930
1271815904255344640
1271815493649756160
1271815371109085185
1271815321951842304
1271815259142213633
1271815240708009984
1271815172836020225
1271815125520060416
1271814914370199554
1271814911736283136
1271814653950205958
1271814552741609472
1271814490728722433
1271814423922040833
1271814151317475328
1271814151229313024
1271814151162286080
1271813904398761984
1271813784533778438
1271813666732728320
1271813503238586368
1271813456690319366
1271813256403918850
1271812894985015299
1271812689531002880
1271812507972374528
1271812446563430401
1271812316871475202
1271812274932645888
1271811762455707648
1271811646890090497
1271811583228944385
1271811375871004673
1271811269625098240
1271811037050871810
1271810727838314496
1271810677838135303
1271810601287811078
1271810600780197890
1271809869537071104
1271809161748197376
1271809026913898496
1271808809594429441
1271808685573095425
1271808672851689472
1271808216154832901
1271807553668894720
1271807087010512898
1271807083004997633
1271807061697998849
1271807007645773826
1271806516459442176
1271806482535849984
1271806301513940994
1271806166750900229
1271806147146780673
1271806105807540225
1271805829180723206
1271805739905044482
1271805416305905666
1271805209258278913
1271804964936077313
1271804956761260035
1271804798761947137
1271804673578713088
1271804349258366976
1271804317507424258
1271804270300614656
1271804135596331008
1271803917970571264
1271803905236705282
1271803717961072642
1271803665481793536
1271803556002181122
1271803518966521859
1271802798003412993
1271802793595228160
1271802689291198464
1271801824425553920
1271801768838606849
1271801681148289024
1271801668099813376
1271801643672178688
1271801545814753287
1271801433906708480
1271801396942254081
1271801344844877829
1271801153689284608
1271800958079479808
1271800919739568130
1271800655431286784
1271800296587628544
1271799926184456194
1271799897948393472
1271799870442090496
1271799684407922688
1271799595669078017
1271799566497648642
1271798974161264643
1271798875871993861
1271798871144857605
1271798825561264128
1271798589308559360
1271798578160304128
1271798525580509185
1271798292087595008
1271798267743842308
1271798092132646924
1271797831628722177
1271797777820004355
1271797758513553408
1271797448177057792
1271797341553647618
1271796418110504961
1271796347490963457
1271796336451616771
1271796248111198208
1271796095824416769
1271796093882445830
1271796021346078720
1271795805335310337
1271795783101276160
1271795454498537472
1271795392842260487
1271795274239926272
1271795076549795843
1271795056194678786
1271795027287715840
1271794582234247169
1271794466395955200
1271794262687047681
1271794240821985281
1271794157300920320
1271794105417445377
1271794105186648064
1271794073804902400
1271794001071480833
1271793985514885120
1271793849178996737
1271793601769549824
1271793412426158081
1271793384936464384
1271793349448609799
1271793313687810048
1271793046234038274
1271792994371264512
1271792969553719296
1271792967510970374
1271792915933773826
1271792711503351809
1271792691303546880
1271792442707189761
1271792402332860417
1271792043426222087
1271791943979274244
1271791888593563649
1271791504164560898
1271791208067665920
1271791113397993472
1271791091696709633
1271790979687817219
1271790972599504899
1271790496000749568
1271790155964317702
1271789414348402689
1271789153085272065
1271789145258680320
1271788702277173248
1271788652176314368
1271788299523407874
1271788131419856897
1271787919506763776
1271787470791692291
1271787377229430785
1271787262506938369
1271786866115784705
1271786753205075969
1271786654857125888
1271786410802966528
1271786046246846464
1271785859432550400
1271785326361612289
1271785290798174213
1271785207079809024
1271785172606869504
1271785154466533377
1271784899406594048
1271784764719144961
1271784386858549250
1271784167307726848
1271784033517699074
1271783983924289537
1271783782765510656
1271783666574856198
1271782942390595584
1271782722210541570
1271782711057735681
1271782560398323712
1271782522582700033
1271782142679363588
1271782074211598337
1271782014560145415
1271781900370264067
1271781736381329413
1271781615132381184
1271781531393175552
1271780889010323456
1271780802288893952
1271780687125852160
1271780211890233349
1271780196140507138
1271779779625152512
1271779519683276803
1271779514155184128
1271779306436526080
1271778761135046658
1271778740071211010
1271778676229541889
1271778669783023616
1271778566804561920
1271778532230864897
1271778363447918594
1271778240420392962
1271778183331880961
1271778175438270464
1271778091858161665
1271777392995033088
1271776821898383361
1271776807310766080
1271776368989093888
1271776144463998976
1271776008019025924
1271775987089408001
1271775892424007680
1271775870127087616
1271775501900627968
1271775454127517699
1271775433676251137
1271775267476983809
1271774930900791301
1271774621893668865
1271774513198440448
1271774417954226176
1271774100768329728
1271773855107989504
1271773228906799104
1271773139005894656
1271773112753745923
1271773084580708353
1271772763221524480
1271772426985185281
1271772023677730816
1271771986654629888
1271771970707902464
1271771920552394753
1271771577475047425
1271771126377545735
1271771012653355014
1271770939030675456
1271770350729269248
1271770186392182785
1271769558752378883
1271769189548728321
1271769117901467649
1271768660617592837
1271768200624168961
1271767829306580994
1271767752861200384
1271767739321876480
1271767451517292544
1271767305480032264
1271767200966164481
1271766805384761344
1271766737617408001
1271766457504817153
1271766447916810241
1271766129724100608
1271765980218363905
1271765977005465600
1271765813926563840
1271765735367467008
1271765545432395776
1271765324803837953
1271765306629926914
1271765056238366720
1271764904823984134
1271764161295515648
1271763907225542656
1271763770512113666
1271763478957617152
1271763358048571392
1271762727585841153
1271762673080897536
1271761778670743552
1271761458989355008
1271760775607189505
1271760287297728517
1271759882824241152
1271759831351750657
1271759681841532928
1271759422595805185
1271758958513061889
1271758797481086978
1271758607424634881
1271758598939557888
1271758254817894401
1271757153951506432
1271756517738504193
1271756211743068160
1271756124363120640
1271754981083922433
1271754821046022145
1271754344661204998
1271754034924466178
1271754008810549250
1271753358991392769
1271753109560164352
1271752010228994048
1271751829102252038
1271751603985530882
1271750998617456640
1271749788711690240
1271749241686245378
1271748608438738949
1271747981679591424
1271747267196837891
1271746973658492930
1271745605052833792
1271745391151779840
1271744782373515264
1271744753181360128
1271744273042436097
1271743813531217921
1271743765749923840
1271743574095343618
1271742860119941121
1271742673024679936
1271742440928493568
1271742053525843968
1271741850290982913
1271741793646678017
1271741686214000641
1271741419812794368
1271740853288161280
1271740504305209344
1271740117237895168
1271739597232488448
1271738474287239168
1271738423565565953
1271738398110171136
1271738352426004481
1271738185547161602
1271738132153528320
1271737780289392640
1271737733980008448
1271737666380468224
1271737381117403136
1271737176448008194
1271736442650333185
1271736312488476672
1271736296927617024
1271736273720545283
1271734770133860352
1271734723044413445
1271734529171038208
1271734236127641605
1271733478833430529
1271733356191813632
1271733017787195392
1271732835229921281
1271732605168345089
1271731422525521920
1271731279898255360
1271730318001737728
1271730163877904384
1271729928640385024
1271729466788605956
1271729213792489472
1271728961026957312
1271728912490323968
1271728857733722112
1271728496742670336
1271728395915845632
1271727640714440710
1271727603347570688
1271727468932747270
1271727249943740418
1271726451486633985
1271726000712359937
1271725697887875072
1271725362398072839
1271725147138002944
1271725088082034688
1271724858423066624
1271724748607827968
1271724590159585280
1271724053179572224
1271723904654950400
1271723602530967552
1271721934724591617
1271721743778934784
1271721564669710336
1271721444079046657
1271720569629786113
1271720010327736320
1271719914852593665
1271719618139295744
1271719451579351040
1271718494762131457
1271718448482091009
1271718122681176067
1271717577929232386
1271717408563236864
1271717357824757765
1271717319291609088
1271717040043298816
1271716873927749636
1271716708101894146
1271716514492829705
1271715478713630721
1271715415962587136
1271715283124858880
1271715113180041219
1271714835168784384
1271714177208500227
1271713324497907712
1271712884301709321
1271712458248318976
1271712352103104513
1271712349326585861
1271712127741550592
1271711922384261120
1271711797263941632
1271711696722309125
1271711376570937344
1271711327573213184
1271711150095446016
1271711031006580743
1271710896432263173
1271710829801541633
1271710783886356480
1271710759471525893
1271710689011392512
1271710489127550977
1271710485554003969
1271710483947585537
1271710356289671169
1271710159262236673
1271709569778167810
1271709443319685121
1271709436223148033
1271709296913534976
1271709242454618113
1271709188058734592
1271709182778056709
1271709150053990400
1271709132815548417
1271709041337733120
1271708739679268865
1271708724206460937
1271708611660722177
1271708568127971330
1271708520279400449
1271708389047799809
1271707320192569344
1271707090084442112
1271706695476150278
1271706074316509184
1271706039105335296
1271706017001242625
1271705906603065344
1271705735508844544
1271705694975205378
1271705642487681025
1271705145940701184
1271705002449362944
1271704911529508867
1271704347987062786
1271704323160854528
1271704157007884288
1271703240812486656
1271702983223529472
1271702881087913989
1271702779657105408
1271702730147495943
1271702126255730690
1271701987327787010
1271701883694899200
1271701659387940870
1271701490391015424
1271701132788805632
1271700881898168325
1271700861203427334
1271700860666441728
1271700755527991296
1271700298659254272
1271699996782538753
1271698404565893121
1271698319069212672
1271697973143953409
1271697785960587266
1271697657354784768
1271697138850750464
1271696750869282816
1271696472736583680
1271696379698708480
1271696324916678657
1271695692688482305
1271695424274006018
1271695256644284416
1271695119637524492
1271695067078627332
1271694981577601024
1271694932135145472
1271694835737477120
1271694647837036546
1271694502508429312
1271694414046355458
1271694408086204416
1271694289521848320
1271693779905343490
1271693503366643716
1271693230300487681
1271693048699707392
1271693041749889024
1271692896815599616
1271692881858723840
1271692848044183552
1271692502265851904
1271692498407092226
1271692018515800064
1271691981543137281
1271691970969133057
1271691917403713536
1271691600398372864
1271691467107467264
1271690356053204993
1271690298322825216
1271690177912635393
1271689149867864064
1271688870619381762
1271688315184480259
1271688188692553728
1271687905182973960
1271687822907453440
1271687765197860864
1271687604421849088
1271687517582983168
1271687516287111170
1271687263563378691
1271686647223066626
1271686508613906434
1271686361158950917
1271686155717742593
1271685990541692928
1271685807364091911
1271685711113129984
1271685385022652417
1271684984198193152
1271684735840989184
1271684298261708800
1271683995881725953
1271683788376911873
1271683776813424646
1271683607812284416
1271683417248354304
1271683271617740800
1271683120400457728
1271683102889218049
1271683097436868615
1271683049642737665
1271682836978900993
1271682579360612354
1271682033173975041
1271681808472535041
1271681769910210560
1271681504414806016
1271681202295103488
1271680558372843526
1271680553863929857
1271680553125896199
1271680220928581632
1271679320596119552
1271678957235077125
1271678605433745409
1271677748654870532
1271677613359022081
1271677441371705344
1271677327475380234
1271677259024199680
1271677124198330370
1271677063490043905
1271676527881662464
1271675976645132289
1271675901122666496
1271675792699908098
1271675777751252994
1271675562923372545
1271675546108231680
1271675518023282689
1271675474687623168
1271675218428170240
1271675097653424128
1271674323988819974
1271674190987476993
1271674058522984448
1271674052294434818
1271673912263233536
1271673668100333568
1271673625234386944
1271673252939628545
1271672945518219271
1271672402079031296
1271672322517327872
1271672220805365765
1271671699637850114
1271671617802907650
1271671481685225473
1271671138884694016
1271671105309290496
1271670426796777472
1271670336342446080
1271670126358802437
1271670109744951296
1271670092598849536
1271670090421985280
1271669189518843907
1271669133097283585
1271669121852342273
1271669112243138565
1271669042525270016
1271668948539289600
1271668852741402624
1271668702685966336
1271668309520457728
1271667976287084545
1271667745306939393
1271667739787132929
1271667539517624320
1271667256020348929
1271666907444400129
1271666534260359175
1271666444996993025
1271666052406091776
1271665719013445632
1271665182289379331
1271664618432274432
1271664170220630017
1271664055715917824
1271664025533743104
1271663827155849218
1271663745346011136
1271663537463545856
1271663235276525569
1271663207787134976
1271662755590877184
1271662356972658688
1271662030760574977
1271661736949678081
1271661357486743553
1271661164691251200
1271660939205623808
1271660774012878848
1271660654940872704
1271660345145384963
1271660231278227457
1271660091238948864
1271659874607403008
1271659306463739905
1271659252948406272
1271658719407939585
1271658638113796099
1271658613443043328
1271658314040893441
1271657675437117440
1271657409837178883
1271657355994976257
1271657274952605696
1271657102306664448
1271657063119228929
1271656761133588486
1271656679289942016
1271656392936603649
1271655200055574528
1271655182024290305
1271655041443692544
1271655025689927680
1271654823943962624
1271654785981145095
1271654686022647808
1271654677734739968
1271654325895520263
1271654242948956161
1271654022588424192
1271653893714219009
1271653843852558336
1271653776449929218
1271653699350401025
1271653516461903874
1271653286354063360
1271653205617885184
1271652875957989377
1271652750149943296
1271652626095112192
1271652507278651392
1271652309173506051
1271652099038883840
1271652067845697542
1271651901327593472
1271651597077090304
1271651548922351617
1271651522200420357
1271651382853074951
1271651340515782658
1271651261167828993
1271651250778537984
1271651098231803905
1271650713685209088
1271650397334183937
1271650330850332677
1271650217155112960
1271649832550236161
1271649725285097472
1271649579524599808
1271649306588610561
1271649262972162050
1271648739266985985
1271648682891448320
1271648682673405952
1271648655347453957
1271648562154287104
1271648495187963906
1271648290216574976
1271648031692242946
1271647965531308032
1271647863467057152
1271647837244149761
1271647748278947843
1271647597585891328
1271647587410620417
1271647224712355840
1271647192663687173
1271647157901299717
1271647126989266944
1271647078163394560
1271646712415825921
1271646602571198464
1271646432508866562
1271646430072111104
1271646303714447361
1271646287130058754
1271646167449964544
1271646017612546048
1271645708093923329
1271645528556789761
1271645356481273856
1271645251762032640
1271644947544932352
1271644192381571073
1271643769788485632
1271643045453336577
1271642466706493441
1271642424847155201
1271642346967490562
1271642336834052098
1271642199931777024
1271642054259425280
1271641902350098435
1271641354863443968
1271641246356791298
1271641154237485058
1271641152819810305
1271641140719226882
1271640999232561153
1271640193683111937
1271640147109515266
1271640123684388864
1271639845165772802
1271639519046045696
1271639184466481154
1271639086797860866
1271639007814995974
1271638589051482119
1271638586241105920
1271638537457340416
1271638201426259968
1271638163778232321
1271637818746511360
1271637813793095685
1271637705017962498
1271637432153313281
1271637287412150275
1271637221276336129
1271637132587659265
1271637123381243904
1271637120264949761
1271636892103045120
1271636761341579266
1271636509012025348
1271636471947177984
1271636408478900224
1271635944081219584
1271635940520325121
1271635879472197633
1271635483248988160
1271635290164277248
1271635143766278144
1271635046517088256
1271634805210447873
1271634698133897216
1271634411696599042
1271634342872260608
1271634252170317825
1271634185619410945
1271634130976079872
1271633929280225282
1271633758592987142
1271633692142628864
1271633513264099335
1271633494859493376
1271633401146224640
1271633095955865600
1271632798990942208
1271632754262728709
1271632548653867010
1271632432081633281
1271632226950639616
1271632182079918080
1271631996926791680
1271631681213157378
1271631232019894272
1271631149148798976
1271631096090972161
1271631034757509120
1271630742234165249
1271630614215745536
1271630580803874816
1271630014275084289
1271629954917097472
1271629824495255552
1271629797005963265
1271629788428582912
1271629746862878720
1271629711345700864
1271629506063687680
1271629264983474177
1271629255512817665
1271628983961038850
1271628713789132800
1271628631844941824
1271628465012379649
1271628300549525504
1271628297676431360
1271628184027422722
1271627707177144321
1271627683781369856
1271627570338050049
1271627492248313856
1271627473386643457
1271626944904339457
1271626932015284224
1271626834531287041
1271626790050631680
1271626533887709184
1271626429969694721
1271626228127145984
1271626185730973696
1271626063140073473
1271626059587350529
1271625463836708864
1271625385801908231
1271625370287198208
1271625113235046401
1271624900617404416
1271624852349218816
1271624818308386816
1271624752659140608
1271624742294913024
1271624544403329025
1271624253205557248
1271624193755344896
1271624052105412608
1271623983201280001
1271623810299555840
1271623548914806790
1271623534331269120
1271623498209742848
1271623199923421185
1271622957048180742
1271622862999355394
1271622768514252802
1271622718706921474
1271622623131246592
1271622609483038721
1271622558408998912
1271622549424594944
1271622466280939520
1271622115578580993
1271621989380362240
1271621684131508227
1271621647452090368
1271621359546884098
1271621305511616512
1271621128851775488
1271621080457850881
1271621052767129602
1271620905282740226
1271620859518685184
1271620768242286592
1271620550801207296
1271620302045356032
1271620077448814593
1271619950336188416
1271619675030458368
1271619566452592640
1271619548035387392
1271619381475278849
1271619308645486592
1271618865429188609
1271618657840480256
1271618538848104448
1271618497697718272
1271618405443858432
1271617955751587840
1271617882196258817
1271617685407830017
1271617463256580104
1271617092677251073
1271617090634633216
1271616970710908928
1271616821435568128
1271616314252185600
1271616273458266112
1271615976367370242
1271615906632699904
1271615791851593728
1271615788168994817
1271615699887116288
1271615390888669186
1271615346319990787
1271615057919606784
1271614909307146240
1271614880202850305
1271614842034585602
1271614839765401600
1271614827144806400
1271614545849724928
1271614486911184897
1271613444559683584
1271613342239657984
1271613310551588865
1271613042363637761
1271612732484333570
1271612696505520130
1271612507837235202
1271611411156910086
1271611343507001344
1271611341610954753
1271611204922990593
1271610898562650112
1271610599483617281
1271610573952897024
1271610025505624067
1271609654192341002
1271609584021499904
1271609500525645824
1271609314994774019
1271609267972386817
1271609237857341445
1271609210799894529
1271608730786897920
1271608682489536512
1271608640496115714
1271608629150412800
1271608617251352578
1271608425143611393
1271608405841461254
1271608224303775744
1271608087900590080
1271608073908416512
1271607925778210818
1271607883956989952
1271607615559270401
1271607446067445762
1271607228445802498
1271607116332240896
1271607088641306624
1271606865982484480
1271606767940747266
1271606555184693249
1271606304763637760
1271606304101019649
1271606273306435585
1271606112228216832
1271606069194903558
1271605616029642754
1271605493258162176
1271605375653965824
1271605233119043584
1271605027296153600
1271604922887241729
1271604837818474497
1271604489242456068
1271604470246445056
1271604442866110466
1271604383566794752
1271603960592265216
1271603839175585792
1271603691229818880
1271603608921014272
1271603516700844032
1271603438850367494
1271603079658512384
1271602630926544896
1271602615399460864
1271602592355962882
1271602592062332929
1271602592041271302
1271602539138625537
1271602398948200448
1271602303414476800
1271602186657685504
1271602166919282690
1271601982269272065
1271601905580617730
1271601870402961410
1271601746041663488
1271601711816364033
1271601541577953281
1271601062034550790
1271601042946314240
1271601025322008577
1271601007617867776
1271600703438491651
1271600620093485057
1271600597071024128
1271600429340733440
1271600221219405830
1271600053841530880
1271599980894138368
1271599918000435200
1271599917891534849
1271599764505686016
1271599654820610056
1271599469004537856
1271599410837966848
1271599249801781251
1271599106834776066
1271599082440519680
1271598897790681096
1271598836969025538
1271598667930103809
1271598627648126977
1271598480830717952
1271598196146319361
1271598177536352256
1271597934950469633
1271597759733301250
1271597453809090560
1271597415750078466
1271597403661979648
1271597166574874625
1271597056914833410
1271596600599744512
1271596506982895617
1271596461898244097
1271596314371842048
1271596150253072384
1271595786632081411
1271595602799931397
1271595332409782272
1271595299824377860
1271595203070005250
1271595109851828225
1271594924862038017
1271594671257649152
1271594638990807041
1271594616576520192
1271594592224161792
1271594553384951808
1271594465770319873
1271594386552479745
1271594323134513153
1271594097103515648
1271594047740706816
1271593907869167619
1271593878823432194
1271593802696810497
1271593780823699456
1271593673223032832
1271593431270338561
1271593362718629889
1271593270930477060
1271593210457006088
1271592783149662209
1271592689004314625
1271592433722122240
1271592428521361409
1271592123305873408
1271592014497415171
1271592006666641409
1271591595222216704
1271591511717625856
1271591478054268931
1271591449822474250
1271591280175390720
1271590866730115072
1271590695879540737
1271590669908348929
1271590646743273472
1271590532741869568
1271590505709735953
1271590488949297152
1271590247055400960
1271590186170888194
1271589819261554688
1271589705960783876
1271589614935896064
1271589556710789120
1271589535164567553
1271589398841159680
1271589371263676416
1271589225318813696
1271589222378602497
1271589110738817026
1271588923190493186
1271588658622205953
1271588542574202881
1271588457270456321
1271588250516365314
1271588144425598976
1271588083339681792
1271588081326489603
1271587628568260627
1271587568321167360
1271587032318586881
1271586868782673921
1271586706140037120
1271586641602326532
1271586585834897413
1271586480880627712
1271586379093417985
1271586345434198018
1271586065598595073
1271586061127475201
1271586036255264768
1271585940947922944
1271585934572752896
1271585851101847552
1271585756855885825
1271585502903308290
1271585481436925952
1271585460658122752
1271585455155396608
1271585235340341255
1271585042964393985
1271584661303701504
1271584633176670208
1271584295568670722
1271584250442047488
1271583838452367360
1271583477004206082
1271583363430641665
1271583350692761600
1271583246396977152
1271583208413564929
1271583083813376002
1271583048874647553
1271583023486480384
1271582918280974336
1271582896659333120
1271582819811315723
1271582781336928256
1271582688441442305
1271582590273589248
1271582513266221058
1271582493938978816
1271582384534609921
1271582286295818241
1271582137414754305
1271582027142184960
1271581679577116677
1271581677400326146
1271581595275845634
1271581580646121473
1271581529865695234
1271581511926587393
1271581355445489665
1271581345786052609
1271581170946519042
1271580940280758272
1271580636810108933
1271580384166363136
1271580357637398529
1271580027117658112
1271579913716457481
1271579901775183878
1271579885694312448
1271579822985105409
1271579273271275520
1271578661121134593
1271578652346638336
1271578329372557314
1271578328605044737
1271578302818418688
1271577976019148801
1271577807030833152
1271577563299602433
1271576939007037441
1271576911010041859
1271576716398469121
1271576670068248576
1271576225388036097
1271576224758935560
1271576072803450882
1271576000250478592
1271575963948724224
1271575936576749569
1271575909968023555
1271575800035360771
1271575776626913286
1271575734620794881
1271575674512273409
1271575517616054280
1271575438155042816
1271575169140736000
1271575039473848320
1271574996716929024
1271574964521533441
1271574953448673280
1271574953440272387
1271574953381502977
1271574722514497536
1271574692990771200
1271574674640642054
1271574380712095745
1271574380615786496
1271574075035529217
1271573862308814848
1271573835251253253
1271573834877956096
1271573799587250180
1271573642011308033
1271573533722730496
1271573479461175298
1271573370878951426
1271573353430765568
1271573298938339332
1271573231552495616
1271573159330930689
1271572837804003331
1271572711890878465
1271572461172203526
1271572456902406144
1271572384110141440
1271572040647086080
1271571987098292224
1271571986502705152
1271571270606430209
1271571233944018955
1271571055942008841
1271570985851006980
1271570960160866315
1271570788425109505
1271570647164923906
1271570489199083522
1271570430579466241
1271570331963179008
1271570197120417795
1271570022473904128
1271569908271382531
1271569666952122369
1271569595082641413
1271569412005363712
1271569330938019840
1271569128818487296
1271568933913612289
1271568546808631296
1271568535295320064
1271568519264636938
1271568471348961280
1271568372606668801
1271568362703851522
1271568278234652672
1271568188699009026
1271568144600051713
1271568007240790018
1271567790604988423
1271567572203429888
1271567556625793026
1271567264068669442
1271567123228364800
1271566770583846913
1271566588978790407
1271566528991752192
1271566439472865281
1271566237127127047
1271566159008145415
1271566152016093184
1271566123553742854
1271566093941968897
1271566068532871168
1271566062937571329
1271566037138444288
1271565994943709184
1271565966212845569
1271565909849767936
1271565843982319619
1271565816505470980
1271565786935590913
1271565769386663937
1271565754853462017
1271565611668307973
1271565605389373441
1271565594656202752
1271565294620860420
1271565058548604929
1271564735318802432
1271564688208379910
1271564685784092674
1271564682881650688
1271564522780680192
1271564375036440580
1271564359421100033
1271564286071013378
1271564274331156481
1271564258401226752
1271564243821891592
1271564189908287489
1271564175932719104
1271564173239959552
1271564038141546498
1271563973926797312
1271563933468495872
1271563865810182144
1271563804468371457
1271563431984988162
1271563321678929925
1271563037242208256
1271562925845762048
1271562913938116608
1271562768391569409
1271562670253187073
1271562547930546177
1271562475218108430
1271562452279296000
1271562370595332097
1271562330929840128
1271562238881660929
1271562089883189253
1271562089744785410
1271562089719640066
1271562049789755398
1271561849402769409
1271561672633790470
1271561397848047617
1271561379418451969
1271561118968840194
1271560869793738754
1271560841205334016
1271560765779173377
1271560751015251968
1271560144086872069
1271560140685221890
1271560089598599168
1271560081918869505
1271559950976929794
1271559831770599431
1271559831728594949
1271559831602765832
1271559800422203392
1271559766226206732
1271559650631192577
1271559387472150528
1271559268593029121
1271559266810331138
1271559231368560641
1271559034114650112
1271558931207331840
1271558823896121351
1271558812760043520
1271558622267486208
1271558595532910592
1271558432588550153
1271558234667495424
1271557982199873536
1271557924943392768
1271557641605730304
1271557639122694147
1271557563507593217
1271557315876061186
1271557099726819340
1271557085902319625
1271556673845497856
1271556631269191681
1271556596338958336
1271556547278180352
1271556395666735111
1271556339978862592
1271556327324758018
1271556151830872065
1271556120457498626
1271555960226697217
1271555930518220801
1271555645104250880
1271555610379800580
1271555549021327361
1271555340090454018
1271555185928798209
1271555179746414592
1271555110892482561
1271554763692392448
1271554595500838912
1271554474272751618
1271554337471373312
1271554304571314177
1271554231791767552
1271554076258557954
1271553441765228550
1271553371670024193
1271552987970895874
1271552958165954560
1271552512844156928
1271552388156067840
1271552310590701570
1271552226960519168
1271551927705354242
1271551857698017280
1271551825016209408
1271551807068618752
1271551772901900294
1271551638768160768
1271551501685723138
1271551313348829184
1271551272425066496
1271551266372681729
1271551263818186752
1271550764394127361
1271550510399737856
1271550285404467200
1271550166609215488
1271549968797405184
1271549965332971520
1271548556457852928
1271548497993531392
1271548473519808518
1271548417450348551
1271548402803802112
1271548240467353600
1271548237439107072
1271548236554137600
1271548235467767808
1271548234620497920
1271548155516067841
1271548134343225344
1271548004990844929
1271547981804662784
1271547900678545409
1271547858290868224
