1290029018071224321
1290027100447969280
1290023987905404928
1290023804601737216
1290022172271009793
1290022063856668672
1290020328555474944
1290017590383767552
1290015360523984896
1290015160275353601
1290015153207967745
1290009988304429068
1290009151163084801
1290008942119018496
1290008358301446145
1290008259336732672
1290006804852875265
1290006149480230912
1290005798735806466
1290005386058031106
1290004931282378753
1290002896919158786
1290002577233510406
1290000215869493248
1289999995790192641
1289999129045659648
1289998973713805313
1289998857703526402
1289998520544645125
1289997546224365569
1289997020250247170
1289996500198555649
1289995649052598272
1289992778009600000
1289992741494108162
1289992339675586574
1289992338987597825
1289992338140323840
1289992336504545282
1289992335774818304
1289990907513585664
1289990599232241666
1289989996611399682
1289987255679901696
1289984259625639938
1289983870566375430
1289981899201363968
1289981644326293509
1289981068716593152
1289980267596308482
1289980136188600320
1289978434186166274
1289977552958676992
1289977285202907136
1289976395808948224
1289975664754360320
1289975643963191299
1289975071889485825
1289974702505508865
1289970347446435840
1289969651905105921
1289969478004928512
1289969268193468424
1289968825216069632
1289968612636110848
1289967937521094657
1289967671337861121
1289967575149862913
1289966903365001218
1289966762612539393
1289966446005583877
1289966180753539072
1289965986095882240
1289965965992574977
1289964387587854337
1289963360251817984
1289962739838996480
1289962495709343745
1289960578350346240
1289959639652528128
1289958266529656833
1289955128137535489
1289951523938557952
1289949763052347392
1289949266161496065
1289949027115573251
1289947346273554432
1289946897038204928
1289946233679691776
1289946231892926465
1289946097813614594
1289944110489460736
1289943947750629376
1289943310358859776
1289943063117172736
1289942763002159105
1289942175954870274
1289941512017424386
1289940989243568129
1289940145362202630
1289940039959367681
1289938992054460416
1289938935452336128
1289938636096577536
1289937766663352321
1289936817739796480
1289934994371010560
1289933864262148097
1289933834599796737
1289932945700970497
1289932447451238400
1289932068323909634
1289930935203500039
1289929934098460672
1289929413845377025
1289928508282552320
1289926293245448198
1289925171789406214
1289925085994741767
1289922782210400259
1289922117224431616
1289921180892147712
1289920501066989569
1289920459807453188
1289920300113485824
1289919782951612416
1289915046655492097
1289912971263541254
1289912484401262596
1289910612324098048
1289910270597443584
1289910074857594882
1289909708791349249
1289909666877550592
1289909437671436288
1289909262697693185
1289907458723344384
1289907409868161024
1289906094110892032
1289905811276173315
1289903352323559424
1289900367812026369
1289898959477944321
1289897641715757057
1289893511471312896
1289892999367766016
1289891742179680256
1289891313437954048
1289873587327741953
1289870946942087168
1289870296774778881
1289870295814172672
1289867271960006656
1289863109331435526
1289854062746206208
1289848219799879680
1289844605593288704
1289841256147886082
1289841221582622721
1289841136736047104
1289839289321377792
1289839193137414144
1289830367352979456
1289826840408973318
1289826481544331264
1289820045145645057
1289819568391643138
1289816229398552577
1289815265077628928
1289811616695894018
1289810409231273984
1289808080650137601
1289805957304745986
1289805255421464576
1289804590045466632
1289803041990901760
1289792658324353025
1289789057397006337
1289786258005188608
1289783429194637313
1289783130161704960
1289782050971512833
1289781286572179457
1289780844668715009
1289779595890155520
1289776384894672896
1289771362601508865
1289767405372096513
1289767160881979392
1289767074403725314
1289766023516676097
1289765779034918913
1289765543566745601
1289764329684733952
1289763690254753793
1289762837565333504
1289760566500659200
1289759082946207745
1289758809578016769
1289758050601938945
1289757972239810561
1289757894691364866
1289757820850593792
1289757439261384704
1289756781195825153
1289755613971415040
1289754587239288832
1289753493712994311
1289753456635334656
1289752654717935616
1289752148532756482
1289750073249681409
1289749143653511168
1289749125936762882
1289749121465753601
1289744303107878912
1289743777507053571
1289741876459790337
1289741437358108672
1289741297218068483
1289737601901944832
1289737225857568769
1289736945900249089
1289736676567220224
1289736610645303296
1289735857977450496
1289735599151181824
1289734987193843712
1289734523047907328
1289734289903349760
1289732035112833027
1289731818917253121
1289731277319372801
1289728101186846722
1289728084908756992
1289727779139796993
1289726542910590977
1289725562487844865
1289725211026194432
1289725065810960384
1289724166011158528
1289722806847111168
1289722552055500801
1289721850021330944
1289721593086779392
1289720113101279232
1289719295795253255
1289718259739025409
1289716642105061376
1289712747161083904
1289712421834231808
1289711044307202050
1289710502231375872
1289709992812003328
1289708564030914560
1289708129094000640
1289707619532173312
1289707532936601602
1289703719924195328
1289703626743545856
1289703609228316673
1289702723055529984
1289702492859559941
1289693087283871744
1289691967899627520
1289690825723506688
1289689506904342528
1289686217353641984
1289685039312035841
1289684010960969728
1289683169323528192
1289682532489818114
1289682442043842562
1289681588553420803
1289680793137111040
1289680395567394817
1289679272722956288
1289678846669647875
1289678846430785536
1289677933066350592
1289677162895888385
1289676690629644288
1289675299706134530
1289674610795876352
1289672976653152256
1289672610230329344
1289671903620128768
1289671624816377856
1289670181166358528
1289669398576295936
1289668249320210433
1289712402548719618
