1282419133422931969
1282418895698239488
1282417314470809604
1282416506958159872
1282416283061977088
1282415761735274503
1282415587466063874
1282415286398976000
1282414644800479239
1282412513074843652
1282412457554739201
1282412407466397711
1282411493628284929
1282411173099470849
1282411009353949184
1282410979507220482
1282410966949474305
1282410768584015881
1282410385363132421
1282409285356486656
1282409228263731202
1282407503184240640
1282406654445854721
1282405763718221827
1282404150056226816
1282402928905588737
1282402844184850432
1282401577886781442
1282401251183951877
1282400880860565504
1282399976551845893
1282399966519009280
1282399763464425473
1282399009295020032
1282397927764189184
1282397537169575936
1282397229366439936
1282396619724460032
1282395436700098560
1282395317976080385
1282395256605028352
1282395113159888898
1282395013964595200
1282393588890865665
1282391076041613318
1282390419352027136
1282390198261878788
1282390136689438720
1282389729980317696
1282388872861822977
1282388054708293633
1282387430860038145
1282387081256468485
1282386484021141504
1282385533922979840
1282384846757732352
1282384482193088512
1282383940456796162
1282382720014876672
1282382206783102979
1282382020996300801
1282381862409605120
1282379777337364481
1282379652145840128
1282378554194485249
1282378466164240385
1282377150457425921
1282376873373249537
1282375735357792258
1282375645750857729
1282373587463176192
1282371854586585089
1282371206348513282
1282371173922123776
1282370805163339778
1282369899491479557
1282369702845710336
1282369419306586112
1282369098819735554
1282369068629135363
1282365926680285186
1282365760732626944
1282365122678161409
1282360696991252486
1282359553317908481
1282358152219054085
1282357963773091841
1282357821129072642
1282357614655926272
1282356167784779777
1282355201605681152
1282353216328470533
1282352347549708291
1282351059827077127
1282350744872660995
1282350672567033862
1282350429569982464
1282350092394037248
1282349330549010432
1282347406080737282
1282346783230877696
1282346587247837186
1282346386944491520
1282345820940050432
1282344707830566912
1282343885390450688
1282343658864418817
1282343297902665733
1282342673026879489
1282342540079853569
1282342141579198465
1282340862345781249
1282339634144583680
1282339145139007490
1282339016063549441
1282338839139319808
1282336874460323846
1282335037396889600
1282334296104210435
1282331811016736769
1282330639094755329
1282328695039037440
1282328148638674945
1282327705975877632
1282327318069903360
1282325945857318913
1282325226676789249
1282324606167265281
1282324382954647553
1282321782620528641
1282319994764886021
1282318505816346625
1282318375247642624
1282317112078458881
1282315766453460992
1282315273052225538
1282314510938898433
1282314326720774144
1282314137888935938
1282312604183154689
1282312538714144772
1282307727193243648
1282307346924998656
1282305268794130438
1282305021619646466
1282304444370214918
1282303694256713731
1282302963269148673
1282302384576909312
1282301357186265088
1282301303717339137
1282301075559677954
1282301068995702785
1282300965102616577
1282300950095499264
1282300342168956928
1282299161807917056
1282298994631282689
1282296742801793024
1282296177627738114
1282293900779159552
1282293577008189440
1282293571236720642
1282293106851876864
1282288523966545920
1282285931676995589
1282282652473712641
1282282093230403590
1282280508307668992
1282278300916813824
1282278256167788546
1282273196444659714
1282273184100896768
1282271994839478273
1282271932319137794
1282271006900486146
1282269579759280128
1282265815149092864
1282265259135254528
1282264393330372613
1282263025072984064
1282258435808079878
1282252953999433729
1282252762944765952
1282245572355915776
1282244371937730561
1282241033640779780
1282239795607961605
1282232429223317505
1282225907764269056
1282224001205637120
1282218474476118016
1282214303664271369
1282213135127121920
1282210577322999809
1282208256270536706
1282207312573341696
1282205024894976000
1282202163498737664
1282198819418050562
1282197287070908416
1282194220196016134
1282194179313942528
1282194155662442496
1282192022447611904
1282191717219934208
1282189700954861569
1282187843092307968
1282187148834344962
1282186501019897857
1282184964113526784
1282184044738904066
1282183632157908992
1282182022736285696
1282181306621845510
1282180484336844800
1282178778492538880
1282178135811862528
1282177966169042945
1282176986966904833
1282176900425748480
1282175164642451456
1282173575412305921
1282172145771085824
1282171606899535874
1282170770039291905
1282169629520154624
1282169292071546881
1282168418658025472
1282166253063462913
1282165537825411074
1282163356795887622
1282163345794011136
1282161983379222529
1282160542325411845
1282157445050249217
1282157285276434437
1282157122013270017
1282156595468738560
1282154049530474496
1282153616472772609
1282153590224814080
1282151576816226304
1282151286469619713
1282149239368437761
1282146629437534210
1282146060429926403
1282145382101852167
1282144978437898240
1282143058738524160
1282142120296566784
1282142030853021696
1282140583784521737
1282139681057116161
1282139525456617473
1282138083438272514
1282137819503374336
1282137599864377345
1282136846990839808
1282136138635857920
1282135718886875136
1282134376394960902
1282131619592077312
1282131578773102594
1282130919332208640
1282128116291436546
1282126771262021632
1282126619763712000
1282126508610523136
1282126175054123009
1282126090429820929
1282125460646895623
1282124558854750213
1282123170150047744
1282122755417296903
1282122364722065408
1282122310858739713
1282121851775393792
1282121711362756610
1282120982413574146
1282120871503593473
1282119430374395906
1282117121451925506
1282116317064105985
1282116209723478017
1282115563909722118
1282115068403036161
1282113489948090368
1282113012720185346
1282112322039959552
1282110479767343105
1282109761312481280
1282109574753943552
1282106959596937217
1282106089526505473
1282102967466954757
1282101182597681153
1282099789686018048
1282098756049985536
1282096181917683717
1282095152694063106
1282094860472930304
1282094014825525248
1282093013825716224
1282091270064594945
1282086034843541507
1282085901565222912
1282083132292894721
1282081128774545408
1282081121266618368
1282080940538372102
1282080250093015041
1282080076692152326
1282079717940776960
1282079563883806720
1282078207236345861
1282077987597320192
1282077754045980673
1282077629806456832
1282074962073985024
1282072805450760192
1282072078976536577
1282072053965717510
1282071424987848704
1282070844462764032
1282070438126841857
1282070350096928768
1282069855185915905
1282066321635774466
1282065586948837377
1282064368121741312
1282062230582853632
1282062198832017408
1282061704960987138
1282058740766736384
