1288579509956915200
1288579242410811392
1288579139587514373
1288579088081453063
1288579059736248325
1288579042937933824
1288578530926723073
1288578418183995395
1288577351148806145
1288577198048325634
1288576473163390976
1288575872463708160
1288575236225589254
1288574988530757632
1288574013523013634
1288573877338152966
1288572707651682304
1288572395805057024
1288572233707855877
1288571577345482752
1288571364492718080
1288570543445352449
1288570314297872384
1288570304344686592
1288569807609171970
1288569699433840644
1288569247325716480
1288569101766385664
1288569041636872193
1288567749715742720
1288567484916707328
1288567483390218247
1288567355199520768
1288567112114503680
1288566878789566465
1288565798445998080
1288565698617278464
1288565684893626371
1288564466150510594
1288564161333657600
1288564067225997312
1288563815886524417
1288562537781313536
1288562017301798913
1288561822791016448
1288561526148927488
1288561525817593857
1288561239765942273
1288561186083020800
1288561108131803136
1288560048726310914
1288557798553292802
1288557109387210752
1288556999450361857
1288556061012701185
1288555759681376257
1288555552151306243
1288555541313261568
1288553291291324416
1288552790021648385
1288550678441472008
1288549998070726657
1288549921805733888
1288549419764158464
1288546689826004992
1288546568023486464
1288546544120205312
1288546467821518848
1288546196638724096
1288546023128723456
1288545521200750594
1288545101728436236
1288545007595470849
1288544969360203777
1288544809804685313
1288544481634066433
1288544145179586560
1288543870041628672
1288541298719432711
1288539341480792065
1288536285452349440
1288535896753672193
1288535154906943488
1288534356924010505
1288528619636129792
1288527520820862977
1288527457608491010
1288527070520213504
1288527053214670849
1288525332727898113
1288524641791881219
1288524524015804417
1288523801265938432
1288523723851485184
1288523202700832768
1288522503888015361
1288522472036478977
1288521531858079744
1288520285138845696
1288519142908350474
1288518625981272064
1288517867076554753
1288517198454165504
1288516496830996481
1288516448890040320
1288512479849521153
1288511941393014784
1288511196354625536
1288511038594387968
1288510536137793537
1288509780357550081
1288509216542453762
1288505606563913731
1288504709897232385
1288504192601149441
1288504013357568000
1288502307324387328
1288501980923650049
1288501736303403009
1288499700497133569
1288499521861963777
1288499356123963398
1288499230735204353
1288498956561821696
1288498282080210945
1288498106577821696
1288498025023844352
1288497131297427457
1288497058501005312
1288496377669066753
1288495565358215168
1288495041384550401
1288494758567063552
1288494649406033921
1288494445004853258
1288493942590382081
1288493882313969664
1288492811168419840
1288491622519504898
1288491276669722631
1288491247552925697
1288491147934015489
1288491075544309763
1288490383425462275
1288490375506780162
1288490214428741633
1288488237619720192
1288488193378181120
1288487675348037635
1288487155661180928
1288486975243202560
1288486066509553665
1288485419810803713
1288485416144904192
1288484069844692992
1288483908493946880
1288483149853466624
1288483053321494529
1288482978667139072
1288482731018588160
1288482558817325058
1288480970065301504
1288480759431471105
1288480214675316738
1288479817583779840
1288479627883745280
1288479410467811329
1288478963380162563
1288478349900132352
1288477009417560065
1288475261730578432
1288473713197740040
1288471255319023616
1288470958727102464
1288470860790026240
1288470800014675970
1288468873642156032
1288468341087252482
1288468095099719680
1288466507694055427
1288466329901572097
1288465687975952384
1288465295754039297
1288464143905890304
1288463349521547272
1288463128209096704
1288463000228245504
1288460886114435072
1288458780573917184
1288457584400269318
1288457488631656449
1288456434167033863
1288456231087218693
1288454041668911104
1288453141046984706
1288452189070012417
1288451877563179008
1288450162365542401
1288449493365673984
1288448723895427075
1288448580454354944
1288448377378811904
1288448251327324164
1288447070387556359
1288446881367023616
1288445716713615360
1288445680500051968
1288445547624439808
1288444899273121798
1288444256156360707
1288444228033536000
1288444173805289472
1288443814873567234
1288442228516564992
1288441464607965184
1288440675235758080
1288440634492301312
1288439298254082049
1288438656101945350
1288435290818916354
1288433032496664576
1288432884248793090
1288432664639283202
1288432354390953984
1288431712293314560
1288428247903084546
1288427247364382720
1288422536527536128
1288418914750226433
1288417408886034433
1288416961328828416
1288415970537672709
1288415759379521536
1288415622095831043
1288415394059837440
1288415365937192960
1288415337575337984
1288413662609195008
1288412976085491713
1288412857709801472
1288409900217823234
1288409002087288834
1288408934437367810
1288407627966189568
1288406350100336640
1288406072852709377
1288403528763887618
1288401902250557441
1288401669592621056
1288401355699302400
1288401351471329280
1288400415940255746
1288399652019150848
1288398951423660034
1288398264409055232
1288397868173160448
1288397725369737221
1288397609652989952
1288396126849138688
1288395434776391680
1288389239198154752
1288388730559111168
1288388495434756099
1288388239670128646
1288385894395908098
1288385498294054917
1288384195857920000
1288383882920943616
1288383593262116864
1288382927768821760
1288382026765279235
1288378082102063104
1288373639490879488
1288372485210148864
1288371806030577664
1288371575197036549
1288371542611484672
1288365087531528193
1288358502964981760
1288357718386827266
1288356472548667392
1288353097001996288
1288351469251387392
1288351129852612609
1288350364794621953
1288348348273922049
1288347416404557824
1288347284913168384
1288346791763615745
1288345532549623808
1288345073634226177
1288344583819198464
1288342541096681472
1288342495319924738
1288342043698266112
1288341686620499970
1288341009915678727
1288337179211526144
1288337036487909377
1288336729187876864
1288336620136157184
1288333989753827328
1288333756630278144
1288331330481090560
1288329313021042688
1288328355620757505
1288327075871498240
1288326369147932672
1288325713192419328
1288325178733330438
1288323629437136896
1288322662025093122
1288320251416006656
1288320095966629890
1288319467018235904
1288319290471518208
1288318673778860032
1288318209158938624
1288316014351069186
1288315543083274240
1288315145022627841
1288314679408750592
1288314620118097921
1288314586240659456
1288313172814729216
1288313138215960578
1288312921580113922
1288309071649443840
1288308232574898177
1288307593568555008
1288306382110961665
1288306026064871424
1288304917405265921
1288303977159782401
1288303371607322624
1288303209539395587
1288302454661152768
1288301704769937408
1288298581368221698
1288298432793325570
1288296651464101888
1288296569876381698
1288296553367646208
1288296270881329152
1288296065192661001
1288296053863845894
1288294573366579200
1288293453261086720
1288292698349281281
1288291895009918976
1288291812579381248
1288290578388615170
1288290450718314496
1288290037650661376
1288289037581615105
1288288888952258561
1288288646194495488
1288287828477202438
1288287789931532289
1288287450515865604
1288286984063070209
1288286884905582600
1288286702080069632
1288286642860707840
1288286049664471041
1288285706801090560
1288285228532928513
1288285196626931712
1288285041131491328
1288284917860904965
1288284878971326465
1288284132502466560
1288283954768941057
1288283852390236163
1288283718751326208
1288283576606154753
1288283437003165710
1288282904108376065
1288281546856771584
1288280946702155780
1288280678677848064
1288280305909063682
1288280172651847680
1288279641384316929
1288279345098715136
1288278782348943362
1288278497018798080
1288277315894620166
1288277271514624001
1288275412754325504
1288275304427839488
1288274684400693253
1288274220724625413
1288271633161969664
1288270338841808906
1288269396067127297
1288269222800310273
1288266948715909123
1288265801112354817
1288265763317522436
1288265714554601472
1288265521968939009
1288265338564550658
1288264596818726913
1288264315917742080
1288264144056197122
1288263666186428416
1288263498581999618
1288263240716255232
1288262631422337024
1288262624426242049
1288262235320651781
1288262084002754561
1288262076817907714
1288261872295141376
1288260868300591105
1288260613865644032
1288260526271868930
1288260177779724288
1288259112933957633
1288258251465854977
1288258111107665922
1288258005474123777
1288257277393285121
1288257258028240896
1288256245288312833
1288256104212955137
1288255968162336769
1288254989672919040
1288253968787951617
1288253536883613696
1288253226496581632
1288252854449266688
1288249461655965698
1288248932586250240
1288248843541282820
1288248749207236609
1288248603148861442
1288248108082761729
1288247617563000833
1288247024588959744
1288246488385163264
1288246181508849675
1288245303657689088
1288244584997367822
1288243848523796481
1288243199534862337
1288242754762530817
1288242325123215372
1288241864043311104
1288241342884139009
1288240049839054849
1288240026749251585
1288239142032334848
1288238910380879873
1288238570633928704
1288237329069608966
1288236441370103808
1288236402480541696
1288236104500600832
1288236015694438400
1288235764757692417
1288235741705842694
1288235575032590337
1288235081627205632
1288234577451012098
1288233482527936512
1288233102721024001
1288232802010509312
1288232289621639171
1288232056594391040
1288229977385832450
1288228890092007425
1288227970943873025
1288227811451338753
1288227654160670720
1288227115972755456
1288226879833608200
1288225901767847936
1288225634129448964
1288225535735332866
1288225533440991233
1288225312816406528
1288224677178085383
1288224057448701954
1288223958832238593
1288223849050447872
1288223713582706688
1288223466970181632
1288223302801137665
1288222374459047943
1288222069126246400
1288221644524199937
1288221440936828928
1288221029874139137
1288219042063450113
1288219011126382592
1288217803879669760
