1296552482819026944
1296550033412816896
1296547193432809478
1296546761482407955
1296535703271038976
1296532787844067328
1296529892503433218
1296528513110024192
1296527939693981696
1296526628718247938
1296526433054007303
1296523490007437313
1296521246209957896
1296517544677761024
1296515910551953409
1296506153439035396
1296503939626610689
1296501372653903875
1296499296376938496
1296497520739311616
1296494797952344071
1296493507192983554
1296491610943950855
1296491515221618689
1296491031614099457
1296489940247863297
1296487030373916680
1296484857430900740
1296484283100667905
1296481055768281089
1296479819287453696
1296477674693681157
1296476019000578048
1296475497778610178
1296473662162456579
1296473068173504514
1296472173272539136
1296467422732521473
1296467382974767108
1296466456142585858
1296465405826015232
1296464268280369152
1296463417302188033
1296463411568611329
1296461588610908162
1296458959180763138
1296450567443808259
1296450367396380673
1296449101702279174
1296445775455629312
1296441622553669632
1296438613065039874
1296437970459910145
1296432447433904132
1296426009344999424
1296424095060570118
1296410952515158019
1296406334984925186
1296402289813368832
1296399186921959424
1296393347746209793
1296391050580439040
1296390602523725825
1296386828379942918
1296376404649574400
1296363784399990785
1296357758841888768
1296349230920015873
1296345753321906176
1296340032928788481
1296336621713928198
1296327327400570880
1296316949270540296
1296315321159225344
1296307649718431745
1296306561246265346
1296305925532397571
1296303663422439424
1296301325479796736
1296299760450564096
1296299477649829888
1296299029974810625
1296297117611368448
1296296691214229506
1296295385779056640
1296294467427762176
1296293766849060864
1296293233409036288
1296291857396375552
1296291851192938497
1296291848860979200
1296291645747539970
1296291613652725760
1296290253188280320
1296286943907663879
1296282646956449797
1296282519021727745
1296282139248533504
1296281938760622080
1296281843927580676
1296281754190323713
1296279402431631361
1296275552760991745
1296273983281614849
1296273863010000902
1296273610936659968
1296271868333350912
1296271585616302081
1296269659583348736
1296268968110338048
1296268888481632256
1296268868504227840
1296268410834362368
1296268062551879687
1296267810327482370
1296267731029893120
1296267614642147329
1296266956320976897
1296266688548282373
1296266682789326848
1296266307462205442
1296266289795796994
1296266200742334466
1296265966838480896
1296265507071569928
1296265373390602240
1296264985195274248
1296264823651684405
1296264787790385160
1296264741871116289
1296264684308496384
1296264683335430150
1296264647809671169
1296264624418021376
1296264546206846976
1296264532453621760
1296264470512250880
1296264469325189127
1296264457761554435
1296264409183129602
1296264395455180803
1296264328065228801
1296264223501295616
1296264199828418561
1296264180169879552
1296264141066428416
1296264043007627264
1296264035541962757
1296263952557584385
1296263895531880449
1296263882495758337
1296263881925558275
1296261728347578373
1296252749416402945
1296252096107425793
1296251962690867204
1296249192361259009
1296249078293180417
1296248299339632640
1296243031318962179
1296239106352087040
1296238991839240192
1296238507682197504
1296235626141028357
1296233805049499649
1296228371777687553
1296228001256894464
1296223120559226880
1296214134724468742
1296213825772032001
1296213295041515521
1296213048357728258
1296211525263413250
1296209790855778305
1296209752918306819
1296206609811566592
1296204732759973889
1296194403669807105
1296193993127100416
1296193983769583616
1296190884724084736
1296190719066099715
