1290391236386398209
1290391183676538881
1290389956548935680
1290387839956537345
1290387786630144002
1290387660649959427
1290387488729698304
1290387353098485760
1290386401704509440
1290385278323097605
1290384805419507712
1290384407338065923
1290383697569615873
1290383621728149509
1290382879378354178
1290382447184687113
1290382291781345281
1290382105579487232
1290381875392008192
1290381479881646080
1290380666237050880
1290380474750205954
1290378848073166848
1290378009791410179
1290377629883936769
1290376241002971138
1290375689774874624
1290374987602370561
1290374771251830785
1290374475418984449
1290373350896726016
1290373254125936645
1290372719482155012
1290372689186754561
1290372399855280128
1290371904470159360
1290371435878178816
1290371266889699329
1290371122110832641
1290371067836588032
1290370794883866625
1290368293266743296
1290368237595693056
1290367825941602307
1290367630763794434
1290367127271034881
1290366838975672322
1290366459122552832
1290365369065123840
1290364994413101056
1290364069745131522
1290363794007482368
1290363013376012288
1290362645489434624
1290361985788452876
1290361600394825728
1290361231791001601
1290360205226647553
1290360044274380800
1290359516324864002
1290359314897498112
1290359244051513345
1290358907379089409
1290357458548948995
1290357273970311169
1290357240168415232
1290357015030763520
1290355485464506371
1290355479043092480
1290355365503172610
1290353994989281281
1290353357102743552
1290352367096016896
1290352192579424257
1290351450330144768
1290351333749297158
1290351272500105217
1290350748048470021
1290350735004246017
1290348996687519744
1290348826931400712
1290347886606258176
1290346867004407808
1290346572795064321
1290346536774369281
1290345658533195782
1290345634185252866
1290345104385798144
1290344801087320064
1290343480586313729
1290342460036648961
1290339569167224832
1290338670067814402
1290337303886467074
1290337086227320838
1290337015465091073
1290336333978832902
1290336312755720193
1290336186431504384
1290336130240516096
1290335161913970689
1290335151495553031
1290334756396085249
1290333465397911552
1290332137493803012
1290332111778582529
1290331175152766979
1290329608089481218
1290328147993546753
1290325890510004225
1290325523370053633
1290325381480931328
1290325118518988803
1290324374419988480
1290323927009394690
1290323883011313664
1290323800517574660
1290323358052163584
1290321340063461380
1290320981060460545
1290318947703808002
1290317586832515072
1290317449846554625
1290316724538159109
1290315967726268418
1290314002300641282
1290311589380239360
1290310952550719488
1290310589495955457
1290310230299963392
1290309147809001472
1290308978296029184
1290308263322345472
1290307123482513411
1290306843806281731
1290304593113440256
1290303860230115328
1290303700083175425
1290301896897380352
1290300016544948224
1290299730271100928
1290299682787188737
1290299145228435467
1290296885375164424
1290296001484304385
1290294308570927105
1290293507551162368
1290293434519969792
1290293083569975300
1290292441363357697
1290292159040507904
1290292040232706048
1290291850096517123
1290291820186894338
1290286383827841024
1290285815147495429
1290282088709517312
1290279275858464768
1290279156962529285
1290278971263705088
1290278691692412929
1290278646398083073
1290278100094214144
1290277850814324736
1290277194787258369
1290276840565702658
1290275683541762048
1290273575593603075
1290273562427707392
1290272996842594304
1290272728172224512
1290272034195464198
1290271982454370304
1290270179897667587
1290269260497825792
1290267983604940800
1290267624547520513
1290266635949858817
1290263488388980736
1290263268385107969
1290260224155299841
1290259490122522633
1290259307339161600
1290256606131679233
1290255335345786885
1290249102509277184
1290248982799646720
1290248794660130816
1290245762916343809
1290245748555051008
1290245667118436352
1290244807990763521
1290244248269279232
1290239852139540480
1290236567357775872
1290227381689446402
1290217849898721282
1290214164317626369
1290213553706643456
1290208696123813889
1290203913845534722
1290199234113757186
1290198929049415683
1290197680207958016
1290189952173522944
1290182084913319937
1290180292284518401
1290177765400932357
1290175873505734662
1290173640789512193
1290172810854141952
1290171682028544000
1290169432405237761
1290168746418434049
1290163157902622720
1290159638004944898
1290158582382522368
1290157342802182144
1290155616518856711
1290154017058721795
1290152296022716416
1290152214753943555
1290150835985383429
1290150744163639299
1290150468241387520
1290147638772293633
1290146478552305667
1290145556967251968
1290144919391092738
1290143311748116480
1290141950394261504
1290140691524251649
1290140382764793856
1290140114212081664
1290139406582444034
1290138863210463232
1290137523260231680
1290137378544205824
1290136206907342850
1290134601197740033
1290133622679171072
1290132370385809409
1290129268131819520
1290128253798109190
1290127338185908225
1290126834659549187
1290126394324729858
1290124062925008898
1290123637601660928
1290123469716254720
1290123235787444225
1290122907985653762
1290121149662208003
1290119970194509825
1290119394543038464
1290119365845688322
1290118967181209600
1290118777372205056
1290118722175131649
1290118579728207874
1290118477072740352
1290118187783086081
1290118031390068736
1290118002315161600
1290117827865669632
1290117584319213569
1290117431143403522
1290117422918201344
1290117031191146497
1290116526985617409
1290115541194039303
1290115445526151169
1290115379130503170
1290114732641280000
1290114673854078976
1290114039691931648
1290113548673142784
1290112838359322624
1290112564559581184
1290111954363674626
1290111941889777665
1290110543001350145
1290108529374715906
1290108373673717763
1290108346775662592
1290108201967394816
1290108111521320961
1290107957527457792
1290107522238443520
1290107245846388736
1290107163252269056
1290107070964879360
1290106424635215872
1290106069440532481
1290105705073057812
1290105191308521473
1290105079786168322
1290104706006528000
1290104666756280321
1290104274706300928
1290103737529167873
1290101403952668672
1290101288374398976
1290101032454823937
1290100743320383490
1290100657106558979
1290100215865724935
1290100191555538945
1290099425604329477
1290098519483666434
1290097834012758017
1290097697026748416
1290097439035150336
1290097321137434624
1290096726242521088
1290096401930543110
1290093572721524737
1290091737453535233
1290091177551699968
1290091117015265280
1290090504697176064
1290088874669223936
1290088764451074048
1290086772949626886
1290086732260446209
1290085091771912192
1290083766258589696
1290083486389243906
1290083264498028544
1290082222645686272
1290081785288839168
1290081593797701632
1290081530853777409
1290081083870986241
1290080704970100736
1290080704642965505
1290080631246921728
1290080208603643904
1290079559811989507
1290079432036610049
1290077516644794371
1290077334159032320
1290076340113170433
1290075957206941696
1290075357329018880
1290072214570639361
1290071328976801792
1290071314565275648
1290071052048113664
1290069171443662848
1290068053686800385
1290067665944367106
1290066343216074752
1290065732777029632
1290065586458771456
1290065096786341889
1290064897900855297
1290063148636966912
1290062855987843073
1290062460779520002
1290059480508465152
1290059386975596544
1290059209376059392
1290058972163170304
1290058441021505537
1290058282116059136
1290057688315879425
1290057050140024833
1290056939699941376
1290054953453539328
1290053820630700032
1290052936651825152
1290052647706193920
1290052183044448257
1290049760317997056
1290048092310507520
1290047625404661760
1290046994904358913
1290045969581531138
1290045540705554433
1290044964785623042
1290044582684549121
1290044363062431744
1290043230222860288
1290043121372246017
1290042565593571330
1290041601981468672
1290041305788116994
1290041017098555394
1290040368902238209
1290039991121240064
1290037339553558530
1290037109110128641
1290036810320510976
1290036139433197568
1290036137038196736
1290035857206972424
1290034951014854656
1290034390894960640
1290033441493250050
1290030672388603906
1290030617501904897
1290030348580069378
1290278610251767809
1290293850875916288
