1280607467395862529
1280607319420801024
1280607306955329550
1280607145571037184
1280607126424113153
1280607082308415488
1280607061764702209
1280606823159128066
1280605893587988480
1280605194263449603
1280605157739257857
1280605151800299520
1280605106296111104
1280603597483343872
1280602847877398534
1280601989584478210
1280601654337974272
1280600491026776066
1280600373871251457
1280599395621376008
1280595867251159040
1280594065675993095
1280589934181695488
1280589804414152705
1280588929171947521
1280588005359714309
1280587848576532481
1280587324716453889
1280586761014349824
1280585727634440193
1280585623552667654
1280584979102253058
1280584311452942337
1280583620285960193
1280583044362121216
1280582891571822592
1280582538008965120
1280582455104167936
1280582418739666944
1280581801560305664
1280581035747536897
1280580808416407553
1280580365128617984
1280579978749308928
1280578484969095171
1280578241112141824
1280577688852295680
1280577620883599360
1280576910301581316
1280576646815330308
1280576633804554241
1280575515288571904
1280575442681028608
1280574012876296192
1280573134932934658
1280572654408302599
1280572202476134400
1280572000075952135
1280571536223752192
1280571010811600899
1280570924333363200
1280570600080187392
1280570474737647617
1280568760856743936
1280568563749789697
1280568387043618816
1280568123863826432
1280567655771054080
1280567070099492864
1280565857589043200
1280565508387962880
1280565192729006082
1280564431118897155
1280562912625598470
1280562816374587393
1280562449008091137
1280560511751421952
1280558828032065536
1280558823737040899
1280557943184748545
1280556838375886851
1280556483067940866
1280555800759500800
1280555669154922496
1280555488162263040
1280555277004259328
1280554650622734336
1280554390273826816
1280551937923067912
1280550586530881536
1280548908029050880
1280548029880303616
1280547782202458112
1280547437342593025
1280546465446846469
1280542176557047815
1280541978996940802
1280541328397537283
1280541266367873029
1280541024641708032
1280539626558586882
1280539270365749254
1280539009014521863
1280538905876578306
1280537959951765504
1280535407491461121
1280534017507577856
1280533853623316480
1280533749566828544
1280533423925293056
1280532645642932225
1280532244390719488
1280531787891032071
1280531346348097536
1280531302840774657
1280530390831304706
1280529816714870785
1280529731876786178
1280529671814291460
1280527987260239873
1280527621055528963
1280527084826382336
1280526590473048065
1280526324470185986
1280523587372421120
1280520738227671040
1280518717558775808
1280518306265358337
1280518256718229505
1280517750625009665
1280517366804348929
1280512544508186629
1280512365335842819
1280512330913193986
1280509914385985536
1280508403509583876
1280508026018021376
1280507953976655874
1280504148375543818
1280501000042921984
1280499132898164738
1280498874189320195
1280497932198916096
1280496675279249410
1280495173986922497
1280494759245541376
1280492319880462336
1280492228306063360
1280492118298034183
1280492038782320642
1280491943970177024
1280490993066917889
1280490068940140545
1280488699034288134
1280488138079719428
1280487850090196994
1280487659694104576
1280486579975356418
1280484661295267847
1280482510804258821
1280481378400903168
1280477811967504384
1280477305308135425
1280476164411265025
1280474677660483584
1280473817945604099
1280473756910055425
1280473226741780484
1280468841303138306
1280465556651433984
1280462793280454656
1280460870150217731
1280459658851999744
1280458134042087425
1280457685553405952
1280456234575867904
1280452921298214913
1280452118797643776
1280450412957642753
1280448522870042624
1280447743778009088
1280445759968514049
1280445584046993408
1280444477933568000
1280440523996741633
1280440503172030464
1280440447802826753
1280429059835559938
1280429042148282368
1280425917890703362
1280425563111460864
1280418597249130498
1280417201435168768
1280410653228888065
1280407897936203776
1280407566489718786
1280404207447748608
1280403443358863365
1280403246432112640
1280400337367633920
1280400176235057152
1280399452616957952
1280396379970572288
1280396269505126400
1280391501919502336
1280389907605676032
1280386793330925569
1280386199270633472
1280385852242305024
1280385485941211136
1280383893133279232
1280381451566043136
1280380266205216769
1280379782220468224
1280377015749816320
1280376998284505088
1280376765295329280
1280375946621661184
1280375516630003712
1280374321211473920
1280374186133856259
1280373993757741058
1280373765164195840
1280373713314164738
1280373617331589121
1280373528932614144
1280373463052500992
1280373369251250176
1280373010780901376
1280372878928744448
1280371942567133186
1280370406755651584
1280368463807000576
1280367219310919680
1280367130563805184
1280362281574883328
1280359981095796736
1280356440159313920
1280355983571771392
1280354064102854656
1280352932479660032
1280352900603133957
1280351697437679617
1280351061988069376
1280351059555151873
1280348706357854208
1280347004095389696
1280346734812475392
1280345933394386945
1280345252121980930
1280344403903762433
1280344364967837698
1280343767170592769
1280341503311622145
1280341480524124162
1280340440684933120
1280340116242915329
1280339180350926848
1280337691339632641
1280336660136370178
1280334744824184834
1280334325871865858
1280332616353280002
1280332039875592199
1280329950650929152
1280329759881338880
1280328493025411073
1280327607699992576
1280325806171074564
1280324305428021250
1280322938013655041
1280322182120239104
1280320702713741312
1280319917955313665
1280319573724745729
1280319196837089281
1280319188737888261
1280317901191278593
1280317040822231043
1280315721453617153
1280313013753577472
1280310791707787264
1280310483988275200
1280308536036265989
1280307761197338624
1280306898403803136
1280306716731682816
1280304677616222208
1280304612143181827
1280303613265489920
1280301212584284160
1280301154874929154
1280301022741700609
1280298241859313664
1280297696327159808
1280297120763961344
1280296026306260992
1280295487258505216
1280292940062109696
1280291840684470274
1280291739723427843
1280287973225959424
1280287572409884672
1280286935110635521
1280284484001284096
1280283330949402624
1280283211554344960
1280282711794606080
1280282638352146432
1280280755768360962
1280280255467450369
1280279361212477440
1280278589825417216
1280275821752614917
1280274913702694913
1280274206127722499
1280274201321115655
1280274019531599872
1280273420089950215
1280272829817262082
1280272825509720070
1280271526122545152
1280271091458596865
1280267828176859137
1280267496876986369
1280266715885039616
1280266421457637377
1280264297969410048
1280263601543151616
1280263021688832000
1280262739118751745
1280262059813412868
1280259595970150400
1280258970616311808
1280258866358476801
1280257937026490368
1280257715315642368
1280257563813195778
1280256920948019201
1280256668354310145
1280256572250157056
1280255745251069953
1280254203940782084
1280253715950100480
1280252982907428864
1280252604727975938
1280251750197280769
1280251315881271297
1280250675201376256
1280250060480151563
1280249130233757697
1280249002785681411
1280248880450482176
1280248546915164160
1280248433543188486
1280247519876874241
1280246645150543874
1280246447816966145
1280245967221030914
