1289665271142047745
1289662083261272064
1289661833167507457
1289661465704591360
1289659688292777985
1289659435674083330
1289659283441881089
1289659268568883200
1289658965874229256
1289658715331690498
1289658543189057536
1289658527254945793
1289658504613998592
1289658470635995137
1289657931160383489
1289657808363745283
1289657746971795456
1289656875831582720
1289655703947231234
1289655229923889153
1289654758488207360
1289654400797949953
1289653109363322880
1289651888066109442
1289651046923436034
1289650807491584000
1289650607779909634
1289650308017078272
1289650285523226624
1289650165289111552
1289649580292714496
1289649554652946433
1289649497417617408
1289649278902628352
1289648517489688577
1289648335419301899
1289647947425013760
1289647683272155138
1289647391344398337
1289647097902280704
1289646748537892864
1289646465518714880
1289645454280388608
1289644991933898752
1289644732809752576
1289644537191768065
1289644336473243648
1289644212380565504
1289643978212556801
1289643797115101184
1289643595385851904
1289643561697198081
1289643050302451713
1289642829745016834
1289642538530304000
1289642455436890112
1289642424910794752
1289642255192473600
1289641848311447552
1289640909865226240
1289639991845326848
1289638881940262912
1289638751614902276
1289638067058294789
1289637082483154944
1289637019358859265
1289636982121828352
1289636525051793410
1289635692050440193
1289634577494028288
1289634454042894337
1289632291355066368
1289632099130052608
1289631870448209923
1289628743665766400
1289628477285478400
1289628400928215040
1289628400085159936
1289627902913306630
1289627788870221824
1289626645515530240
1289626363742138372
1289625686324293633
1289625137776439296
1289621950122221568
1289618927077789703
1289617528637947905
1289616541709819904
1289616071805112322
1289615719072555009
1289614989439848449
1289613889068400641
1289613502739386373
1289613066942857216
1289612512862691328
1289611698207301633
1289611351912898561
1289610349402927105
1289609418544254976
1289607890534195200
1289606183955783680
1289605969261993985
1289605735421112320
1289604776058028037
1289604449799823362
1289603817361661953
1289603318394712064
1289603027276464128
1289602935773487105
1289602853619687425
1289601298543734784
1289601129903513600
1289599081581391873
1289598547726278657
1289597501025054720
1289597167661772801
1289595182418137089
1289594608381341701
1289591341794508800
1289591247426985991
1289589915718529025
1289589910832205825
1289589647442468864
1289589449643323393
1289585895314583552
1289585276390526978
1289584991072968704
1289583392485384193
1289583233521205248
1289582881874931713
1289581880468152320
1289581456293937153
1289581314803470337
1289580771284402176
1289579066564083713
1289578895079923714
1289578760254062601
1289576747982139394
1289576202978488320
1289575664929054720
1289575377271058438
1289574863082934273
1289574182745849856
1289574089686802439
1289573905481396226
1289573649989558281
1289573245054619652
1289571893465382912
1289571461749825536
1289571117586317314
1289570898106712065
1289569873723404294
1289569511767588864
1289569463327629318
1289569168178720770
1289568797892870144
1289568753689088002
1289568314323132420
1289567742241079297
1289567285175189505
1289566904038731777
1289566213102657537
1289564732395933696
1289564517610008578
1289564127631822850
1289563295523827717
1289562661848592385
1289561308870844416
1289559646110457857
1289559110564712448
1289556892268675072
1289553973716779009
1289550987410075648
1289549475850067969
1289548787787038721
1289548696598831104
1289548522207850497
1289547435916713991
1289546876832763905
1289545038439968768
1289543406549532673
1289540761508184064
1289540520373444609
1289540461548404741
1289539972396179457
1289539970890252288
1289539466185465856
1289536216413528066
1289529731164131328
1289527613309030400
1289525537484845056
1289511526391377920
1289511520615817219
1289509053752676352
1289508146801565696
1289506966746755074
1289504090007851009
1289501234081280000
1289485543537963009
1289485198170578944
1289484578055286789
1289474424006156288
1289470681306996738
1289467852588605440
1289465407498264576
1289464665169432578
1289464197189795840
1289463482388185088
1289461804184170497
1289461800354775041
1289460683885559808
1289459837013651460
1289459677282131968
1289459575284875264
1289457914403414018
1289457426647793664
1289456653352554496
1289455491148427265
1289455057390338050
1289451875884888064
1289449046172565506
1289448227024957442
1289447269603766273
1289445401821458433
1289445367784697856
1289445049005043712
1289443585272602624
1289442864842149889
1289439726873829376
1289436806555906050
1289434009030795264
1289433997299212289
1289433826498813952
1289433661733875712
1289433500895019008
1289433233533198343
1289432663481180164
1289432520916783107
1289431997371174912
1289431258729152512
1289430778565271553
1289430225357434880
1289429971388084224
1289429931588374528
1289429398303600647
1289429371900502017
1289429229390577665
1289428507244679169
1289428301006528514
1289426865623506950
1289424718429212672
1289424503878033410
1289422732996653056
1289418603792490498
1289416509186625537
1289415802945323014
1289415273640951812
1289414297148243969
1289414249731809280
1289412002440339456
1289409332828753920
1289405818874585090
1289404933553364992
1289404798593191937
1289404563972186112
1289404342437588992
1289403932817539073
1289403732594049024
1289402219503038466
1289402116356923392
1289401703142309889
1289400824096006150
1289400803074039808
1289397861038166016
1289397155262681088
1289396704303697921
1289394450720894976
1289393473699733504
1289391145072566273
1289389029822099459
1289388376789938176
1289387234257379329
1289385962405916672
1289384532118917123
1289383347626446849
1289383246132678656
1289382607520559105
1289380013150597121
1289379427051122689
1289379222549442565
1289378406283411457
1289376886187888642
1289376085885386753
1289375881681485827
1289375836735328256
1289375609399832576
1289375033794519040
1289374927133450240
1289374804290592768
1289373548234936320
1289373045186916352
1289372692387262464
1289372300568010752
1289372202433777665
1289371751990714368
1289371230944899072
1289371158920429573
1289370493817036800
1289370130497953793
1289367922993897472
1289367488912715776
1289366966847729664
1289366830285328385
1289366507516911617
1289366347307036672
1289365986643267584
1289365686842613760
1289365275544961025
1289364919872155648
1289363827037843456
1289363757647269888
1289362839056945152
1289361664647630850
1289361529909870593
1289361335713558528
1289361243493392385
1289361066992918528
1289360470277672960
1289358657289768961
1289356350934233090
1289356118972436485
1289355981504184322
1289355477764120577
1289355098787680256
1289352374096519170
1289351346462720000
1289350244208013312
1289349490663550976
1289349253425270784
1289349240246829056
1289348220594688001
1289347859456827392
1289345766054477824
1289343837236629505
1289343800121278464
1289343148540538885
1289341645884985344
1289340381830602753
1289339046242578432
1289338587931181059
1289338476769316865
1289337957095153665
1289335668162744320
1289335281900904448
1289335209293307906
1289334977675636738
1289333944689680384
1289333803706544128
1289333754649960448
1289333709808603136
1289332000764178444
1289331816625651712
1289330054678212608
1289329558429110272
1289329041456029696
1289328961336619009
1289324783591538690
1289324721591463936
1289323281649041410
1289321481986428929
1289320648037343232
1289320422253592577
1289320081646710786
1289320037132558338
1289319436730736647
1289314222556327936
1289313190833053696
1289312966379094017
1289312749026070528
1289312734715158528
1289312427515842561
1289312403868418048
1289311660314750977
1289311360510173185
1289311261704896513
1289310116613783552
1289309766355783680
1289309368886779906
1289308924248637440
1289308616235745280
1289308449063362560
1289308271539519488
1289307438504542208
1289307242206859265
1289306697287204864
1289306192322256897
1289602427704897537
