1278794411577655305
1278794345697759233
1278794069888716805
1278793160617910272
1278792795646459904
1278792673017683978
1278792278006521862
1278791609723871246
1278791376738684930
1278790470710116352
1278788464184643584
1278788078119903235
1278787996293226508
1278787814889488394
1278787722153517061
1278786975424798732
1278786585211949057
1278785220746108941
1278785006329122816
1278784846312230913
1278784792960647168
1278784745938313217
1278784698978906112
1278784619849056259
1278784586936455170
1278784491805384704
1278784394153594880
1278784302419976197
1278784236636561412
1278784106470531073
1278783302414086144
1278781456567791617
1278781250405191681
1278781248811356161
1278781248597422080
1278781248375123968
1278781246911307776
1278781246060089344
1278778401248206849
1278777678850658304
1278777266743492609
1278776024432599042
1278775780739362816
1278775741300142080
1278775454154076161
1278775430884048897
1278774801394364416
1278773914567618568
1278772219435458560
1278771716773351424
1278770485027909636
1278768887513772032
1278768223173988356
1278767935536971776
1278766553333403650
1278766376577105920
1278765978730541057
1278765758298890242
1278765591562682368
1278764309137547265
1278764199087390722
1278762206813925377
1278762068972208129
1278762046767673345
1278759741800529921
1278759182569738240
1278759148960841728
1278758495437742080
1278756493026828288
1278756449943015424
1278755890825318400
1278755001565921280
1278753017521745922
1278752469267423233
1278751895138398209
1278751693526781952
1278750992692019200
1278750250761687040
1278749866743734272
1278749770132176896
1278749706856927235
1278748681429307394
1278748426570784769
1278748158667878400
1278748158508462080
1278747548904157184
1278747457388605441
1278745764232118272
1278745146645983232
1278744582503661570
1278744492703694855
1278744034664747013
1278742867725385728
1278741644284657669
1278740329747951618
1278740251746410497
1278738856993533953
1278738184218775552
1278737692310765569
1278737538484596736
1278737458541350923
1278736727507709955
1278736043479576576
1278735793348108289
1278735711760457728
1278734150267285504
1278733894720925697
1278733851704070144
1278733789578039302
1278733664617148418
1278733108863516672
1278732028150722560
1278731998065016832
1278731981900206081
1278731785732579328
1278730206686121986
1278729212434636800
1278729120613089280
1278728585281495042
1278728327201787909
1278727848145059840
1278727642301095944
1278726895920730113
1278726496098693120
1278726236806754306
1278726218716717057
1278726089108385792
1278725906593468420
1278725014154403840
1278724443708293121
1278724313017995266
1278723850461679621
1278723822204489728
1278723302563946499
1278723168123998208
1278722781727858690
1278722347508420614
1278722195930447872
1278722092008181762
1278721770867118081
1278721370151628806
1278721249544253441
1278721158238605312
1278720775697170432
1278719866204073984
1278719865709375491
1278719653024595968
1278719609751900161
1278718294191636480
1278718166550618112
1278717564814835712
1278717550227062795
1278717492886724608
1278716769583067136
1278716007763390465
1278715578589548552
1278715548491227136
1278715144042881026
1278714838592573441
1278714797169807361
1278714464745873408
1278713692037812225
1278713117501992962
1278712632577593345
1278711965205049344
1278711859302940672
1278711348722008070
1278711173978832896
1278709663563948032
1278709009550213120
1278707926107066369
1278707004597587971
1278704447540133889
1278703677025460225
1278703675641389057
1278703595504799745
1278703082352906241
1278703050153230339
1278702719537238016
1278702672086958082
1278702219047534593
1278702156074422273
1278702047529963520
1278699029044629509
1278698888145313799
1278698004879458304
1278697959207682048
1278697549621313536
1278695748209479681
1278693293568786434
1278692099710476290
1278689614606340096
1278689179761770496
1278688250891128833
1278687898670424064
1278687559816806403
1278687493114789888
1278687483706966018
1278687348960657412
1278686312334348293
1278684898228920324
1278683157550727182
1278682828520263680
1278682215724003330
1278682121834463234
1278681450817224706
1278681292826005504
1278680591559467009
1278679860030910471
1278678616281415680
1278678088319188997
1278677633098711040
1278677627830706178
1278677485400592384
1278676676285624321
1278676639208165376
1278676209640103936
1278675695741345794
1278675527533056000
1278675267318353920
1278674865499844610
1278673519807729664
1278671929491120145
1278670948946903043
1278670904759910401
1278668106106376192
1278665131396927491
1278664518437089280
1278663190939828229
1278662847657136131
1278662285930532865
1278661080500310024
1278659650355957763
1278659103758315520
1278658403204837377
1278658092755038209
1278657981874237440
1278657443094986753
1278657020485414912
1278655614017773568
1278655146956906496
1278654809411854336
1278654197936861184
1278654102411587585
1278653309868523521
1278651591848009728
1278650719399063553
1278647929406963713
1278647664792539146
1278647163996733441
1278646752590082050
1278645086050541568
1278645052617736193
1278645016940949504
1278643905202970624
1278640788008730625
1278638702374334464
1278631367807508480
1278631165172371457
1278629601300922369
1278629053608722432
1278628205931397125
1278627670419550212
1278627016347193349
1278626689241755649
1278620055257964546
1278619580814880768
1278619409355993093
1278618857918173184
1278618723931348992
1278617009299902464
1278615175373914112
1278614280376668162
1278613320350740481
1278613305221840896
1278611583661416452
1278611287996497925
1278611141845893126
1278610350779351041
1278606301816410113
1278605681206145024
1278605319891976193
1278605159283769344
1278603743034998784
1278603224128188417
1278602865095966720
1278602619334860800
1278602402065596417
1278602011538264065
1278601096387276801
1278596863839567873
1278596360162422785
1278595644735848448
1278594219624579073
1278593878803673088
1278592371001884672
1278592290458677249
1278592276986343425
1278591745589051392
1278591497114472448
1278588502524022785
1278588501416718338
1278588033558700032
1278587352408039424
1278586989437059072
1278586818045317120
1278586554299154432
1278585036850282496
1278584044956127232
1278582783829565440
1278581351873220608
1278580510894292993
1278580055594196993
1278579972559568896
1278579392344723456
1278578895739138048
1278578108057124864
1278576795470585861
1278576646488854528
1278575063839588353
1278572764513828864
1278572198198796289
1278572000026357760
1278571736825356288
1278571379084820480
1278570032902045697
1278569022976593921
1278568928608833536
1278568651004637184
1278568599645544453
1278567970290257920
1278567940393177089
1278567786042634240
1278567671659782146
1278567560145809408
1278567275675738113
1278566814772011008
1278566521699262471
1278566312864858112
1278566117246668800
1278565821900611587
1278565618418159616
1278564625492172800
1278563750346477568
1278563274150248448
1278559960042016768
1278558033954693121
1278557585868828673
1278556942768750592
1278556913102356481
1278555043189239809
1278554891078770690
1278551024228163584
1278550541753135104
1278550355488509952
1278549104604282881
1278548663124611074
1278548353832419329
1278547701689450496
1278547267138605056
1278545559209607168
1278545375222259712
1278544915769831425
1278544583039700993
1278544356367126532
1278543792560320514
1278543693704843264
1278541497462173696
1278540423523262464
1278540125635375106
1278539950011514880
1278539523564191744
1278537855380238336
1278537795125096448
1278537061964959744
1278536691242827777
1278536146423885824
1278535620743385090
1278533581225279496
1278533014138630144
1278532788472418306
1278532572071550976
1278532317049389057
1278532043077541894
1278531202719178752
1278530287450894337
1278529975218569216
1278529902560645127
1278529244516278273
1278529089545007105
1278528275812319234
1278528161161109506
1278528104189669377
1278527990549405697
1278527562919092228
1278526239423127552
1278524590898196480
1278523717325336576
1278523404258287616
1278522738630631425
1278522677221867520
1278522548821602304
1278522429745364993
1278522124601303041
1278522070729584640
1278521792886444032
1278521362747924480
1278521221299048448
1278520297184825344
1278519949133328386
1278519731583094786
1278519040231833603
1278515022390591488
1278514220376735750
1278513974523420672
1278513916524535814
1278512826198323201
1278512657050501120
1278511125290721283
1278509757712793607
1278508877353349120
1278506787935748099
1278505222164353027
1278504715052093440
1278503208189648896
1278501237164572672
1278500786302050307
1278500386584825857
1278499740779339776
1278497569195331587
1278496998405136389
1278496813604093954
1278496386129035265
1278495079066480646
1278494689105268737
1278493988417417219
1278493587957841920
1278493573206466560
1278493020703219713
1278492763177263104
1278490726314147840
1278489748097695744
1278489617067638784
1278488843713417216
1278488717259399169
1278488557351505921
1278488443610423297
1278488040034447360
1278487853165621249
1278486921916944386
1278486882884694018
1278486110231048196
1278485482586820608
1278484835892330498
1278483553219571713
1278483471535669248
1278483357568061442
1278483095491153925
1278482948690493444
1278482660759871489
1278482599065894917
1278482568267079682
1278482566698479616
1278481113300848640
1278480589813886977
1278479851066986498
1278478876918853632
1278478536865722372
1278478530246934529
1278478462559367172
1278477899671252995
1278477546443735046
1278477497022033926
1278476759244005377
1278476170703462401
1278474531380879362
1278473768751390722
1278473087969832961
1278472704199442432
1278472140581294081
1278471660111384576
1278469849602240513
1278469639551561734
1278468695702921216
1278468027655258114
1278465690115211264
1278465361697013761
1278465326880088064
1278464750574239744
1278464047122432000
1278462712079691779
1278462400702951427
1278462314623057920
1278462307815895046
1278462251960111106
1278462155994488832
1278461818135023616
1278461771339182081
1278461690099781634
1278461674635198464
1278461595476267009
1278461188016308224
1278460350946410496
1278459372167987200
1278459022597906434
1278457560216088576
1278457418578644993
1278457384873181185
1278457225518944256
1278456978889728012
1278456658189058051
1278456521630732288
1278456360464642048
1278456328269123585
1278456255430918147
1278456135452897280
1278456079136034816
1278455975519928321
1278455959090860033
1278455836612976640
1278455692559552518
1278455540130164739
1278455416209453063
1278455134926880768
1278455092971220992
1278454849592537090
1278454669728190465
1278454505714171906
1278454365917978626
1278454261081427968
1278454140218343425
1278453979274448901
1278453944138817536
1278453863381635072
1278453687325786113
1278453632644587528
1278453556736114689
1278453415681708032
1278453248463077381
1278453040991948808
1278452948851470347
1278452315914207233
1278452186452762625
1278452184707928065
1278452055850594304
1278451434170789889
1278451343355715584
1278450845600714752
1278450812373684232
1278450809127215111
1278450565069131776
1278450436744216576
1278449162225418240
1278448818732892162
1278447690569994244
1278447327729061899
1278447040150847488
1278445534743801858
1278445502032482305
1278442895834521601
1278442414072639492
1278439727444766726
1278439265865740291
1278438983979196423
1278438744559927300
1278436802056126464
1278436344927223812
1278435551650156550
1278434690018562052
1278434397193228288
