1287491389182414848
1287490142689615872
1287490072132988928
1287489539276075008
1287487084341497856
1287486899263660032
1287486408278577153
1287486252078567427
1287486184910983169
1287485996217634816
1287485346649903105
1287485193616412672
1287484796848033793
1287484464927563777
1287484423387127808
1287484147162906624
1287484054166700037
1287483673432879109
1287483481606389760
1287483434462576640
1287483382109216768
1287482948552466432
1287482667391426562
1287482571681607685
1287481963956314113
1287481912320241665
1287481751741304833
1287481590508146688
1287481551790407680
1287481447855652864
1287481363201957888
1287481276346368001
1287481189700435970
1287480986523975680
1287480914524676096
1287480878751506432
1287480840696602628
1287480735985807361
1287480670512648193
1287480514211979264
1287480378878550019
1287480299534929921
1287480162691383297
1287479871304880134
1287479134000619521
1287479121698869248
1287478640603811840
1287478185018503168
1287477541603770368
1287477511320993793
1287476694811643905
1287476421305217024
1287475011083796480
1287474503677652993
1287474373352398849
1287473451075239938
1287473342908436480
1287473187358420999
1287473124326473729
1287472921825488896
1287470711884451843
1287470698831568896
1287469683562569728
1287466741279281152
1287466015530668032
1287460663229636608
1287457621553938436
1287457045436932097
1287455046272200705
1287452650980638721
1287450713312788481
1287448011430400000
1287446506719477760
1287446143991939073
1287443240786984960
1287442559346843650
1287441677096038400
1287441561383587841
1287441411810394114
1287441342130511875
1287441328243200000
1287440868530696193
1287440790994608129
1287440018047291392
1287439716833538048
1287438753582190592
1287438532223488002
1287437984531222528
1287437430371491841
1287435670890393603
1287434997478174720
1287431307635511297
1287429663736893440
1287428201925443585
1287426755347787779
1287423002968297472
1287422380286128129
1287418045820887043
1287417165738467329
1287416498617712642
1287414626934640640
1287413225546448903
1287410741427998720
1287410617935187969
1287409825039687681
1287409816223260673
1287407721072021508
1287407464372215808
1287407411125293069
1287407131193307138
1287403221229678593
1287402940647473153
1287401052455739402
1287400794891808769
1287399534621073408
1287397762049495040
1287394171448446977
1287393897451151360
1287390147256950784
1287388867541323777
1287387859234816001
1287386458681233409
1287384264716300294
1287382243086917632
1287380665877573633
1287378527210409984
1287375660613275648
1287374210407510018
1287374007461916673
1287373939770089473
1287370874828488705
1287369777955119105
1287367694833131521
1287367653439483904
1287366927766245382
1287366085067575297
1287363747879804934
1287363743987490817
1287363721636057088
1287362304036802561
1287359621661851651
1287354848850173952
1287353627338838017
1287349779807305728
1287349257608077312
1287342742427914240
1287332323852201984
1287329026173009920
1287314892249341954
1287312970930847744
1287311762094804992
1287311344295911426
1287308477744979968
1287308297779830785
1287307490993016833
1287302875832561676
1287302226722148352
1287301463497089026
1287301069647671296
1287300802525237248
1287300736288686080
1287299519265243137
1287298587966177281
1287297919259938821
1287296826614267905
1287295886788161536
1287295500161552384
1287295086095749120
1287294279585603584
1287289342768156674
1287285943347499008
1287284378578620416
1287278474672123905
1287277866258968577
1287275410376364032
1287271238386278400
1287265869853204480
1287262511398637570
1287261452445683714
1287260484966653952
1287257229427531776
1287255775962902531
1287254036861739008
1287254001403269121
1287250334327484416
1287248639618723842
1287245784128393217
1287245762070339584
1287240395823493121
1287240067082321920
1287239939772624897
1287238089488793600
1287236140060364802
1287233754784772096
1287232057203187712
1287231702901784582
1287230440156233728
1287230394622980097
1287229920859443200
1287228670009061376
1287225214011453440
1287225054812667904
1287219000477351936
1287217800503865347
1287217162780848132
1287217151577915392
1287216603327795206
1287216275320647681
1287215587903635456
1287214822694715394
1287213604727435265
1287212984604000256
1287212718412500997
1287211371201875968
1287210875481399297
1287209632298016768
1287208784532770821
1287203745516920832
1287203081281843201
1287202398981640193
1287201093940740096
1287200468331102208
1287199668263440384
1287198436773658625
1287196306625175552
1287195970036531207
1287192845770792960
1287192179069399048
1287190112510644227
1287189894926757889
1287189291001577473
1287188240303304704
1287188064595582978
1287188038586638343
1287187865882042369
1287187842876276736
1287187548800815104
1287186903213760512
1287185995155218432
1287184494072668160
1287182119421214725
1287179356402524161
1287178657413431302
1287177967467208704
1287176988495552513
1287176471354789888
1287174045578878978
1287172904917053440
1287168368496320512
1287168044872204289
1287165350778417153
1287164588891484162
1287163852874948608
1287163609139666944
1287160522299801601
1287158261658116099
1287157153132945408
1287153268108427271
1287152438550593539
1287151699963129858
1287150590393548800
1287150351280373760
1287149128686776320
1287148556235583488
1287144717562642436
1287143630193426440
1287141840668549121
1287141306045812740
1287140418207887360
1287139101838397443
1287138968979603457
1287137327349989376
1287136951724900353
1287136248541220865
1287135898321260546
1287134985162493962
1287133223638708225
1287131856509403136
1287131637273300992
1287131006219116544
