1281694649699176457
1281694016158027776
1281693621847285760
1281692672831488001
1281691609558585351
1281690727228084224
1281688297752928256
1281688097554493441
1281687852246499330
1281687007807311877
1281686615077920769
1281686178958397440
1281685245499191297
1281685158828150785
1281684680581029890
1281684262127906816
1281683702020538369
1281683452195008512
1281683120413126656
1281682896730959873
1281681895407878149
1281681738536714240
1281681675609690115
1281681179893276672
1281680544443637760
1281679782451658752
1281679084427386882
1281679052332511233
1281678761587617794
1281678660160884736
1281678359681015809
1281677897984434176
1281676538040266752
1281676345437757440
1281675359876976640
1281674354267389952
1281674135035420672
1281674107424247810
1281673822605914117
1281673113827184643
1281672503753138176
1281672456210612230
1281671244455325696
1281669999183241216
1281668054565388288
1281667353890226178
1281666725117702145
1281665858486632451
1281665834881101825
1281665592919908352
1281663983603249153
1281663720175865859
1281663356445827080
1281663286648410112
1281662969756168192
1281662869210386433
1281662863036145664
1281661960556339201
1281661826946801664
1281659943645519874
1281659382598701056
1281659294715392000
1281659069858820097
1281658557230796800
1281658039137902593
1281657622542852106
1281657062062260234
1281654550227820545
1281654459114721283
1281652815132327936
1281652028733718529
1281651796637708288
1281650535016181761
1281650150683938821
1281649251777343488
1281646565367713794
1281646533214195716
1281645720399785984
1281645364764987392
1281644767881854977
1281643476107456512
1281643378871083010
1281643366732697607
1281642844424372225
1281641925548728321
1281641574309539840
1281640886435291136
1281640758999564289
1281640553726320640
1281639877818241030
1281638501704970245
1281638408943796225
1281638339670691840
1281637896764653568
1281637184173375491
1281635177215778817
1281634716156923905
1281634711018840064
1281633820094029825
1281633814201004032
1281633794710286336
1281633446234923009
1281632872038690817
1281631643346837506
1281631609687547905
1281631493165420546
1281631373367939072
1281631179687460864
1281630265798823936
1281628689696985088
1281627833329221633
1281627590520758272
1281627187712610304
1281626531744358402
1281626409501437954
1281625906981867525
1281625771954573318
1281624845160198151
1281624694064463872
1281623467247513601
1281623188066185216
1281622192653041664
1281621806609240065
1281620710268588032
1281620619621208064
1281620159451598852
1281619333878288385
1281618860794421249
1281618392005345280
1281615036449017856
1281612782681628673
1281612748468768769
1281612696782135296
1281612574673580032
1281612207051218944
1281612115875205121
1281608322186129408
1281608079231115264
1281607879649136640
1281607759411150848
1281606464180760577
1281606134726443008
1281605700486082561
1281604879161724928
1281604847972884480
1281603228891840515
1281602602363318278
1281602556104339456
1281601790279131136
1281601732368379904
1281601527099072512
1281601476586991618
1281600999598313472
1281599107207884800
1281598640633470976
1281598367462830080
1281598340887715840
1281597675473862656
1281597169607290881
1281596886902886401
1281596498485092352
1281596380625207298
1281595233801822209
1281594729260634114
1281594607109799936
1281592130096570370
1281591870297190401
1281591651027255299
1281590933859889154
1281590494800351232
1281590165920784388
1281589320659480576
1281588724967641091
1281587296949751814
1281586878840537088
1281586182548316160
1281586176579604480
1281585216612642824
1281584998626332673
1281584930196250626
1281582499458621446
1281580036630417411
1281574618919325696
1281573709510111233
1281573189945090048
1281572635537747968
1281572219370397696
1281570691284779008
1281569418301104128
1281568649619349505
1281568300800135170
1281567818920660993
1281567099211730945
1281566862300655618
1281566596385976326
1281566410012012545
1281564574387503104
1281561558234079233
1281560786364764160
1281560525965590529
1281559877291257856
1281559320568541189
1281558696112394241
1281557788502695936
1281557390396186625
1281557062745387008
1281556996538478594
1281556463404687360
1281556348316999685
1281555903267975171
1281554856239607813
1281554729886035968
1281553911564967936
1281553493229277184
1281552857020473351
1281550140910841857
1281548849589506049
1281548770732388352
1281548751824355329
1281546319077793795
1281545892017901570
1281542000940990464
1281541532185591809
1281539189289492480
1281537138555838467
1281534664591589376
1281530942255796224
1281530207413903360
1281525982411849728
1281525333288681472
1281522083487309826
1281520286198722561
1281518520795308034
1281517789048602626
1281517141682946048
1281514412973719554
1281513280448557058
1281513070150516737
1281512657053351936
1281512265980624897
1281511686982295552
1281510497808859136
1281509603126190080
1281507844379029505
1281507690053804032
1281504217862111232
1281501051309498374
1281500312105254912
1281495211214946304
1281492915257110528
1281492285243502592
1281492145539551233
1281492015201411072
1281491451042574336
1281491184637153282
1281489549143666688
1281487822243987456
1281487554953523201
1281487013758349314
1281482998601392131
1281482415878348800
1281478480916619265
1281476420561039361
1281473506153132032
1281471012622815232
1281470460178374657
1281469545652379648
1281468943505526784
1281465506529247232
1281463360396103681
1281463095156789248
1281461556992266245
1281461405053591552
1281461080296808448
1281458712012627968
1281458632983552001
1281458159438241792
1281457152331309058
1281457097801191426
1281456415576600576
1281456136873541633
1281455771520303104
1281455604561784833
1281455194660904961
1281454594816606210
1281453805259948033
1281453776218419202
1281453499360907265
1281453423284686854
1281453368628707329
1281453057730129920
1281452552928681984
1281451819454078976
1281451806380355584
1281451464267890689
1281450948058058752
1281450452006178817
1281447506295939075
1281447256189816837
1281446029989117952
1281445426604978177
1281445184274698241
1281445171817676805
1281445164360372225
1281444876245012480
1281444673731489799
1281444534249852928
1281444015754248194
1281443807519633410
1281443022249635840
1281441695414906880
1281440261537771520
1281439017326858250
1281438607497101312
1281435949537406976
1281433521232457729
1281430792057630720
1281430774185693184
1281429715266535426
1281429341163917312
1281429305734635522
1281429214739062786
1281428960266649608
1281426390047322113
1281424817846136833
1281424692566515719
1281424531005947904
1281423499303714816
1281422391114108935
1281421430299619334
1281421044750794752
1281420967156252672
1281420281051926529
1281419521526566919
1281419419214770177
1281419065970626561
1281418210710032387
1281417384318787584
1281416957309247488
1281416847796076544
1281416291006521344
1281414337559748608
1281413352116424704
1281412418128805889
1281411409411178497
1281411030762033153
1281409679634169857
1281409288292925441
1281409001977081856
1281408917499711489
1281408423930847232
1281408138420330496
1281408075900104704
1281406495175766016
1281406384869974016
1281406079377846273
1281404783115608064
1281404471449391105
1281404256566882304
1281403720836829184
1281403296750735360
1281403134699548672
1281402982140129281
1281402426537512961
1281401982679494656
1281401564582703104
1281400884971347968
1281400773008646146
1281400498520809474
1281399902380019713
1281399770398023680
1281398959630688263
1281398141942669313
1281396690570948608
1281396116706205696
1281395367200780290
1281394844498382849
1281393882882887685
1281393809029427200
1281393528485093377
1281392967509348352
1281392484019576833
1281391233659809793
1281390257770913792
1281389777300918274
1281389686120947718
1281388504170344448
1281385323285684231
1281385058088169475
1281384862792941569
1281382746309500936
1281382591573250048
1281382513760296961
1281380661513924613
1281379747084111872
1281379368317722634
1281379006567387139
1281378499249528832
1281377261384417280
1281377222369128448
1281377220221534209
1281376598919229440
1281375897006690304
1281375732342517761
1281375447083896833
1281375433666080768
1281374563385974786
1281373721773707267
1281373099422674945
1281372994426802178
1281372968677867520
1281372447694966784
1281371986699137029
1281371292462133248
1281370530763988993
1281369810950127616
1281369562043363330
1281368838890598400
1281368696833933313
1281368338006806528
1281367861852872704
1281367390299869186
1281367345030733828
1281366886291312642
1281366757454872577
1281366708561879042
1281366661434507265
1281366650093101057
1281365441886203905
1281365000775503872
1281364959864082432
1281363550989099015
1281363335259148288
1281363287267880960
1281363286999654400
1281363184968888322
1281362777345609735
1281362289304588288
1281362095850881025
1281361825339027456
1281361810764038144
1281361582732136448
1281360621401972737
1281360432389935104
1281359849129943050
1281359755223552001
1281358431522295808
1281357644863856642
1281355371878051845
1281354933418237958
1281354318231359488
1281353591652048898
1281353195202269184
1281352287919550465
1281351856283725824
1281351602121650190
1281350547522674691
1281350242223312896
1281345925395501059
1281345191480262656
1281345187126575105
1281344959535288324
1281344304204701696
1281344240161677314
1281343993155145728
1281343375116046336
1281342363118391296
1281341897248845831
1281340814183071744
1281340792041361412
1281340364012560386
1281339523733925888
1281339101988495364
1281338299806887937
1281338274120962052
1281337275335483397
1281336262301855744
1281335182637895680
1281335164174565380
1281334993445429249
1281334479529943041
1281332967827275777
