1288942424903938048
1288939092617703424
1288938780188188673
1288938297125986304
1288938113155432448
1288938026601721857
1288935916237656064
1288935884931436544
1288934919285202946
1288934592330846225
1288934315905159168
1288933623866052631
1288933187868151827
1288933080649084930
1288933008117059609
1288932638955192325
1288931483042959363
1288931476306714625
1288930880971591682
1288929922170400769
1288929869842337815
1288929015311499264
1288928697693634560
1288928055856111616
1288927382880112642
1288924860132077569
1288924353774551041
1288923247271182337
1288923022787780613
1288922997978476546
1288922897441075200
1288921600151236610
1288921359188398081
1288919921322229762
1288918363180335108
1288917559186804738
1288915061961101313
1288914935238410240
1288914506895314945
1288914292759289858
1288913776666791936
1288913590364393472
1288912795413540864
1288911718173663232
1288911042622316546
1288909802685390848
1288909509809799169
1288909075040870401
1288908982799798272
1288908671855071234
1288907866460626945
1288907821094862849
1288907717202137090
1288907529167216640
1288905151244308481
1288905023305535493
1288903440907698177
1288901605652406274
1288900191177777153
1288898662085595136
1288897182108545027
1288896239531184129
1288895790119817218
1288895590265434114
1288894834758111233
1288893861675368449
1288893481159598080
1288893438751117313
1288893051356643328
1288891804574605312
1288891458884456448
1288890831793868800
1288890610196373504
1288890160696918018
1288889940403802112
1288889085143257088
1288889027765166086
1288887237824913408
1288886482279768067
1288885331442499584
1288884999622713355
1288884340269690880
1288884061063335936
1288882761173016577
1288881281598664708
1288877375795671041
1288877284036718593
1288873622141108231
1288872674907820033
1288872673108516864
1288871975373479938
1288871380939923457
1288870624472039424
1288869827491311617
1288865406900482048
1288864316192690177
1288864276665569287
1288863866764627969
1288863276315467776
1288863245361655809
1288862338356056065
1288861103309623297
1288860860581126144
1288860573036425217
1288860302998634496
1288859522925318146
1288858915921330176
1288858812078870529
1288858547619430400
1288856795411226626
1288856639232188422
1288856058052726786
1288855166465310722
1288855109385048064
1288853875466866690
1288852162060066818
1288850628656214016
1288849632878039040
1288848858097815552
1288848312678875137
1288847258411126785
1288845852224761856
1288845459344285707
1288844127828955137
1288844057997979656
1288843165366136832
1288842336860958721
1288841935931744259
1288840918162903040
1288840367144607746
1288839413955473408
1288839212750589952
1288837761613664257
1288836855950184450
1288836736123011077
1288836594519232512
1288836190767120384
1288835937187880966
1288835889746063363
1288835792874471424
1288834973575917571
1288834418510041089
1288833997037076485
1288833624628957186
1288833170268463105
1288832740171886595
1288832647200935936
1288832332749852672
1288832063731388416
1288829790754045952
1288829491356348418
1288826745743904769
1288824973067526148
1288824309142650881
1288820469056118787
1288819149272231936
1288818478296825861
1288816229617213440
1288815538358161408
1288815527478075392
1288815418858233856
1288812613221179393
1288812304654467077
1288809380100468736
1288806983722835969
1288805617386295303
1288803971298189314
1288803134375112707
1288799804504580097
1288798268282077190
1288794209332404224
1288792957185855488
1288791804721201153
1288791684176842755
1288789685704077313
1288787055892262912
1288785632895078401
1288785097945051136
1288784895288934405
1288780549289435138
1288777272489467904
1288777040326320129
1288775259726860288
1288774527107948544
1288770213933019138
1288767667256655874
1288765396695363585
1288759288211464194
1288758482926149632
1288758171843125248
1288751100296933377
1288749238491389952
1288747854412910592
1288745691377020929
1288742619657494531
1288737494943428608
1288733127142244352
1288733034490011649
1288732629924081665
1288732526429835265
1288731093282115585
1288729034826739713
1288727303871070208
1288723549478420480
1288722118121623553
1288721134695809025
1288718106668539904
1288716791892434945
1288716366665535488
1288713967573987328
1288713745275863041
1288711754701107200
1288710703642181633
1288710274934083586
1288708601788465152
1288707566646652928
1288706913618755585
1288704028054974464
1288703668288499713
1288703417632698371
1288702860448993280
1288702112537260034
1288701690796015616
1288701216390656006
1288699901669289984
1288699423376068609
1288699195168358400
1288698822114201600
1288695128907907074
1288694933164040194
1288693954494398465
1288693359515582464
1288693257128554498
1288689729714769920
1288689431399010306
1288685281508380674
1288684923256107008
1288684554975420417
1288683798461284354
1288682599532175361
1288682324956069888
1288682227996536833
1288676552595644416
1288675892248576000
1288675349274996736
1288675229389258752
1288674929546874883
1288674317102874624
1288673410801958912
1288670079627022337
1288669801804701696
1288669416025194496
1288668712476782593
1288666651609759744
1288666370507444224
1288665814388879364
1288665636323852289
1288664820288430081
1288664805981683715
1288663374876745728
1288662362204057601
1288662322693787648
1288661353541050368
1288660867375136772
1288660684423782401
1288660292117790720
1288659946473754631
1288659372764213254
1288658636227727360
1288658098861809664
1288656293624832000
1288656118978351104
1288655154040823810
1288654712045215756
1288654276517126145
1288654055099654152
1288653096608964609
1288652523511873536
1288651995042189312
1288651170496630786
1288649822673735690
1288649158467956738
1288648533646561280
1288647093339529218
1288646565104689157
1288646086073016320
1288643934151991298
1288643218645479424
1288642777551474688
1288642608177262592
1288642590812917760
1288642429734854658
1288641796218785793
1288641737708187653
1288641391652995073
1288641222010118144
1288641106004062208
1288640921148497920
1288640896372822021
1288640635734355969
1288638815524061196
1288637175735750657
1288636410518474753
1288634279820496898
1288630731900624897
1288630412072423424
1288630178210553859
1288629805626331138
1288629471013208064
1288629407394013184
1288628822905180162
1288628011911217153
1288627007215951873
1288626409590730765
1288626228979671041
1288625580070535168
1288625539339739136
1288625429188939776
1288625084387581958
1288624411910774784
1288623986105110533
1288623828722057216
1288623743716036608
1288623542452576261
1288622802124206082
1288622705957199875
1288622275428790273
1288621458675994630
1288620980437311488
1288620243728896005
1288619798226702340
1288618458725351424
1288617180322508802
1288616256694882304
1288615068234592256
1288614884922593283
1288614738998497281
1288614639438368770
1288614295580880898
1288613484201156608
1288612918683107333
1288612566479130624
1288612010452832263
1288610713716523012
1288610568526532608
1288610167223984128
1288610027067117570
1288609659738296320
1288608074618503169
1288607570140127232
1288607538817036290
1288607508479848457
1288607434102038529
1288607313314553856
1288607215570628609
1288606940524732416
1288606749839241216
1288606513964224517
1288606424767975426
1288606258241712139
1288606154432512000
1288604671314198529
1288604054369656832
1288603870353031169
1288602576544391169
1288602065078386688
1288601008701149192
1288600155755704321
1288600092505767936
1288599637104816128
1288599243419258881
1288599162741645315
1288599104025554945
1288598739557523463
1288598671588655104
1288598479200116736
1288598381384826883
1288598358982942720
1288598086344945666
1288597243151421440
1288596821787500546
1288596817307824130
1288596585979318272
1288596371470082048
1288596336980291585
1288596266008678401
1288596243589943296
1288596138757480448
1288596121858617344
1288595989092159490
1288595951402258432
1288595709244190722
1288595566524416000
1288595538921828360
1288595307769593857
1288595285921476608
1288595234071355392
1288594309390970881
1288593038571384833
1288592962016940033
1288592880928317440
1288592720664158213
1288592499309568001
1288592308334669824
1288592172946792448
1288591685967110147
1288591135963779072
1288590724259287040
1288590609557729286
1288590276303495171
1288589707702669316
1288589526185775106
1288589383453552642
1288589280483442690
1288588768212070401
1288588759156420610
1288588620857843712
1288587713122377730
1288587558151229441
1288586259795976192
1288585974914715649
1288585646106447872
1288585057872089089
1288585028008542211
1288584816246611969
1288584549920800769
1288583583750389762
1288583434227650560
1288583275456405510
1288582861990363136
1288582153140350976
1288582026493169665
1288581036100780032
1288580987593437185
1288580880596967426
1288580722605817866
1288580573477269504
1288580308296704002
1288805086018383872
1288802065821634566
