1285680119571513344
1285678060000477184
1285677791304978433
1285675954170454016
1285675793943859200
1285670675886333957
1285667967922044930
1285666389882286083
1285664599560335366
1285660172376051713
1285657686667931649
1285655964952166400
1285655273764524039
1285655142788988929
1285653257055068162
1285652397486944257
1285650754758496259
1285649625622470657
1285646017749278727
1285645981275566080
1285644800352493568
1285643400994271240
1285641743929573377
1285638627893141504
1285637437130182656
1285636823927185408
1285636460713054210
1285635428004093956
1285635385532583938
1285633506643791873
1285630394214252544
1285630275872006145
1285629584973725696
1285629516673626114
1285627588719906816
1285626853458313218
1285625604751208450
1285624438063607809
1285624135046094848
1285621835321823232
1285621270189682693
1285620297333440515
1285619807128297478
1285618663991775236
1285617120999596032
1285616884029825024
1285616071400206340
1285613155394162698
1285611696451616772
1285611248437080065
1285608471690387456
1285604924890460162
1285603371295166465
1285601399779274752
1285598812829028352
1285598739663650816
1285597989084565504
1285595837746360320
1285595697237176320
1285595093626499072
1285594520806203392
1285593159355863042
1285592435465347074
1285591606259638272
1285591369357107203
1285590860034342920
1285589126771875840
1285588754548142087
1285583501685927939
1285583418252824577
1285583094288875521
1285583070440173573
1285582493270319105
1285581565146419206
1285580740114001920
1285580653942181890
1285580390909059072
1285578502666846208
1285574324129353729
1285569793278521353
1285569394446405637
1285568334713556994
1285567803135864834
1285566509155143680
1285566244641542144
1285562973193265152
1285562696625266689
1285558984829816832
1285558082647420929
1285557382878240768
1285557254247403521
1285556935538941953
1285556685411692544
1285554214110928902
1285549618722484224
1285545264959426561
1285544937556148224
1285544144488804352
1285543807069622273
1285543746650677249
1285542721562849280
1285540979727106050
1285540376741400577
1285539714582425600
1285539459015102465
1285539071826300928
1285537470247923714
1285534123482898432
1285532863715143680
1285532539160068096
1285531574654640128
1285527992949669888
1285526495889260544
1285523576850804737
1285516271770050561
1285516028471058432
1285510859041787904
1285510368605790208
1285510197423812608
1285507540415991810
1285504009391017984
1285502666693660674
1285494799248875520
1285493937893896192
1285493374846459905
1285490288971190273
1285487440052932608
1285485953264435200
1285484684621864960
1285480198729760771
1285478900731174912
1285477668352192517
1285475020240805890
1285474116670312449
1285473572815687680
1285468711026143234
1285467165081174023
1285461955424030727
1285461192681549824
1285460755987537920
1285460568837468161
1285459564528234501
1285458110350389248
1285456749177249792
1285456604037443584
1285455096134815744
1285452133614190593
1285452052680912897
1285448776531017729
1285442643653087232
1285440705758769152
1285439599813287938
1285437249904140289
1285437017787174912
1285436802694877186
1285435992250425344
1285434084668461056
1285428392549068800
1285428046250614786
1285424758876704775
1285422727608676353
1285420065316204544
1285419978477326336
1285419832788135937
1285419190074126341
1285419069454323717
1285416384554393600
1285412196437110785
1285409836516159488
1285409020904271872
1285408762820358144
1285408718859853825
1285407815629025280
1285406853615116288
1285406826415128576
1285406552065626113
1285406121935532033
1285405907355004929
1285405543797002240
1285404115015737344
1285403358120087554
1285400524070752262
1285400444311920641
1285399455446044672
1285398927622246400
1285398444908126208
1285397072993300483
1285394598714585089
1285391951127285760
1285388961259687937
1285387347589136384
1285385517740232704
1285384167174348802
1285383765968195585
1285378187275493376
1285376478314672129
1285372853618126848
1285370583123992576
1285367915949088769
1285367538956808194
1285367366591930369
1285367277995597825
1285363579999399936
1285362436326002689
1285362354721521665
1285360488642224130
1285360472993169409
1285360398380732416
1285360206625505281
1285359897958383616
1285359328652861440
1285358918709870594
1285356312763813889
1285355076362608644
1285353917421744128
1285353369104609280
1285352091016462341
1285350580626640897
1285349845583224836
1285349119750311940
1285346854004314112
1285346789747576832
1285345256511340546
1285344812086882304
1285344085293838338
1285340474425913344
1285338699262242817
1285338697781608449
1285337998683504645
1285337012401246210
1285335308507250691
1285334509718835205
1285332499019644928
1285330373816262656
1285329060776771585
1285327248426319872
1285321877070716935
1285321470353330177
1285321449012682752
1285321194070302732
1285320221834776576
1285319950475784192
1285319724675604480
1285318976134840326
