1283506602738192384
1283506076722384897
1283505866092814336
1283505350310797314
1283503950897938432
1283502596448190464
1283501738495021057
1283501079771176960
1283500813835476993
1283500548428365825
1283498614359285760
1283498335928819712
1283497785631875072
1283497620539924483
1283497233522937856
1283496396239319042
1283494636154228739
1283494424404729856
1283493631467429890
1283493253719842816
1283492685907623936
1283492423486799880
1283492402896924672
1283490703704825859
1283490510569521152
1283489249912737793
1283485185841991681
1283484549587009537
1283483762182029320
1283483270399905793
1283482581942415360
1283481863831654401
1283480310785736710
1283480209187053568
1283479341121363971
1283479110199783426
1283478868209422343
1283478324858236929
1283477908900777986
1283477460517031941
1283477460458377221
1283477315687784448
1283477031586594818
1283476619005431811
1283476375815335936
1283476300070555648
1283475820179263489
1283475401466155008
1283473191311151105
1283473071786139648
1283472935668285440
1283472927736791041
1283472799722467328
1283471981212401665
1283471773762236423
1283471622226182144
1283468905340698624
1283468625098285056
1283468312383565825
1283468217353220102
1283467427976814593
1283466660884561920
1283466291647524869
1283465542939086849
1283464336686620673
1283463629698998274
1283463627425579009
1283463109403975681
1283460881809113088
1283460416467800066
1283459742698844160
1283459696775409664
1283458103258701824
1283457881019482112
1283457690707136512
1283457451388436480
1283457376964796418
1283457375475765249
1283457326226173952
1283457070851915776
1283457013943607297
1283455459698106370
1283455083544555525
1283455028108263424
1283454026709860353
1283453863459278852
1283453712221048832
1283452964523380737
1283452736881807360
1283452644837785603
1283451323875233799
1283451078919376897
1283448188213624833
1283447626151624704
1283447233644564480
1283447208034086912
1283446869415387138
1283446702830170112
1283446558663380993
1283445541423259654
1283445090598486016
1283444973807910913
1283444450346369026
1283440800311934979
1283440751272251394
1283439419425386496
1283439109390962691
1283439049433374725
1283439022061346816
1283438699540361220
1283438243325906947
1283435374518263808
1283435164509626375
1283435028760993794
1283435002693332993
1283434932682006533
1283432403881558020
1283431199323623425
1283430936839950338
1283430445561122817
1283429822467903488
1283429692893270016
1283429169683210244
1283428491808186369
1283427780533739522
1283426794503208960
1283425182795923456
1283423555787665409
1283423408919924736
1283423345707491331
1283423298806743040
1283423205592629248
1283422184472489985
1283422024979841024
1283421900396392448
1283421597089566721
1283420505492652032
1283418394549719042
1283418348823482368
1283418239205142528
1283417509727633408
1283416640907096066
1283415499880009729
1283407068003807233
1283406203792564225
1283405509996032002
1283405192361324546
1283401642226966528
1283399870632665089
1283398246199681024
1283397606962601994
1283397555368407040
1283395778166296576
1283395649413808128
1283393965161508865
1283392943236231169
1283392090903379969
1283391959877419008
1283391013638283270
1283390780674134016
1283390707630329856
1283390424405745664
1283389923752583173
1283387455522013184
1283386643211321345
1283386498583269376
1283384121599889411
1283383471939837953
1283383454336348162
1283381699582156802
1283381625108209664
1283381576844247045
1283380211057336321
1283379199349329920
1283374425132367873
1283374401216536576
1283373257777917952
1283371274954108929
1283368684887646211
1283368461788344322
1283367239924711425
1283366412497686529
1283364982206455808
1283364042887880710
1283363288290676742
1283363011600830464
1283358323421700101
1283358140017205248
1283357575484932096
1283356944846094339
1283355262422745090
1283350927487967238
1283347214509563904
1283346731095273478
1283345568291381253
1283342464007524354
1283341937416839168
1283341679479717890
1283341646495723520
1283340533566279680
1283339087273955330
1283339064633184257
1283338996886777856
1283334589667303424
1283332575855951873
1283332478409703424
1283332307890257921
1283332178709897218
1283331948983709696
1283331766015545344
1283329057426419712
1283327946896347136
1283327778016964615
1283327651785125888
1283326413978980352
1283321819920052232
1283319773082914818
1283318660266733569
1283318284092231682
1283317014250115072
1283316345409503232
1283315364412002304
1283315042180632576
1283307865227227136
1283303923827331073
1283302834335895552
1283302704270516224
1283299095738814465
1283294804323864576
1283294082236919809
1283288480362237952
1283286425274691586
1283279684671807488
1283276598230372353
1283276524372873218
1283275312726343680
1283274260765499392
1283273281911611392
1283272837655126017
1283271182356291591
1283271051208798209
1283270982808084481
1283270546206216192
1283270430942539777
1283270360457261056
1283270197525139456
1283269695693627394
1283269501585428481
1283269474519580672
1283268673784946690
1283268535771205637
1283267961889992704
1283267943250440192
1283267064682221568
1283266495427022854
1283264731743223808
1283261825036017664
1283260670922952704
1283259307010785284
1283256148381114369
1283253206714331136
1283252178891595778
1283252087275565056
1283246874112200706
1283245777985449986
1283245122277249024
1283244737059684352
1283244110179115009
1283243741210267649
1283241701457432576
1283241134672580609
1283237816974094337
1283235851619770374
1283235254241763330
1283235078181728258
1283233789414707201
1283231778614976514
1283231455364222976
1283231440059142144
1283231408769695744
1283231149939023872
1283229407646224385
1283228407166369794
1283227815513554946
1283227576333488135
1283224514474762240
1283223306649440256
1283221220738117637
1283216435196694528
1283216427122556929
1283216184759013378
1283213449590460417
1283213096279048194
1283213071171952642
1283212888363196416
1283211714352250880
1283208288230879232
1283208201463308292
1283208113341038598
1283207679067000832
1283205120403087360
1283204903771537408
1283204481581117440
1283204051044368384
1283203905543909376
1283203817023078400
1283202281039691777
1283201100447916033
1283199037819297793
1283198165370327040
1283195639363440641
1283194208174526465
1283193000969961472
1283190916140826624
1283189321827155970
1283189252755468301
1283187984024600578
1283187981180981253
1283186656489672706
1283185832963321856
1283185804421013505
1283185120762048513
1283184331960266753
1283183718568525826
1283183108267933699
1283181940565213184
1283178388128059392
1283177198661234688
1283175918920445952
1283175147520884739
1283173706605498370
1283173385976119296
1283172882147872773
1283172606422724608
1283172352440836101
1283172108869283841
1283171646258520065
1283171425638121474
1283170749008805889
1283170731962953728
1283168951027896321
1283167416235810816
1283167165148008449
1283164958444986375
1283163046374862849
1283162767894237189
1283162342688260096
1283160522318204928
1283159575634616321
1283159423054237696
1283159145831698433
1283159110138175495
1283158011918184448
1283156904374657024
1283156636123758593
1283154357664415744
1283153198291865601
1283153086454861826
1283152975922212865
1283150692799205379
1283149818123018241
1283148572829999104
1283147258528239617
1283147061022437377
1283145961750122507
1283145636024590339
1283144650434502657
1283425048720748546
1283425206787284992
