1275533915365703685
1275533035249729536
1275532390652403717
1275532029904502784
1275531590047797251
1275531004829106181
1275530601332977664
1275529730419093504
1275529007304302592
1275527856743944194
1275526750878007297
1275525979776208896
1275524672977682433
1275524529117442060
1275524216511770626
1275523208188477440
1275522823960887296
1275522286951337984
1275521822633705474
1275521759484223489
1275521078547398656
1275520255151013888
1275520230530449408
1275519371608236032
1275519171338567680
1275518856488980483
1275518691384442884
1275518300211077125
1275517928549597186
1275517873566494720
1275516590188949504
1275516494185668608
1275516475596369920
1275516147723534341
1275516104752787456
1275515848741060612
1275515609963511809
1275515409186254849
1275515208744800257
1275514979484160002
1275514957182967809
1275514924375015424
1275514647320375300
1275513580335529993
1275513331449765889
1275513265737605120
1275512656800165888
1275512402147258368
1275512047589920769
1275511029980704776
1275510249848549376
1275510239014473729
1275510088149741569
1275509854820601857
1275509819135459334
1275509280154759168
1275508573561335808
1275508020315897856
1275507917198852096
1275507512515727361
1275507310643863554
1275506892480143362
1275506679879282688
1275505808613179392
1275505470246133760
1275504886940086273
1275504846205079561
1275504734414176258
1275504316921417728
1275504276207538176
1275504062864244736
1275502666395852802
1275502259976105984
1275502141973635073
1275501880400109571
1275500270387150850
1275499817175744514
1275498286489595905
1275497691460452352
1275497007508008965
1275497002097430528
1275496606503178241
1275496341205135363
1275496272875548672
1275496061021323266
1275495526566432769
1275495477522214912
1275495456278220800
1275495208537513987
1275495044674396160
1275494760405442562
1275494455529873408
1275494432738066433
1275493774874095621
1275493568816336902
1275492798540677122
1275492501193973766
1275492221979148288
1275492192887414784
1275491833448148992
1275491319230738432
1275490612356120576
1275490386971164672
1275489633187647491
1275489572021993472
1275489090318807047
1275487589500440580
1275486195976269826
1275486153169305600
1275486057694482432
1275485741896826883
1275485542407303168
1275485337838587907
1275484250402365442
1275483402486059012
1275482677999796230
1275482489876647937
1275482377716813824
1275482267524239360
1275480833483313159
1275480163397111812
1275480033914572801
1275479612705759232
1275478929021657088
1275478498048499712
1275478027502313472
1275477862233935872
1275477852025229314
1275477267032899585
1275476772050604033
1275476587207692293
1275476568375164937
1275475981533360128
1275475638007279616
1275475464878841856
1275475068982878210
1275474970747891712
1275474356659945473
1275473747366084611
1275473709713829889
1275473499751157762
1275472746286366720
1275472345973395457
1275471865729953792
1275471480164356097
1275471165545279488
1275470822023495680
1275469955455123458
1275469878145712128
1275469383737970688
1275469155827941377
1275469052719349763
1275468765484941313
1275468499104776193
1275467514563055616
1275467071376232450
1275466949246382081
1275466806115926017
1275465728171421697
1275463765971079168
1275463612556083206
1275463005568790528
1275462674541735936
1275461774570065920
1275461401687941121
1275461392003289088
1275460896677138433
1275459953856262144
1275459692471279619
1275459430818222080
1275459095412109314
1275458575935012864
1275458492795465728
1275458320791408640
1275456876361052166
1275456669993099265
1275456484512419845
1275456273819922432
1275456226583646212
1275456214718005252
1275456151946067971
1275456111676555264
1275456005665689600
1275456003408986124
1275455731316125696
1275455427065634816
1275455006343262208
1275454994645282817
1275454808887971845
1275454704672260096
1275453826015784970
1275453677742862336
1275453089693097985
1275453004712259589
1275452385540759553
1275452117465960449
1275450404109611017
1275450368801902606
1275450112022441987
1275450020691472385
1275448953459228674
1275448843669106690
1275448782784618503
1275448782621011969
1275448712383225861
1275448205832884232
1275447902240792577
1275447520865292294
1275447067784011777
1275446396775092224
1275446206458523652
1275445635756351488
1275445465320878081
1275445327131111425
1275444832530399232
1275444648446590977
1275444432360235009
1275444348012728326
1275443928422989826
1275443495071858688
1275442820573085697
1275442289473540096
1275442262638358532
1275442001920417795
1275441884379267072
1275441346463985664
1275440663660650497
1275439448591753220
1275438063821262851
1275437382276276227
1275437379570950144
1275437376483938304
1275436674558734337
1275436602907521025
1275435696430346240
1275435284742602752
1275434047150276608
1275433379463335936
1275432656071786498
1275432523586101250
1275432269059104769
1275432140453404674
1275431617465446401
1275431272660131841
1275430779338854403
1275430199568596995
1275429889340919809
1275429725297573894
1275429378789306371
1275429344412917760
1275429101625540610
1275429071615340549
1275428937137438720
1275428524661157888
1275428363277082624
1275427663486877696
1275426880917831683
1275426726785531905
1275426240762167296
1275426074642579456
1275425810808266752
1275425167364120576
1275424889852264451
1275424742934282241
1275424114291945475
1275423462442622976
1275422905627795456
1275422036282822658
1275421677103599616
1275421629888282629
1275421162491777025
1275419503413911553
1275418737328320513
1275418570034479110
1275418425108635648
1275418176591806464
1275417833351139330
1275417410548273152
1275417338280583168
1275416436270419972
1275415718109032448
1275415242202394625
1275415063168458757
1275415022487945217
1275414959615348736
1275414717826248705
1275414329492492289
1275414321858859012
1275413815144914946
1275411889401614338
1275411211379671045
1275411155608051713
1275410729164832770
1275410637271609346
1275410495923720192
1275408945667080192
1275408793418039296
1275408365267673088
1275407971196043266
1275407962908041216
1275407771735855109
1275407523131129857
1275407027347632129
1275406279402500096
1275406096384000000
1275405168423600128
1275405067533811712
1275404845084749828
1275404505098715138
1275403735544598528
1275402981912035328
1275401796740136961
1275401418019672065
1275401257407188992
1275400452717371392
1275400227273539585
1275399794966528000
1275399203645202432
1275398884920119297
1275398825717481472
1275398506447020032
1275397916488871941
1275397519435063296
1275397442083700739
1275396308807766016
1275395976996499456
1275395248345296898
1275392574606520320
1275391404198354944
1275391261126594561
1275390723559436289
1275390675530452994
1275390507447975937
1275390011014332422
1275388944302120962
1275388307405488129
1275387795419389952
1275387497728692225
1275385264542629895
1275384951526039555
1275384491532574720
1275381437848367106
1275380564623843328
1275380160938811393
1275379895934337025
1275379583131377664
1275377248854577152
1275375729195319296
1275374299721932800
1275372277031473152
1275371157265539073
1275370315346882560
1275368276521091073
1275367873423175680
1275367413345812480
1275365052770586625
1275363496620777473
1275363237270302720
1275361730839949314
1275360443419090944
1275359737320800259
1275358495886450688
1275358386662641665
1275356831859322880
1275356209722392577
1275356039773401091
1275355816690962432
1275355219560402950
1275354822439350273
1275352964849381377
1275352751665446913
1275352615983869953
1275352380926763009
1275350391060869120
1275348737011986439
1275347619393519619
1275342475939377152
1275337715584774145
1275336927336697856
1275335766969909248
1275335269546426369
1275334979363504128
1275334734990761985
1275334310342451200
1275334151701319680
1275330974595891201
1275330889610862592
1275326678517022721
1275326190727938048
1275324679444729856
1275322535282978817
1275322011254951937
1275321931936366592
1275321756622794752
1275321539278319616
1275321133651439617
1275320145494315008
1275319041993785347
1275318721754562562
1275317799921971200
1275315992017678337
1275315915832377345
1275315796332298245
1275315473593196544
1275315101046890501
1275312281748819968
1275312168720834562
1275311965540253697
1275311491839901697
1275311333546749952
1275311324084518912
1275311256866566145
1275309986877304834
1275309491282739200
1275309411431591937
1275309015979999233
1275308882726981633
1275308382606503937
1275308213009776643
1275307166505684992
1275306920644091907
1275306885927878656
1275306181205114881
1275305971745796096
1275305845283160065
1275305225096658944
1275304464380055552
1275304387611701248
1275303821158363136
1275301682172190720
1275301599888306179
1275301322397560833
1275300501719076865
1275298647639560192
1275298637749391364
1275298257326018566
1275298151017132033
1275297887228919808
1275297499109101569
1275295340904710147
1275293765410922496
1275293736025587713
1275293704161341442
1275293647450275840
1275293212207349760
1275293052387635200
1275292653425315840
1275292213908570112
1275291329728143360
1275289746953121793
1275289116951883776
1275289008181035009
1275287175324631040
1275286574146691073
1275285650258919426
1275285436869599235
1275284383826616320
1275284189710032897
1275282340600823809
1275282336213598209
1275281620845490176
1275281096582721536
1275280885366087681
1275280482498777088
1275280467089031169
1275278388857647104
1275278150528835585
1275277714639982593
1275277295947624448
1275276933014708224
1275274634267525122
1275274293404786689
1275273527164354560
1275272314460844032
1275271988966232066
1275271807348637696
1275271501676261376
1275270251685371904
1275269907106729984
1275268062003019778
1275267874123284480
1275267820977356801
1275267753163624448
1275267652022267906
1275267356818698241
1275267264967700481
1275267137402216448
1275266683142393856
1275265910518026240
1275264896012353539
1275264827016065029
1275263590430375937
1275262736868524032
1275262576465608704
1275260586566340608
1275259240295403520
1275258912380538881
1275258612705751041
1275258492551680002
1275257792866082817
1275257696187539456
1275257157978591232
1275256405633699850
1275256228923523074
1275255386673762304
1275255139952189441
1275254966689693696
1275254707175505927
1275254621380980741
1275254435632029697
1275253660973297664
1275253560054333440
1275253150484779008
1275252528985378817
1275252340858277896
1275251923516416001
1275251785377239040
1275251297353035776
1275250239306371072
1275250160185073664
1275250088269484033
1275249980450705411
1275249513490460672
1275249011436511233
1275248996106162176
1275248121908363268
1275247715174277123
1275247304841273346
1275247254958477314
1275246865617846272
1275246267229245442
1275245987028664322
1275245917738684416
1275245636124721152
1275245550867288073
1275245332083937280
1275244973546405888
1275244963488563201
1275244273668108288
1275241507994419200
1275241489937960960
1275241295460491264
1275241141693079553
1275240581409595392
1275240360520953857
1275240310944169984
1275240155851493379
1275240040860471297
1275239843572920320
1275239693563691010
1275239664522231809
1275239326788603905
1275239004833746946
1275238955030585345
1275238305878212611
1275237517789466624
1275237324570234880
1275237212288946177
1275236851062910976
1275236684150575104
1275236540277493760
1275236291374809089
1275235956145164289
1275234458703147008
1275234183263260673
1275233985350832128
1275233353806086144
1275232932609708033
1275232036069015556
1275231629410283520
1275231111598280704
1275230301791412230
1275230272687083523
1275228828760064000
1275228326437715969
1275228252122963969
1275228121130848257
1275227712249122818
1275227644913684480
1275227505109217280
1275227400008335360
1275226905059323905
1275226018966581248
1275225755060965376
1275225326801620993
1275225095489929221
1275224442411483136
1275223463444262913
1275222938749460480
1275222643222831106
1275222585752444930
1275222369397858304
1275222078627725312
1275221275141644288
1275220627205562370
1275219417052389376
1275218217963790340
1275217025472880642
1275216254220075009
1275215796650651649
1275214744161574913
1275214709277560832
1275214025006166019
1275212549680705538
1275212143353311234
1275211861613441025
1275211570738532355
1275209921831845888
1275209887165943808
1275209272398315521
1275208891387781124
1275208882516713473
1275208569869172736
1275208353371824129
1275208200883707904
1275207820544217088
1275207404070805504
1275206205561024513
1275206017383612416
1275205805156044805
1275204831288995843
1275204763500466176
1275204655975366658
1275204472038477826
1275203872823353344
1275203188094898176
1275202587839660032
1275202526267281414
1275202526191681536
1275202526086942721
1275202211258101760
1275201944177594368
1275201642304921600
1275201161352499200
1275200202941571073
1275199547153637376
1275198740001968133
1275198111548346368
1275197979620601856
1275197833059225600
1275197774292754432
1275197557338234880
1275196271418998784
1275195381039747072
1275194669803151361
1275193497843359751
1275193406868934658
1275193257530724354
1275193179046850560
1275192771280875521
1275192452165431297
1275192393587814400
1275191252955217920
1275190964164931584
1275190731607617536
1275190710455562240
1275190027560128519
1275189977698033664
1275189832013103104
1275189779467046912
1275189745199562765
1275189462646079490
1275189327903907840
1275189172601597953
1275187956173570048
1275187662618603522
1275187153245556738
1275187150443683841
1275187080977477633
1275185705770090496
1275185265322188800
1275185165082427397
1275184106398081025
1275183873199149058
1275183228148580352
1275182391439523846
1275182376818290689
1275182110114889730
1275181401424396290
1275181359510835203
1275180777148473344
1275180716691775489
1275180674316673024
1275180523640565768
1275179450162970625
1275178692839452674
1275178589680525315
1275178204865728512
1275178163039961089
1275177446619447301
1275176861706878988
1275176153821491200
1275176153247035394
1275175605835837444
1275174431950811136
1275173798447394817
1275173714255060994
1275173148770656258
1275173057091366912
1275172619818590210
1275172311163899904
1275171821378101248
1275171744232464386
