1280969168783847425
1280969053532807170
1280968356993085440
1280968326982905856
1280967852841975814
1280967502059757568
1280967269531693063
1280966461775806468
1280965903195275266
1280964334466879488
1280962551535161344
1280961460504576000
1280959217323704320
1280958889941512194
1280956807289200640
1280955827021647873
1280955661480845314
1280955321003868163
1280955143467536385
1280954789640232961
1280954472727011329
1280952902765461513
1280952608983846912
1280951101689180160
1280950867949223936
1280950306247979009
1280950073036242945
1280948974472568833
1280948830813532160
1280948278293680130
1280947229117816838
1280946638287179776
1280946334485315584
1280946239509377024
1280946219854868480
1280945584908587008
1280944960087502854
1280943254599581699
1280942281751748608
1280940946369249280
1280940726281539586
1280939455101243392
1280938805193736192
1280938471901650945
1280937645875609601
1280937477033783296
1280937113345818625
1280936703042162699
1280936603532304385
1280936121820684291
1280935649688686592
1280934921347805185
1280934375874592769
1280934191287304192
1280933615774416903
1280933175573843970
1280932507429584897
1280927671636103170
1280927616581750784
1280927518770503687
1280926989348564992
1280924943207858178
1280924497592356864
1280923936365166592
1280923909806788610
1280923786225897475
1280921918967865345
1280921774188826625
1280921717209206784
1280921143898243073
1280920223642578945
1280919933581484032
1280919684208943104
1280919289869017094
1280919035857776643
1280918825345658880
1280918797470388224
1280918016050552838
1280917430672322561
1280917327660281856
1280916329327968256
1280916130299699202
1280915433181327360
1280915184312299520
1280914663644037121
1280913883356639233
1280913022324822016
1280912762047066112
1280912079663308800
1280911382142226432
1280910217102807041
1280910041818824705
1280910001582649344
1280909202232414210
1280909191662665728
1280908664820416515
1280908377246367745
1280907912869625857
1280907881555144710
1280907374845255680
1280907093239873536
1280906382775136263
1280904759591997440
1280904414434414593
1280904068114898953
1280903245620228097
1280903136350273541
1280902970754969605
1280902961187692544
1280902289734004736
1280901847344132099
1280901662396334080
1280901355792670720
1280899827602251776
1280898880465522688
1280897704575590400
1280897205164027907
1280897092727091200
1280896663637409792
1280896144109862914
1280895409389477890
1280895303214825474
1280895299645472768
1280895052244381698
1280894231159193600
1280893723992363010
1280893440406896641
1280892622526124033
1280890665220571136
1280890374454677504
1280889617789661184
1280888438829600771
1280888086050811905
1280887976105512963
1280887697653919744
1280886619281776652
1280886506534645760
1280886001175597056
1280885606244065283
1280885522404118539
1280885340765589504
1280885221328449536
1280884570594906113
1280884548759441408
1280884517868363776
1280882807884169216
1280882628883894273
1280880839887380481
1280880365238915075
1280878672900231170
1280877939383570433
1280877400184815616
1280877037218119681
1280876934851891201
1280876064990871554
1280875806319955968
1280874085833211906
1280873410353082373
1280873077719527426
1280872881505726474
1280868725227470850
1280868480368050179
1280868471824318471
1280867954398244864
1280867349923586048
1280866518910279680
1280866496839901184
1280866064906293248
1280865568082604034
1280865437249613824
1280864634715734016
1280864569850765313
1280864485943672838
1280864436270452736
1280864341538021376
1280864055054553094
1280863566623637504
1280863231960023041
1280862500838350849
1280862060813922304
1280861772807897088
1280861688187834369
1280861548832006150
1280860054867099649
1280859635713323008
1280859519640317952
1280859124419358721
1280857914589102081
1280857295983869954
1280856709691510784
1280855252783300609
1280854128500133889
1280853910576660480
1280852962378686469
1280851135616692226
1280850956637405185
1280848983888465923
1280847417655595008
1280844929258921984
1280841497542299648
1280841299676061697
1280841211499200513
1280840011030556672
1280836642501275648
1280836263499743232
1280835328757161991
1280834791831670784
1280834335608897536
1280831475659821057
1280831257694396416
1280829522930282496
1280827344454922240
1280827167329390592
1280824596133031938
1280823380812484608
1280823229804949505
1280823206186586112
1280822766984482819
1280822162954358784
1280821495170846720
1280819910537428994
1280815484754157568
1280814067473670144
1280812802895200261
1280809838705025024
1280807797299478528
1280804780948942849
1280804153003053056
1280803860441894912
1280803694230024193
1280799377972506625
1280797161505067009
1280796713339564032
1280796604052705280
1280795572773978113
1280795414648754176
1280795226576228353
1280793189826334720
1280788026302574592
1280784744456863744
1280784429896605699
1280783572425728001
1280782814082936832
1280782609614884864
1280781277193527296
1280778370993750017
1280775997621755904
1280774750000656386
1280774383963746305
1280772373332004864
1280771511129985024
1280767120855322624
1280764831440809984
1280764243348910080
1280761200645754880
1280761146379649024
1280758264335081473
1280757967726379008
1280756632415133698
1280755927021268992
1280754516795613184
1280750288111128578
1280749308049006592
1280747016574963712
1280746724626071552
1280743957220245505
1280742411178659842
1280741949230608385
1280740319504617478
1280740271605583873
1280740064948039682
1280739500449128454
1280738828869873664
1280738623403384839
1280737982639636485
1280737932622606336
1280737425602555905
1280736821178064896
1280736355937660928
1280735698148974592
1280735322347724800
1280732910878949376
1280732213173256195
1280730480653086721
1280729979479707648
1280729077532377088
1280728740796837888
1280728189052915716
1280728185785577472
1280726630273560576
1280726079338975232
1280725170747916288
1280725145057759232
1280724445045370881
1280724113309532161
1280721219919192064
1280721155670724609
1280719600947249155
1280719568382627840
1280718986548838400
1280717839045931013
1280716953976537089
1280716672257712133
1280715587161743360
1280715133040259072
1280714564854624256
1280714078814646272
1280713995163402241
1280713847565889537
1280713519835623424
1280713518916890624
1280712583809400832
1280712267449929729
1280712092899610624
1280711845410754560
1280711803723411457
1280711553751236608
1280710692010700806
1280710341459132416
1280710289390858241
1280710130770808832
1280709579484073984
1280709540242063360
1280708166758600704
1280707882674257920
1280707692747726849
1280707162407403521
1280706816805134338
1280704641248813056
1280704629458829318
1280704215762042884
1280703664781512705
1280703155408257025
1280703094846746624
1280703092065894400
1280702996989513733
1280702462396182528
1280702131809538050
1280702127472627712
1280701927534149635
1280701863202107392
1280701841714577408
1280701731610001408
1280701100660842498
1280700688947908608
1280700150327934979
1280699961282375680
1280699507420905478
1280699203946082304
1280699090855006208
1280698905014022144
1280696420417171457
1280695675437461509
1280695473976872961
1280694704711974912
1280694053521276929
1280692749260353536
1280692528254074880
1280692471077285889
1280692230957805568
1280690634492280832
1280690473645092866
1280689410267217920
1280689139931910144
1280688318934638593
1280687877072908289
1280687090062090245
1280686094066089986
1280685799332294656
1280684835930021888
1280684449894739968
1280684357179621382
1280684331611164673
1280683841573859328
1280683776004091904
1280683595955396609
1280683069654159360
1280682810773131265
1280682005907341314
1280681815993450496
1280679328385204226
1280679129130696704
1280678905276502017
1280678855838236673
1280678232367534080
1280677311076016129
1280677007181910016
1280676791074471937
1280675246429794304
1280674569448239104
1280674552817709056
1280674485495107584
1280673345445429248
1280673234753654787
1280673136296542214
1280673130181046272
1280673064108220416
1280672503636123653
1280672240363855872
1280670709740564480
1280669946851340289
1280669427483246592
1280669412132077568
1280668981897068546
1280667808087621636
1280667516046581761
1280667077603233793
1280666681489199104
1280665929886597123
1280665426855440384
1280665424909283331
1280665395838550021
1280665333796188160
1280665295682711552
1280665009392177152
1280664395656433669
1280664293399117824
1280664139484954624
1280664065573097477
1280663624181264384
1280662951456903178
1280662098683576322
1280662036888895488
1280661468535496704
1280660019558612992
1280659352597250049
1280659044743753728
1280657904861884421
1280657306083110919
1280656896702189574
1280656569760468995
1280655350681571328
1280655129323155458
1280654774854189058
1280654529864687622
1280653666681225216
1280653452683538433
1280651615733723143
1280650892002369536
1280650197845053443
1280648884344090624
1280648471796539392
1280648032082694144
1280647914524676096
1280646749984559105
1280646733077282816
1280646383184142336
1280645622870106112
1280645268086669314
1280644137952219137
1280642440861548544
1280642191522750464
1280642158740062210
1280641062491623424
1280640768432979968
1280639324309065729
1280637197763391493
1280637095061659654
1280636614499237888
1280633427340001283
1280631838726402048
1280631665698668551
1280629927553961984
1280628836309164032
1280628664674246660
1280628521119789063
1280628232908398592
1280626155482157056
1280625913483255809
1280625309839220736
1280625214091431936
1280625185176109057
1280624856921305088
1280623734911455232
1280622702978428928
1280622623085527044
1280621891162705920
1280621280228712450
1280621104512598017
1280620480433655809
1280619514657456131
1280619175845810178
1280618851017818113
1280617727602786304
1280616009016229891
1280615979798671360
1280615228783439872
1280614813362794497
1280613616174145538
1280613323596324864
1280612537923338240
1280611839559241729
1280611818688385024
1280610626776285184
1280610138534133761
1280609421362593794
1280608957434822658
1280608702081503235
1280608670351609856
1280608281472401415
1280608271095795713
1280607974189420547
1280607917796782080
1280607855167430656
1280607728281497600
1280607570122719238
