1275895258312826883
1275895257436229632
1275895196761444355
1275895132290715649
1275894915788988416
1275894759983321091
1275894678114766853
1275894662381912064
1275894126609915907
1275893091271090176
1275892401282793472
1275892291572465664
1275892238548185091
1275891881474494464
1275891477378330625
1275891235341860864
1275890577096278017
1275890535765606402
1275890499283562496
1275890458993004544
1275890219657629696
1275889770523176961
1275889731570630657
1275888717564194816
1275888666649530368
1275888261647544321
1275887847686447105
1275887181350023170
1275886785898283009
1275886713596829696
1275886598136135680
1275886513180610561
1275885971117146112
1275885778254434304
1275885435030388736
1275885142163292161
1275885085523410944
1275884788210155521
1275884646274871304
1275884529098592263
1275884499965030400
1275884465609416705
1275884416980660230
1275884055599255552
1275883682755158018
1275883500059496448
1275882677820780544
1275882264518438915
1275882170750570496
1275882165105033220
1275882062361366528
1275881879434964993
1275881832777687042
1275880783136174081
1275880629935042560
1275880352213602311
1275880200300048385
1275880075561443329
1275879940802707456
1275879744550998017
1275879657724936194
1275878764505858048
1275878746742878209
1275878247360876546
1275878206671851521
1275878061435613184
1275877942955048962
1275877894779285505
1275877459221774337
1275877423679184902
1275876749071564800
1275876689470341120
1275876377355415553
1275876103396057088
1275875704090091522
1275875693184729088
1275875692996186112
1275875689808326656
1275875524586409986
1275875244939587584
1275874294254485505
1275874190747369472
1275873806037520384
1275872936658735105
1275872816609423360
1275872586526793729
1275872400110952450
1275872399184080896
1275872162138619905
1275872158170873865
1275871565461311488
1275871394706882560
1275871230575304704
1275871019933327364
1275870815691603976
1275870750004690944
1275870711945584640
1275870543091097600
1275870372685111296
1275870163150221312
1275869951744634880
1275869874821066752
1275869640451858432
1275869371764805632
1275868745077055489
1275868550222229507
1275868186190045191
1275867969185296385
1275866427006660609
1275865287678713857
1275865145999228929
1275865071370059777
1275864624571785216
1275864488093384707
1275864080486719489
1275863993500958721
1275863863506976770
1275863381778599938
1275863214761349120
1275862713693024256
1275862697951838208
1275862582050590721
1275862503839477762
1275862264105463808
1275862201413373952
1275861906041925632
1275860831306055680
1275860276483469312
1275860235492773888
1275860059180810240
1275859650496417797
1275859430043799552
1275858995341910016
1275858875951038464
1275858296377937922
1275858091691724805
1275857997089120260
1275857740787826688
1275857465796694016
1275857115278643201
1275856366758965254
1275856266468962306
1275856188693975040
1275856076819357696
1275856068032299015
1275855947798384642
1275855730864783360
1275855708454621184
1275855637092749317
1275855579987283968
1275855486450110466
1275855114755026946
1275855002024718336
1275854975986470913
1275854881962819585
1275854592497143810
1275854529972633601
1275854430295003138
1275854421126189058
1275854162945769472
1275854070406922241
1275854045610213382
1275853948100980741
1275852787214168067
1275852403225628674
1275852235214372872
1275852068960514050
1275851858515496960
1275851187494031362
1275851097224220675
1275851062835019787
1275850960754094082
1275850950423560192
1275850887097913344
1275850831905140743
1275850810933620737
1275850722341539841
1275850352437481473
1275850018541522946
1275849980142551042
1275849966221758464
1275849955522084866
1275849947255050240
1275849837272014849
1275849670682705920
1275849568463261697
1275849457838559232
1275849397184708613
1275848954018770944
1275848881989980160
1275848706944892931
1275848367667646464
1275848270695333888
1275848244258578432
1275848203288678400
1275847930021392384
1275847805945425920
1275847614517456896
1275847286430617603
1275846887149637641
1275846865897037826
1275846637152350208
1275845771527626753
1275845671304781826
1275845328307195906
1275845240486854657
1275844938803142656
1275844799174770688
1275844558123917312
1275844227201671169
1275844018933567489
1275844013698973707
1275843807842615296
1275843807716794370
1275843533140889601
1275842648658653186
1275842634867589120
1275842577330290688
1275842343015460869
1275842127541473281
1275841889195999232
1275841716264726528
1275841388266078220
1275841046342238208
1275840976641126400
1275840930495385600
1275840918680145920
1275840817198964738
1275839976782139392
1275839867423842304
1275839731239092224
1275839454721294338
1275839377873264640
1275839331190501376
1275839241369550848
1275839117343916032
1275839088986337280
1275838831401431041
1275838692649766914
1275837923863265282
1275837687509983233
1275836681002913792
1275836384427880450
1275835936467804160
1275835921317933056
1275835610482249729
1275835140128886785
1275834992019542019
1275834673638195200
1275834463168143362
1275834361980608515
1275834358092398593
1275834262156185610
1275834205381984262
1275834144598175746
1275834063090311171
1275833491125489664
1275833266298380288
1275833064124538880
1275832038306832388
1275831840574771201
1275831456024203271
1275831369327874049
1275830942997843968
1275830852417658882
1275830201356861443
1275829549947912200
1275828651137724416
1275828176699166723
1275828102577500160
1275827427294318593
1275826230890164224
1275825777578303488
1275825466541309961
1275825405316853766
1275825319203745794
1275824457588695041
1275823639443750912
1275823391367483398
1275823048386469888
1275822926734995457
1275822875732148224
1275822772699176962
1275821073796399107
1275820991726465027
1275820968498397185
1275820849770225668
1275820434727059458
1275820238676860931
1275819986104152064
1275819983763730432
1275819791325028352
1275819731639922688
1275819651587543041
1275819570742407168
1275819509400682496
1275819314399117312
1275819101890453511
1275816684746690560
1275816635778154496
1275815566255640576
1275815148545081344
1275814551213142016
1275813968104304641
1275813702843973632
1275812888100421632
1275812744852316164
1275812687642009601
1275812412827095047
1275812071633027072
1275812009863495683
1275811988346744832
1275811134856183810
1275811059601899526
1275810261644042245
1275810206128226304
1275810162259918848
1275809564198199296
1275809546032865280
1275809448683020289
1275809260589461505
1275807950012022784
1275807854088400897
1275807841241247744
1275807471110688768
1275807255481516033
1275807090024624129
1275805458163314689
1275805219671195650
1275805038926053380
1275804952666005507
1275804567347900417
1275803656483299328
1275803367760187394
1275802004711972864
1275801943609409536
1275800143099551744
1275798341540909069
1275797332605440001
1275797280231219208
1275795171045773312
1275794005469650946
1275793236049694723
1275792400108134400
1275791903846535171
1275791623360851969
1275791138306301955
1275791135441661954
1275790799356268544
1275790748462518272
1275790425698287616
1275790412339458051
1275789362668744704
1275789358960869377
1275789127699611650
1275788820798111749
1275788570339483650
1275787304993513473
1275786916818939904
1275785398271303681
1275784768613945350
1275784465353191430
1275783530782523392
1275783238808723456
1275782547658678272
1275782375339892736
1275782074880987143
1275781634839719937
1275780163540787200
1275779240013762561
1275778649677955073
1275778146755846146
1275777765044826113
1275777746845736961
1275776636923805703
1275776053617864705
1275775952681869312
1275775046649249792
1275774077932900353
1275774077320429568
1275773976707502082
1275773494165471235
1275772756777406465
1275771376650063872
1275771155509542914
1275770603686027265
1275770583616303105
1275770097219653637
1275769458506838021
1275768969257988097
1275768535457894400
1275766994747502592
1275766709777989634
1275766034390298629
1275765759235567616
1275764953161531393
1275763996830941184
1275763622963220481
1275762549934473218
1275762061046210562
1275761550565965824
1275761399508033536
1275761199385325569
1275758514724536320
1275756508719038464
1275756300085932032
1275754947531943936
1275754837280350208
1275753224646131713
1275752014341738498
1275751929826721793
1275750900045234176
1275750160295960576
1275749998160986112
1275747899331293184
1275747764845137920
1275747078103355392
1275746465273479169
1275746434957139970
1275746335552147456
1275742480470888452
1275741521262727168
1275740299617275905
1275739661286223873
1275739006597320705
1275738436696186880
1275738377632055296
1275738124082188289
1275737258553999362
1275735925121847296
1275735676399599620
1275735330935787522
1275732577920393218
1275730278959452161
1275728019819245571
1275727244925833217
1275726835637256194
1275725966506168322
1275725742479982593
1275725171974983682
1275723773333962759
1275721614945144833
1275720762599628801
1275714972740354048
1275712264658661379
1275710856588910602
1275709225503784961
1275708891876245505
1275708467513372685
1275707941081972741
1275706878157340678
1275706397783711744
1275705333516840962
1275704895488786432
1275704401261445122
1275702271666503681
1275698516883574790
1275698125299240960
1275697606493179906
1275697166581936135
1275694715472674825
1275693452156600320
1275693068813991938
1275692382667800578
1275692220448944129
1275691483685949441
1275690059950444552
1275689393345486849
1275688961592221697
1275687218108149762
1275686729832374276
1275686443898241026
1275683786391511040
1275683566094102529
1275681829476073477
1275680678173200384
1275679575763189761
1275677850981609473
1275676844042436609
1275674620146913281
1275673866199801862
1275672233940262912
1275672064091922432
1275671922131566594
1275671411533676544
1275670988039077889
1275670789472337921
1275670046963097600
1275669737578598400
1275669258605862918
1275667603084771333
1275665816948703234
1275664755701755906
1275662629361586176
1275662126644973571
1275661491316932614
1275659473751871488
1275659229903421445
1275659038441775104
1275655397706272768
1275655016750223361
1275653788477665282
1275653507757080576
1275653328559583233
1275652110705623041
1275651555421827073
1275651348051234819
1275651218484924416
1275650402365722628
1275649709701554177
1275649239218036741
1275648175647358982
1275647953445756930
1275647917282471936
1275647226279276549
1275646965683048448
1275646809143115779
1275646117410111495
1275646091225161731
1275645767118618625
1275645395482411009
1275645130654060545
1275645010474676225
1275643800929611777
1275643681756844033
1275643669916377090
1275643208236662784
1275643048240742402
1275642865356623875
1275641208979820544
1275640114027233280
1275639490640478212
1275638773926240257
1275637567464095747
1275636383688921098
1275636198183260164
1275635057378590721
1275634695007420416
1275634173282332677
1275633876111482881
1275633781442035712
1275633235595161600
1275632931457753089
1275631506728378377
1275631316906754049
1275630602952355840
1275629924070588416
1275629251560169475
1275629065416978432
1275628978372476934
1275628456928088065
1275628150966239235
1275625372760051713
1275624836807577602
1275624111637532673
1275622442271203328
1275621949796999168
1275620719343415296
1275620718013607937
1275620689794473984
1275620322574626816
1275619257422929920
1275619165257248768
1275618345333583873
1275617837344632832
1275616677233717250
1275615345978597378
1275615295315554305
1275615278781665282
1275613729481273344
1275611982004019200
1275611124529008641
1275610889002070019
1275610360066838531
1275610336759091200
1275610260498079745
1275610260078653446
1275610069946839040
1275609620237684737
1275609479506165760
1275607722914971651
1275607381175648257
1275606905579282433
1275603887542722561
1275602966767185920
1275602894293737474
1275602487915970561
1275602356470779904
1275601798284414976
1275601272880672770
1275601056488177665
1275601036770783232
1275597779520258048
1275596897852538880
1275596603055730689
1275596214994681856
1275595950057238528
1275595535785832449
1275595026094063616
1275594777380225025
1275594440116068353
1275592837158055938
1275592209841057792
1275591168450072576
1275590560867323904
1275589834896269313
1275589769481912327
1275588342072184832
1275588027096719361
1275587236441047040
1275586903719342080
1275586874166263810
1275586373261631488
1275585523432730625
1275585154476630016
1275584973110738945
1275584413947092993
1275584201484615681
1275584165170360320
1275584073558364163
1275583916141940736
1275583866221232128
1275583850140381186
1275583666102636545
1275582474945519616
1275582088230699008
1275581879740182530
1275581596503101441
1275581365845704705
1275580995778076678
1275580923308699648
1275580413797232640
1275580074063007750
1275579734890385408
1275579686190448641
1275579262846861319
1275578998928683008
1275578939956760576
1275578914451214348
1275578890577207301
1275578708691161094
1275578512364244999
1275578351441399808
1275578319279398912
1275577410528915456
1275577000024051712
1275575701937295362
1275575597083824128
1275574936409640960
1275574610004713475
1275574358908588034
1275574337072803840
1275573536338444290
1275573365366050824
1275571702903209984
1275571193870004231
1275570236004204544
1275570182711197697
1275569388163338240
1275569053365649409
1275568432797200384
1275567954617266176
1275567451766431744
1275566740844544003
1275566669583310848
1275566500531798018
1275566128392220673
1275565808681455622
1275565389678669824
1275565026296893441
1275564758834413568
1275564729575096321
1275564680489115649
1275564368399392770
1275563900348465152
1275563307173384198
1275563203183865856
1275562842926788608
1275562771002908673
1275562120638128130
1275561615665045505
1275560914088071175
1275560770928021505
1275560518569332739
1275560367276486656
1275559531964137473
1275559279127195649
1275558762489810945
1275558384004141057
1275558256182792193
1275558144077213696
1275557169946144768
1275556192765521922
1275556059352948736
1275555656846761986
1275555544128827392
1275554648200536065
1275553991926132739
1275553569341681664
1275553557442367492
1275553314143219712
1275553231360360448
1275553067279069185
1275553055841361922
1275553033817075713
1275552870545457155
1275552852627337220
1275552724680167431
1275552175792353280
1275552099414298624
1275551999577280515
1275551980090535936
1275551805624258560
1275551256455655425
1275550781001924617
1275550368882216960
1275549476141371395
1275548719098855424
1275547869337079816
1275547591355367426
1275547456009355265
1275546717627322381
1275546618251456512
1275545845958692864
1275545712189677570
1275545460774547456
1275545338363994122
1275545316041863168
1275544717082497025
1275544386072227845
1275544161182273536
1275543678837125120
1275542833554837504
1275541654351630337
1275540576398708736
1275540432752082945
1275540383896920066
1275540110709227522
1275540095580463106
1275540051439607814
1275539867355627521
1275539723637981185
1275539213253918720
1275539171294302211
1275537954245619715
1275534941049274370
1275554929944539141
1275553827190640640
1275554142661095426
1275553984774881283
