1289304568182996993
1289304426272956416
1289304279086374912
1289303807872995328
1289302024102666240
1289301064068423681
1289300682059575296
1289300448277536769
1289300304903598080
1289300298016514049
1289299328587018240
1289298858015469568
1289298086800449536
1289298021352525824
1289297787104854016
1289297555071721472
1289297248640274438
1289296519946854400
1289296285095231488
1289296244402089987
1289295905942671360
1289295775814443009
1289294559785058305
1289294094171160576
1289293808245514241
1289293206685794309
1289292432249520128
1289291815342837761
1289291528762867712
1289291491873972224
1289291139778883584
1289290571974995969
1289288961664270336
1289287391245561857
1289285656192208898
1289284007373336576
1289283352760066048
1289282977935982592
1289282948248686598
1289282773576892416
1289282260408176648
1289282025250201601
1289281841946533889
1289280443875864576
1289280256478650368
1289279741334130688
1289279417299030016
1289279059650703360
1289278900342624256
1289278206894252033
1289277842195447810
1289277378531741697
1289277298970001409
1289277011811135496
1289276712690151425
1289276566418071552
1289275704241082368
1289275632950550528
1289274811244408832
1289274744131350528
1289274127069491203
1289272962659438592
1289272737161080832
1289272224868757504
1289270981467332608
1289270923040706561
1289270775162105856
1289270312668934151
1289269491189215232
1289269425359601664
1289268607893901317
1289268419280289793
1289268057173454848
1289267787316125696
1289267575495393281
1289267558533586945
1289267219268923392
1289266923666989056
1289266640933142530
1289266537887490048
1289266436666318848
1289266366675968000
1289266051625041920
1289265832812408835
1289265775656595456
1289265384671993857
1289260270393503745
1289260208301027328
1289259363152982017
1289257425216839680
1289257230043234304
1289256143995514880
1289251690839814145
1289251442734268427
1289251289650487298
1289250811042766848
1289249734347993088
1289248694533906439
1289247265555533825
1289247069077610496
1289247064027566080
1289245862569246722
1289245533874188288
1289245378743660544
1289243979620339712
1289242021190758402
1289241883852455936
1289241063207493635
1289240840783540224
1289238789550817280
1289237674071437313
1289232277512187905
1289229785965580295
1289229637726265344
1289228871816994822
1289228671635591169
1289227865129541633
1289227575366053888
1289227202827923457
1289226412864540672
1289226066951917569
1289225833119268865
1289225307753295873
1289225219844894720
1289222251946995712
1289220048633004032
1289219902000238592
1289218965122633730
1289218820821803008
1289218604999663618
1289218298207404036
1289217612149174272
1289217564829085696
1289216796931657732
1289216585744502786
1289216489833168897
1289216487094235137
1289216283515355136
1289215189917687808
1289214440056000515
1289213014176985089
1289212516330090497
1289212077555380224
1289211947892711425
1289211878237904897
1289211328888881153
1289211045588819969
1289210585544970240
1289210227749826564
1289210173869957121
1289210163082276864
1289210063802925057
1289208645381693441
1289208374098145280
1289207759313833984
1289203841980760065
1289196963338964997
1289194206041317377
1289194004966506498
1289192262077825025
1289191385506041856
1289189993781448704
1289189058258714624
1289188978718052352
1289188680700059648
1289187945367220225
1289187695277690881
1289186555370733573
1289186416044302338
1289185423995150338
1289184868077670401
1289184747827077121
1289183979568943106
1289183710680510468
1289183556749664256
1289183476441165826
1289183263676719104
1289183185167953920
1289180535017766913
1289179370112737280
1289177798150520832
1289177121881956352
1289176796936540162
1289176747674488832
1289176208899362816
1289176117060833280
1289174956824092672
1289174265858633729
1289173643176456192
1289168105223204867
1289165525646376960
1289165321589284866
1289161748612710401
1289161036638150656
1289159974304641025
1289158409145778176
1289158406406692864
1289156858146689024
1289152860408565760
1289152103240392704
1289150702665654272
1289144239050424320
1289143070307614720
1289143005090177025
1289135914795642881
1289128418886459394
1289121279568568320
1289117045896949760
1289116757735555074
1289115871428980736
1289115755238367232
1289114937995010048
1289111151536680960
1289105113202663424
1289104090551787530
1289103064704704512
1289102742909263873
1289102656359849990
1289102619663794176
1289102553943285762
1289101581741301762
1289097824005742592
1289096307496366081
1289095548184612866
1289095505591640065
1289094388937826304
1289094322391003139
1289094263607898112
1289092168980676608
1289087063594168321
1289086380908453888
1289085985498836993
1289083893249970177
1289083702937563136
1289083194009100288
1289082455044108289
1289082212999139328
1289081560336084994
1289081400155660289
1289079002796306433
1289078048416030720
1289075464322060290
1289074845750263808
1289071361009360903
1289070234364600320
1289067692628955136
1289067322750013440
1289063555153580034
1289061368910327810
1289060327326248961
1289059221250674688
1289058684811636737
1289057657546895361
1289057587527208960
1289054451089768449
1289052361563017217
1289049895475716097
1289048704951783424
1289048663457779714
1289048332711735297
1289045389472141312
1289044361020399619
1289043851760611329
1289041005304479753
1289039546588569601
1289038731312234497
1289037638662586368
1289035916997271564
1289035791704838145
1289035785048485888
1289035432382967810
1289034145184624640
1289030765095849984
1289029609640669192
1289027144488755200
1289027043351502848
1289026209704226821
1289025787216171009
1289024975446388736
1289023678269751297
1289022796107067393
1289021974098960384
1289021795786461185
1289019052623503362
1289016597278068737
1289016096226455553
1289010938285260800
1289010213635477507
1289009638386601985
1289008557174579200
1289008384763625472
1289008203750154241
1289008067003072513
1289007971029188609
1289007004309008385
1289004820985262081
1289003859382239232
1289001843046187009
1289001649948766208
1289000478592901123
1289000245192531973
1288999601299755008
1288998346879897600
1288997651845914624
1288997238396473344
1288996846824808449
1288995825859858432
1288995752170094595
1288995723153940480
1288994932078895105
1288994162461888513
1288994008467795969
1288993500348874752
1288992997674119169
1288992665246339073
1288992537341026304
1288992358596476929
1288991193897078787
1288991088095776768
1288990884441264128
1288990849859289088
1288990657982365699
1288990212136275970
1288989121478762496
1288984944715292672
1288984801874239491
1288984779224907781
1288984527134695424
1288983740463689730
1288983301965979648
1288978088479653889
1288977864906416130
1288977645347246081
1288977560949284864
1288977505848709120
1288976735636258817
1288976242155241472
1288975398274060289
1288975077812338689
1288973908390051841
1288973312370982912
1288972681337925632
1288972671846359051
1288972310074941441
1288972012942065664
1288971208567017475
1288969584066695169
1288969438763589632
1288968353692835840
1288967768470106112
1288966461730496514
1288966111627804677
1288966096075329536
1288965826767446016
1288964914372055040
1288964473047281664
1288963746673627137
1288961106120146952
1288959023203704833
1288958423153999874
1288957558330466307
1288956592248020992
1288956464556576768
1288956058803658753
1288955386569961472
1288954823547793408
1288953688749309952
1288951827682082817
1288948904558559232
1288948375178473472
1288947905861169152
1288944576649199618
1289153186352099331
