1296914946266206210
1296914927349882888
1296914912455737345
1296914811410960387
1296914775662829568
1296914700345602049
1296914687708151808
1296914590748598274
1296914561325572096
1296914528811261952
1296914348233887752
1296914326603935744
1296914202628689920
1296914128087527424
1296914017735200769
1296913980427055104
1296913907899142145
1296913877951811588
1296913868342534144
1296913860558041089
1296913859937263619
1296913812747100161
1296913801879658498
1296913740605136896
1296913706392092674
1296913601794465792
1296913465181761536
1296913448517984257
1296913434856968192
1296913315885535232
1296913292934418432
1296913209333514240
1296913183333113856
1296913058955235329
1296913002390847488
1296912974985207811
1296912937492217856
1296912912699858949
1296912802486071298
1296912613981356033
1296912502777950210
1296912407709835264
1296912366366535681
1296912355062951936
1296912141254045699
1296911943018721280
1296911932197199873
1296911849703661568
1296911748201676800
1296911724583555072
1296911673069101057
1296911575908057090
1296911483507560449
1296911385440419840
1296911384270249987
1296911358735323136
1296911247787659264
1296911216368132097
1296911192078741504
1296911099669950466
1296911008439709696
1296910921613430789
1296910910725005314
1296910910037139458
1296910831377096707
1296910697813737476
1296910609708015617
1296910573087711232
1296910440828563456
1296910376332918793
1296910253179588608
1296910240894423040
1296910238977728512
1296910199060443136
1296910185462730752
1296910150813581313
1296910015811538948
1296910013089316864
1296909955598094338
1296909867169415168
1296909855219908609
1296909800954093570
1296909639368339456
1296909614554832896
1296909567637377024
1296909541494358022
1296909376872210438
1296909305023795201
1296909274224812032
1296909240926339079
1296909164967591936
1296909110370275329
1296909088803217408
1296909085082877963
1296909057740230656
1296909012932472835
1296909008884961285
1296908895806398464
1296908857818701824
1296908856174485504
1296908806492958720
1296908754781446146
1296908726834692102
1296908687911653377
1296908682228150272
1296908620882296832
1296908586396917760
1296908433329983489
1296908230245982208
1296908145613250561
1296908145307144198
1296908131146989568
1296908039501553665
1296908037719040000
1296908005003399173
1296907983004278786
1296907912787484672
1296907816041676800
1296907800124297216
1296907738073554944
1296907636680663040
1296907519151882240
1296907468493271040
1296907425895743488
1296907407596101633
1296907378386821121
1296907327375912962
1296907320052477952
1296907299148247041
1296907179354656769
1296907150455762944
1296907118960762880
1296907038983950338
1296906982818025473
1296906832091451392
1296906826148122624
1296906753477681155
1296906688994263040
1296906670589784065
1296906517334155267
1296906514041655301
1296906507733233665
1296906495083327490
1296906418637934595
1296906418247753728
1296906326703067142
1296906225968394240
1296906176463024129
1296906114056036355
1296906097916346370
1296906072754724865
1296906040487874563
1296905984300982272
1296905954198421504
1296905929250598912
1296905927577047043
1296905906190299136
1296905820115021824
1296905752876126208
1296905691207270406
1296905678079098880
1296905625260130307
1296905590388617216
1296905407009558537
1296905325354917888
1296905180378734594
1296905057221447683
1296905010962259968
1296904989193965568
1296904852631478272
1296904848194056193
1296904719483277312
1296904710079750144
1296904691008167936
1296904656753434630
1296904559244214272
1296904301185556481
1296904162807033860
1296904161489874944
1296904077016576001
1296904071484325888
1296904058243035137
1296904047321141248
1296903893121732608
1296903862746525696
1296903820224552960
1296903724057505792
1296903721234857985
1296903544302444546
1296903511918235648
1296903498261569537
1296903453768167424
1296903403885531136
1296903403419967488
1296903348461895680
1296903336650838018
1296903276840050688
1296903116034539522
1296903041472434177
1296903016575115266
1296902994877849600
1296902894176874496
1296902796772610049
1296902749888450560
1296902748428881921
1296902736114483201
1296902611719688192
1296902549400887296
1296902459139461120
1296902370597707778
1296902324959563780
1296902291883261954
1296902244391096321
1296902181036216320
1296902129915957249
1296902103684861954
1296902088593747969
1296902036760322048
1296901948071915523
1296901919022166017
1296901839900692480
1296901815192231939
1296901728168812547
1296901714746806272
1296901666994888710
1296901645788499974
1296901626511478784
1296901520664010762
1296901408944533517
1296901369815736320
1296901285036212224
1296901279654924289
1296901170687029253
1296901081038032903
1296901012750557184
1296900936653254657
1296900931649331200
1296900929703284746
1296900877819744256
1296900679739625472
1296900660558991363
1296900585166450693
1296900570406703106
1296900521060708352
1296900470477410305
1296900287949660161
1296900215291760641
1296900206303338496
1296900124325666819
1296900043270582276
1296900004552966150
1296899920004182017
1296899722796584963
1296899706702897153
1296899629519429632
1296899622380675072
1296899492634124291
1296899339483328512
1296899169152630786
1296899157605531648
1296899032405729280
1296898979888803841
1296898941729079296
1296898890168320003
1296898789979152385
1296898780944642048
1296898769599029248
1296898746794545157
1296898738120798208
1296898708404088834
1296898700787286018
1296898480191856640
1296898445106647041
1296898165766062080
1296898163287048192
1296898080923684864
1296898053836804100
1296898048283611137
1296898026330456064
1296897969334169610
1296897962203914242
1296897951353241600
1296897913789001735
1296897907879301122
1296897859141369856
1296897804955193345
1296897675363721216
1296897554144202752
1296897474079133698
1296897342600249345
1296897309675081731
1296897286342160386
1296897285314486273
1296897269443133443
1296897207166070784
1296897195074031616
1296897178758152192
1296897088551354369
1296897019026579457
1296896983223930880
1296896972490706944
1296896919562854403
1296896860519628800
1296896835957620737
1296896797919543296
1296896765782667264
1296896737576198145
1296896707402268684
1296896599113838600
1296896533330300930
1296896495782952965
1296896409929580544
1296896317399142401
1296896014364872708
1296896011852550144
1296895955191631872
1296895942722019329
1296895797196476416
1296895761699999745
1296895672441098245
1296895631751970816
1296895616585478144
1296895529075511304
1296895375442403328
1296895364172218368
1296895310757847046
1296895300896985088
1296895276846845956
1296895262426791937
1296895261906735104
1296895229748867072
1296895205342212096
1296895133535928323
1296894953394601984
1296894884763377666
1296894813158039553
1296894776156061697
1296894507783344128
1296894504767836160
1296894487470407681
1296894450111668224
1296894446802542594
1296894358650867714
1296894217567047681
1296894155671699456
1296894143600431104
1296894116874182658
1296894083990921216
1296893613692125184
1296893462739066888
1296893457026424834
1296893385945554945
1296893300247375873
1296893291846422530
1296893282543230976
1296892742803628033
1296892683177394184
1296892575060819969
1296892465731993600
1296892463777488898
1296892460216602625
1296892392432427008
1296892201272635394
1296892091411333120
1296892051397713920
1296891939955056641
1296891934133420032
1296891867221708801
1296891847944671233
1296891775794126848
1296891764050202626
1296891668604637184
1296891500907974659
1296891483728023553
1296891450874114048
1296891442619535360
1296891362319597568
1296891112389517316
1296891059272855552
1296890992625360896
1296890951382704128
1296890872076931074
1296890831438319618
1296890792733286406
1296890756393840644
1296890744058327040
1296890738370732033
1296890651213090816
1296890614009622528
1296890560301674497
1296890560230428675
1296890504282546176
1296890350381027329
1296890314683113472
1296890302582726656
1296890253102522369
1296890241102630919
1296890193983631361
1296890139977940994
1296890091751772168
1296890031043485697
1296890025033052160
1296889987225419776
1296889955126587392
1296889930849943552
1296889811148533761
1296889760594755584
1296889756937330689
1296889695457234949
1296889650582368257
1296889563005108224
1296889493887295490
1296889360894369794
1296889296855728128
1296889274877583360
1296889109802360834
1296889105658281985
1296888994874249216
1296888884261982209
1296888428424916992
1296888367267770368
1296888262947217408
1296888235516461058
1296888222967095297
1296888121963905026
1296888035716423680
1296887984072151042
1296887926014517248
1296887917449797635
1296887888567832577
1296887821924474883
1296887748796678144
1296887637370789888
1296887623386935297
1296887605758500866
1296887487747350529
1296887467279351809
1296887291697389569
1296887196922847236
1296887120615870470
1296887017096097792
1296887004756492288
1296886942076985346
1296886924309864449
1296886815744499723
1296886798774411264
1296886778050146304
1296886700694593536
1296886578686697478
1296886568049872898
1296886490115473410
1296886472105172993
1296886412822937601
1296886385647869952
1296886347169509378
1296886308913197056
1296886303775027200
1296886300243570690
1296886289304817666
1296886203669606400
1296886167049318405
1296886145712902144
1296886074178826240
1296886071549075461
1296885958294622210
1296885925033672704
1296885812903194624
1296885782842617859
1296885719999356928
1296885703138086912
1296885620393029637
1296885581167955969
1296885546388684805
1296885531305865216
1296885362569158656
1296885302708121602
1296885028975239168
1296884781817319424
1296884677295271936
1296884641354272770
1296884545094955008
1296884508965376002
1296884491491958784
1296884458533117952
1296884280426033152
1296884190214905857
1296884039018614784
1296884036523237377
1296883973898014720
1296883908676526080
1296883866012180487
1296883771157831680
1296883738866065408
1296883717990907905
1296883708901961730
1296883701205225473
1296883690862075904
1296883683014717446
1296883643982458887
1296883555742564354
1296883314918338560
1296883244508512256
1296883150166142978
1296883097892458496
1296883045895507968
1296883030133551109
1296883013561626625
1296883013389881346
1296882927960301568
1296882902358208512
1296882878240796672
1296882774209638400
1296882759546306561
1296882713019011073
1296882614834429952
1296882583767113729
1296882506415910914
1296882395224793089
1296882357228703749
1296882353256554496
1296882220217651200
1296882138005024770
1296882097311768576
1296882084049551360
1296882004500389890
1296881911835627522
1296881902117203968
1296881799323426819
1296881783150186496
1296881756587659264
1296881754188345344
1296881746886230016
1296881552622858242
1296881539683438593
1296881504270921729
1296881502660124672
1296881473455296512
1296881241162231809
1296881175877713920
1296881167879344129
1296881072546942980
1296881068746907650
1296880883421646852
1296880850219479040
1296880826580381696
1296880745672187905
1296880739338932226
1296880669637914632
1296880669268873219
1296880588746612736
1296880533763325954
1296880521142829061
1296880519725092865
1296880496035717124
1296880477479907328
1296880411214151681
1296880203612987392
1296880117751447554
1296879984586321920
1296879941582229505
1296879933021499392
1296879905754492931
1296879892030722048
1296879891011567617
1296879818773073920
1296879808241184769
1296879714888450050
1296879618671222785
1296879520360914944
1296879454808088581
1296879439830278144
1296879228202422272
1296879195394584577
1296879160460107776
1296878957644718082
1296878870801522688
1296878797304795143
1296878761682644992
1296878722818011137
1296878639686942724
1296878615850885120
1296878561161367556
1296878400947331074
1296878343535489024
1296878326041255943
1296878321968570368
1296878315375071233
1296878267308400642
1296878266934943744
1296878266272358405
1296878183023812608
1296878002828124162
1296877922272370688
1296877913569075200
1296877860859326466
1296877787484225538
1296877591908028421
1296877583343054850
1296877480171585536
1296877475566428160
1296877386584035328
1296877375213506560
1296877263934427138
1296877257714212869
1296877228773449728
1296877211937468416
1296877184364081152
1296877138969161729
1296877128991019008
1296877100113121282
1296877006026661889
1296876989920534533
1296876931816751104
1296876899608809472
1296876681291091973
1296876596670783489
1296876596087775232
1296876446661726208
1296876429855141889
1296876377682120704
1296876366697074688
1296876354361626624
1296876305347207170
1296876302927110144
1296876132713857025
1296876097230057481
1296876044239155203
1296876040975978498
1296875983635718145
1296875939234811904
1296875839481675783
1296875732568702977
1296875708531187712
1296875663497076737
1296875593720619008
1296875437952364544
1296875374916370432
1296875358357204997
1296875259946303488
1296875217248288769
1296875123241254915
1296875098356559873
1296875066945224704
1296874955053903872
1296874882672685056
1296874825693245440
1296874748954255360
1296874682642300929
1296874556942987264
1296874537410129921
1296874485950361601
1296874319168114689
1296874275769655298
1296874263664787458
1296874243821469697
1296874213853159424
1296874150359896066
1296874083167150080
1296873985301454848
1296873956549378050
1296873858004389888
1296873788307574784
1296873772297998336
1296873571122257920
1296873563983511553
1296873488263843841
1296873487043301376
1296873479443230721
1296873411076071424
1296873349713285123
1296873299104997378
1296873296802258945
1296873286870142978
1296873196776349696
1296873030107500544
1296872965674541056
1296872936146493440
1296872873727008769
1296872844954132481
1296872713332699137
1296872628200890369
1296872587092467712
1296872583393169417
1296872562098659329
1296872492808601605
1296872356825255940
1296872189543821312
1296872119138164741
1296872100465192962
1296872073474658304
1296872041937805315
1296872016813883392
1296871907632046080
1296871875046449152
1296871873414758400
1296871856495042563
1296871661719953409
1296871653616635904
1296871503003361281
1296871455230029824
1296871330307100672
1296871281476816896
1296871274266992641
1296871264947023874
1296871115512397824
1296871026219872256
1296870874239217664
1296870825170046976
1296870823978926080
1296870754538020864
1296870613227724800
1296870599571255297
1296870312223571969
1296870282041479168
1296870262177177605
1296870246368903171
1296869820785405952
1296869811708932096
1296869744734343169
1296869707832860673
1296869686483619840
1296869555852066816
1296869509521969154
1296869451560898561
1296869448905904128
1296869392723120129
1296869383168557056
1296869318911827974
1296869024110981121
1296868977382002688
1296868950274441217
1296868915465814018
1296868896042029057
1296868793235324929
1296868753938948096
1296868705654071296
1296868682379952129
1296868531863261185
1296868522933526529
1296868509742497792
1296868470135676929
1296868446211321859
1296868401265045505
1296868396252839937
1296868362379759616
1296868339797565442
1296868321485299714
1296868312018817027
1296868301746909186
1296868186562998274
1296868163141992449
1296868001786994688
1296867914386202625
1296867781468725251
1296867496486678530
1296867406854397952
1296867283420106753
1296867267972493312
1296867217058004992
1296867172397047808
1296867149940756480
1296867123122364417
1296867104906448897
1296866969912848393
1296866768988798976
1296866752257818625
1296866607109672960
1296866590571593730
1296866569549524992
1296866406143647746
1296866371117158404
1296866366851551238
1296866214082490371
1296866126995980289
1296866120897568775
1296866116455862273
1296866116032028672
1296865992966995968
1296865954798788609
1296865758958551041
1296865756160892928
1296865556214185984
1296865359719550976
1296865311250157568
1296865294309371904
1296865161454723073
1296865129812746243
1296865072493494282
1296865069205250055
1296864994588598274
1296864962216960000
1296864942696497152
1296864857094909957
1296864818671091713
1296864780804857857
1296864708809633793
1296864618481057792
1296864558120869889
1296864450818048000
1296864382941618176
1296864274468544515
1296864173792595969
1296864166246940672
1296863968766513157
1296863717758558213
1296863491316428800
1296863489680707585
1296863458491858944
1296863440406024194
1296863374760976386
1296863331173560320
1296863173153361920
1296862842667200512
1296862764493725696
1296862550886436864
1296862546729861131
1296862456124448768
1296862423643836416
1296862323437719554
1296862314407383041
1296862240956653568
1296862216302538753
1296862210933829634
1296862129899868161
1296862129690161152
1296862043220381696
1296861822562308101
1296861805164277760
1296861723664801793
1296861614830911490
1296861611198644227
1296861603099324422
1296861521641975809
1296861486288187394
1296861440025006081
1296861427144286208
1296861426330542087
1296861331237343239
1296861225654063106
1296861138878181376
1296861062701002752
1296861031277322241
1296861022548975619
1296860873995087872
1296860870467870720
1296860859562700800
1296860853552250880
1296860831070605315
1296860785310928896
1296860768990892032
1296860646303313921
1296860553437224960
1296860507656208384
1296860495132024832
1296860493374791682
1296860276839657472
1296859979027304448
1296859796482785280
1296859709891178496
1296859699191713792
1296859655587717127
1296859485538004992
1296859485068238849
1296859478944432128
1296859441506197506
1296859384677568514
1296859357829709826
1296859335566426113
1296859322002145285
1296859288611311623
1296859171418042369
1296859147372126214
1296859097141088256
1296858971530174464
1296858935656407040
1296858825069400065
1296858806941515782
1296858763996078080
1296858686770601984
1296858549058965509
1296858521926082560
1296858505501188096
1296858315230785536
1296858184888594432
1296858033843326976
1296857974049251328
1296857878012272643
1296857854499008512
1296857792653950982
1296857727449403393
1296857589104496640
1296857584176181255
1296857571597389825
1296857569944797186
1296857552144277512
1296857511342071808
1296857467553566721
1296857455129956358
1296857419897884674
1296857266331820038
1296857251085463552
1296857174765903876
1296857147888869378
1296857103387197440
1296857089017552899
1296856903364907009
1296856786989977600
1296856695470272513
1296856655427182597
1296856479165636608
1296856438455902209
1296856373687234560
1296856303638319109
1296856276824027136
1296856185770070016
1296856117851697155
1296856078555033600
1296856037106958337
1296856027522953216
1296856000193007617
1296855996707610625
1296855913601671168
1296855903434670081
1296855897495310336
1296855834870386695
1296855767379664897
1296855765227978752
1296855740955721729
1296855662169743360
1296855634277814272
1296855612257705984
1296855455692730369
1296855438974214145
1296855402383106048
1296855399761612800
1296855384918032386
1296855289409482753
1296855265636212738
1296855208035852289
1296855184367214593
1296855174267514886
1296855130759933952
1296855105644441603
1296854993715245056
1296854893001670658
1296854873661739013
1296854847942275073
1296854844725243905
1296854778421473280
1296854772356730881
1296854683840110598
1296854633844023296
1296854631432232967
1296854614948614147
1296854583730491399
1296854561148170241
1296854474548482048
1296854371498631168
1296854289990561794
1296854237360660480
1296854114639450112
1296854076131508226
1296854004421533697
1296853940571713536
1296853939812433920
1296853935857315840
1296853894190923776
1296853677064388608
1296853605891239936
1296853499725185028
1296853496805892097
1296853462500638721
1296853432394022914
1296853419089711106
1296853344036691969
1296853296171417600
1296853176482758656
1296853158409445381
1296852933129261056
1296852852346966021
1296852839801724928
1296852741369847808
1296852620959604736
1296852612604727296
1296852610897649665
1296852488012824581
1296852484267347971
1296852477476777984
1296852465380401152
1296852357939044357
1296852328524525568
1296852188413734914
1296852170059390977
1296852136618336257
1296852101071503360
1296852028472217600
1296851943818694656
1296851844107513859
1296851815682711552
1296851790923796480
1296851787261997058
1296851770031910912
1296851690931527680
1296851605392941056
1296851184574246913
1296851147966169097
1296851067637051392
1296851056354361344
1296851035080675328
1296850964465541120
1296850896333283336
1296850828947595265
1296850818738663426
1296850807309074434
1296850713910353923
1296850605953159169
1296850581026480128
1296850567864569858
1296850465246842880
1296850381608292354
1296850320010739716
1296850295520198656
1296850260833132545
1296850228579110912
1296850200271687680
1296850119082618880
1296850106759684096
1296850038849540096
1296850033480933377
1296849933270622208
1296849923430682625
1296849787262730242
1296849715661811713
1296849648053710849
1296849576113115139
1296849545029025793
1296849531661762560
1296849436098928647
1296849403173572608
1296849335611785218
1296849301327544321
1296849256871936000
1296849189020807168
1296849186273427461
1296849109719175173
1296849106363719681
1296848893041246208
1296848829770338304
1296848809587335168
1296848734228295689
1296848730654679041
1296848652263198722
1296848558033952769
1296848522642206720
1296848503424000000
1296848350730489857
1296848345072308226
1296848295596191744
1296848294770073603
1296848259256909830
1296848196572860417
1296848169112948736
1296848149206589445
1296848148237824001
1296848119469137921
1296848028754759680
1296847938140827648
1296847935196540928
1296847850920263680
1296847606761639937
1296847594241523715
1296847488628994050
1296847384748724224
1296847380772462592
1296847355589910531
1296847323276795904
1296847210462629888
1296847103512150016
1296847040647921665
1296846989121015808
1296846902877663234
1296846843658346497
1296846810246311936
1296846682378735617
1296846610480140289
1296846454246510593
1296846419962126336
1296846401658220546
1296846385426423809
1296846384705032198
1296846303704633344
1296846185874042880
1296845966763384837
1296845925177073666
1296845867979350027
1296845839910895617
1296845836165550080
1296845816657633282
1296845797267509252
1296845694112759809
1296845675049541632
1296845641428152320
1296845581860708352
1296845566177996802
1296845487086153728
1296845121393238017
1296845092930457600
1296845067576119298
1296845042913546241
1296845020973207552
1296845014190841856
1296844990925213697
1296844889812905984
1296844833278042112
1296844813946327041
1296844734007255040
1296844668244824066
1296844629023830016
1296844489537937408
1296844326442430464
1296844047940833281
1296844026667204609
1296843962582544386
1296843838359773184
1296843765882265601
1296843742930968577
1296843741559508992
1296843738967347201
1296843735574036481
1296843640036184065
1296843592191942656
1296843589046210560
1296843464974438402
1296843330421231616
1296843302642126848
1296843204126552067
1296843091371057153
1296843043040038913
1296842890795257857
1296842830434824193
1296842776739446784
1296842744938151937
1296842730799353857
1296842589526560768
1296842479103365127
1296842472878944258
1296842466470047744
1296842431095242752
1296842331161874439
1296842257644093440
1296842126190411777
1296842025799688192
1296842000873009154
1296841816449454080
1296841796916596737
1296841747096653825
1296841708664020993
1296841705921155072
1296841695791845376
1296841670303068161
1296841607728246784
1296841568066961411
1296841286788558849
1296841249949921287
1296841204076818440
1296841193452707842
1296841182136475649
1296841172510375936
1296841011415719937
1296840982663704577
1296840975671791622
1296840962287706113
1296840943039942660
1296840929664544768
1296840902011428866
1296840788794585089
1296840736407793673
1296840649250152448
1296840567918231555
1296840564349063168
1296840511123267584
1296840503682449410
1296840465954885637
1296840446635700225
1296840442965708800
1296840383243210758
1296840250736676865
1296840207669633024
1296840204582563842
1296840179580309504
1296840142376771584
1296840125427724289
1296840077935554563
1296840036504276992
1296840031102017537
1296840027939381248
1296839976454254592
1296839791800025094
1296839738255724548
1296839638527758336
1296839638116638720
1296839619997134850
1296839619640729603
1296839564246433793
1296839455089795074
1296839349661704193
1296839343450071040
1296839318795726848
1296839282032746496
1296839135878152194
1296839118907990016
1296839048825384960
1296838971419320321
1296838955288211457
1296838893753577473
1296838893606596608
1296838833913421824
1296838739927367680
1296838731001888768
1296838710839799808
1296838688400445440
1296838678493442048
1296838612198154240
1296838584587243521
1296838538034581504
1296838481797419015
1296838379909382152
1296838311617716227
1296838256168972290
1296838213160534019
1296838178289065984
1296838145984679936
1296838128985145345
1296838110043463680
1296837973183475721
1296837923644551170
1296837889599451138
1296837861875081218
1296837855717842944
1296837837241962496
1296837797307875329
1296837750620999680
1296837734972026880
1296837732732252160
1296837710569787392
1296837654722408450
1296837614893502464
1296837460698075137
1296837421976285184
1296837420885987328
1296837366053777415
1296837297535700993
1296837240862265345
1296837225506729985
1296837139682951168
1296837070976102400
1296837028366123008
1296836926356492290
1296836913060442112
1296836883486593024
1296836786107240448
1296836646340632578
1296836604645060608
1296836375354908672
1296836354576351233
1296836223915429888
1296836195801083904
1296836190415409152
1296836168739258370
1296836161189457920
1296836121171759104
1296836111600427009
1296836013843607552
1296835923334889477
1296835799246225408
1296835745160650752
1296835698650218496
1296835610913595393
1296835562436022272
1296835483004055552
1296835458299723778
1296835375726379008
1296835272294965248
1296835254053769218
1296835147870932995
1296835051490091010
1296835046498697217
1296834974683992064
1296834973513785346
1296834801350057985
1296834759683796992
1296834747151384581
1296834681963458560
1296834613780742145
1296834569631563777
1296834388563496962
1296834294116220929
1296834155003576320
1296834135206502401
1296834110674149378
1296834104663502853
1296834007213182976
1296833913927737346
1296833854481760257
1296833851034079232
1296833754703568901
1296833644338843649
1296833619437277185
1296833604132036608
1296833559580336131
1296833553066598402
1296833465770532865
1296833270856867844
1296833157593997314
1296833132449148931
1296833041231298560
1296833022738694146
1296832992200069122
1296832940576473089
1296832804571971584
1296832756673056769
1296832732903936004
1296832630261002243
1296832561210101760
1296832560459395073
1296832550279819265
1296832507082452992
1296832425364840448
1296832399519682561
1296832244355461120
1296832145118441474
1296832127221272576
1296832004688736257
1296831850074136577
1296831820395356161
1296831576139902976
1296831513879814145
1296831496834211846
1296831405213671424
1296831387203514370
1296831355225948160
1296831271637782529
1296831216222642176
1296831135645925376
1296830981777707011
1296830714743226368
1296830611848491008
1296830587643105282
1296830561923850243
1296830551970775042
1296830433557086210
1296830355866095616
1296830333413974016
1296830279139520513
1296830089498374147
1296830047353962497
1296830037568692225
1296829941175029763
1296829872720023552
1296829643320725504
1296829596680192000
1296829495618547712
1296829490098843651
1296829465797025792
1296829441352572931
1296829390039334914
1296829351955062784
1296829325728260097
1296829278407942144
1296829205120978946
1296829191770517507
1296829165572767744
1296829046727356416
1296828920298385411
1296828857962713088
1296828604362436608
1296828383373021186
1296828370622263298
1296828360623108096
1296828351764717569
1296828338426851328
1296828311683858433
1296828230893219843
1296828192683171840
1296828174987341825
1296828167517159425
1296828108612538372
1296828078145114112
1296828047337959431
1296827957357543424
1296827948033605632
1296827792391311360
1296827758560018437
1296827741157888001
1296827731318013953
1296827695972704257
1296827579064885254
1296827555295580160
1296827511943258115
1296827429210730497
1296827360038264832
1296827234012069888
1296827210209341447
1296827095079718914
1296827040684019712
1296827039538962433
1296827016877137926
1296826934920458240
1296826902771118082
1296826894717943810
1296826589406212099
1296826560419373056
1296826522586800135
1296826419239178240
1296826395717402630
1296826238103719936
1296826171557138435
1296826162044436481
1296825944577998856
1296825915855351809
1296825905525002242
1296825757851742208
1296825732241424384
1296825685248532481
1296825475776430080
1296825445468577793
1296825341139460096
1296825323217199105
1296825297229295616
1296825253784629249
1296825148369182721
1296825045029990400
1296824947822727173
1296824924531822594
1296824900343279616
1296824842407145473
1296824768054702081
1296824760496726016
1296824727135191040
1296824715324129280
1296824712346112002
1296824658000359430
1296824601494933504
1296824468896133120
1296824431742988291
1296824367486078978
1296824273387102209
1296824255066394624
1296824245402701827
1296824235105456128
1296824010387402759
1296824009225469958
1296824003789598721
1296823962878349313
1296823917974175745
1296823893605249024
1296823783471357954
1296823756808019970
1296823708263288832
1296823692668710912
1296823639132651531
1296823589019234305
1296823575618310145
1296823551752916992
1296823522702970883
1296823518881964033
1296823467321434114
1296823466029543429
1296823421318250496
1296823368067321856
1296823323494473728
1296823289197756419
1296823283376103424
1296823277181001729
1296823274815361029
1296823259250544641
1296823219928719361
1296823148977913856
1296823101355954176
1296823096725262336
1296823084431728651
1296823045345038337
1296823041649979393
1296823019093069830
1296822979402203136
1296822961752748033
1296822921608835072
1296822858153418752
1296822723885371399
1296822694504275968
1296822432964255746
1296822428644122626
1296822402123550720
1296822258711789570
1296822234158452740
1296822172321583105
1296822113312083968
1296822061474742272
1296822000279855111
1296821929748250624
1296821803919085571
1296821765189111814
1296821763138113546
1296821725242560513
1296821679830765571
1296821621987123200
1296821581809881089
1296821483654860800
1296821273348263936
1296821155978829825
1296820973262471174
1296820937178873857
1296820854618091520
1296820791611285504
1296820603165593600
1296820561264304128
1296820516569915393
1296820425838731267
1296820399657738241
1296820235937300480
1296820235714965506
1296820144807739392
1296820075069091846
1296820073127124992
1296819875310997509
1296819850711633922
1296819632775614471
1296819590421512192
1296819446988845058
1296819411165290499
1296819394933293056
1296819316109737985
1296819293808726017
1296819159079112704
1296818920561803266
1296818710091649024
1296818680324657153
1296818648141541376
1296818641518891008
1296818530881400834
1296818516721635328
1296818487873212416
1296818375587442689
1296818307153174528
1296818219882352640
1296818207098122240
1296818175330459651
1296818138357497856
1296818065729093632
1296818020581617666
1296818017939140610
1296817936229789696
1296817933679833090
1296817888758837249
1296817846442512384
1296817832890642433
1296817782101868544
1296817758546477056
1296817531194400770
1296817292714672129
1296817281599778816
1296817000514301954
1296816917823533058
1296816902082371589
1296816829935964160
1296816816648585216
1296816814664626177
1296816801091813376
1296816687958941699
1296816605976915968
1296816569281122304
1296816367195357186
1296816263163973640
1296816251650617350
1296816177877000193
1296816139817943041
1296816043424448513
1296816002672599041
1296815885815029760
1296815639370309632
1296815631040315392
1296815450198769667
1296815413951696898
1296815410076102656
1296815341008490497
1296815328278777865
1296815241184108546
1296815156723359745
1296815084275224576
1296814941098446849
1296814880524308481
1296814873662324736
1296814741608947712
1296814723657277440
1296814617239465984
1296814525740703748
1296814498091872258
1296814459927900160
1296814329191206914
1296814251181580288
1296814044268167168
1296813960579227657
1296813869239881728
1296813721776459776
1296813612162519041
1296813600011681792
1296813552918036481
1296813544743346182
1296813488782942208
1296813430096236544
1296813422978506754
1296813408063336449
1296813385334562816
1296813314148884481
1296813237585862657
1296813138990465024
1296813087060828164
1296812987450351616
1296812979057434625
1296812975681146880
1296812849604501505
1296812680406282240
1296812642963685379
1296812630125010949
1296812567910916098
1296812562412077058
1296812509245079553
1296812421374410754
1296812271079849985
1296812244404252672
1296812186011131904
1296812167086264320
1296812076518842368
1296812063784751104
1296812011930738700
1296811983660920833
1296811951704748034
1296811876635074560
1296811863548755974
1296811862793887746
1296811833471520771
1296811508110888961
1296811495456727041
1296811436358774784
1296811306654277633
1296810935361970177
1296810875307855874
1296810868206862336
1296810865409183744
1296810830479200259
1296810786040565765
1296810600467660800
1296810591516991489
1296810462240280576
1296810390849032200
1296810298683334656
1296810276667314177
1296810229573791747
1296810015890837504
1296809863633305602
1296809759417552898
1296809635895279617
1296809610787950593
1296809576566849538
1296809558178844672
1296809490692669440
1296809463131840513
1296809418756100096
1296809381712011266
1296809277806575618
1296809168586846209
1296808987350970368
1296808802453315589
1296808785214869505
1296808621641068546
1296808569342496768
1296808529370779648
1296808468578480128
1296808349468696578
1296808209131474944
1296808183814553600
1296808137043959814
1296808111219585026
1296808016713592832
1296807967636021250
1296807955518705665
1296807930453323777
1296807887256395776
1296807869929656320
1296807848328998912
1296807775503360005
1296807691671789569
1296807621349933056
1296807606355292161
1296807528299462657
1296807366109921287
1296807204759261184
1296807170764406785
1296807157304893440
1296807146936467456
1296806934276784128
1296806932439805952
1296806922054664194
1296806894946996226
1296806826609180672
1296806729653596161
1296806726281306112
1296806673777139712
1296806641568845824
1296806624221429760
1296806580738957315
1296806536644190211
1296806495196073985
1296806468126220295
1296806278761598976
1296806233194676230
1296806216639774721
1296806116274339842
1296806099132194817
1296805931020251138
1296805881926090753
1296805639885336579
1296805323186069504
1296805158844805120
1296805117291835394
1296805097809338368
1296804974165360641
1296804960974364673
1296804835094925313
1296804829805842432
1296804681390358531
1296804589170077697
1296804484174295047
1296804425273610240
1296804406055378944
1296804345258835968
1296804272466796545
1296804257849638912
1296804108066787331
1296804062633979906
1296804060184551424
1296804021206949888
1296803751353815042
1296803729015021568
1296803538736238594
1296803490568732673
1296803488660434954
1296803367633723394
1296803211865726978
1296803198553018369
1296803055837552641
1296802928859152385
1296802728723849216
1296802672780161025
1296802554018508801
1296802524612243457
1296802490768338945
1296802361873244161
1296802320374616066
1296802222152581121
1296802215861145600
1296802212799287305
1296802146315378689
1296802004719882241
1296801936746962953
1296801804148183042
1296801735038697474
1296801690717499392
1296801579530506240
1296801547708506112
1296801542557896704
1296801409099153408
1296801406368788480
1296801392426876930
1296801331219509253
1296801297601949696
1296801292984242176
1296801218036142080
1296801165225598976
1296801113316917252
1296800808382672896
1296800738862157825
1296800554493059072
1296800340382285824
1296800322032214019
1296800183993413635
1296800176963608576
1296800069635780609
1296799973716131841
1296799902182367233
1296799869630390273
1296799844158275584
1296799691707949059
1296799145915756545
1296799115343474696
1296799032803766273
1296798987169738753
1296798900465041408
1296798899211034626
1296798679786041345
1296798658906685441
1296798513381216256
1296798244316622850
1296798243339350017
1296798239576846336
1296798208048365580
1296798168433254401
1296798145536380928
1296798067740426241
1296798055648329731
1296797954209124355
1296797856527978499
1296797762558857218
1296797721211412481
1296797620699041792
1296797605603704841
1296797505175216128
1296797500586758146
1296797486569476098
1296797484795203584
1296797422056697857
1296797415777935360
1296797395599187969
1296797224962347008
1296797214560395264
1296797141982158848
1296797079529029632
1296796909940613121
1296796893335425024
1296796779292352513
1296796752981512192
1296796743762358272
1296796688884150275
1296796453839527936
1296796350038802432
1296796192354050049
1296796138457137152
1296796092110168064
1296796092017905665
1296796000498188288
1296795981997117440
1296795940775497730
1296795923058753543
1296795904284987392
1296795900048805888
1296795896676409357
1296795880754905090
1296795857157840896
1296795799804944384
1296795797791690753
1296795732868059136
1296795680736972806
1296795676471418881
1296795607756136450
1296795589531832328
1296795523937112066
1296795172311900162
1296794911388377093
1296794909891076101
1296794804693733378
1296794794597838854
1296794715497660417
1296794694870016000
1296794564196306944
1296794448316125184
1296794346570674177
1296794074779987971
1296793862187315201
1296793858492239880
1296793856709734401
1296793848736292866
1296793827030827008
1296793769170407424
1296793609275166720
1296793522499203073
1296793477943119872
1296793472012296194
1296793459559456769
1296793396506329090
1296793366143930371
1296793256546639872
1296793232475652101
1296793219628376065
1296793212670152704
1296793161302515712
1296793100795469824
1296793045715877888
1296793035028729857
1296793013440655366
1296792991412162560
1296792970268684289
1296792884524580864
1296792749987987458
1296792510459650048
1296792493917376512
1296792403026874368
1296792346386935810
1296792326447214594
1296792262312103936
1296792170809241601
1296792074545750019
1296792053100294157
1296791988440768512
1296791889413373953
1296791697314271234
1296791677940764675
1296791559598305280
1296791445123280901
1296791398327492609
1296791159138811909
1296791121050382337
1296790789666807810
1296790713351524354
1296790607419990017
1296790532744794119
1296790231388008448
1296790178170834945
1296790166972047361
1296790009413013505
1296789902370234368
1296789853414158337
1296789728373673984
1296789715698556930
1296789292480700417
1296789256103432193
1296789242698440709
1296789140848214017
1296789128386813956
1296789107117445122
1296789105557286912
1296789070602014726
1296788899654754305
1296788862551957505
1296788692808298497
1296788691055251456
1296788444853805056
1296788362548989952
1296788309876842496
1296788210551529473
1296788205522554881
1296788135800602624
1296788133149802498
1296788091093413889
1296788043538604033
1296787980707942401
1296787938924204032
1296787802412244994
1296787734493892609
1296787691384659973
1296787550552588290
1296787510157287432
1296787260956868608
1296787166522150913
1296787151485624323
1296787124008685568
1296787118644133888
1296787081814061056
1296787011907584001
1296786989832761345
1296786942902894593
1296786938238775297
1296786928902250502
1296786695854206978
1296786658701041667
1296786557358104578
1296786465767264256
1296786429943721985
1296786284174651393
1296786103828197378
1296786016007847941
1296785965336453121
1296785867000905728
1296785652697063426
1296785613442744321
1296785574465081344
1296785523802025984
1296785299155165184
1296785030493200384
1296784856584781824
1296784725902671873
1296784640129159168
1296784575524462592
1296784416321277953
1296784050808475648
1296783880876433411
1296783703360897024
1296783659916308480
1296783604782178307
1296783436523270144
1296783039528345602
1296782717825290240
1296782389935570950
1296782303335723009
1296782111932706816
1296781924527157248
1296781901202690048
1296781772726906880
1296781711922077702
1296781548298149890
1296781297944129537
1296781228948049922
1296781118272937985
1296780977180749825
1296780861883461632
1296780853855518722
1296780757004845056
1296780692236513280
1296780612074909697
1296780278736855042
1296780245866090497
1296780239943741440
1296780160499318784
1296780107974086659
1296780001703071746
1296779961659985920
1296779946300301312
1296779389045284864
1296779347009966080
1296779189245194244
1296779182836461568
1296779158060589056
1296779084454932482
1296779083821588482
1296778729008640000
1296778698016935937
1296778684821635076
1296778683093401600
1296778673866121216
1296778587949998080
1296778583566954496
1296778506693750787
1296778486590447617
1296778417589846016
1296778084549636096
1296778047333556225
1296777925933572096
1296777912771923968
1296777717719994368
1296777608886202368
1296777532222709760
1296777380711862278
1296777357273923584
1296777329449066497
1296777324441096192
1296777240831758338
1296777192744071169
1296777118144135171
1296777034321006597
1296776903521492993
1296776788681654273
1296776505238880256
1296776501044682752
1296776139504005122
1296776124668817414
1296775917826723845
1296775848129896448
1296775821257056263
1296775657993711618
1296775423695769600
1296775422726868999
1296775231399505922
1296775152617656320
1296775089728430080
1296775034397057024
1296774880751484928
1296774654636498947
1296774631685332992
1296774570746064899
1296774431931588609
1296774405931110400
1296774367117017088
1296774159779926017
1296774139143794693
1296774071036911616
1296774033694892035
1296773937028882433
1296773836457816065
1296773819106045957
1296773665338646530
1296773640109936643
1296773571168141313
1296773528822394880
1296773462564823040
1296773351927578625
1296773321204391936
1296773216346808320
1296773129889554432
1296773052533891073
1296772862876028939
1296772677995298818
1296772638644330496
1296772362105491457
1296772327280189440
1296771883212382209
1296771680627556352
1296771647412805633
1296771629045907456
1296771321985142784
1296771260412764160
1296770894539493377
1296770459237789696
1296770126067400704
1296770108539285504
1296770041917169668
1296769810345406464
1296769593944440834
1296769547446431745
1296769460578254848
1296769230302597124
1296769203576373249
1296769026710962179
1296768898751180810
1296768302304329728
1296768180417855488
1296768177381277702
1296768136776159233
1296768059097649152
1296767849600606208
1296767815735816192
1296767561598668800
1296767551100215296
1296767497430077440
1296767276130217985
1296767131254571009
1296766918393651201
1296766856108429316
1296766707302793216
1296766546459664386
1296766457716645888
1296766119634546688
1296766098227040261
1296766080745078785
1296766057869447170
1296765912142548993
1296765738976337921
1296765720059994113
1296765713001205762
1296765703534583808
1296765465709154304
1296765341251534848
1296765256899887104
1296765054281330688
1296764994613321728
1296764956449406977
1296764879278407681
1296764473240412160
1296764430651232256
1296764013485920258
1296763980938006529
1296763898071265282
1296763478636736517
1296762925802233856
1296762827047395328
1296762704762490880
1296762612122890240
1296762527762784258
1296762483202351105
1296762370904272896
1296762224418095104
1296762166691930114
1296762113571074049
1296762087960645633
1296761956075012096
1296761934092656641
1296761927423741954
1296761675169910785
1296761662754742272
1296761608874553349
1296761603933614080
1296761466599735299
1296760479134756864
1296760333101445120
1296760223688867848
1296760102460956672
1296760049239388160
1296759821274734595
1296759585110466562
1296759454181085185
1296759323314593797
1296759231278772225
1296759206943633409
1296759175578517505
1296759156930740226
1296758954899505158
1296758660438167552
1296758654377525249
1296758646706180096
1296758321643495425
1296758178315669504
1296758122359529473
1296758107448774657
1296758009964584961
1296757891119091714
1296757806381649920
1296757743630446592
1296757552537985024
1296757327647985664
1296757113901916163
1296757083530883073
1296757019685388288
1296756935375704068
1296756844107427840
1296756636162445314
1296756528796643328
1296756468935524353
1296756431547293696
1296756317676343297
1296756112281210887
1296755885474304000
1296755805551833089
1296754849715900416
1296754718434369537
1296754559398719488
1296754304766758913
1296753880139587590
1296753487901069313
1296753446218010624
1296753352563462147
1296752782548938752
1296752403941855232
1296751689769324545
1296751597041590274
1296751386793857025
1296751325888368640
1296751061345218561
1296750996551540737
1296750780599406593
1296750518849740800
1296750363832393728
1296749746347024384
1296749223992594433
1296748936175198208
1296748910011179009
1296748853455130624
1296748525808738306
1296748484859760645
1296748299320471552
1296748256643473408
1296747968012328961
1296747936102207489
1296747841549811712
1296747765708578817
1296747752592936961
1296747743638097921
1296747713778851841
1296747435931426817
1296747279483691010
1296746994417844225
1296746490019405824
1296746289183494145
1296746184867033089
1296745559064182784
1296745411848351745
1296745110256799745
1296745075351879687
1296744957844348928
1296744878811095045
1296744800905986048
1296744777409540096
1296744462899609605
1296744376098594816
1296744014297944068
1296743957754339331
1296743859964317696
1296743815584395264
1296743780666806272
1296743607630790658
1296743576165142528
1296743486545367041
1296743304932065281
1296743053588344832
1296742991873417221
1296742826705858562
1296742825325887488
1296742713124106240
1296742184218054659
1296742007604301825
1296741280832266242
1296741276621197312
1296741254408142853
1296741249291091969
1296740830686871553
1296740744426917889
1296740415312482304
1296740025338597376
1296739998171979776
1296739988495896576
1296739933365862400
1296739810225266688
1296739781511131137
1296739639638753281
1296739568029507584
1296739438563737600
1296739368175054848
1296738927911432196
1296738789725859841
1296738676605685761
1296738295322480640
1296738291643973632
1296738203492327424
1296738031269969921
1296738025469292546
1296737934054481921
1296737769553829891
1296737636716027904
1296737599051247619
1296737202932719619
1296737195374632961
1296737061148528640
1296737023190020096
1296736756545585153
1296736686404177920
1296736604304764928
1296736114217189376
1296735383389114374
1296735349109129217
1296734864704786432
1296734415230361601
1296734040536440838
1296734033116672002
1296733985712812032
1296733950627344387
1296733900803252225
1296733786353303555
1296733456802689024
1296733387680616448
1296733387487694848
1296733270718242821
1296733186777427970
1296732742890201088
1296732733885100032
1296732699642728448
1296732665358487553
1296732614049619969
1296732531505737728
1296732525210021888
1296732255637839872
1296732166143897601
1296731871691366400
1296731689645989888
1296731596758953984
1296731482652696577
1296731467859582977
1296731379586281472
1296731339962580992
1296731224774340608
1296731093001883648
1296730907999494144
1296730746812596224
1296730551488053251
1296730398819602432
1296730229407350784
1296730169923731456
1296730116471611392
1296730090089467910
1296729895880413184
1296729819854647296
1296729553239515137
1296729545844781056
1296728964547981313
1296728879516680194
1296728754371170304
1296728577933807616
1296728553531342848
1296728461873229824
1296728430608879616
1296728144284651520
1296727933084667905
1296727908963295232
1296727807016534017
1296727554636709889
1296727536278347778
1296726619663605768
1296726472141557760
1296726231573057536
1296726077587501056
1296725973916962817
1296725495858507776
1296725370771832833
1296725187203866624
1296725117955903488
1296724907833753601
1296724472939130882
1296724434309410816
1296723860528611328
1296723843889987584
1296723776957227008
1296723559818178563
1296723164563673088
1296723124151627777
1296723055687786496
1296723025253953538
1296722954634625025
1296722839232565248
1296722692062707714
1296722578858360832
1296722568414724097
1296722164922621953
1296722119628214272
1296722087579725824
1296721970046869504
1296721922529595393
1296721879512711170
1296721694447476736
1296721538847105025
1296721247640809472
1296721036017152007
1296720267545378816
1296719992533078017
1296719896613720064
1296719824710709250
1296719723984490496
1296719665901776896
1296719467322408961
1296719186664726528
1296718953918562305
1296718691455959040
1296718668752203776
1296718661118570496
1296718466016256000
1296718403055624197
1296718375075246083
1296718334084427776
1296717835071180800
1296717819711836160
1296717737809580032
1296717725075558405
1296717715554656256
1296717659829084160
1296717604887965697
1296717583358582785
1296717545014202368
1296717536071946240
1296717526102159360
1296717514496520194
1296717359974154240
1296717326159675392
1296717193133150210
1296717163328425984
1296717113638490112
1296717095732994049
1296716678538174464
1296716677208473601
1296716636305620992
1296716539136217089
1296716206397894658
1296716178518286336
1296716111447306240
1296715980140417024
1296715965753749504
1296715888088043520
1296715746194657280
1296715745636823040
1296715728754749440
1296715660165361664
1296715580737642496
1296715560449740800
1296715465931337729
1296715351833505793
1296715008991047683
1296714879764578304
1296714702978871297
1296714702752555010
1296714668648460288
1296714494316511232
1296714253441802241
1296714114270543872
1296714085711699971
1296713990182141952
1296713864437010432
1296713638321872901
1296713464786739207
1296713447619457024
1296713329189236736
1296713228198674432
1296712888367878144
1296712802032209920
1296712705919901697
1296712681286782977
1296712375312117761
1296712196567703552
1296712056712957952
1296712046109691905
1296711968762531841
1296711963267883009
1296711928669077505
1296711757252132866
1296711574824992768
1296711564054138880
1296711538984644610
1296711067268243457
1296710979103928320
1296710957142425600
1296710920610238464
1296710905388863488
1296710652128632832
1296710597053165574
1296710452647362560
1296710313992237056
1296710297714077696
1296710185935933441
1296710004981010433
1296709992997773315
1296709979718561792
1296709875179847682
1296709452230529024
1296709262392143873
1296708688061890560
1296708506352058368
1296708078046330882
1296707782863925249
1296707631848075266
1296707573115236352
1296707363370602496
1296707293078343680
1296707286015115266
1296707226674114560
1296707089025261568
1296706702386106368
1296706660354990080
1296706618772426753
1296706527378767872
1296706403504095232
1296706321857699846
1296706088767651840
1296705969796390913
1296705801738792960
1296705669974962176
1296705581768744961
1296705218927906822
1296705035322056706
1296704750042386433
1296704572572995584
1296704481783054336
1296704469086998528
1296704434924380162
1296704351550025728
1296704313008390144
1296704091498971139
1296704083990941697
1296704004970491905
1296703950285152256
1296703799806107648
1296703680276643841
1296703576216088576
1296703245591748608
1296703219087728642
1296702985737768960
1296702873733013505
1296702508547608576
1296702492802154496
1296702478566805509
1296702444395692032
1296702414406516737
1296702315358048256
1296702313072136193
1296702276132696064
1296702113309839360
1296701915321991173
1296701774196363265
1296701426622701568
1296701361996750849
1296701285631221760
1296701256744996865
1296701207038136320
1296701172892471299
1296700935180128257
1296700736361787393
1296700695400177665
1296700638202601472
1296700616622903298
1296700602567675904
1296700557072244736
1296700492257599489
1296700427979956224
1296700303367114752
1296700167442161665
1296700038656253954
1296699950772912128
1296699820279832576
1296699785122942976
1296699725853335558
1296699545523326987
1296699219378610176
1296699189892653056
1296699083441283072
1296698803081416706
1296698729119059971
1296698721665724417
1296698594016104449
1296698380501102594
1296698328642654208
1296698074295762944
1296697984613142528
1296697904892174336
1296697836411613184
1296697711652003840
1296697503031517184
1296697495377125376
1296697361142620160
1296696897642680320
1296696801823731712
1296696497120190464
1296696495953989632
1296696451683225603
1296696444569579520
1296696249253412864
1296696120710553600
1296696111709556737
1296696036417650689
1296695945074114561
1296695928494137344
1296695749925834752
1296695748017364992
1296695373679951872
1296695328284934145
1296695318864527361
1296695232017231872
1296695218775961601
1296695111246426113
1296694904832360448
1296694804500361216
1296694727547457543
1296694682995613697
1296694674296512512
1296694647713157120
1296694379164426240
1296694270313877504
1296694076918632448
1296693857883627522
1296693820684480513
1296693782155423744
1296693766989000704
1296693697648775168
1296693468555870208
1296693380009717760
1296693254675673088
1296693051847565317
1296692798331092992
1296692781235048449
1296692770405363722
1296692551462912001
1296692542616956929
1296692476317782016
1296692447611883521
1296692386177851393
1296692234914537472
1296692177054003201
1296692100654751745
1296692065359630336
1296692042853220352
1296691840658411520
1296691135633477632
1296691124204179456
1296691114607509505
1296690749162037249
1296690408999673857
1296690388892254208
1296690225058590720
1296690040370683904
1296689964948881408
1296689813463203841
1296689747499286528
1296689474857041920
1296689369965707264
1296689230974865410
1296689207868633088
1296689160988889089
1296689097298378752
1296688794683416576
1296688785682567170
1296688623392182272
1296688483592032257
1296688226674106368
1296687965763067904
1296687786834251776
1296687749962108929
1296687342011514880
1296686707367084034
1296686646205677571
1296686581156319232
1296686111406907392
1296686083090993153
1296685885321183239
1296685859371134977
1296685779951943680
1296685374685753344
1296685351486885888
1296685308864376835
1296685258872688641
1296685187607089157
1296685160499425282
1296685129197211648
1296685092220280832
1296684837080768512
1296684788087173121
1296684730012712961
1296684626182901761
1296684538546987008
1296684527654502400
1296684502614515718
1296684371206909952
1296684337681899523
1296684303531868171
1296684218114695169
1296683948844765185
1296683702815272961
1296683582816243712
1296683404985950210
1296683249385627648
1296683111741300736
1296683069458599936
1296683022750593024
1296682992723800064
1296682943767818240
1296682934573858816
1296682718739214337
1296682711277420547
1296682421103067136
1296682369273995264
1296682158015348737
1296682044525666304
1296682011051122688
1296681885024821249
1296681722851991552
1296681690384011266
1296681674546143234
1296681485362032641
1296681406584639489
1296681335403106304
1296681283750449152
1296680796284022786
1296680652624916480
1296680617929617409
1296680520361730048
1296680483439480832
1296680482638196741
1296680482390802438
1296680342938628107
1296680206959353856
1296680171051913216
1296680131679916032
1296680004978454530
1296679917233610752
1296679744554098688
1296679716645007360
1296679630154457088
1296679457680318465
1296679263584899073
1296679040984715265
1296678862320001024
1296678571340070917
1296678453673172992
1296678403131621380
1296678381568884741
1296677783612030983
1296677705610489858
1296677535149850625
1296677258954850309
1296677071666794501
1296676956247744513
1296676835002945538
1296676607915171843
1296676454495731712
1296676285025062912
1296676142510825472
1296675788213964800
1296675739329343493
1296675680646762497
1296675665215778817
1296675499012284417
1296674969099866114
1296674876779110400
1296674843639918592
1296674710793662465
1296674541654224896
1296674046109679617
1296673978279436288
1296673760280485888
1296673710129270784
1296673673647140865
1296673598451703809
1296673587168817157
1296673441689423873
1296673432218861570
1296673229138952192
1296673118581391360
1296672632251863047
1296672579575599106
1296672452873981956
1296672429847326721
1296672297043005441
1296672275501113345
1296672249735503873
1296672215585501184
1296671966364151808
1296671939826720771
1296671876564094977
1296671578839752704
1296671554223378433
1296671513983291393
1296671390804905985
1296671370517110784
1296671281769852932
1296671140765556737
1296670865321603079
1296670807003979779
1296670698333773826
1296670389641371650
1296670302341083137
1296670295877713920
1296670146363351042
1296670137605591043
1296669940884353025
1296669907032199168
1296669515665887237
1296669510741766151
1296669458841448450
1296669185955835906
1296669063742136320
1296668929637732352
1296668870409846784
1296668779963920385
1296668500723998721
1296668498144514049
1296668424928731136
1296668377562451968
1296668260159684611
1296668127493685248
1296668046954827778
1296668004843950080
1296667966029869063
1296667798320685057
1296667761947684864
1296667758508290050
1296667658608422913
1296667617260953601
1296667553792753666
1296667391934500865
1296667384422584320
1296667373064392705
1296667362595307521
1296667341770706946
1296667084689158154
1296667063558131712
1296667062878654464
1296667047229718528
1296666939402715143
1296666850588164097
1296666787308802048
1296666642613764097
1296666637316194305
1296666524590075904
1296666489504673792
1296666379496468480
1296666289704849408
1296666229361475585
1296666198218866688
1296666074755129344
1296666028198498305
1296665987094401024
1296665914751045632
1296665731468124161
1296665684450058241
1296665647288668161
1296665646269374470
1296665613247614976
1296665414186029056
1296665368971210752
1296665311001718785
1296665219683491840
1296665129782620161
1296665052842524673
1296664900698140672
1296664756397281280
1296664621152051205
1296664166963589120
1296664011094843395
1296663989284302848
1296663971865346048
1296663965930369024
1296663928932462592
1296663882249850885
1296663864570818561
1296663846455775233
1296663838901796865
1296663828806205440
1296663800163139585
1296663788742008832
1296663758165684230
1296663757272125440
1296663748627767300
1296663685029494788
1296663589781045249
1296663404334256128
1296663360612765703
1296663294451818497
1296663264831647748
1296663256136851456
1296663017036423168
1296662979321057280
1296662975416348672
1296662868289638401
1296662858470535170
1296662846139400193
1296662685631877121
1296662659144675329
1296662642728239104
1296662601854849024
1296662541414862849
1296662530706685957
1296662462721404932
1296662268449640448
1296662058956619781
1296661947589550082
1296661866886737925
1296661759626018822
1296661743846875136
1296661299716218881
1296660987676942336
1296660966936109056
1296660738862460935
1296660640426274816
1296660559878918151
1296660457277849600
1296660319855550465
1296659964749066243
1296659919802957827
1296659902090432514
1296659876735782912
1296659829453250560
1296659797144530945
1296659760247451653
1296659739460243456
1296659737333968897
1296659717444579329
1296659701959143424
1296659650394324993
1296659504340193281
1296659418323365888
1296659407619493888
1296659405447069697
1296659254804348928
1296659230678712320
1296659186844086273
1296659083446165504
1296659039770816513
1296658900297510912
1296658884828987394
1296658842994929664
1296658814209527808
1296658722609958912
1296658666935001088
1296658652842139648
1296658623158874113
1296658585825484800
1296658534944342016
1296658489494904833
1296658375350968321
1296658310091829248
1296658284913598464
1296658255880437760
1296658253837787136
1296658250939740160
1296658128373714946
1296658086078435328
1296658045146193925
1296658025466466304
1296658019401506817
1296657851390275586
1296657808742547465
1296657800198852611
1296657721740144645
1296657499186237446
1296657493393899523
1296657316071084032
1296657187499016192
1296657153541967873
1296657133962956800
1296657116648873985
1296657023447322625
1296657021454909442
1296656829058097153
1296656712133419008
1296656692927590400
1296656649919356930
1296656589290536960
1296656526325747719
1296656514418192385
1296656409308864513
1296656301154545664
1296656075844878336
1296656073219334145
1296656039014731778
1296655977429839873
1296655919925862401
1296655911713476608
1296655782532902912
1296655687943102464
1296655667063861249
1296655622902108162
1296655581428752386
1296655562764058626
1296655530522554368
1296655483214925825
1296655471449739264
1296655182822924289
1296655159037050880
1296655024798474241
1296654885493055488
1296654879268540418
1296654844393119745
1296654777888235523
1296654756514082816
1296654743666929664
1296654742840647681
1296654597516414977
1296654564972572673
1296654409556996101
1296654375364915200
1296654372013735937
1296654327755415553
1296654288639336449
1296654054890721281
1296654046728577024
1296654016206606336
1296653981905715200
1296653827706298368
1296653803366883330
1296653736736100354
1296653657505763329
1296653647250587654
1296653620566536202
1296653593605541896
1296653517000773632
1296653378953519106
1296653297063833600
1296653087751507970
1296653002711773184
1296652846180573189
1296652844058193921
1296652783244828672
1296652611135971331
1296652493586391045
1296652391773863936
1296652284768575488
1296652169823780868
1296652047442354176
1296652022977114113
1296651759767572481
1296651757993549824
1296651736749236224
1296651492678606848
1296651451234689030
1296651306376089600
1296651306162159616
1296651074187689984
1296651030525026305
1296650966977204224
1296650935301746691
1296650871921672192
1296650830238683136
1296650720721145856
1296650654543278080
1296650423567355904
1296650411386920960
1296650409684033541
1296650234106245120
1296650230188802049
1296650207875280896
1296649947618480129
1296649927972593664
1296649925246115843
1296649867532685315
1296649861782097920
1296649794736324609
1296649723214852096
1296649613534011392
1296649556327890945
1296649447313563650
1296649444025421826
1296649413763502080
1296649335992721409
1296649127485308928
1296649106568261633
1296649043179982849
1296648962858983424
1296648926955745280
1296648910362951680
1296648744809635841
1296648710110281729
1296648698487873537
1296648690405449728
1296648562944749569
1296648559408951301
1296648503431757826
1296648407382020097
1296648361152479232
1296648324397903872
1296648159196635136
1296648152242692097
1296648139651219458
1296647894532067329
1296647860432203776
1296647803129810949
1296647792539193346
1296647789846306817
1296647753381097478
1296647717012140032
1296647674288955395
1296647668933054464
1296647661987205120
1296647612884377600
1296647493816651776
1296647492985974785
1296647419019419648
1296647388480905218
1296647367035367424
1296647301587447808
1296647285489586176
1296647240476434432
1296647165515714566
1296647150135324673
1296647026269184002
1296646965896200192
1296646902360858625
1296646880739209216
1296646717568364544
1296646599251288067
1296646587884634113
1296646453473968130
1296646450068291584
1296646382690824192
1296646347769044993
1296646319466000384
1296646307444973568
1296646254114549761
1296646190583422984
1296646114893070337
1296646015001526279
1296645994893856769
1296645788475457538
1296645757517418496
1296645659974656000
1296645544639692805
1296645475680940033
1296645380571045890
1296645365999968256
1296645102094282753
1296644924662636544
1296644922334904320
1296644803602636800
1296644780512800777
1296644699235614726
1296644678369128448
1296644665916248065
1296644660882886656
1296644659628785666
1296644603907420160
1296644585070960640
1296644540095270912
1296644467085246470
1296644448927903746
1296644385644277761
1296644345290989569
1296644341771800578
1296644313049440257
1296644311745015810
1296644207097126912
1296644203112357890
1296644199618695170
1296644193234763777
1296644181947904001
1296644160976371713
1296644101367042049
1296644092395315202
1296644054499749893
1296644051618258948
1296644009524432899
1296644007154655232
1296643922349850624
1296643851273162752
1296643818671034371
1296643645471371274
1296643588466659328
1296643522666299392
1296643512440696832
1296643356269912066
1296643314582728704
1296643281124720640
1296643241522221057
1296643106541113347
1296643089055064065
1296643071652831232
1296643050614091780
1296643013679054849
1296642992963383298
1296642990220414984
1296642981630377984
1296642955126558722
1296642950772846598
1296642933471543297
1296642916094341120
1296642778168885249
1296642751748964352
1296642704055697413
1296642680751927296
1296642469363253249
1296642390254551041
1296642383061241856
1296642307098386438
1296642283522187264
1296642258008182786
1296642167298039808
1296642077762232320
1296642067972718593
1296642060456300544
1296642058468417538
1296642039166230535
1296641942407741441
1296641929334185984
1296641911583723520
1296641876590641152
1296641839034859520
1296641804775768064
1296641742876413953
1296641702799777795
1296641688228765697
1296641601167429632
1296641546549432322
1296641512592289792
1296641496016248836
1296641471890829312
1296641379028828161
1296641371890122753
1296641181397520385
1296641140939096065
1296641097465118720
1296641025088380928
1296640830426537984
1296640808620371969
1296640677414141956
1296640672615862273
1296640667725135874
1296640600712916994
1296640575123394563
1296640488632713217
1296640471847010304
1296640465136005120
1296640412078276608
1296640349423702023
1296640282797244417
1296640252157874177
1296640163146354688
1296640080174620674
1296640077876080642
1296640059781701632
1296640053771460609
1296640051443642370
1296639979125383171
1296639867598905347
1296639851698126848
1296639756063907840
1296639607698796551
1296639583883583488
1296639525804883969
1296639510877437952
1296639497774354432
1296639489327026178
1296639486684610560
1296639393399074817
1296639362193657856
1296639302915567618
1296639268044120066
1296639070521753600
1296639069766656000
1296638875931152384
1296638811582210049
1296638730682286080
1296638724609015809
1296638513757081600
1296638421629190145
1296638336610770947
1296638300359479305
1296638276506284036
1296638181958397953
1296638123804446720
1296638097300623362
1296638092833697793
1296638071585353729
1296638020217708545
1296637999820627968
1296637995550797825
1296637944829288449
1296637914558926850
1296637873643565057
1296637850876772352
1296637723298500608
1296637686229409793
1296637657439563778
1296637575482892288
1296637232330297346
1296637127334256640
1296637112960286723
1296637004713619456
1296636952830267392
1296636906650898435
1296636748919783425
1296636718066565124
1296636684465926149
1296636637862965248
1296636580984049664
1296636515364216838
1296636472942948354
1296636459345043456
1296636383122137100
1296636273726296064
1296636211122049026
1296636184010121217
1296636095422234624
1296636017768902658
1296635907878064128
1296635825250283520
1296635721516802048
1296635593586290691
1296635593233960960
1296635564473700352
1296635520609652737
1296635460052086784
1296635343236669440
1296635334005002241
1296635157785518086
1296635075057131520
1296635011144265728
1296634902482489345
1296634789919891456
1296634644645974016
1296634603558637568
1296634460440535041
1296634412986245122
1296634341368291328
1296634270560157697
1296634266193928192
1296634256479997953
1296634149739081733
1296634062065618944
1296633974077493249
1296633962970804224
1296633906666647553
1296633822612791297
1296633815377485824
1296633806263390209
1296633796754681857
1296633753297735680
1296633620011134977
1296633557910081536
1296633542957510657
1296633521763692544
1296633325583392770
1296633155970109442
1296633066472038402
1296633058532171777
1296633039783628802
1296633018824581126
1296632965934522368
1296632855913803776
1296632654431846400
1296632442120335361
1296632314558996480
1296632223827984385
1296632173840269312
1296632124666085376
1296632104546009088
1296632093833924608
1296632077215989760
1296631990339477504
1296631808365297668
1296631723170631682
1296631679344431104
1296631656342851584
1296631511471587333
1296631501027717121
1296631439384084480
1296631388112732162
1296631336137043974
1296631237851873280
1296631124056317953
1296631121174843396
1296631097632202754
1296631091223236609
1296631016883458051
1296630956636491776
1296630953113133057
1296630916324851712
1296630911673470976
1296630896938942464
1296630877355745281
1296630761546829824
1296630759286099969
1296630655539974144
1296630536631455744
1296630429743640577
1296630388253691909
1296630351910100994
1296630347359289344
1296630327285362694
1296630283698147329
1296630083839459328
1296630047252426754
1296629941719752704
1296629745384411138
1296629677927403520
1296629429729452032
1296629376700882945
1296629241572986885
1296629119808020480
1296628895811350528
1296628886730612737
1296628850902937600
1296628663367225344
1296628594320510981
1296628493850214401
1296628374417399814
1296628367404523520
1296628226891100161
1296628174957219841
1296628112072019980
1296628102664257536
1296628089057927168
1296628084687482883
1296627938897596417
1296627805271269376
1296627654460706816
1296627638484766721
1296627581542961152
1296627567802359809
1296627522524729344
1296627480741261312
1296627437883674625
1296627202826657793
1296627067224756226
1296627016720998400
1296626973465337856
1296626952267337728
1296626935951495168
1296626885934407681
1296626764035158016
1296626618480447488
1296626601266941958
1296626405783097344
1296625984771325952
1296625834615341057
1296625788670730240
1296625703765659650
1296625627756261378
1296625612929536005
1296625586237059073
1296625536840720386
1296625488543326208
1296625449347383296
1296625250118053888
1296625135638597632
1296625124083286017
1296624979581325317
1296624936534962181
1296624746302341120
1296624717231792129
1296624679650766848
1296624638324346880
1296624447353491457
1296624431125524480
1296624423970078720
1296624016380301312
1296623978027548672
1296623860268371968
1296623849996464129
1296623790756106240
1296623662636978176
1296623169541943296
1296623155897872385
1296623022657347586
1296623002101190656
1296622995440652290
1296622798006374400
1296622795401633796
1296622721837694978
1296622584780525569
1296622365565050882
1296622295155277824
1296622271344152576
1296622213580369927
1296622078511034368
1296622058676391938
1296621887280144384
1296621858507436034
1296621719524978688
1296621683969683457
1296621683189538817
1296621527593517056
1296621521365073920
1296621513127460864
1296621376464474114
1296621284005158919
1296621211645026306
1296621147048509441
1296621092480659456
1296621046473396225
1296620927661363205
1296620829061521408
1296620798292172800
1296620779497496576
1296620671762608134
1296620659490066432
1296620615147745280
1296620604490211331
1296620595581517824
1296620522248249344
1296620436923412481
1296620355784671235
1296620146937589760
1296620101458747392
1296620047901716481
1296619953160720384
1296619923884527616
1296619882994434050
1296619834634051585
1296619683056160769
1296619618572869636
1296619579578421248
1296619525341949952
1296619509713960960
1296619407788191744
1296619212627156992
1296619185678610434
1296619154557083649
1296619154414370816
1296619153873350657
1296619045630902272
1296618992711368704
1296618987359371264
1296618952211271681
1296618913694801920
1296618885337305092
1296618786582220806
1296618783638007808
1296618710086627328
1296618577550868481
1296618455240790018
1296618286684049409
1296617993309429761
1296617917350641664
1296617812929249280
1296617750064840704
1296617641298231301
1296617577372950528
1296617459340832768
1296617453699698690
1296617416965980162
1296617370954412034
1296617062874460160
1296617008856014850
1296616635474878464
1296616605250727937
1296616517472342019
1296616357077954562
1296616336303575041
1296616158276259840
1296615993582727168
1296615968660172806
1296615958275129345
1296615898942332928
1296615856038752256
1296615827601412097
1296615801642942471
1296615724354400256
1296615720080404485
1296615697250840577
1296615569802661889
1296615565377900550
1296615036866236424
1296614806523244544
1296614765167550466
1296614638080204801
1296614433989496833
1296614428893499397
1296614420244828162
1296614365924339717
1296614299402678274
1296614268637286400
1296613960783994880
1296613689852866560
1296613584408064002
1296613521602555904
1296613424391225344
1296613190114172929
1296613178722459648
1296613014913912832
1296613008827965441
1296613000665735171
1296612917790609420
1296612910429593601
1296612756255383557
1296612748802043906
1296612572104478720
1296612462343708674
1296612418613846017
1296612369288683523
1296612302930579456
1296612232189681664
1296612100387885058
1296611884725149696
1296611854756782086
1296611845051166725
1296611806350196737
1296611595141881856
1296611582705831940
1296611535251542017
1296611527471124481
1296611430980939776
1296611291130454022
1296611282272034821
1296611057121865730
1296610952452833281
1296610868088786944
1296610783149711365
1296610772940881924
1296610727457939457
1296610645543198726
1296610640849702924
1296610551863205888
1296610413576982529
1296610372284284931
1296610360263184384
1296610100073902080
1296609703028576257
1296609620966936578
1296609533574500354
1296609501295116291
1296609399423881221
1296609292326514688
1296609289893605376
1296609140035461121
1296609137397243904
1296609071173267456
1296608864251424769
1296608692972945413
1296608626887610370
1296608434134167558
1296608433643442176
1296608285584510977
1296608226696404992
1296608135487148034
1296608067463897092
1296607948194684928
1296607902040567808
1296607898643169280
1296607708129484807
1296607575580999680
1296607567343493121
1296607444496535559
1296606968271048710
1296606889606811648
1296606859940335616
1296606831209480192
1296606732219637760
1296606667812085761
1296606591039356928
1296606588082327553
1296606525474004992
1296606498257330176
1296606396901990400
1296606391461961729
1296606234812928000
1296606204878299137
1296606183722287105
1296606122925752320
1296606111752216577
1296605953140371458
1296605880440336385
1296605692447596545
1296605489711570945
1296605437819850752
1296605305887952896
1296605175453376512
1296605127944605697
1296605123116969984
1296605104598970370
1296605103248379904
1296604860331302914
1296604619611635712
1296604329802170368
1296604318020378630
1296604217134575616
1296604172880613382
1296604042869846016
1296603864603533313
1296603829811597312
1296603534616596480
1296603429784236033
1296603416094035968
1296603207343452163
1296603093749182465
1296603084265725952
1296602975717273600
1296602939302191111
1296602885912920067
1296602877759119361
1296602861682401280
1296602758720741379
1296602729226412032
1296602530135203841
1296602425101635585
1296602275755036672
1296602221027692548
1296602207152988160
1296601767325597697
1296601501780119553
1296601501167751168
1296601455298842631
1296601390794657792
1296601230328967175
1296601188402491392
1296601177677856768
1296601143141969921
1296601061390577664
1296600844226502656
1296600683806781440
1296600630019133452
1296600626592268289
1296600448384880640
1296600447701127168
1296600425445986304
1296600417187647490
1296600373004660736
1296600202485346305
1296600044888567808
1296599950130700288
1296599936373587970
1296599805393874951
1296599708329279490
1296599689802985472
1296599627169374208
1296599611516375045
1296599603123552262
1296599599113801728
1296599542616543233
1296599507086512128
1296599496982499334
1296599475809648640
1296599466577928192
1296599466158350336
1296599346096623618
1296599209597194240
1296599156098846722
1296599136779763714
1296599134712082435
1296598871590817795
1296598835083522051
1296598760391241728
1296598569239994368
1296598451149582336
1296598437132001282
1296598362716856320
1296598187059355648
1296597919492177921
1296597721063862282
1296597716445859841
1296597346097168387
1296597243479261186
1296597207618134017
1296597184348065798
1296596985647112194
1296596949165113344
1296596779190845440
1296596751202299904
1296596745980243968
1296596727508721664
1296596718373474305
1296596717048127493
1296596605911666690
1296596475640549376
1296596407474950145
1296596390882107392
1296596345080315904
1296596296623632386
1296596180340678656
1296596148610674688
1296596015043289094
1296596000363155457
1296595958323654660
1296595940581801990
1296595882746548227
1296595825397772293
1296595804401147904
1296595783748395008
1296595756640382977
1296595737325662210
1296595669231296512
1296595641615790080
1296595599219814400
1296595511714119680
1296595435575021569
1296595278418649090
1296595257858064384
1296595248605532160
1296595040442048512
1296594955176157184
1296594896476950529
1296594811122843654
1296594614128787458
1296594588845723650
1296594545547702272
1296594422243696643
1296594253666230272
1296593887629381633
1296593859368169474
1296593652647636993
1296593548939321347
1296593473827672069
1296593446119997440
1296593370681348096
1296593264825348096
1296593253446426632
1296593157308788736
1296593128099663873
1296593062563438592
1296592904031535114
1296592709956689921
1296592670769524742
1296592666512302080
1296592578662498304
1296592487369375750
1296592398131376138
1296592350429544450
1296592183001145344
1296592151061684224
1296592106434297856
1296592091536121859
1296591787671388160
1296591647166226432
1296591640195485704
1296591606917857280
1296591183242723331
1296591036999847937
1296590946457485312
1296590934331793409
1296590777313890305
1296590707680063490
1296590685664088064
1296590577912418304
1296590499663486978
1296590495997554689
1296590431988350976
1296590343979307014
1296590308436660224
1296590199359766528
1296590197749166081
1296590176509218816
1296590130761928707
1296590096682999809
1296590009735057409
1296589997823283201
1296589954408165377
1296589940650909698
1296589935160565760
1296589898703667200
1296589684387307520
1296589624282943489
1296589615709790212
1296589500823621633
1296589419944775680
1296589375887814657
1296589154101460992
1296589017341816832
1296588956788600832
1296588951394942977
1296588929043501056
1296588915844034560
1296588886731296770
1296588539707129857
1296588535601004546
1296588442198061061
1296588341278736384
1296588069886451712
1296587791304884224
1296587763463200768
1296587732131565571
1296587684178202624
1296587660530720774
1296587605950291969
1296587561238962177
1296587538417758208
1296587479089324032
1296587454930067462
1296587274906406912
1296587056685232129
1296587003614629890
1296586812165484544
1296586744784134144
1296586630770372608
1296586335130652673
1296586281196036098
1296586137675411459
1296586106310402049
1296586040317112321
1296585969634877441
1296585919458410496
1296585882645016581
1296585797714481152
1296585630256963586
1296585582936649728
1296585462191214600
1296585440087048192
1296585372881879040
1296585184670777345
1296585059911180289
1296585018043760640
1296584985051189248
1296584813038592000
1296584640673624066
1296584580959477761
1296584392236646401
1296584337639575553
1296584276297703424
1296584263857590273
1296584186594238466
1296584172954251265
1296584138107973632
1296583972462485504
1296583947305058304
1296583902182567936
1296583881978765313
1296583825171111936
1296583789188022272
1296583750441107458
1296583718635630593
1296583587018547203
1296583564939665409
1296583557750677504
1296583463534047233
1296583428943511554
1296583312488771585
1296583211460579330
1296583204112138246
1296583121119465476
1296583110646272002
1296583084750467073
1296582935978663938
1296582914369630220
1296582799227408384
1296582618998288391
1296582500471406593
1296582433429749761
1296582345139654657
1296582298188632065
1296582234015592448
1296582188738023425
1296582184401281025
1296582143523643404
1296582105825189889
1296582077563858944
1296582062820990977
1296581927361814529
1296581884583882752
1296581773900386306
1296581733610139648
1296581716212174849
1296581640538542085
1296581634259587073
1296581618984013825
1296581578588659712
1296581435344723968
1296581337462247426
1296581234521452547
1296581198609674241
1296581137763110912
1296581114207899649
1296581057089867776
1296580996557668355
1296580943235481601
1296580869491060736
1296580723588169729
1296580613001052162
1296580600011329537
1296580566465290240
1296580415021621248
1296580370209615872
1296580368473165826
1296580365327437824
1296580320867889154
1296580211018883072
1296580122724773889
1296579956647100422
1296579695534891008
1296579595928444928
1296579571605737472
1296579409365827588
1296579367162634240
1296579303702962177
1296579299282169856
1296579242373808131
1296579133632200705
1296578969240653824
1296578755851431936
1296578738532933632
1296578713627369473
1296578698120966145
1296578596119732224
1296578456851845122
1296578335548616704
1296578279189762049
1296578205407682560
1296578163682803718
1296578137115983873
1296578086184652801
1296578002831028224
1296577970639970304
1296577920597622789
1296577865010601986
1296577730134159362
1296577726095269889
1296577663314866177
1296577661821685760
1296577601637617664
1296577556045606914
1296577365242523650
1296577258522648576
1296577122664947718
1296577122534907906
1296576888924585985
1296576617813245952
1296576318126133248
1296576211070652421
1296576186664001536
1296576068539883524
1296575992023089153
1296575825811103744
1296575678889046016
1296575663676067840
1296575624417628160
1296575556276948994
1296575536378994688
1296575375863144448
1296575273509376000
1296575139904200704
1296575139602223105
1296575134350753793
1296575127568752640
1296574903907487744
1296574887721484292
1296574748965691398
1296574721325019136
1296574720540844036
1296574710956716033
1296574518270365696
1296574463354576906
1296574351798673409
1296574328612335616
1296574302561669124
1296574156268544008
1296574039410974720
1296573998898319362
1296573897630814208
1296573856531054595
1296573753044992000
1296573731637284864
1296573629036204032
1296573460706209792
1296573429337001989
1296573267168260096
1296573156224884741
1296573143440601088
1296573098360295424
1296573092215631872
1296573071432785921
1296573045746802688
1296573028520919042
1296572999789948931
1296572966558367744
1296572849898115072
1296572798983446528
1296572788858265600
1296572740737159168
1296572673804435457
1296572672546045953
1296572638433869830
1296572525225418753
1296572452307443713
1296572174329884672
1296572164481716224
1296572022387085312
1296572002011099139
1296571863066382337
1296571835392249856
1296571656350109698
1296571611659853824
1296571593620180994
1296571592101597185
1296571546362765313
1296571542063779841
1296571362891517952
1296571361754845186
1296571326610759688
1296571294918553600
1296571223619653633
1296571166467870720
1296571068380053505
1296570994191208448
1296570839442153472
1296570821767438338
1296570520155103233
1296570516279631873
1296570313883385858
1296570137525596168
1296569990787801089
1296569799351427072
1296569719005130752
1296569716341796864
1296569595319455745
1296569576956846083
1296569340498567175
1296569322786000896
1296569274518122496
1296569260660137986
1296569238258429952
1296569149389443072
1296569055416135680
1296569053784485895
1296569019844108288
1296568998268555264
1296568909655670784
1296568889782996992
1296568685495308289
1296568560718733312
1296568509510463493
1296568452291817472
1296568415772057600
1296568359341957123
1296568349477019657
1296568296687439876
1296568078587895808
1296568073038766085
1296568065048682498
1296568003396599814
1296567937839529984
1296567877793964032
1296567837604151296
1296567692258934784
1296567629432356865
1296567596557332482
1296567556694659073
1296567555851612161
1296567500642099200
1296567354516819970
1296567299416240131
1296567265052307458
1296567115768619010
1296567089369624577
1296567079080988673
1296567064258318351
1296567048298999809
1296567016040493056
1296567014379708417
1296566865330941952
1296566738591657985
1296566736729387008
1296566597176430593
1296566566608396293
1296566531497897992
1296566528184397824
1296566519124688898
1296566379253043200
1296566099111280640
1296566098494726144
1296566059391057920
1296566011433324544
1296565997776834560
1296565334544191488
1296565313010466816
1296565304550731776
1296565241992683528
1296564948953231361
1296564787195850768
1296564756451487744
1296564717125763073
1296564711027335170
1296564572363673602
1296564529283858438
1296564358110236674
1296564141495332864
1296564081105629184
1296563954022457345
1296563885131157506
1296563832131858440
1296563770467131393
1296563666863763460
1296563357147963393
1296563282866835462
1296563261085634560
1296563213753102340
1296562861959979009
1296562793974583296
1296562687179137024
1296562576944439297
1296562405955325952
1296562292612632576
1296561974017273856
1296561873886695425
1296561778374201351
1296561751874510848
1296561712213028864
1296561708627111938
1296561667250114560
1296561450551517187
1296561359920992257
1296561254262140929
1296561241226465281
1296561026381438976
1296561007871967232
1296560933276454916
1296560823641538567
1296560786979028993
1296560721975812099
1296560686584209410
1296560668527730691
1296560157569110017
1296559948814581760
1296559944020312065
1296559912655478786
1296559817016987650
1296559744879153161
1296559642143793153
1296559596308500481
1296559571805310976
1296559529660948483
1296559526913564674
1296559439714177025
1296559350773948419
1296559349511446528
1296559345967095808
1296559275041488896
1296559180380164096
1296559164358103045
1296559153289277440
1296559138844094465
1296559113137086464
1296558972112003073
1296558932073349125
1296558887915659268
1296558849604890630
1296558829145133061
1296558818671890432
1296558758131314693
1296558699339583489
1296558575171633158
1296558524844122112
1296558316731142150
1296558293482168320
1296558173583822849
1296558140843008000
1296558079857885188
1296558061809741830
1296558054289240064
1296558049398669312
1296557918037217280
1296557875066802180
1296557689296879621
1296557660108664840
1296557609990774784
1296557602776776705
1296557585227808774
1296557564545597440
1296557492827303938
1296557391488651265
1296557337558126594
1296557295124398080
1296557089628680192
1296557054585221122
1296556960423333888
1296556875547160576
1296556851023286272
1296556838335455237
1296556754294190082
1296556650590019585
1296556618096803848
1296556617257955334
1296556538727936000
1296556511993438211
1296556500853424129
1296556498160582657
1296556489864249344
1296556478464131073
1296556421861892096
1296556326412263427
1296556212532711456
1296556082509180928
1296555989630701570
1296555947662299138
1296555918407225344
1296555868603940866
1296555828137385984
1296555656296697858
1296555632997232641
1296555547089608705
1296555477598314502
1296555216406446081
1296555141802467328
1296555113860005893
1296555086357778432
1296555068594872320
1296555046721683458
1296555018284392449
1296554998080430080
1296554917696540678
1296554836343820288
1296554794996375553
1296554794820263945
1296554663790014465
1296554642722164738
1296554561478381570
1296554548480401409
1296554290169942017
1296554287590342656
1296554258993688576
1296554166903504896
1296554149136474112
1296554118496968704
1296553924787417088
1296553906944659456
1296553842402709504
1296553834328752128
1296553834156666882
1296553789516918787
1296553707350495234
1296553675083657216
1296553317301190657
1296553293867614210
1296553276301643778
1296553270463344640
1296553072420954113
1296553007513886720
1296552998357864448
1296552854812078081
1296552807789715456
1296552777775288321
1296552662406705154
