1265024751501750272
1265024696468324353
1265024636695142401
1265024599949017088
1265024512665489408
1265024478557474818
1265024369971126283
1265024249984626691
1265023519580139520
1265023368228671489
1265023180915314688
1265023153341976578
1265022990183469059
1265022843693105152
1265022479879114752
1265022451647381507
1265021698413232128
1265021685641760774
1265021668914655232
1265021557044383760
1265021409228500998
1265021220573122562
1265021205763035138
1265021175954051072
1265021126348025858
1265021033406328833
1265020941450514437
1265020345435783170
1265020164053049352
1265020079164489736
1265019925485232129
1265019688469368833
1265019671473983490
1265019222515527686
1265019079506694146
1265018907762610177
1265018787692232705
1265018154142621696
1265017761488568320
1265017644916359169
1265017276375478273
1265017275691806720
1265016980249206785
1265016166562627586
1265015725992878082
1265015423751172096
1265015379023323137
1265015110080147458
1265015029142872065
1265014714305859586
1265014693699207168
1265014665958043648
1265014491777024000
1265014403809697792
1265013400335196164
1265013040266821635
1265012742894817280
1265011982190682115
1265011901416771584
1265011888154427394
1265011045040619520
1265010827284922369
1265010422178033666
1265010278732673030
1265009984909213703
1265009954425094145
1265009953565290499
1265009879556788229
1265009767531110403
1265009731141357571
1265009692532752384
1265009688698949632
1265009592318283781
1265009555160862721
1265009532381458432
1265009489960251394
1265009410310656005
1265009368413532160
1265009327569539072
1265009295151771649
1265009093623844864
1265008592102387712
1265008453363183618
1265008256428146694
1265008154741559303
1265008077759115264
1265007771679952901
1265007695007846400
1265007593728196609
1265007527709650946
1265007269676187649
1265006471458074624
1265006315388022784
1265006298317250560
1265006061318094848
1265005921421258752
1265005906150002688
1265005575097720838
1265005468759580672
1265004685729071110
1265004649591058440
1265004582758907911
1265004444376338432
1265004116897480704
1265004069053063168
1265003875771338753
1265003738059747328
1265003098780479488
1265003002450128897
1265002894169747457
1265002850221985792
1265002848728776707
1265002802918461440
1265002677101944832
1265002548324335628
1265002047511900163
1265002021142347778
1265001945439318018
1265001797317464065
1265001293082275840
1265001258194264065
1265001106788233222
1265001073661448192
1265001011900329985
1265000921366433792
1265000708560076801
1265000698116280327
1265000613684719617
1265000312965865474
1265000290895441920
1265000237627826177
1264999532770717696
1264999504723369985
1264999491893030912
1264999406853591043
1264999299055845378
1264999275408351233
1264998385133764608
1264998327432761345
1264998293085585408
1264998286143840257
1264997835981950976
1264997607493033987
1264997573556793349
1264997344363319301
1264997047360540672
1264996611475804162
1264996349944238081
1264996205240766465
1264995910888517632
1264995881151090689
1264994929090183174
1264994548436041735
1264994417523466240
1264994176808222722
1264993613127311360
1264992809515433984
1264992800233459715
1264992454639603723
1264992236930023424
1264991987075362816
1264991823568781313
1264991604021944322
1264991567883853824
1264991521599676423
1264991408794079238
1264991304846581762
1264991253701197831
1264991196469846016
1264990943083520002
1264990348658556928
1264990269696626689
1264989958105894912
1264989902720114688
1264989641033216000
1264989601103597569
1264989567599497217
1264989508560392192
1264989467720458240
1264989433566302214
1264988689735675906
1264988026326769664
1264987858772918280
1264987413266468864
1264987119321337856
1264986842023309313
1264986790043226114
1264986668886523907
1264986192463958020
1264985881657651200
1264985808228036611
1264985743258255361
1264985735188357120
1264985372871872513
1264985110883024896
1264984586758557698
1264984565128417280
1264984457855066112
1264984437219000327
1264984339953172482
1264984164887035904
1264983841048891392
1264983742793371656
1264983646470934528
1264983601294249987
1264983122799624192
1264983039471280134
1264982841667944448
1264982820570742784
1264982392474927104
1264982243338063872
1264982137645813766
1264981911954391040
1264981631867092992
1264981570751918080
1264981524321046531
1264981408021282817
1264981405802491904
1264981236784783360
1264981036313841664
1264980978889449472
1264980738736295937
1264980600102019077
1264980455683690497
1264980447693377536
1264980443587399682
1264980189693566977
1264980166247198720
1264979780979523584
1264979606962044928
1264979463147859968
1264979312911937537
1264979308717588480
1264979238886739970
1264979110347935744
1264978665865203715
1264978526471622656
1264978485958922240
1264978400969584640
1264978303091445762
1264978213618552833
1264978106093383680
1264978040142036996
1264977551996391424
1264977421020741632
1264977324145029120
1264977069575815168
1264976983865176064
1264976948687712259
1264976848284499968
1264976766705315851
1264976761340801026
1264976703786487814
1264976666717302784
1264976581295931392
1264976561184399362
1264976491034574849
1264975859158417409
1264975471063728128
1264975051398557699
1264974886998425600
1264974419170074630
1264974272528711680
1264974012125523975
1264973564127727620
1264973421403922432
1264973180332113920
1264973123188752384
1264972971946450946
1264972714302898177
1264972282679697409
1264972244108718080
1264971945898057728
1264971750237929472
1264971417277390848
1264971382603087873
1264971178411724803
1264971015429525505
1264970929559478276
1264970839805644800
1264970722415443969
1264970708234506240
1264970547076534281
1264970543662538752
1264970192985239564
1264969919420084225
1264969906518478849
1264969792508878853
1264969450530443265
1264968741080764416
1264968546985086976
1264968528698003463
1264968504438132736
1264968353074098176
1264968108768362496
1264968029948899328
1264967807323607047
1264966771527876608
1264966737805471745
1264966641944678400
1264966496234754051
1264966346518953987
1264966086111313921
1264965967165227010
1264965961192476674
1264965957660880896
1264965888878546946
1264965439072821248
1264965385582862336
1264965148592267268
1264965111057440773
1264964706193866753
1264964491911090176
1264964220522598427
1264963772977786881
1264963766086766595
1264963451694149632
1264963367707357184
1264963302364286982
1264963162358644737
1264963144402731008
1264963062253137920
1264963038307684357
1264962520558665729
1264962357807046656
1264962306695405568
1264962263447941121
1264962098414714885
1264962082253893632
1264962034371833857
1264961982857428993
1264961930134986752
1264961859310018563
1264961813340467200
1264961768444616704
1264961436515741698
1264961369490837505
1264961272606535680
1264961221872226305
1264960909971243010
1264960791867985925
1264960749765615621
1264960663803265027
1264960529212342273
1264960264593534981
1264960134670962690
1264960054580490240
1264960028575924229
1264959919071117312
1264959735595442176
1264959586043260928
1264959584399241216
1264959166579462146
1264959131846430720
1264958860751712257
1264958782628560896
1264958643306475520
1264958631516213248
1264958464805048320
1264958461780963328
1264958275138859008
1264958018128474112
1264957979897417728
1264957915212984321
1264957787806859265
1264957411498119169
1264957302060093451
1264957251728654336
1264957057951764482
1264956963214864384
1264956882755612677
1264956809984356352
1264956505465315328
1264956483239686144
1264955711286583296
1264955211598057472
1264955179910250497
1264955166547156995
1264954895867637760
1264954775042265088
1264954643752333312
1264954158987296778
1264954140360183810
1264954073763233792
1264954051634085892
1264953902165884930
1264953901666586626
1264953558996221952
1264953463903080448
1264953436191117312
1264953403400052736
1264953170532458504
1264953048830533632
1264952746135785477
1264952453725933569
1264952445198876674
1264952079614980100
1264952040779771904
1264951889856278528
1264951749363802114
1264951247037235201
1264950343307149313
1264950102126407681
1264950096820502528
1264950056454623233
1264950017032241152
1264949991170179073
1264949850728267776
1264949665998520320
1264949410192121861
1264949066875600897
1264948751711506433
1264948734871429120
1264948721869099009
1264948202127724545
1264947371034771458
1264946636121407489
1264946164518080512
1264946038311251974
1264945844962365443
1264945712862650369
1264945664556859392
1264945365603643395
1264945150167363584
1264945058219986947
1264945048086405121
1264944910676955136
1264944608632397825
1264944208600686592
1264943783264817152
1264943771378053120
1264943667233665025
1264943543501512704
1264943514598739970
1264943059415916544
1264942713721389056
1264942659962978306
1264942600819298311
1264942599896543232
1264941914719244294
1264941654991085570
1264941602541363200
1264941430927171586
1264941176643186693
1264940953829244932
1264940635762630656
1264940471194918916
1264940246585794561
1264940227233083392
1264940034890723328
1264939702488088577
1264939480299044864
1264938923677138945
1264938869037969408
1264938524450729985
1264938404699082759
1264938303092150272
1264937973755400192
1264937896362065922
1264937783082266626
1264937568308572162
1264937529180131329
1264937008448835588
1264936952748322817
1264936711198400512
1264936141712695302
1264936123278807040
1264935839269863424
1264935063453683713
1264934888903512065
1264934869768867841
1264934407715971072
1264934204971929600
1264934202807549952
1264933823919394817
1264933499880058880
1264933381491421184
1264933242307637248
1264932832838930432
1264932438091980801
1264932402683498496
1264932266754609153
1264932264582004737
1264932088375017473
1264932025426948098
1264931752319033344
1264931196850577409
1264931053824815108
1264930950405853185
1264930773079113729
1264930650609668098
1264930465955233792
1264930451220766721
1264930405905399813
1264930359860289538
1264930322254385153
1264930298321485828
1264929642558832640
1264929053275877377
1264928842335965184
1264928413703340033
1264928076036800512
1264928073310486530
1264927989860466688
1264927829977956352
1264927788102017029
1264927110910685185
1264926902084657152
1264926725399629825
1264925856008372225
1264925775553159168
1264925757526196230
1264925452403171328
1264925401710804994
1264925240548896769
1264925103688564738
1264924720987848706
1264924213577687046
1264924045281300480
1264923707845345280
1264923684734676995
1264923670864003072
1264923659761745922
1264923383403147266
1264923306303590405
1264923266570911748
1264922961208885254
1264922616843796480
1264922168313278465
1264921818030358528
1264921695544061952
1264921316227985408
1264921301275287555
1264921260821110785
1264921173336317959
1264920898135613442
1264920748382015488
1264919788729643008
1264919732198821888
1264919345664270339
1264919320523661312
1264919296272142342
1264918738891149314
1264918477686673408
1264918237671616513
1264918230436478977
1264918030284230657
1264917972621111297
1264917755096072193
1264917208234409988
1264917177250938880
1264916959138844673
1264916851768909824
1264916793002508291
1264916700102905861
1264916632515817474
1264916631647588353
1264916596767830016
1264916448633393154
1264916289534832641
1264916221826412546
1264916061335490560
1264915987641450496
1264915980322570240
1264915709022179329
1264915523332182017
1264915128421453826
1264914867380785154
1264914268169920512
1264914115912503296
1264913921036693505
1264913570875224069
1264913546984542212
1264913101167767553
1264913081353883648
1264913075146285058
1264912854211313664
1264912701261840384
1264912591127601155
1264912533497843714
1264912471753539584
1264912432071204864
1264912307252948993
1264911977836695559
1264911858076696577
1264911652488536065
1264911501501988867
1264911234152857601
1264910807713943554
1264910446072442880
1264910035613876224
1264909760383471623
1264909217623707648
1264909030776082437
1264908859199631360
1264908420802654209
1264908204418330624
1264908045437591553
1264907655086211073
1264907507270631424
1264907212981403653
1264906970789605377
1264906830121140224
1264906650206470146
1264906621991485441
1264906550822481921
1264906353312534528
1264905976542629888
1264905543862358019
1264905271975071746
1264904923809865728
1264904287819165700
1264904248241709057
1264904172379336705
1264903807944794113
1264903796506779653
1264903258448879616
1264902940776714240
1264902833192779776
1264902714821132294
1264902625897730048
1264901743046881282
1264901705994559495
1264900723021619201
1264900635289358338
1264900220439220224
1264899589368238080
1264899494040100866
1264899358639546368
1264899270085410816
1264899222379380738
1264899095270809600
1264898447880138761
1264898038696271872
1264897869741527040
1264897757581631490
1264897176905355264
1264896914949984256
1264896714240073729
1264896039737155584
1264895994954756101
1264895586500857856
1264895458633109504
1264894999117824001
1264894943308525568
1264894659538681857
1264893990299504641
1264893790600540163
1264893441345032205
1264892957355802625
1264892580220866560
1264892148471734273
1264891628415827973
1264891412048424960
1264891384831541250
1264890075466403841
1264889994235252738
1264889761392664582
1264889676852158465
1264889603124637698
1264889510959083521
1264889459797000194
1264889437676204032
1264889393887588352
1264888653161078790
1264888535259049987
1264888001248673793
1264887785825198080
1264887459399122944
1264886496038998016
1264886355588534273
1264886314689683459
1264886143935488005
1264885359999156224
1264885204209958913
1264884760196808705
1264884491413315584
1264884425709334529
1264884364837445632
1264884180288065536
1264884048213741575
1264883842466316288
1264883743233396738
1264883695434924033
1264883314890072064
1264882588935614464
1264882566969954306
1264882554999468032
1264882461370208257
1264881797092917249
1264881359379730438
1264881251040800768
1264881024636350464
1264881022090375168
1264880894638206984
1264880615272247297
1264879729347186688
1264879405324615680
1264879380037341184
1264877456688742400
1264877086386225153
1264876898426875905
1264875952674308098
1264875842825404417
1264875835917398018
1264874906891636738
1264874748686680065
1264874312571293696
1264874051274551296
1264873786970537984
1264873582783422467
1264873409860624385
1264873381641543680
1264873333671124995
1264872890983317505
1264872868682162177
1264872649018109952
1264872587793960960
1264872314702831616
1264872174315278336
1264871939694157825
1264871921331683330
1264871885604450304
1264871264205844480
1264870780392951808
1264870663694749696
1264870274215936002
1264869620776865792
1264869491562950657
1264869341230764032
1264869322763141122
1264869250797199362
1264868842758701056
1264868576600547328
1264868452231077888
1264868116074504192
1264867859152412672
1264867471280005120
1264867243227181056
1264867108988448768
1264866891694252033
1264866651587002369
1264866607970607105
1264866291321581570
1264865736188497920
1264865445598900225
1264865319308361728
1264865223678164992
1264864468556636161
1264864314953011200
1264863986001969153
1264863980574650369
1264863954066702336
1264863776072970241
1264863250434449420
1264862464325255168
1264861014165684229
1264860632463085578
1264860526607085568
1264860283220221952
1264859963928850433
1264858803608137730
1264858209598140416
1264858189679345666
1264858049661067267
1264857210032738307
1264856740320800768
1264856463958323200
1264856233506463744
1264855644076720129
1264855447699365889
1264855111291080704
1264853992422531072
1264853967999307778
1264853503463178241
1264852388483121153
1264852297303183361
1264852123537207297
1264850827786833920
1264850503374159872
1264850308372389888
1264849795803463680
1264849414465769472
1264849084881518593
1264848923086258176
1264848819990130688
1264848718194302976
1264848698372239362
1264848459133341696
1264848113396674562
1264847937525276672
1264847654732935170
1264847532263305216
1264844188371292161
1264843831184261121
1264843167641239553
1264843145176645632
1264842999290265600
1264842933192146945
1264841285116067840
1264840774606184448
1264840252809674752
1264840227476008960
1264839938656202753
1264839705071214593
1264838531459014658
1264838318094598146
1264838002045526018
1264837311126212608
1264837227416346629
1264837218029297664
1264836283483869184
1264836059814334464
1264835703176749057
1264835160257642497
1264835012840394753
1264834966623383552
1264831828373827584
1264831702381322245
1264831177430573057
1264830657404055560
1264830334727675905
1264830231312863232
1264829515336949760
1264829262458126336
1264827965512323072
1264827151238430724
1264827055968972800
1264825747086225408
1264825144259706880
1264825059975335936
1264824962717638657
1264824016373776384
1264823361013780480
1264823213151772672
1264823101319249924
1264822474551803906
1264822345211969538
1264822107227279360
1264821699670953986
1264821426936299522
1264821370753597445
1264821065970319360
1264821042549329920
1264821011398066177
1264821004142096385
1264820916497899520
1264820874445836293
1264820144632729601
1264820036595863552
1264819920304582656
1264819307311099904
1264819162246983680
1264818740295684098
1264818428025597952
1264817495124271105
1264816904906178560
1264816857086701568
1264816699074723841
1264816110521724929
1264815229508161547
1264814879703052293
1264814847880912896
1264814650694066176
1264814541809963008
1264814442459488257
1264814229493694466
1264814093627789312
1264813723052642304
1264813529225465856
1264813355623038976
1264813245581463554
1264813231958302720
1264812983663972352
1264812524647538688
1264810709482758144
1264810695868256257
1264809444564664320
1264808368683618304
1264807794303107073
1264807643815858176
1264807513641218048
1264807358510727170
1264806920017154050
1264806911272087553
1264806826765438981
1264806582690480134
1264806376653512706
1264806232579346434
1264805528904978432
1264805384134496256
1264805043884232704
1264804904046075904
1264804680426647552
1264804334857945088
1264804170349117440
1264804118431887360
1264804047887962112
1264804037007945728
1264803792551325696
1264802702103441408
1264802426911166469
1264802393608212480
1264802383873355776
1264802351375888385
1264802297118445568
1264801905189904387
1264801419409846272
1264800719577796609
1264800201195184128
1264800096438243328
1264799799427035137
1264799434682089472
1264799312829005825
1264799287604416512
1264799215286288384
1264798863740686337
1264798843306217473
1264798425138245632
1264798349279948800
1264798226135289856
1264798212738543616
1264798210188611585
1264798095629565957
1264797797301096448
1264797772609355776
1264797610243551232
1264797562239717376
1264797342940590080
1264797226808881164
1264797039155699713
1264796562087124996
1264796547507793922
1264796264132198401
1264796221727576066
1264796035102146561
1264795793560461312
1264795602111643648
1264795194597105664
1264795113462484992
1264795044852256768
1264794958520889346
1264794252455755776
1264794130648989697
1264794108557586432
1264793682164637707
1264793660312313858
1264793511976595456
1264793510911315969
1264793422197428224
1264793394171113473
1264793391046377475
1264793297404473345
1264793194576801792
1264792988745527297
1264792947150614530
1264792807514013697
1264792718548631566
1264792496900640768
1264792493838630917
1264792324929921031
1264792009572827136
1264791798926491648
1264791348378349568
1264791284776140803
1264790994957905920
1264790636051349504
1264790417058521089
1264790367448129538
1264790159394058241
1264789800814551041
1264789454922878979
1264789083903025154
1264789040450146307
1264788873781092352
1264788846220378112
1264788808136089601
1264788742340055040
1264788696345317377
1264788692582969344
1264788539734200331
1264788499867320322
1264788439691522048
1264788265661538304
1264788126955745280
1264787702400122887
1264787265320091648
1264786936943857666
1264786920116301824
1264786814071640064
1264786794362667008
1264786567152861185
1264786549264261120
1264786430783565824
1264786382842507264
1264786234674683904
1264785797670006785
1264785743626375169
1264785551271419904
1264785341820440576
1264785329824940038
1264785260325122048
1264785132327784454
1264784938517188608
1264784907483693058
1264784714000470016
1264784418868060161
1264784298152022017
1264784226529894400
1264784015019479040
1264783677793480704
1264783658969370626
1264782982956507138
1264782884432420866
1264782739628310531
1264782402196389890
1264782341031018501
1264782237859557376
1264782194431668224
1264782026290298880
1264781985156866049
1264781830626009090
1264781637616906240
1264781314256826370
1264781294124367872
1264781239254466560
1264781132505272321
1264780943568572419
1264780597131726850
1264780492735492096
1264780211461087233
1264780076693909505
1264779896326217728
1264779813216280581
1264779772242124805
1264779739509796864
1264779630453514242
1264779574409408512
1264779533921562624
1264779459774693377
1264779375725154304
1264779266849300481
1264779218417786880
1264779171755986944
1264778688282968064
1264778225756053504
1264778210824327168
1264777975171411969
1264777732308770817
1264777576691535879
1264777505350746112
1264777436698275840
1264777410039500800
1264777126474993664
1264777036868071431
1264776898044768256
1264776877824147458
1264776450105765889
1264776356816015362
1264776202922975248
1264776030419587072
1264775981937692673
1264775921069961216
1264775879655174144
1264775696410308614
1264775610565488640
1264775459939717120
1264775269904052224
1264775152006553606
1264775058808926208
1264774801329135616
1264774723616903168
1264774721113141250
1264774691966930944
1264774660211662850
1264774622056050688
1264773642941984773
1264773588927856646
1264773460531740672
1264773025464856576
1264772841582411777
1264772817427423233
1264772408931692544
1264772118127890432
1264772030693380096
1264771683556024320
1264771679336660995
1264771422372499457
1264771332278906881
1264771282689650688
1264770973435170816
1264770897560383491
1264770700998512641
1264770506852413440
1264770404599713793
1264770088676274179
1264769850922205184
1264769815127957506
1264769807620210688
1264769716796698625
1264769653101989890
1264769623758524416
1264768748952489985
1264768653268078592
1264768448191778816
1264768249167638531
1264768186257297410
1264767999380262918
1264767812142116865
1264767726029070336
1264767545078415361
1264767511385583617
1264767404539772928
1264767346910126080
1264767294833430528
1264767250436947974
1264767190068277253
1264766771061547010
1264766754095423488
1264766515246764034
1264766326658064386
1264766291187023872
1264766279660912640
1264766258068815874
1264765962865311744
1264765901066256384
1264765827368153088
1264765610585710604
1264765082522669056
1264764947784822784
1264764937957605378
1264764728406130688
1264764391284711425
1264764350021107713
1264764192751603712
1264764181154115584
1264764173470199808
1264764100581576704
1264763722700148737
1264763697265860608
1264763623584325632
1264763461688414208
1264763263289421824
1264762939434774529
1264762653899177984
1264762228433195014
1264762156656013316
1264761861687447565
1264761762680680448
1264761592723300353
1264761493331103745
1264761483159916549
1264761361629958144
1264761328083726336
1264761086340890625
1264760939192205312
1264760867926749185
1264760527592386560
1264760436496334848
1264760422428794881
1264760415940157440
1264760170376245250
1264760055150325761
1264759920731123713
1264759682574385155
1264759429162991622
1264759090116362245
1264759074677194753
1264759020700786690
1264758782808096769
1264758716181561344
1264758481136934916
1264758459091877889
1264758418474102784
1264758397322309632
1264758234042294273
1264758179914584065
1264757946484797440
1264757792050536448
1264757779643928577
1264757550471413761
1264757470964199426
1264757422327050240
1264757403289083904
1264757269733838851
1264757144567635969
1264757130713796611
1264757128130002944
1264756732032499712
1264756192192024576
1264756100693463042
1264755518553243648
1264755323702661121
1264755238369517568
1264755230404562946
1264755132681551880
1264753962021818374
1264753749358047232
1264753146171187202
1264753106627117056
1264752751277256708
1264752717806911488
1264752614995984385
1264752365049176066
1264752009875353600
1264751646443098112
1264751523235393536
1264751345745006592
1264751172172132352
1264750864402649088
1264750726854717443
1264750676653080577
1264750551931088897
1264750481307402240
1264749971846434817
1264749789112987649
1264749255874363392
1264748650623758337
1264748555844988929
1264748451566194689
1264748409401020416
1264747981347139585
1264747735690833921
1264747348879540224
1264747316906344448
1264747308723236864
1264747068301737990
1264747033409343499
1264746962093436928
1264746760485797889
1264746725861814279
1264746611453779968
1264746496714584070
1264746445975912448
1264746267747528712
1264746094119903233
1264745973034541062
1264745950171533313
1264745939115241476
1264745802481774605
1264745642703765505
1264745606188281862
1264745516195332098
1264745498864349184
1264745384863121409
1264744894863601664
1264744829248065537
1264744706057134083
1264743830185631744
1264743804453687296
1264742841194070016
1264742100911955968
1264741964081225735
1264741886314635266
1264741393936744448
1264741120275349504
1264741007163224064
1264740989614211072
1264740944324280320
1264740845367947264
1264740769534849024
1264740585950162945
1264740583488266240
1264740556766314496
1264740469432434688
1264740407709237248
1264740213760221184
1264740174400913409
1264740086416998401
1264739736536530944
1264739709013671937
1264739629896368129
1264739600477519872
1264739474325606401
1264739408881860610
1264739186252361728
1264739030140256257
1264738830856396800
1264738822346076160
1264738575826014208
1264738330673119234
1264738278046986240
1264738218332884992
1264738175240605701
1264738060786253824
1264737646842015744
1264737481288753153
1264737208931545088
1264736784023293952
1264736659108622337
1264736588459839494
1264736159420174337
1264735844293738501
1264735706842185728
1264735455246823427
1264735425412788224
1264735313533886464
1264735134302892032
1264734863657177090
1264734692164513792
1264734581200236544
1264734403370123264
1264734391214854144
1264734339511676933
1264734092639170560
1264734002071719936
1264733894525333505
1264733799549562881
1264733741592621056
1264732704513290241
1264732648972226561
1264732553744809985
1264732234910699520
1264731982803554304
1264731678053982214
1264731476936908800
1264731194131800065
1264731025776816132
1264730876413308929
1264730757202735106
1264730748113678341
1264730516609052672
1264730356265234432
1264730037686661123
1264729739748610052
1264729635813646336
1264729411519217664
1264729154701848577
1264729081628614657
1264729010308816908
1264728513304768514
1264728452009267210
1264728097917722626
1264728028590026752
1264727809404141569
1264727561008902144
1264727544894492676
1264727118652403712
1264726950511349762
1264726886183104512
1264726826779152385
1264726242101800960
1264726145968177155
1264725593058246656
1264724122229190663
1264724017149181952
1264723929760841728
1264722823068540928
1264722698791301126
1264722397736783872
1264721899571068928
1264721303082274817
1264721045233139712
1264720901632700417
1264720780975357953
1264720307362856960
1264720201746190337
1264720146276536321
1264719819531845632
1264719787134980096
1264719329343311872
1264719198237810688
1264719088514785281
1264719083007815680
1264719050699091970
1264718774235590661
1264718608988377088
1264718567934529536
1264718514859831296
1264718510178988032
1264718388175073280
1264718354272534529
1264718317450940416
1264718304653963264
1264717909684707334
1264717745267945473
1264717605308260352
1264717483308703744
1264717334943600646
1264717268967014402
1264717121071779840
1264716498842595330
1264715818526404608
1264715776331784192
1264715774247292929
1264715766500167681
1264715552246939648
1264715198226669572
1264715079204786177
1264714611166793740
1264714517189140481
1264714474298265604
1264714427527356416
1264713881055719424
1264713796423057409
1264713768153513984
1264713767104872449
1264713634732785667
1264713485394391040
1264712905062146049
1264712777324621824
1264711781575884801
1264711706850123776
1264711514629398528
1264711236626845697
1264711023900016640
1264711018468593664
1264710444754837506
1264710401545039872
1264710121856401409
1264709863541813250
1264709324133326850
1264709299470626816
1264709254218424321
1264709203505172487
1264708864525717505
1264708327063289863
1264708279533539328
1264708172440272899
1264707600597336067
1264707569643171840
1264706672804671488
1264706631863918592
1264706571327508480
1264706459734093825
1264706162668105728
1264706072583036931
1264705769699708928
1264705587050397697
1264705438014111763
1264704946718380032
1264704870151569414
1264704858659094528
1264704394861428736
1264704211742330882
1264703692604936197
1264703575403499521
1264703385074352144
1264702942155698176
1264701528859799554
1264701377051312131
1264700882853257230
1264700828180504583
1264700722303680514
1264700358569463808
1264700035801010176
1264699850018271232
1264699556203298818
1264699318402981893
1264699103063216128
1264698899123634178
1264698857776177152
1264698683041263616
1264698141346902017
1264698048002895872
1264697913667706881
1264697682901123072
1264697095681748992
1264696907236081669
1264696533389209603
1264696248545628161
1264695532338860032
1264695119783100416
1264694627501629440
1264694068468211712
1264693998310080516
1264693974889005057
1264693550404513797
1264693320137269248
1264692986379632649
1264692788223975424
1264692709304008704
1264692555188449281
1264692270265020417
1264692119794380800
1264692098403622916
1264691899228618752
1264691783390429185
1264691574987911169
1264691482155335680
1264689740617363457
1264689537600585730
1264689511537098752
1264688900880162816
1264688735385509890
1264688583723618306
1264688440219774979
1264688309374197762
1264688199277789185
1264688120865398786
1264687609315385344
1264687346986840064
1264687243655999488
1264686724749262849
1264686429138857984
1264686318258319360
1264685651141824514
1264685649220829186
1264685173875986432
1264685168926887937
1264683771548143617
1264683614702272512
1264683550797959173
1264683163705434112
1264682873652678657
1264682473998426114
1264682471054065667
1264682212512927744
1264682018635464705
1264681620235325441
1264681226339856390
1264680980658319365
1264680934265311232
1264680762500153344
1264680708976660482
1264680527724007426
1264680288296275968
1264680030904487945
1264679252797972481
1264678326335090689
1264678279547682826
1264678008570462208
1264677845147754497
1264677769629351938
1264677705007673352
1264677657574285319
1264677186944077825
1264676851818983424
1264676485765500934
1264676420246274048
1264676051759714304
1264675135958720514
1264675089879953408
1264674767614943234
1264674466333896704
1264674466052915202
1264674432682991617
1264673833572696064
1264673143240617984
1264673126111215622
1264672833247952896
1264672113161469952
1264671903408521216
1264671629730332673
1264671460901126148
1264671244273754119
1264671233603440650
1264671189013794819
1264671103898787845
1264671067869720577
1264671039528853505
1264670704760430593
1264670479144583169
1264670451982143488
1264670352774434816
1264670272268861440
1264669959847923712
1264669365909291021
1264669320522711040
1264669279888302080
1264669244727324672
1264668956650078209
1264668893521440768
1264668826974576640
1264668586993496065
1264668270268833793
1264668142380466178
1264667978131550210
1264667685499084807
1264667552522792960
1264667534487412736
1264667445010198529
1264667422809821186
1264667400571621377
1264667215388831744
1264667130366066690
1264666967752839168
1264666892662382592
1264666790912802819
1264666776874430469
1264666550201704453
1264666219451502608
1264665950386675712
1264665938424627217
1264665497607405570
1264664641076150272
1264664263525838854
1264664066850795522
1264663359443677191
1264662993599639553
1264662871826403328
