1292203800904765443
1292203785041960960
1292203644759072768
1292203626174091264
1292203542065737728
1292203512840028160
1292203461514272772
1292203337299791872
1292203224825573377
1292203111788888064
1292203081002868737
1292203059766943744
1292203046127067137
1292202957006659587
1292202830770704385
1292202129239678976
1292202119479455744
1292202085170192384
1292201972133699586
1292201906488713217
1292201897290473472
1292201698937769984
1292201622680924161
1292201448458137600
1292201409023283202
1292201248423399430
1292201206358716416
1292201104227278848
1292200997473984518
1292200942281007105
1292200893685923840
1292200857401012225
1292200760525062146
1292200753503887362
1292200752543338502
1292200743672438791
1292200706598985730
1292200694217428992
1292200444316594184
1292200404126769154
1292200394001702915
1292200381959868416
1292200377266262016
1292200289668403206
1292200207531245573
1292200151013097472
1292200036223397894
1292199980690747393
1292199931080368128
1292199784573411328
1292199748573822983
1292199691329908737
1292199648501932033
1292199532529364993
1292199488891891712
1292199403143471109
1292199383807729664
1292199346201600002
1292199265088012292
1292199239196581890
1292199228014505984
1292199224260661250
1292199196859211782
1292199159378976769
1292199157793423360
1292199122154524673
1292199053376266247
1292199016445489153
1292198992722321408
1292198973164466176
1292198840590794752
1292198837717803011
1292198637397663745
1292198633715245063
1292198551666282499
1292198499782520832
1292198437417623552
1292198319326785536
1292198260430364672
1292198237126918149
1292198234316836868
1292198174027911169
1292198154063024129
1292198144550281216
1292198100426207237
1292198040179298308
1292197983942053900
1292197953227169796
1292197883643678721
1292197772142288899
1292197718752993280
1292197711609987074
1292197641627951104
1292197612276404230
1292197299326783493
1292197261284380675
1292197260751704065
1292197168250417157
1292197160235098112
1292197133961932800
1292197092572766208
1292197086818111490
1292197055482347520
1292197041125416962
1292197012570546177
1292196937060556800
1292196930563571715
1292196863576350721
1292196817480953856
1292196785033748480
1292196710920462338
1292196702942834688
1292196638140899331
1292196633913053184
1292196542972010497
1292196510877339649
1292196480250511360
1292196316760682496
1292196311970852865
1292196227606630401
1292196185726283777
1292196171050618880
1292196169897189376
1292196045565222912
1292195932507865088
1292195930968645633
1292195856737865730
1292195853785079809
1292195726622167051
1292195678878302209
1292195635769286663
1292195593020936195
1292195540399202308
1292195529603141637
1292195465619013632
1292195422417502208
1292195394785615873
1292195382642880512
1292195343623499777
1292195259858980865
1292195176014741504
1292195017524744192
1292195004266373120
1292194982456168454
1292194884926005249
1292194834300702720
1292194814230962178
1292194661591920641
1292194626124697601
1292194599461629952
1292194581790912512
1292194514581495808
1292194485460504578
1292194368942755841
1292194299531210754
1292194283995488258
1292194282783244290
1292194138943881218
1292194105662083073
1292194015971020800
1292193993766268928
1292193769157263361
1292193746126344192
1292193734688309248
1292193732712976384
1292193678455386112
1292193586713374725
1292193567759269889
1292193413228638208
1292193403711762432
1292193379195842560
1292193346987859970
1292193327123767298
1292193281116459010
1292193268936187905
1292193194415779841
1292193185683386371
1292193184597118978
1292193128187748352
1292192971128004608
1292192917063380992
1292192815359942665
1292192668668305409
1292192592139034626
1292192560077664256
1292192479286980608
1292192422764720136
1292192376497340420
1292192338681434120
1292192207550775296
1292192014809759744
1292192005339086857
1292191971214266368
1292191947780763649
1292191904214315008
1292191858895081473
1292191834228363267
1292191747590651905
1292191727365881857
1292191682927058945
1292191671246036997
1292191557802700801
1292191525539987457
1292191340252495873
1292191186220978182
1292191170479771650
1292191114032828417
1292190959053099008
1292190936751943680
1292190905492025349
1292190858633248777
1292190813540294661
1292190792312852481
1292190415140118530
1292190393895759872
1292190209728282625
1292190206523670533
1292190191306801158
1292190163926429696
1292190128752844800
1292190009454362624
1292189982359093248
1292189898804527107
1292189890055151619
1292189886158712839
1292189833285304322
1292189808077438976
1292189779434647552
1292189778226675713
1292189767522820096
1292189711952424968
1292189678536404992
1292189577239724032
1292189466753458176
1292189105594535936
1292189084870496257
1292189010392223747
1292188965349580802
1292188888786710528
1292188839558217728
1292188782335348746
1292188775494418432
1292188741604433921
1292188739410833420
1292188538922991616
1292188516928180224
1292188374007263234
1292188350481420288
1292188097246048256
1292188037879934976
1292187986529050624
1292187985870495744
1292187830538493952
1292187788192829445
1292187734778486785
1292187596001615877
1292187583812980740
1292187369026785281
1292187349577797634
1292187307416719367
1292187269588189184
1292187264366370816
1292187241201180673
1292187240563707906
1292187218216398848
1292187047537659912
1292187030764621827
1292186981896785921
1292186974879657987
1292186809162706945
1292186721392758786
1292186679952805889
1292186670637486082
1292186666610962435
1292186583542706178
1292186563946754048
1292186419943952384
1292186330080976897
1292186246563995659
1292186245469278208
1292186073158672384
1292186030624448512
1292185933215748096
1292185851452170240
1292185842207907847
1292185813615345666
1292185798092103680
1292185761480155137
1292185750788640768
1292185673303306240
1292185673101967361
1292185640331808769
1292185604785147910
1292185486761455618
1292185396508610560
1292185392796577798
1292185238945165312
1292185206158311425
1292185127313977344
1292184945272725506
1292184596017291265
1292184589373452293
1292184553340239878
1292184433978740738
1292184415842578438
1292184320074031111
1292184264201601024
1292184241699258368
1292184223701491714
1292184062283730946
1292184027768786949
1292184023645659136
1292184004683108352
1292183959208710145
1292183841675849730
1292183822482767877
1292183709622259713
1292183699426103296
1292183648452718592
1292183481590509568
1292183411923341316
1292183411403218945
1292183410983624704
1292183388019765248
1292183274656272390
1292183268905943046
1292183165730095105
1292183152035860481
1292183099187527682
1292183065318612998
1292182985022857217
1292182946573684736
1292182832803192832
1292182767636291591
1292182677240590341
1292182560202567680
1292182462521659396
1292182451155017733
1292182356485447683
1292182180764868608
1292182126910152705
1292182096526618624
1292181985960628225
1292181960283037698
1292181940532137991
1292181874706653184
1292181868394102784
1292181829378703360
1292181817261465608
1292181587954667527
1292181577720639491
1292181528739549184
1292181510217498628
1292181489099120644
1292181459701309440
1292181308739858432
1292181240733413376
1292181232290209792
1292181213852180480
1292181193190969344
1292181088148783105
1292181041407569922
1292181025179815937
1292181000466976770
1292180957676679169
1292180929692172290
1292180839619375106
1292180804018282498
1292180766261207048
1292180663534104577
1292180585679470592
1292180582072549376
1292180495921491968
1292180486752595968
1292180466901098497
1292180397762084865
1292180362911789057
1292180347132579840
1292180303956639745
1292180238693216257
1292180214429016064
1292180172297269259
1292180106480427009
1292180050394198016
1292180045385986048
1292180041275600896
1292180001278824449
1292179891400646660
1292179800501583874
1292179729903222786
1292179703760027649
1292179695228911623
1292179655852793865
1292179613821665282
1292179599728750592
1292179534377181184
1292179488114118656
1292179469663375362
1292179285663514627
1292179225458376704
1292179129513545728
1292179109322334208
1292179100614955008
1292179053080981504
1292179043572490241
1292179019539124224
1292179001117745152
1292178888077041664
1292178822666899458
1292178812348792832
1292178714432856075
1292178638771716098
1292178617930264577
1292178578784899072
1292178558404763648
1292178555892371462
1292178501278343169
1292178474203897856
1292178332914782210
1292178325964763138
1292178306515828737
1292178216329904128
1292178214555713536
1292178098620956674
1292178097261903872
1292178078928711683
1292177989371912194
1292177833150877701
1292177810010902529
1292177747616452608
1292177716847030272
1292177668201484288
1292177625859858433
1292177428991926275
1292177399510183936
1292177342048145417
1292177322989293570
1292177160606814208
1292177097125851136
1292177084366958592
1292177017039880192
1292176980775927809
1292176916573761541
1292176910777188353
1292176823506415616
1292176800815054848
1292176782171373568
1292176691654262784
1292176623593299970
1292176599715139585
1292176577791393792
1292176495054655490
1292176469804761088
1292176465765609472
1292176439878586369
1292176417803964417
1292176362875355138
1292176124026458113
1292176019399507970
1292175974092677123
1292175972096245762
1292175896162566144
1292175778147426309
1292175556960817156
1292175555144581120
1292175544637771777
1292175516674355201
1292175507346223110
1292175483078148097
1292175462354112515
1292175351309893638
1292175315792474113
1292175246213218304
1292175216123289600
1292175183055163397
1292175181432193028
1292175149240811521
1292175039283036160
1292174979962937346
1292174938686648320
1292174826807926790
1292174662911307776
1292174584565977088
1292174493599899655
1292174483902599173
1292174438100852736
1292174374921854977
1292174366533398531
1292174273495339012
1292174119656656896
1292174113868582927
1292174059942416384
1292174053902557184
1292173986260975616
1292173968900796416
1292173848620793857
1292173813778538497
1292173808481296392
1292173762893414410
1292173757092634634
1292173689790836740
1292173689392443392
1292173669284941824
1292173668311642113
1292173663257522176
1292173621859766272
1292173618995060736
1292173618818904065
1292173617413775360
1292173617275396096
1292173617220874240
1292173616990175232
1292173616977547264
1292173616851726336
1292173616667189248
1292173616251981824
1292173616008765440
1292173614800760834
1292173614763081731
1292173610178826240
1292173606332649473
1292173604088614912
1292173470596464640
1292173456092606466
1292173452980269056
1292173265390059520
1292173265016885249
1292173236990382080
1292173180224839683
1292173127473082368
1292173109966049281
1292173079653752833
1292172972334211072
1292172877911990273
1292172807225442307
1292172806180880384
1292172793761718272
1292172701075898371
1292172628912934914
1292172560109625347
1292172438827085824
1292172436247633921
1292172426693009410
1292172383294455813
1292172361375113222
1292172346506305537
1292172330660233219
1292172281440083970
1292172179791122433
1292172117778345985
1292171980859416576
1292171891667607553
1292171826446192643
1292171753876336640
1292171717389848576
1292171701816631308
1292171636574236672
1292171607474143232
1292171589073674240
1292171575513559040
1292171557339566080
1292171416054325248
1292171407988854790
1292171344382238722
1292171325755334657
1292171281031290880
1292171168036732928
1292171165516079112
1292171127725465601
1292171110503665666
1292171005155254272
1292170923991117825
1292170883948257280
1292170840671387650
1292170817242107905
1292170799676379136
1292170759520083973
1292170709414875136
1292170676439093248
1292170668448997376
1292170656604274688
1292170607052890113
1292170573175574528
1292170525981265920
1292170432112660481
1292170419861168133
1292170273039548422
1292170201526484995
1292170127463481345
1292170097763573760
1292170092562780161
1292170074632028162
1292170026263470082
1292169982630141954
1292169956055044098
1292169915969961984
1292169908160167936
1292169907199778818
1292169868993675264
1292169792619782147
1292169750051725312
1292169718300733441
1292169718292332544
1292169674042482688
1292169670141906945
1292169578534113281
1292169553728999425
1292169528294518786
1292169498104082433
1292169405091250176
1292169393506603009
1292169384333582336
1292169273138384897
1292169237684006914
1292169172588343298
1292169058377318401
1292169044582375426
1292169027024977920
1292169012261117952
1292169002903642118
1292168984469676035
1292168877007425537
1292168875748933633
1292168863484788740
1292168794014507008
1292168662779072512
1292168616419434496
1292168615421067264
1292168574509944839
1292168490120601603
1292168486228242438
1292168458520498185
1292168451943956483
1292168370591272960
1292168344175620096
1292168270477496320
1292168258477535232
1292168134309404672
1292168128491933701
1292168088138534913
1292168031062261762
1292168012716482561
1292167861646098434
1292167859708149760
1292167551510892546
1292167411567923203
1292167404546490368
1292167339920838658
1292167318756360195
1292167161574838273
1292167091815092225
1292167082340225024
1292167052548083717
1292167007186477056
1292166968066412545
1292166868862631937
1292166850747473921
1292166732933734400
1292166691498143745
1292166677015212033
1292166658782568448
1292166651555831810
1292166640805851137
1292166532269654016
1292166530805968901
1292166518650753024
1292166487013314560
1292166462266843138
1292166456457793539
1292166451433033728
1292166433842122754
1292166305248763905
1292166287016198144
1292166115297316867
1292166115129352193
1292166092543098882
1292166023387389953
1292165998083072001
1292165953229393925
1292165935625732097
1292165857901268992
1292165760601620480
1292165579667906560
1292165523950596096
1292165478756913152
1292165454929301504
1292165358670024712
1292165341884428289
1292165319994286088
1292165314742874112
1292165265124462594
1292165263207682049
1292165252600270848
1292165226192932864
1292164984672268289
1292164948903243778
1292164932239327238
1292164867017904141
1292164847623213056
1292164822034010112
1292164820142370819
1292164794276085760
1292164779516342282
1292164758393761794
1292164737204203521
1292164720078794752
1292164663694757888
1292164646670077952
1292164625723584513
1292164604504702977
1292164602516701184
1292164585206603777
1292164500897107969
1292164499206737920
1292164474711859201
1292164406839836672
1292164345623916547
1292164258818555904
1292164186722594816
1292164162387210241
1292164088534118401
1292163803350736896
1292163643371597832
1292163577516785665
1292163565273718788
1292163332204425216
1292163279175979011
1292163213405151233
1292163087320178690
1292163067070029825
1292162982164692994
1292162864967557120
1292162850715205633
1292162778199928832
1292162770612486145
1292162713142145024
1292162685606309888
1292162661782880264
1292162576189517824
1292162470069624834
1292162453535633409
1292162447139201024
1292162433579130881
1292162429086887936
1292162386720366594
1292162322044248068
1292162315140431873
1292162300284211202
1292162283175587840
1292162232525225996
1292162223201230849
1292162130268033030
1292162112945565703
1292162072545865728
1292161966539243520
1292161915142234113
1292161884112658433
1292161841888665600
1292161793851301888
1292161774423162881
1292161751086227458
1292161750297534465
1292161729389101057
1292161625907232768
1292161570135449600
1292161458701307906
1292161452753682433
1292161433627549698
1292161317860777986
1292161253390069761
1292161226089275392
1292161202265759744
1292161156396851207
1292161098452316160
1292161083881533444
1292160906160484352
1292160876963745792
1292160831497674752
1292160797372821505
1292160701994172416
1292160612756271105
1292160609782505473
1292160591688327169
1292160485610205187
1292160406098673664
1292160353615388672
1292160330731327488
1292160268672348160
1292160257905643521
1292160249093328899
1292160214679146496
1292160079618347009
1292159970968924160
1292159892741074944
1292159580273872899
1292159550263525378
1292159544823558144
1292159434269978625
1292159408223531009
1292159261112520704
1292159260479062017
1292159235137167361
1292159231571959809
1292159231286816768
1292159189511540737
1292159120544391168
1292159101397606400
1292159080849711105
1292158979926183936
1292158965367877633
1292158899433304065
1292158832936996868
1292158742545543168
1292158701864878084
1292158661243019266
1292158592326553600
1292158584885620736
1292158571241775105
1292158557115359233
1292158523615219714
1292158503965122563
1292158271403458561
1292158264700833792
1292158167770685451
1292158121519935488
1292158087931936769
1292158075630227457
1292158020823191553
1292157947209027584
1292157943085924355
1292157850773598210
1292157831907618816
1292157719563116546
1292157679603941377
1292157666832396288
1292157666286919680
1292157633504382977
1292157607231315969
1292157575849324544
1292157509008896000
1292157467606966272
1292157419355869189
1292157398749241345
1292157365953929219
1292157356487278593
1292157349935939585
1292157346433703938
1292157280465702913
1292157198542438400
1292157160886083584
1292157140145242112
1292157124512948224
1292157113393913856
1292157103721910273
1292157015465361408
1292156941674872832
1292156856199196672
1292156820866260993
1292156763387629574
1292156720056213505
1292156587507879937
1292156577575841793
1292156485380608001
1292156411531669504
1292156361938276353
1292156352463138816
1292156234213326849
1292156210720829440
1292156099538427905
1292155990104633346
1292155922433933323
1292155887969173509
1292155842561601536
1292155839030206471
1292155830305828864
1292155768997851139
1292155718431174657
1292155679977816064
1292155677725483008
1292155677360742400
1292155676551024642
1292155570716389383
1292155501317246980
1292155213428568070
1292155162312597504
1292155054535958528
1292155026085822465
1292154961195945990
1292154958523973632
1292154791737491456
1292154788851916801
1292154780572409857
1292154754936778753
1292154682375315456
1292154491106660352
1292154421493866497
1292154378376433668
1292154358138716161
1292154243483414529
1292154178668834816
1292154110767034368
1292154047743627264
1292153944593108993
1292153914943352833
1292153866641973254
1292153864058212357
1292153780046184448
1292153735964061697
1292153731887190016
1292153693144416256
1292153663071432706
1292153651788685313
1292153650882674689
1292153635564949505
1292153590887469056
1292153550735376384
1292153511094829056
1292153471517433856
1292153440492236801
1292153429859524609
1292153397404028928
1292153361332965378
1292153325622685696
1292153291162259462
1292153258815848450
1292153147914366980
1292153029471408129
1292152891478867968
1292152874580017158
1292152808771215361
1292152711962484736
1292152663493300229
1292152581565878272
1292152531469176832
1292152426028400641
1292152388242092035
1292152331463663616
1292152320063504384
1292152153876955141
1292152133173698560
1292152116891590656
1292152096658198532
1292152080262746113
1292152035505143809
1292152023220211712
1292151881888866306
1292151806865350656
1292151759016796160
1292151686316859393
1292151673599582208
1292151650623209472
1292151625298190336
1292151615718215681
1292151576086245376
1292151502904098822
1292151471547412480
1292151453063282689
1292151438764777473
1292151294417747968
1292151209730678784
1292150929563811846
1292150908659421190
1292150872424583168
1292150804242104320
1292150752840839168
1292150712269279232
1292150707454451712
1292150676902965249
1292150573815476225
1292150551380197376
1292150530823688193
1292150507478417408
1292150492580032517
1292150449613701121
1292150441782865921
1292150422828797952
1292150412892672000
1292150392948772869
1292150358232281088
1292150357632659464
1292150314221465605
1292150288086859781
1292150236979163138
1292150215986814982
1292150165718040577
1292150152187191296
1292150136500559873
1292150115369533440
1292150075074912258
1292150049074319364
1292149952165142530
1292149933747863559
1292149924000407565
1292149856924872705
1292149799865786368
1292149666604187649
1292149629593804803
1292149601957486593
1292149566607785986
1292149525117886465
1292149520139255808
1292149516360196098
1292149427419983872
1292149418435592195
1292149417924067331
1292149405622173696
1292149390061318147
1292149286906585088
1292149257470914560
1292149226340835328
1292149091011633152
1292149030949138442
1292149010476797954
1292148957112668167
1292148931703353344
1292148760756146177
1292148728774758400
1292148713083871232
1292148627020939264
1292148605479006211
1292148577914019840
1292148481830903808
1292148229543350273
1292148139923853315
1292148136794783744
1292148007312461824
1292147874696847361
1292147854945980417
1292147774620803072
1292147720203862016
1292147568877731840
1292147549453922304
1292147360139747328
1292147334789332993
1292147314723893249
1292147223598379008
1292147084536225792
1292146867703341056
1292146774065516555
1292146692481880067
1292146511694958592
1292146501326475264
1292146391024832512
1292146367020896259
1292146310770982915
1292146275387932679
1292146246753431552
1292146170052186113
1292146083855052800
1292146048664776704
1292146043723759616
1292146042025070592
1292146017169805313
1292145852450926592
1292145828589637633
1292145814693969920
1292145689892474883
1292145683835822082
1292145569138319360
1292145551056740356
1292145507117215746
1292145480512737281
1292145465786617856
1292145370361995264
1292145309183746049
1292145301441060864
1292145196201734147
1292145131257176066
1292145105659363329
1292144975279423488
1292144940714283009
1292144913480667139
1292144866462441473
1292144839484678144
1292144811106017281
1292144765878693895
1292144595921502208
1292144590020136960
1292144584194166785
1292144578552909824
1292144471862198272
1292144469140221952
1292144426974941192
1292144351070609410
1292144329159593985
1292144293310861313
1292144276730601472
1292144152638087169
1292144130706087936
1292144085806075907
1292144057045716997
1292143940536356864
1292143939944886273
1292143924367130624
1292143747673870336
1292143737750126593
1292143647690035200
1292143606564823040
1292143586734231552
1292143563451633665
1292143561153163267
1292143523328860162
1292143446610915329
1292143436808757248
1292143328524476418
1292143255317090304
1292143194789097473
1292143114388471813
1292143071564570624
1292143031580266496
1292142990719430657
1292142805175996420
1292142796300783617
1292142669867692033
1292142654000705536
1292142625445818371
1292142617598320647
1292142611218812928
1292142606005215234
1292142567702900742
1292142492922650624
1292142463877091329
1292142299451994113
1292142292527087619
1292142290341945345
1292142256472961025
1292142150004744192
1292142027459768320
1292142023420641288
1292141980580028416
1292141858437488645
1292141825042546688
1292141824484704257
1292141772500598784
1292141522129805314
1292141473563938816
1292141443260329986
1292141422208937984
1292141189345378307
1292141176254951424
1292141104758837248
1292141077235929091
1292140997103714304
1292140965264752640
1292140923640410112
1292140922109665280
1292140893156315138
1292140817998651392
1292140772221911040
1292140744514441223
1292140698427363330
1292140654001295360
1292140634803847168
1292140604915355650
1292140567888093186
1292140463126962177
1292140372055846912
1292140272902500353
1292140261792002048
1292140231844483073
1292140190367125505
1292140154858110976
1292140021558976514
1292139993843081221
1292139830768316416
1292139781779005444
1292139672701939712
1292139654930731009
1292139590535524353
1292139583920988162
1292139565701107714
1292139545429815297
1292139535502118913
1292139445223927810
1292139419508580358
1292139253095333889
1292139189576712194
1292139117606776843
1292138989030432770
1292138968604119041
1292138926069686273
1292138809019322371
1292138779403096064
1292138767118204929
1292138693235376128
1292138673299951616
1292138655604256770
1292138617490595840
1292138532190920705
1292138504189771777
1292138486590513152
1292138376309637121
1292138356869128196
1292138344025972736
1292138340028882944
1292138322899468290
1292138285624696833
1292138183929593857
1292138079193575430
1292137883894255616
1292137870044598275
1292137716298252288
1292137716025630721
1292137584706162689
1292137542121402371
1292137517576265728
1292137388735512576
1292137332255186944
1292137306082676739
1292137292979744775
1292137227829616641
1292137171831463938
1292137099177734144
1292136943120154625
1292136841903247360
1292136806893236224
1292136786978889730
1292136753659355136
1292136702866333698
1292136629956730882
1292136603306123267
1292136600655323138
1292136552055869442
1292136547299581952
1292136531935875073
1292136498175840256
1292136490219245571
1292136385432952832
1292136375106646018
1292136363685339137
1292136328403079171
1292136265245220866
1292136238087114752
1292136106792611840
1292135998671880198
1292135996566503430
1292135813686480897
1292135612955467777
1292135604701089798
1292135527966298113
1292135517652492289
1292135492608315393
1292135488384630786
1292135468402909185
1292135416062246912
1292135368658214914
1292135336340946950
1292135274856820745
1292135232091627521
1292135220326674433
1292135127527587840
1292135116270166023
1292135114349121543
1292135110381314049
1292135062218117124
1292134978495619073
1292134907733397506
1292134847721254912
1292134728422821890
1292134726833233928
1292134511757545473
1292134382107410432
1292134295642013697
1292134214687756289
1292134037222555649
1292134004351569921
1292133997934501891
1292133895014686720
1292133872763838469
1292133847845478405
1292133772524163072
1292133750600380417
1292133708116512768
1292133705914421249
1292133602885619713
1292133588918575104
1292133480336367616
1292133477861797890
1292133476011917313
1292133454868623363
1292133450829324288
1292133359108358144
1292133314770288641
1292133304859160576
1292133205408129024
1292133184860233730
1292133152660623360
1292133144733376512
1292133068006801413
1292133029415190528
1292132977858826242
1292132901400621056
1292132861353644033
1292132853631922176
1292132810841440256
1292132726628286465
1292132713349226496
1292132637558153218
1292132633133154304
1292132544830472192
1292132515008798721
1292132506251272193
1292132503659085824
1292132461342752768
1292132449846272002
1292132335580852224
1292132285429374976
1292132196304723968
1292132148233854979
1292132096492830722
1292132042814246912
1292132025361747969
1292132011138637824
1292131983599034368
1292131969673973764
1292131925943967744
1292131880725340161
1292131837406584837
1292131816279805952
1292131808679792640
1292131786424823809
1292131786328363008
1292131781324357632
1292131765126139905
1292131704799404032
1292131648520232960
1292131578328621056
1292131577074520066
1292131545201938432
1292131493700161536
1292131482635575296
1292131464272916482
1292131453065736192
1292131445377466368
1292131379824619520
1292131318533369857
1292131218213883905
1292131147334516738
1292131136794230784
1292131113171746818
1292131060369821697
1292131043080835078
1292131008540749825
1292131006711885831
1292130954002092033
1292130935199145986
1292130926009475079
1292130909844578312
1292130881029668867
1292130807327469569
1292130773974351873
1292130684421603329
1292130592981749760
1292130475990024193
1292130455794352130
1292130314911916032
1292130260780294145
1292130188403253249
1292130144144904192
1292130128009420800
1292130062276407296
1292129975420817411
1292129968093372417
1292129915362586624
1292129824446853120
1292129660474667013
1292129657442238464
1292129630904676352
1292129562860630016
1292129528307781633
1292129523094495232
1292129189265575936
1292129057434370048
1292129033405177856
1292129009334128643
1292128965058916353
1292128908100407301
1292128907454484481
1292128832762380290
1292128739950768133
1292128722200539140
1292128691896623104
1292128665875238914
1292128663735918592
1292128660728745985
1292128639375548418
1292128567812329475
1292128541841281025
1292128514682966016
1292128465781690369
1292128441664446467
1292128307648114688
1292128254577369088
1292128248579739654
1292128209883082752
1292128189641306113
1292128185665163264
1292128116941479936
1292127989237460992
1292127944387821570
1292127914641821696
1292127909554126848
1292127833095995392
1292127803249500160
1292127755245694976
1292127705895501825
1292127687071457287
1292127461862498307
1292127459106848769
1292127425690656768
1292127401460166662
1292127288197148673
1292127282165886976
1292127281658261505
1292127277166329856
1292126989629915141
1292126925117362176
1292126922831474688
1292126913067180032
1292126907463544835
1292126869945491457
1292126869446418432
1292126714194100224
1292126679431774208
1292126675938029568
1292126655864090624
1292126640508669956
1292126629846593537
1292126541942415361
1292126539539193856
1292126534099013634
1292126452310085632
1292126336019050497
1292125988818767872
1292125964600737794
1292125884841951233
1292125881029165056
1292125874037432320
1292125829208715265
1292125818093744128
1292125735893827584
1292125693883621377
1292125519501234182
1292125505622290432
1292125467630358528
1292125413322489856
1292125320313802752
1292125301745516544
1292125269730267136
1292125231411277824
1292125219922907136
1292125215019995136
1292125056244408323
1292124829756403712
1292124795925078016
1292124696956346369
1292124611010854917
1292124563699126273
1292124445407092741
1292124398225371137
1292124397860421632
1292124355250405378
1292124316767846406
1292124270412173312
1292124206537355269
1292124145061441540
1292124098555006976
1292124037590798337
1292124014966702084
1292123998646677510
1292123991646392325
1292123967289995264
1292123954421915651
1292123913116360705
1292123785332695041
1292123642642477056
1292123606621855747
1292123587625852929
1292123481639915522
1292123456897785858
1292123359233400832
1292123334885412864
1292123326970814467
1292123248763662336
1292123247501348864
1292123126948679680
1292123098171363328
1292123079846625282
1292122906688761856
1292122763117944834
1292122650047852549
1292122556829442048
1292122496578326536
1292122452969918465
1292122354072641537
1292122298561040396
1292122268433227776
1292122216105205763
1292122209792729088
1292122115999752201
1292122112900190210
1292122036609978369
1292121919139934213
1292121870737833984
1292121771911634944
1292121762109562880
1292121741721042949
1292121730631077888
1292121723454861319
1292121603241725953
1292121555225513984
1292121535399055368
1292121432181231617
1292121428574253057
1292121401453764608
1292121236928114693
1292121000465690626
1292120981209849856
1292120979439792128
1292120968744316929
1292120781799993345
1292120740586762241
1292120526450720768
1292120525528092674
1292120503889596416
1292120467587858435
1292120377783660545
1292120294958739456
1292120209080426498
1292120190604345346
1292120166700945408
1292120057208872962
1292120004234797060
1292119966188277762
1292119877650722817
1292119833740378113
1292119826681548800
1292119816724197377
1292119795924709376
1292119773325586432
1292119715213725696
1292119692295802880
1292119509512458240
1292119458438316033
1292119443154362369
1292119276036468736
1292119064324841473
1292119009102462979
1292118986713333767
1292118933433200640
1292118894807855105
1292118869218222085
1292118793808949252
1292118549784387586
1292118457396473858
1292118411665903616
1292118375313727489
1292118331114360832
1292118316371202049
1292118209097797633
1292118175019040768
1292118073680580610
1292118059977773058
1292117958513307650
1292117896513150976
1292117811159015425
1292117682939199489
1292117664488402945
1292117633404268545
1292117584331132930
1292117570053496835
1292117563607056384
1292117469574893575
1292117454332801024
1292117385625968641
1292117289693741056
1292117111255502850
1292117023665922048
1292116929952378880
1292116916253925382
1292116908641329154
1292116737073217537
1292116726226845696
1292116635281547264
1292116615161667584
1292116535671234561
1292116448924577793
1292116439881719808
1292116438292013056
1292116099409022977
1292115960661499905
1292115945448714242
1292115843632058369
1292115718851395584
1292115578233077760
1292115475250524161
1292115359927922689
1292115346879655937
1292115254072225794
1292115238897299456
1292115173298200576
1292114974131789826
1292114953235607554
1292114928053223428
1292114911322087424
1292114907857641472
1292114786843602944
1292114662398468107
1292114660049719298
1292114640873414656
1292114638063251457
1292114593288986624
1292114504201928704
1292114457200668680
1292114406445203456
1292114398778187781
1292114385880711168
1292114280469262337
1292114249825820672
1292114228661248000
1292114222789394432
1292114166300508160
1292114139398025216
1292114124051283968
1292114096599502850
1292114038307131397
1292113924310085632
1292113836497989638
1292113814201044992
1292113811319795714
1292113775714275328
1292113775089287168
1292113760098889730
1292113714397589504
1292113703660290048
1292113698266517504
1292113606566457344
1292113588656668674
1292113581136216068
1292113575104765954
1292113556108988420
1292113450433417216
1292113374801788929
1292113359127674881
1292113358964043782
1292113349635969026
1292113148049338368
1292112999373852672
1292112955602083841
1292112940167028737
1292112916238327810
1292112910593019904
1292112672801071104
1292112661426114562
1292112640488210432
1292112539409502208
1292112484078194696
1292112417204445187
1292112403359059968
1292112251651002368
1292112181782360077
1292112082083745793
1292111898016653313
1292111889372254210
1292111875052838913
1292111775253565443
1292111725911711744
1292111696371290113
1292111618688589826
1292111444817969153
1292111388282945537
1292111204018724869
1292111150038093824
1292111042282164226
1292110995943563264
1292110845791604736
1292110803819257858
1292110715860459524
1292110671212097536
1292110641705230340
1292110618955218944
1292110613783748608
1292110605646729216
1292110480501346309
1292110475229003777
1292110418022928385
1292110405209268225
1292110405037363201
1292110351312531462
1292110307964395522
1292110229786767362
1292110177743839235
1292110052032208896
1292109914924617728
1292109914081566720
1292109905671983104
1292109831130812418
1292109771626119168
1292109671814266881
1292109659483111425
1292109619121336321
1292109567749316611
1292109556420505602
1292109450157985792
1292109234511937537
1292109137741058048
1292109101678366721
1292109095516987393
1292109062600097794
1292108929401606145
1292108925089787912
1292108864897323008
1292108816276848641
1292108623754088451
1292108588295557122
1292108469248700418
1292108460990050304
1292108431550304256
1292108377393422338
1292108288436428802
1292108287220031489
1292107976489283586
1292107903541878786
1292107883308605440
1292107773149315086
1292107716710797319
1292107636243083265
1292107616424992770
1292107496203718657
1292107363365933057
1292107342092349442
1292107296827494400
1292107234227429376
1292107220935536641
1292107173296656384
1292107171824578565
1292107019013337091
1292106998436298754
1292106961748713473
1292106956929290240
1292106922016018434
1292106800083460097
1292106336424075264
1292106315683131399
1292106213900070914
1292106196699078656
1292106000321871873
1292105994542211074
1292105973096689664
1292105952448126976
1292105891450359809
1292105846520860672
1292105824844865536
1292105748126801920
1292105663116648448
1292105479288692737
1292105456807301121
1292105384891621376
1292105370832379905
1292105330902663171
1292105253249331200
1292105070927126528
1292104998353022978
1292104991017246720
1292104960830775300
1292104943650787335
1292104935010689025
1292104889410224129
1292104845197897730
1292104818622955520
1292104803762475009
1292104761718661120
1292104737983266822
1292104702465732608
1292104607171149824
1292104548463640577
1292104528603557889
1292104425566347264
1292104349435527168
1292104132506116096
1292104053028204544
1292103917271015424
1292103791559442432
1292103788040462338
1292103702023741441
1292103669232685058
1292103612383068165
1292103589037584385
1292103576551141376
1292103499212378115
1292103489699680258
1292103382778306560
1292103229681987586
1292103113621504000
1292102910894125062
1292102664113856512
1292102582790389760
1292102557138124801
1292102468957085698
1292102447146635264
1292102427928387586
1292102409905479680
1292102385964396545
1292102370017423362
1292102367400415233
1292102282524479488
1292102217772797952
1292102172310515712
1292102171287261184
1292102064122875905
1292102050981978112
1292102025862246401
1292101941296799744
1292101911584227330
1292101878436823040
1292101876415168514
1292101848602570757
1292101801421017090
1292101766213853186
1292101636618366977
1292101562861576193
1292101324444708864
1292101309370437638
1292101297970114565
1292101280647782402
1292101254047584256
1292101239761702912
1292101151329058816
1292100891982602241
1292100788504780800
1292100608946843648
1292100514776326146
1292100405837479936
1292100390033461248
1292100364993527808
1292100336505819139
1292100315676921857
1292100314011762689
1292100225868410881
1292100166699429888
1292100118309724162
1292100059434295301
1292100039980904448
1292099824074887168
1292099794995941377
1292099756840366081
1292099418183946240
1292099256401174530
1292099191892840448
1292099086896832516
1292099005695107073
1292098954130272256
1292098696348401665
1292098616312594436
1292098608636940288
1292098608452399105
1292098579801276418
1292098428416057345
1292098418811129856
1292098311177089025
1292098249789145089
1292098232978481152
1292098225361555457
1292098197205274624
1292098133535731712
1292098094746624001
1292098092817317889
1292097950349500417
1292097914874015745
1292097805314473984
1292097694404468737
1292097664834625536
1292097657100525569
1292097653900222464
1292097640390418433
1292097583784001536
1292097535138361344
1292097187879489536
1292097171416907776
1292097151208742912
1292097150554382342
1292097147979038722
1292097130342088704
1292097010024275968
1292096987580563457
1292096977887547393
1292096769136918528
1292096627243532288
1292096533563879425
1292096455130324993
1292096387484545025
1292096334674243584
1292096233088090113
1292096197180653569
1292096156634419203
1292096146010144769
1292096137982357506
1292096127341338626
1292095900861464576
1292095899653607430
1292095883056680960
1292095865553858561
1292095773094678532
1292095693331587073
1292095662457122816
1292095660670570496
1292095632472080389
1292095574112641024
1292095460858114048
1292095346877833219
1292095314481094662
1292095303047426050
1292095259854417920
1292095231555444736
1292095210667769856
1292095182058524672
1292095151997739009
1292095150466899969
1292095099258667009
1292094970778669056
1292094957239631874
1292094676426723328
1292094669384384513
1292094501356539905
1292094490543566856
1292094481425211393
1292094361229041668
1292094326479126528
1292094273052119040
1292094234288365570
1292094101517672454
1292094077756940289
1292094037244219392
1292093936211722244
1292093927051468801
1292093735900254208
1292093731974385666
1292093683320393731
1292093632930107394
1292093598289330177
1292093541636878337
1292093449018265606
1292093279455137797
1292093217828155401
1292093157329469440
1292093057421029377
1292092877926019072
1292092872804753408
1292092815690944512
1292092806769422338
1292092787622588417
1292092719599357952
1292092708396335104
1292092524283269120
1292092491802513409
1292092422126804995
1292092396700925952
1292092316937674754
1292092276479598593
1292092252379111424
1292092213028159488
1292091839865069573
1292091817127813123
1292091785427267584
1292091711120908291
1292091485177905159
1292091235860176896
1292091210580889600
1292091173444751361
1292090995455201283
1292090881193975810
1292090806883450880
1292090581745885186
1292090460140429312
1292090280481619970
1292090219932639232
1292090176433512449
1292090115691429888
1292090049677459457
1292090028391387138
1292089844131405824
1292089832244523014
1292089669488988162
1292089639302344705
1292089575897088000
1292089485447094273
1292089387640147968
1292089349023174658
1292089037839200256
1292088707097538563
1292088628903059458
1292088560070414343
1292088496014807040
1292088456005517313
1292088455099371520
1292088408932790272
1292088227600445440
1292088151461134339
1292088142728761345
1292088127084007424
1292088104673845250
1292088010725634048
1292087932040421376
1292087741736456194
1292087729795235840
1292087591983108097
1292087582524755968
1292087563625336832
1292087346318508033
1292087261337706497
1292087198905507842
1292087064435888129
1292087042537590784
1292086809686618112
1292086759103311872
1292086734860120067
1292086660210008069
1292086619881824258
1292086610142666752
1292086540005515264
1292086379644624896
1292086372644331520
1292086286971482114
1292086276640972801
1292086252431388674
1292086239802331137
1292086221838180353
1292086108910755842
1292086077080010752
1292086068603506688
1292086047640256515
1292086035128745986
1292085922096386048
1292085871383060482
1292085861119655939
1292085814290026496
1292085791636647936
1292085761567793152
1292085690579259392
1292085615924830209
1292085587776663556
1292085471280013315
1292085452019765248
1292085353587847170
1292085105096302592
1292085099874463744
1292085065644740608
1292084783703457793
1292084751407484928
1292084597908320256
1292084507965882370
1292084362540965888
1292084314394566656
1292084179325390848
1292084157087186944
1292084149012926465
1292083961661919232
1292083862512775168
1292083794548146176
1292083679615950848
1292083671760076802
1292083667247026177
1292083543083028481
1292083471935037440
1292083408311640065
1292083407569195008
1292083380369031168
1292082945080139777
1292082719858388994
1292082705895772161
1292082701856538625
1292082651222999040
1292082647296925697
1292082563016794113
1292082516929720321
1292082306207842304
1292082293897560066
1292081957250183169
1292081808767508481
1292081728975179776
1292081700177170433
1292081616685346816
1292081502470074376
1292081466340454401
1292081334601560066
1292081320269684741
1292081232000344065
1292081221619589120
1292081170037919744
1292081143437721600
1292081043290300416
1292080954861858816
1292080808077848579
1292080748153929728
1292080690557837314
1292080640410578947
1292080487469588481
1292080431588765703
1292080352408862720
1292080307450019840
1292080184712142848
1292080066768379907
1292079991556124673
1292079964792270853
1292079898119622656
1292079779592667139
1292079763419324419
1292079683958460416
1292079644225572864
1292079628241309698
1292079370606084097
1292079300078968833
1292079178192388102
1292079154901536773
1292078942661181442
1292078836016914438
1292078796858949632
1292078707247472640
1292078620727549953
1292078544642887681
1292078336085315585
1292078325771505665
1292078304976146432
1292078270310219777
1292078240660705282
1292078125766062080
1292077874787147776
1292077859142602754
1292077821477625857
1292077815937077249
1292077535241674752
1292077433588514819
1292077374859878401
1292077337148702721
1292077255225679872
1292077226251431938
1292077189056401411
1292077159155212288
1292077152419172352
1292077127953678336
1292077049616769025
1292076962236837889
1292076908138700800
1292076854778777607
1292076791457148928
1292076782380888065
1292076651933728769
1292076651677995010
1292076371615809537
1292076265696948225
1292076225012404227
1292076180502245380
1292076154640359424
1292076134876827649
1292076103817887744
1292076001397276672
1292075959986925568
1292075885680623617
1292075884317466626
1292075726385094657
1292075672026873856
1292075533044523008
1292075516082753537
1292075367088431104
1292075327901126656
1292075198871609345
1292075187089764352
1292075059884912640
1292075002989346816
1292074996773396482
1292074833103204352
1292074822089007105
1292074760726351872
1292074654258143232
1292074410736791553
1292074360832962562
1292074329484800000
1292074304088281088
1292074088031232000
1292074077889462272
1292073636573175814
1292073595326398465
1292073398957465601
1292073361158344706
1292073284176052224
1292073038171660288
1292072937609138176
1292072875713867776
1292072826963406848
1292072782508032000
1292072659652612097
1292072513078349826
1292072496338997254
1292072465154400256
1292072455905914881
1292072434435268608
1292072388679684102
1292072255183257600
1292072251395846144
1292072165387509760
1292072148794834951
1292072120328036352
1292072105442410496
1292072081094516736
1292071952954384385
1292071902454747137
1292071901637095424
1292071894519169025
1292071876483833856
1292071716013965312
1292071685433131009
1292071360965906432
1292071319094415362
1292071295081824257
1292071264606138369
1292071254002995201
1292071156711923713
1292071122305835009
1292071118057209856
1292071092069097472
1292071026457600001
1292070926721470464
1292070881565519873
1292070771272163328
1292070603126702081
1292070598416375808
1292070589545381888
1292070555387125761
1292070451016081409
1292070368832708609
1292070339246137345
1292070244840857600
1292070147012743171
1292070101055950856
1292070069883875329
1292070044739031040
1292070032017678336
1292069973989494784
1292069706568933377
1292069541879709696
1292069497013239811
1292069454847844353
1292069372941479937
1292069330482536448
1292069329467580416
1292069179558727680
1292069107978792962
1292069083979157507
1292069017176481792
1292068973375361028
1292068903544328193
1292068740096557059
1292068370330902528
1292068368124710912
1292068314815107073
1292068314794143744
1292068293793189888
1292068286960730112
1292068203301150720
1292068092776820738
1292068047818293249
1292068041614749696
1292068041585565696
1292068041447088129
1292067819304058884
1292067794314567682
1292067653549469697
1292067607701487621
1292067224191209472
1292067176862691328
1292066795860439043
1292066609843056641
1292066449855361024
1292066427214725120
1292066163594268672
1292066121567424512
1292066076201803778
1292066030844555264
1292065876724703232
1292065724580626433
1292065547572707328
1292065381889212416
1292065305758490624
1292065214586851334
1292065188267667457
1292065022894637056
1292064985607274498
1292064841234972673
1292064779641683969
1292064720690839552
1292064696380645376
1292064380587331586
1292064361012498438
1292064095898873856
1292064073698422784
1292064013992550400
1292063908258357249
1292063902608621576
1292063892609413120
1292063742251999232
1292063734911979522
1292063664237948928
1292063598215344128
1292063575708782592
1292063343818223616
1292063033640890369
1292063032449916928
1292062813767204864
1292062765553770498
1292062743902793728
1292062557226905602
1292062435873087488
1292062404126183427
1292062379786764290
1292062377345785856
1292062340523925505
1292062129470808065
1292061946674647041
1292061606604668929
1292061528221454336
1292061510899052550
1292061356095672321
1292061350039031808
1292061035105603586
1292060981275824128
1292060920466804736
1292060886656581632
1292060835561402370
1292060818620796929
1292060780377124864
1292060779576012800
1292060717093273600
1292060619399725062
1292060608301498370
1292060605206200320
1292060510624587776
1292060180503580679
1292060003243884547
1292059945903349760
1292059870569607168
1292059580550320128
1292059503404425217
1292059389235539973
1292059331014217728
1292059034003165190
1292059029385158661
1292058991346974722
1292058837181247489
1292058581093756930
1292058334145794049
1292058178566402048
1292058168709615618
1292058058844069889
1292058030490750976
1292057987503337474
1292057983103504385
1292057936190152705
1292057838798417926
1292057837330264064
1292057774512201729
1292057730186788864
1292057557335339008
1292057542508634113
1292057391245262849
1292057281673285632
1292057279945211906
1292057273867612162
1292057079721725953
1292057029260062720
1292057025891926019
1292056977686835203
1292056892701847552
1292056748379877376
1292056685243236352
1292056677290778624
1292056623842619397
1292056574794506240
1292056526438445056
1292056398520410112
1292056363737272321
1292056309580337152
1292056232325455874
1292056092730707968
1292056020072595456
1292055881874432000
1292055876443033600
1292055800731639813
1292055729780785152
1292055693231640576
1292055656674058245
1292055568455213056
1292055527976034304
1292055325739188225
1292055268021407746
1292055115805982720
1292055088459022336
1292055076253704192
1292054873337237505
1292054864156143616
1292054839384510464
1292054681213075456
1292054523788300288
1292054259845017600
1292054238420443136
1292054194975842309
1292054169747169280
1292053948111691776
1292053852661972997
1292053811352264704
1292053800488964096
1292053674332762113
1292053652169986048
1292053538890186753
1292053531961241601
1292053521718796293
1292053286439153666
1292053233947627521
1292053213068369922
1292053197113176064
1292053171431407617
1292052962404163585
1292052941986136067
1292052834507034630
1292052761576640512
1292052544911417344
1292052528004239361
1292052510388244481
1292052500250595328
1292052106753409024
1292052013707132928
1292051989342220288
1292051930492080129
1292051776011739137
1292051743425957888
1292051726149746688
1292051374063210497
1292051280072978436
1292051278537908229
1292051201715036161
1292051175836209152
1292051036400570370
1292051018562195456
1292050876467642372
1292050864560111618
1292050832448421889
1292050811133009920
1292050796675239938
1292050695512903683
1292050645252313089
1292050645202108419
1292050467544076290
1292050229525708800
1292050181614120960
1292049969663356928
1292049904492335104
1292049696005947393
1292049533002711040
1292049490346737664
1292049164617027584
1292049012057608192
1292048925176799232
1292048782083928064
1292048664484032512
1292048654237347840
1292048628597567488
1292048595169017856
1292048560637214721
1292048487291523073
1292048207514664962
1292048058419744768
1292048044712693772
1292047897954000896
1292047726067232768
1292047696237342721
1292047516314284033
1292047477617635331
1292047474610274304
1292047095562739713
1292047059051335680
1292046998946942981
1292046984824541185
1292046808726863872
1292046649641107456
1292046603360993280
1292046570444267520
1292046328076394496
1292046213810921472
1292046052527415297
1292046047863345153
1292046006788521986
1292045929395171328
1292045914819919872
1292045876828033024
1292045832380973056
1292045821622378497
1292045702131056641
1292045589421666306
1292045570278862848
1292045485264445440
1292045467510079490
1292045455904444417
1292045063527100416
1292044590602739712
1292044482465026055
1292044359165194240
1292044277871046657
1292044252718014464
1292044121692020736
1292044002569723905
1292043935641210881
1292043892704059393
1292043884055408642
1292043685643788288
1292043617050267649
1292043545323409410
1292043143492272129
1292042687403745281
1292042611784654854
1292042520592089093
1292042484063916038
1292042422646579202
1292042403013169153
1292042336755765248
1292042270783438848
1292042178290753536
1292042056618184706
1292041904604020737
1292041781308264449
1292041779479543810
1292041589934772224
1292041510821781509
1292041445919076353
1292041442639130625
1292041383637745669
1292041246358282241
1292041002967015425
1292040767524003841
1292040653065596928
1292040612582129665
1292040507716177921
1292040325163253760
1292040190253395969
1292040053414404096
1292039955338768385
1292039791903756288
1292039789479374848
1292039594314067968
1292039515494920195
1292039420288339968
1292039419617312769
1292039393797181442
1292039211089092610
1292039209751019520
1292039168978235392
1292038902644117504
1292038829692592128
1292038714223403008
1292038659965718530
1292038643729797120
1292038530751795200
1292038369283801090
1292038204745539587
1292038118867111942
1292038104606547968
1292038035828355073
1292037976600588291
1292037962729959426
1292037837244846081
1292037699336110081
1292037660899450880
1292037617966387201
1292037616334966784
1292037572760416256
1292036948454813701
1292036864988393472
1292036808801484800
1292036733597409280
1292036682645213184
1292036649824784384
1292036615590879232
1292036522552647681
1292036496531296257
1292036423684632576
1292036395750559744
1292036275390816256
1292036124852932608
1292036095933210624
1292036059497476096
1292035979407171585
1292035894871035904
1292035862008672259
1292035727040098304
1292035713731629057
1292035645259550720
1292035598266638341
1292035551009415169
1292035480989708289
1292035321429929984
1292035320955928576
1292035302203293696
1292035300953391104
1292035260499329025
1292035020421566464
1292034840854851584
1292034789122473985
1292034718565666816
1292034553935286272
1292034463879303169
1292034425232986114
1292034320295759872
1292034232630607875
1292034041697439750
1292033990099177473
1292033802580172800
1292033695356981259
1292033373419065344
1292033170800607232
1292032696764575744
1292032675872727040
1292032625901592580
1292032324012515328
1292031971611176961
1292031896956702720
1292031850626646016
1292031670145753089
1292031629142228993
1292031621965713410
1292030995563257857
1292030835038789632
1292030833562226690
1292030723159883776
1292030679094628352
1292030348176621568
1292030297127739392
1292030086800080896
1292030030076411904
1292029992008916993
1292029911025295360
1292029895787388929
1292029805337219073
1292029583420727296
1292029575191437313
1292029491792027648
1292029411693404160
1292029375496544257
1292029252531961856
1292029166385332225
1292028993475051520
1292028834813030400
1292028776671588352
1292028760376528896
1292028645725396992
1292028584568258560
1292028314970984450
1292028258146549760
1292028203763208194
1292028036221677569
1292027855648374784
1292027716280242176
1292027699226009602
1292027692691456002
1292027641013313537
1292027565549461505
1292027469206257664
1292027324184092672
1292027126489714690
1292026955739664384
1292026509826301952
1292026501244821507
1292026196839071746
1292026195878580224
1292026102765035521
1292026084003897346
1292026021940801541
1292025959256928256
1292025900507308032
1292025777991581696
1292025739722678272
1292025695661690880
1292025580469329921
1292025532696207360
1292025327317708800
1292025041958338561
1292024991068958721
1292024788207075328
1292024650831212544
1292024638080520192
1292024318768054272
1292024048537538563
1292024024789385216
1292023819205517312
1292023586060984320
1292023130303746050
1292023072917266437
1292022987651252225
1292022972488863750
1292022556384468992
1292022464952885248
1292022367879749633
1292022336539983874
1292022255116005377
1292022031769391104
1292021938727116802
1292021909677314048
1292021858670268416
1292021803594977281
1292021707419471872
1292021426749427713
1292021413210025985
1292021375067185152
1292021311573839874
1292021181810278401
1292020949064323072
1292020770382782464
1292020649658130432
1292020419659210752
1292020237727129600
1292020208190849024
1292020131313328130
1292020111772131328
1292020011721097217
1292019969127903237
1292019861917519874
1292019685983227904
1292019504080445440
1292019282918998016
1292019264464068608
1292019235640807425
1292019185799790593
1292019132226043905
1292019113737379840
1292019086352883714
1292019045668200449
1292019033596989440
1292019029649969152
1292018997156892672
1292018916332634113
1292018848590434306
1292018847080484871
1292018784891473920
1292018679769526278
1292018601474457604
1292018569601888257
1292018538991902720
1292018531135979521
1292018496436486145
1292018466916990978
1292018441319116802
1292018402689609729
1292018369009537026
1292018367839137792
1292018330006466564
1292018304551444480
1292018212226371585
1292018204982882305
1292018160523046913
1292017957317615617
1292017929819574273
1292017895237734406
1292017892087623680
1292017875813666817
1292017866351419392
1292017863771992067
1292017856062697472
1292017792070217729
1292017755583942656
1292017729684348928
1292017658267930626
1292017615485820929
1292017603867680770
1292017567620464640
1292017526096801793
1292017477845544962
1292017453464084480
1292017435512639488
1292017435059425281
1292017393410031616
1292017355535478785
1292017320194236416
1292017253022486528
1292017197733294081
1292017154766774272
1292016866584477696
1292016858078617600
1292016835882352640
1292016817792196608
1292016778365657088
1292016766848204800
1292016741233590275
1292016635629330433
1292016346407067648
1292016048514854913
1292016028491362304
1292015960283586563
1292015939819577349
1292015926381076480
1292015827399540737
1292015740996825088
1292015612353556481
1292015467112980480
1292015427485405184
1292015379469008897
1292015248497573892
1292015210660876288
1292015182873604102
1292015042196574214
1292015027877228544
1292014710393626624
1292014252618928128
1292014224680656898
1292014159651954689
1292014129201287169
1292014090164961281
1292014059374616578
1292014027980378112
1292014006438256643
1292013955590709249
1292013922967404545
1292013883926880256
1292013873290194944
1292013869800407040
1292013849416105985
1292013813827383297
1292013776175161344
1292013752628518912
1292013740410331136
1292013705740222465
1292013687079927808
1292013663218409473
1292013629680713728
1292013588823957505
1292013588799008770
1292013551515623426
1292013534344347650
1292013513305513984
1292013435132063746
1292013389896507397
1292013360607891456
1292013357973807105
1292013345436884992
1292013311865704448
1292013111923347456
1292013097515769856
1292013059272249344
1292013059184058375
1292013028196544512
1292012469003661317
1292012448057380864
1292012268721512450
1292012222491877377
1292011821272952832
1292011459841536001
1292011389989552129
1292011343525171201
1292011064993882112
1292011054696992768
1292010960912371712
1292010879148597248
1292010819178377216
1292010673019461637
1292010664425332743
1292010501560467457
1292010309767634944
1292010279111479297
1292010225596354561
1292010180192768001
1292009899497418752
1292009869982277633
1292009657603588096
1292009626263855104
1292009476304838656
1292009438577131520
1292009419878719489
1292009285879136256
1292009245152612353
1292009209970778112
1292009198620999682
1292009056576643073
1292008620729802753
1292008581819256832
1292008534415220738
1292008455293644802
1292008269570088961
1292008013465882624
1292007898684555265
1292007850580025349
1292007469749870593
1292007102454562816
1292006904298790914
1292006687948275713
1292006207616688128
1292006184199888896
1292006139287068672
1292006048514084864
1292005994663424003
1292005905966551040
1292005861749952512
1292005846574968834
1292005774005342208
1292005417774510080
1292005383402393600
1292005354549780480
1292004830358249472
1292004599369478144
1292004552246517760
1292004463906107394
1292004115187458051
1292004063484223493
1292003959390044160
1292003952892887040
1292003924136796162
1292003870609113088
1292003694444257286
1292003568501825537
1292003562709348352
1292003388562038786
1292003175927603200
1292003057639788545
1292003025184264192
1292002995367030785
1292002589094141952
1292002516230692869
1292002489840140291
1292002422848540673
1292002378288254977
1292002245454815233
1292002061404508160
1292001943485681670
1292001921662947330
1292001894064197633
1292001825755889665
1292001606922317824
1292001587842486272
1292001423144648706
1292001056331714563
1292001000471924736
1292000872537436160
1292000674717278208
1292000643650064384
1292000570975367175
1292000508664782854
1292000438582226946
1292000337730007042
1292000181983084544
1292000157584760832
1292000155705708544
1291999966718656518
1291999942060507145
1291999902499852288
1291999822430560258
1291999801509318657
1291999417659092993
1291999295093137411
1291998642660941829
1291998642015031296
1291998198664433664
1291998104250720258
1291997979478556673
1291997368062115840
1291997344863604737
1291997202210947073
1291997143889321984
1291997078940291074
1291996877399957504
1291996671543349248
1291996606003154945
1291996426810150912
1291995967193980928
1291995915407044608
1291995758942511105
1291995750189207553
1291995628898332672
1291995534052536320
1291995496966434816
1291995256716656640
1291995152253321217
1291995144208748545
1291994995746942976
1291994745514766336
1291994512085065729
1291994395525472261
1291994359253082113
1291994293503176705
1291994275857735680
1291994165774082048
1291994118864998404
1291994113664069633
1291994019346685952
1291994017748713473
1291993995820724225
1291993702735458306
1291993573525774336
1291993549580439554
1291993399327887360
1291993326581841921
1291993059144720384
1291992842274066432
1291992839740514304
1291992828118274049
1291992688221454336
1291992422889615361
1291992239799857153
1291992020597329920
1291991991459418112
1291991931770167299
1291991320005730304
1291991101256196101
1291991034243641344
1291991008243154945
1291990827997122561
1291990475923058688
1291990465294761984
1291990459540176897
1291990454678859777
1291990296637485056
1291990062503084032
1291989983809736712
1291989957528047616
1291989802456190977
1291989562860814337
1291989501447823363
1291989237689024512
1291989122731651072
1291989117354381313
1291989085310070789
1291989033845952512
1291989017026654209
1291988968691634176
1291988623445725184
1291988508966625283
1291988435159248898
1291988085950078976
1291987840528560128
1291987583694704644
1291987259999375361
1291987214776311810
1291987203527245825
1291987143515148290
1291986880045621248
1291986870520426496
1291986637879205888
1291986589283782656
1291986574482329600
1291986465891721216
1291986366117511168
1291986064492519424
1291986047568498688
1291985864139182080
1291985855503048704
1291985613403467777
1291985533783203845
1291985452971356160
1291985446239535109
1291985356007636993
1291985128282107904
1291985059990380545
1291984959394197506
1291984776614809601
1291984767416557568
1291984698218934272
1291984508841910274
1291984459844132865
1291984260736462848
1291984147221643265
1291983980842164224
1291983911791329280
1291983868405460992
1291983866153099264
1291983727904452609
1291983677103255552
1291983562531434496
1291983482764136448
1291983404481863681
1291983000926695424
1291982930122874880
1291982911374151681
1291982910958886914
1291982836589682695
1291982577432109056
1291982483349676032
1291982482083020802
1291982478614306822
1291982352176959488
1291982278386647040
1291982112887799808
1291981944889249793
1291981729289261057
1291981485742985217
1291981206876065793
1291981170951872513
1291981096448438272
1291980694814470148
1291980644604551169
1291980639428685824
1291980632935940096
1291980594876837888
1291980447497490432
1291980391256150016
1291980280920760320
1291980279771430913
1291980265032622081
1291980190445436930
1291980111030317056
1291980096568401926
1291979959154561024
1291979899788496896
1291979854158671872
1291979849989591040
1291979675271680000
1291979642081955842
1291979590332829697
1291979429426626560
1291979369062203392
1291979301349359616
1291979278528262144
1291979275600629762
1291979155257597958
1291979024739078145
1291979010453303296
1291978994145832960
1291978980271120384
1291978809340829700
1291978694882287616
1291978666310881281
1291978625189908480
1291978556243935232
1291978552561336320
1291978508340781056
1291978171408166912
1291978130115006465
1291977933905510400
1291977909956038656
1291977784693149702
1291977432451358721
1291977196098195456
1291976781109456896
1291976613391814657
1291976554021638144
1291976302883414018
1291976109190332416
1291976038587801601
1291975837160538112
1291975782533943296
1291975709833990145
1291975653626183681
1291975555676606464
1291975517936054273
1291975481542299648
1291975397861515264
1291975176926584836
1291975037101068288
1291974673282916352
1291974538599620608
1291974508350525442
1291974359528038400
1291974244243562498
1291974223838302210
1291974203416162304
1291973990743855104
1291973887916249088
1291973852218753025
1291973682751926272
1291973571586203648
1291973331592175617
1291973155653746688
1291973144203472896
1291973115522756609
1291973018214977536
1291972637728501760
1291972529305686016
1291972252863324160
1291972158839599104
1291972058801299456
1291972034608603137
1291971846951309313
1291971523830571014
1291971471330467845
1291971433833418752
1291971418565955587
1291971251796430848
1291971022946590722
1291970988670943232
1291970915425824769
1291970577616588800
1291970440102129664
1291970396762316801
1291970299898916864
1291970277497282560
1291970109204922368
1291970080851419137
1291970020147265537
1291969685861408770
1291969604676272128
1291969567217143808
1291969484534829056
1291969162571649024
1291969104467726336
1291968858102722562
1291968690062229504
1291968593941286912
1291968458234703873
1291968350294364160
1291968089823879168
1291967944088461316
1291967346337288192
1291967249784246272
1291967239240011777
1291967119911837696
1291967035832926209
1291966965855076352
1291966848553148416
1291966745062899712
1291966714071179264
1291966487339708417
1291966466615648256
1291966215817175040
1291966185668476928
1291966152294293504
1291965736387325953
1291965535408631809
1291965497957810176
1291965444182749185
1291965426151370758
1291965425555734530
1291965344781869057
1291965205610627072
1291964918024015872
1291964841234763777
1291964565190737922
1291964521829953537
1291964431807713284
1291964358726221824
1291964305550774272
1291964301402669056
1291964223338291204
1291964128555220992
1291964050990039040
1291963960724340736
1291963906718683139
1291963698362417154
1291963658004652032
1291963545614155776
1291963431906672640
1291963430228959235
1291963405922959360
1291963018973196290
1291962813976641536
1291962680677486593
1291962524422856704
1291962448530903042
1291962210931978240
1291962054992109569
1291961711537389568
1291961476681306113
1291961448831361024
1291961396092186625
1291961301636395014
1291961300508127232
1291961020131549185
1291961008311816194
1291960924815986688
1291960737947099136
1291960728232947712
1291960599887454212
1291960571517050881
1291960292709040128
1291960000240386049
1291959988621963264
1291959918342230016
1291959817150464000
1291959694022516739
1291959669875806209
1291959531619012609
1291959490397351938
1291959469971140608
1291959407182401536
1291959384394915840
1291959306611560448
1291959277037395969
1291959214575726592
1291959103825182721
1291959032429703168
1291958958165499904
1291958804146511876
1291958615318786048
1291958415883776000
1291958264960229378
1291958166301872128
1291958157632299008
1291957974034857984
1291957904539553793
1291957805105074176
1291957733525082112
1291957721005268992
1291957653019664385
1291957554625622016
1291957479883055105
1291957444189421568
1291957069906448384
1291956875974643712
1291956859117731841
1291956425074319360
1291956417906319360
1291956364928069632
1291956243301650432
1291956040330813442
1291955965747539975
1291955880062259201
1291955688088825859
1291955682363596800
1291955643109253121
1291955594946109440
1291955548682956800
1291955528021626885
1291955338720182272
1291955321825452034
1291955192661815296
1291955185732874241
1291955143475265538
1291955036746952704
1291955002584576001
1291954902583869440
1291954799911395328
1291954704428101633
1291954538019090433
1291954288369991686
1291954267431907328
1291954118416723968
1291953966130122752
1291953871372222464
1291953869271044103
1291953789902237696
1291953644259160064
1291953479683112960
1291953471860518918
1291953444509507584
1291953394525978624
1291953088539103233
1291953044490526720
1291952821135343622
1291952708610600969
1291952679040757761
1291952607687323650
1291952514846216193
1291952486635405314
1291952400924901385
1291952374555213824
1291952270725255172
1291952221169434627
1291951823658668032
1291951729278431233
1291951512923418630
1291951489448017923
1291951416328650752
1291951381771845632
1291950911993118720
1291950837779111936
1291950832791875591
1291950770741481474
1291950756451491840
1291950637261795329
1291950472329195523
1291950281048064001
1291950170087858176
1291949780579614720
1291949604225912833
1291949527453306880
1291949401842176000
1291949352982732800
1291949278043095040
1291949266341187584
1291949138943324160
1291948820310499329
1291948744519249921
1291948656938168322
1291948567259734016
1291948459352825857
1291948208877436929
1291948124882141184
1291948072289927168
1291947995143917568
1291947804030533633
1291947763505266688
1291947483489239040
1291947473502494722
1291947445606285314
1291947425054093313
1291947150738436096
1291947102495481856
1291947010904535045
1291946804062425088
1291946655462363147
1291946326155026432
1291946219862994944
1291946182852345856
1291946140821327877
1291946092117086208
1291946008386052098
1291945999888453634
1291945986785517568
1291945929935695873
1291945925607337984
1291945847752495104
1291945794992390145
1291945679942811648
1291945669549338625
1291945545142079490
1291945438770335745
1291945436752818176
1291945409447890946
1291945365650931712
1291945051824828417
1291945044618948608
1291944834144452608
1291944615730393088
1291944467860201473
1291944303825223686
1291944194978660352
1291944027877777409
1291943942011969537
1291943927763873792
1291943697840570374
1291943623785877505
1291943578806226954
1291943577870831618
1291943534757543936
1291943472597999616
1291943338661294080
1291942837500641281
1291942835667820544
1291942825987174400
1291942799953342464
1291942574412840960
1291942530930446339
1291942446725816320
1291942368699129856
1291942340144377859
1291942237920800771
1291942236142411777
1291942153153703937
1291941959658070018
1291941958542397440
1291941896206647296
1291941836211261441
1291941652731432961
1291941356785545217
1291941255010754560
1291941075079311362
1291941052677599232
1291940935274815489
1291940921869840387
1291940864323923969
1291940676746113025
1291940516897185795
1291940506562371585
1291940481136570368
1291940405001428992
1291940240375021568
1291940002998505473
1291939721938001920
1291939519034523654
1291939507676340224
1291939179811573761
1291939159645409280
1291939158882213888
1291938621562396673
1291938343169687553
1291938306230489089
1291938117897789440
1291938088306999297
1291937976851656705
1291937775244251136
1291937770613755905
1291937767937544192
1291937687012704258
1291937651793129472
1291937357806080007
1291937234573094912
1291936933195714565
1291936890703065088
1291936885908975616
1291936776530124805
1291936575589191680
1291936368524845056
1291936332881645569
1291936255505125376
1291936196608761857
1291936022696255488
1291935783818014720
1291935692436598784
1291935675294445570
1291935428631834625
1291935413100146688
1291935357903294464
1291935263661469698
1291935238260699137
1291935035113615360
1291934988435443715
1291934983674880000
1291934976271765504
1291934964146212870
1291934835582279682
1291934636365545475
1291934624269172737
1291934340646084608
1291934188929785857
1291934050047987714
1291934019647569920
1291933696958910469
1291933605820641280
1291933601580212224
1291933122301513730
1291933002113511424
1291932980114526209
1291932890973052929
1291932834580631553
1291932815156752385
1291932754335023105
1291932573254340608
1291932293980807168
1291932204461940736
1291931936290553857
1291931846486274049
1291931834956357632
1291931768032038912
1291931623760359424
1291931459725537280
1291931440674938880
1291931118510452739
1291930881649545217
1291930862121095177
1291930800082968576
1291930757976514560
1291930609439260673
1291930443911172098
1291930431210782720
1291930406464495616
1291930261949689856
1291930250000175104
1291929981061197824
1291929894067240960
1291929726928531457
1291929422321385472
1291929126916386818
1291928916173758464
1291928839258550272
1291928837253730304
1291928781955846144
1291928629329321984
1291928615693815808
1291928506419486721
1291928499171872769
1291928482977648640
1291928348461998080
1291928340463591424
1291928204194635777
1291928092626358272
1291928042269360128
1291928025643261952
1291927981556764673
1291927965501186048
1291927853651701760
1291927800245444608
1291927647388233729
1291927601418604545
1291927459202576384
1291927438801489921
1291927320152797184
1291927167878791168
1291927151470682113
1291927128418725888
1291926817167888386
1291926803800420352
1291926534840754176
1291926465207033857
1291926381190881281
1291926088470237186
1291925774749044737
1291925604644913152
1291925524525326336
1291925521002041348
1291925503151165440
1291925324914032641
1291925319302225920
1291925267926134784
1291925231238430722
1291925140004130816
1291925074962862080
1291925066415038469
1291924897342590976
1291924766274785280
1291924647211139077
1291924534489239552
1291924319782809600
1291924118410059776
1291924111363465217
1291924053930934273
1291924004056567810
1291923835390918659
1291923775735431169
1291923495660781568
1291923378463539205
1291923298104705024
1291923290777419776
1291923168739942400
1291923075987058688
1291922978263965696
1291922940674662406
1291922886945456128
1291922864556384256
1291922803495755776
1291922785506402304
1291922611518095363
1291922500675178496
1291922466768551941
1291922466101587968
1291922129202614272
1291921917037785088
1291921732924633088
1291921726972952576
1291921698137223168
1291921631292653568
1291921542318891018
1291921537361223681
1291921387381313539
1291921347552182273
1291921257907150848
1291921243248222208
1291921222784233472
1291921006756532224
1291920956412366849
1291920788145217537
1291920760005701633
1291920382757347329
1291920096202391554
1291919988081561601
1291919962370539521
1291919773547151360
1291919763615219714
1291919334512656384
1291919213301510144
1291919049379794946
1291919007977738242
1291918999463239681
1291918966865006593
1291918751504445442
1291918567504404480
1291918529088892929
1291918482276261890
1291918403276623873
1291918099457781760
1291918030675619843
1291918016985235456
1291917731499880449
1291917589267062784
1291917475458830337
1291917344462209025
1291917120448745473
1291917095127654402
1291917086017466368
1291917069122973698
1291916992799281154
1291916913807781889
1291916802985844736
1291916746903953410
1291916582017363969
1291916523028832257
1291916397346344960
1291916383572328449
1291916351074902017
1291916319902711810
1291916186272202758
1291916120384065536
1291915917564055552
1291915858105819137
1291915761938817028
1291915693018030080
1291915549883023361
1291915423802425345
1291915337043189763
1291915260698537984
1291915090665410560
1291915021098921986
1291915000307687424
1291914932640870400
1291914831000461313
1291914500635897856
1291914459858993154
1291914407203811330
1291914321782607872
1291914234394279936
1291914113308712960
1291914065338601472
1291914036452429826
1291913995926949889
1291913845217415171
1291913736626884609
1291913691953270784
1291913668830072837
1291913578149281792
1291913353535856643
1291913280370270208
1291913107401404416
1291913101508407296
1291913055832616960
1291913022877786112
1291912912852967425
1291912870666567681
1291912790215548929
1291912758162796545
1291912705201364995
1291912653363798016
1291912587790221312
1291912577501376514
1291912490780065798
1291912479153545217
1291912412048883712
1291912409171415041
1291912369082376193
1291912365139611648
1291912027594776576
1291911964021555200
1291911940009230337
1291911842504171521
1291911607107297280
1291911593731620864
1291911585146048517
1291911447073742848
1291911217506922496
1291911130735153154
1291911098539683842
1291911079338160134
1291910821774102531
1291910818527928322
1291910783304183808
1291910636939730944
1291910573446139904
1291910547269615617
1291910541573791744
1291910504223576070
1291910360652537862
1291910051142270977
1291910041138876417
1291909854089494529
1291909794597494784
1291909588074278914
1291909447678402561
1291909282531868673
1291909078076264449
1291909004814200833
1291908961550163971
1291908903291289600
1291908845137166338
1291908842541010944
1291908645668548608
1291908593655013376
1291908417939005442
1291907985917313026
1291907985409703936
1291907945148477440
1291907787841310721
1291907638842863622
1291907634363273217
1291907433380675584
1291906943234318337
1291906906965946371
1291906793988329473
1291906726397186048
1291906717308116992
1291906456862838784
1291906374776037377
1291906189299601408
1291906059485904896
1291906055170142208
1291906037101076486
1291905872462065664
1291905800487579648
1291905767377981441
1291905757005447173
1291905671965708288
1291905664944611329
1291905422174105602
1291905384102285313
1291905358743482368
1291905193672495104
1291905176396128257
1291905071593201666
1291904986566266880
1291904842928185346
1291904836632563714
1291904808010489857
1291904791975735296
1291904709788405766
1291904648970985472
1291904257197854722
1291904209005113344
1291904058790498304
1291903878477291520
1291903852925595648
1291903800966549504
1291903761418530817
1291903728509829123
1291903721845268485
1291903678048165888
1291903543453122560
1291903267904126978
1291902960843325441
1291902884066590721
1291902834041065472
1291902808996945920
1291902580604444673
1291902429555044352
1291902282989277184
1291902263078686721
1291902102315372544
1291902034405359616
1291901996564451328
1291901991510323201
1291901858009591808
1291901815131213824
1291901795875397634
1291901722798043137
1291901236573282305
1291901198367367168
1291901027470327808
1291900939599785985
1291900887695159296
1291900776965701632
1291900422970413056
1291900258549501952
1291900194649407489
1291900182620233728
1291900176039383043
1291900108485713920
1291900003397652485
1291899816088350721
1291899683061870593
1291899568867745795
1291899339065798656
1291899255788130305
1291899171801358336
1291899145221890048
1291899127081689088
1291898946059558912
1291898831286816768
1291898763515236358
1291898716190720000
1291898518118916096
1291898456299241474
1291898230154973185
1291898151419416577
1291897947848953856
1291897945760174081
1291897895336247298
1291897815879344128
1291897696224124928
1291897480729296900
1291897432532426752
1291897413653823488
1291897223287058433
1291897221886156800
1291897212079763456
1291897162608123908
1291897053140918274
1291896839894110208
1291896830020612097
1291896794473852928
1291896773829636097
1291896469478420482
1291896411232116736
1291896334530891776
1291896199759327234
1291896187436638214
1291896174035820545
1291895897740193794
1291895872117145601
1291895854295547907
1291895811228368897
1291895453139623936
1291895420541710337
1291895379567554561
1291894999051694080
1291894941266870273
1291894935503994886
1291894917409714176
1291894904352911360
1291894884820025351
1291894852129619969
1291894707916886016
1291894577142652929
1291894486931353600
1291894420598591488
1291894384514854912
1291894223730597891
1291894219842310146
1291894217338507264
1291894209985871873
1291894170899173378
1291894119871049731
1291894083494055936
1291893914052505601
1291893898734964736
1291893880007340033
1291893746175533056
1291893686704381952
1291893484039704576
1291893476313960448
1291893363210215424
1291893253759959040
1291893106787274753
1291892492074287104
1291892487011700737
1291892383857008640
1291892331679870976
1291892158069379073
1291892157142519810
1291892149303349249
1291892149244563456
1291892149190119429
1291892149164933123
1291892149089443844
1291892149068455937
1291892149005496322
1291892148938379266
1291892133054558213
1291892084685836290
1291892061340422145
1291892009788112896
1291891970718093313
1291891898265800708
1291891853126762497
1291891796759388163
1291891778275160065
1291891746511695872
1291891498909401088
1291891361969577985
1291891218083909635
1291890956036268033
1291890952345284608
1291890723135029249
1291890596651700227
1291890548844802048
1291890498995511301
1291889954914795521
1291889913428717568
1291889878666371073
1291889697585631233
1291889695098535936
1291889679374090240
1291889661971968000
1291889515683086341
1291889504891142145
1291889494992588801
1291889412402483200
1291889400381689861
1291889336175083522
1291889316273303552
1291889164724637703
1291888994561777665
1291888803557396480
1291888673965903873
1291888567195701250
1291888534798733313
1291888242736934912
1291888235765882880
1291888204774342656
1291888194863210497
1291888115515359233
1291888044698722305
1291887939970990082
1291887829962940416
1291887728125255681
1291887624072892416
1291887423534829569
1291887421668372480
1291887416471683073
1291887408171163653
1291887124430626816
1291887104432181249
1291886854367674369
1291886846553673729
1291886832720855040
1291886712918962176
1291886505363898369
1291886467082403842
1291886449680363520
1291886341861584896
1291886312874811394
1291886245795176450
1291886174441820161
1291886161225560065
1291886154434977792
1291885974922735616
1291885819175866369
1291885724975865857
1291885366035787776
1291885330614845444
1291885109138915330
1291885003010433025
1291884703948189696
1291884640551211009
1291884639322288128
1291884480760877064
1291884449408389124
1291884385076215811
1291884264955486208
1291884003000164352
1291883979092590592
1291883973807759360
1291883927704018945
1291883902441869313
1291883780743917574
1291883674569453569
1291883502259011587
1291883419329273862
1291883372680294402
1291883351675109376
1291883330359701504
1291883324995248129
1291883269412106241
1291883177963917313
1291883174843355137
1291883173312430081
1291882929610616832
1291882922765582342
1291882910761381888
1291882773821689857
1291882750627254272
1291882656641228801
1291882632062656513
1291882394895572993
1291882331892936704
1291882273004978182
1291882270043799553
1291882182642982915
1291882173637812227
1291881889360420870
1291881867877253120
1291881663975366657
1291881584816279553
1291881497314689024
1291881365084860416
1291881319262236675
1291881317865488384
1291881293865721857
1291881085236895745
1291880979758485507
1291880892080828416
1291880785314820097
1291880377233977344
1291880347366576129
1291880226423631872
1291879986027040768
1291879838681309185
1291879831890731008
1291879814509613056
1291879810495520768
1291879793588412418
1291879771648000006
1291879769295003653
1291879664110252034
1291879472967360514
1291879255354163202
1291879180720672768
1291879169027178497
1291879132205383682
1291879131064541184
1291878882593738753
1291878689077002241
1291878494935363585
1291878412408283137
1291878313280049154
1291878266589126656
1291878194694496256
1291878151677775873
1291878134661312512
1291877977769119744
1291877965362532353
1291877864862818306
1291877807723692032
1291877759082311680
1291877608993501187
1291877427669393409
1291877380412252160
1291877352130187264
1291877315564077057
1291877266809479169
1291877167555543041
1291876989956009984
1291876954010984448
1291876919634538503
1291876870393217025
1291876808707776512
1291876788851834880
1291876719205527554
1291876708136579072
1291876703976001538
1291876661785497606
1291876555262656514
1291876520424701954
1291876336647188480
1291876246377332736
1291876237149757440
1291876169051242497
1291876097366392832
1291875928725913600
1291875924095295488
1291875881741193216
1291875587376779271
1291875456409534464
1291875293301481472
1291875226209234944
1291875087445106689
1291875039919460353
1291875026841600001
1291874784154923008
1291874582014590977
1291874568836009984
1291874554176995328
1291874507813056512
1291874483372843008
1291874363042672645
1291874195136110592
1291874174315659264
1291874138320068608
1291873918312013825
1291873862079012865
1291873821436325894
1291873680495194112
1291873633627856896
1291873627726589954
1291873551566413824
1291873278844456960
1291873260683038722
1291873195918680065
1291873134254141442
1291873071733903360
1291873054990237697
1291873024103395330
1291873004214001667
1291872934907133954
1291872753746837513
1291872616513323009
1291872589669949440
1291872324426358784
1291872289164853248
1291872150681518080
1291872145279037441
1291872127033970688
1291872118829805569
1291872087574028294
1291871984075321344
1291871982477357059
1291871954434166785
1291871788100538369
1291871757826002944
1291871748992860160
1291871743875911685
1291871606739030016
1291871530692091911
1291871469987704832
1291871236771938305
1291871102873067522
1291870857845972992
1291870809703628802
1291870744767430659
1291870685942312960
1291870632842412032
1291870588085174275
1291870369356189696
1291870245112643587
1291870192587255813
1291870180994424832
1291870121024053248
1291870109938724870
1291869868044804099
1291869748083462144
1291869703665786882
1291869571071320064
1291869529115471872
1291869489114615808
1291869391919906816
1291869289352503302
1291869022372470785
1291869007860162566
1291868752179593216
1291868695715655680
1291868614073749508
1291868612832169985
1291868500550733824
1291868480120262656
1291868302126571523
1291868217007386624
1291868116390117376
1291868094076456960
1291868084945420290
1291868057653014528
1291868030264369156
1291868026187534342
1291867975885045760
1291867782569697280
1291867721760681985
1291867587605860356
1291867542760361987
1291867498778898433
1291867441627308032
1291867438737285121
1291867428910227456
1291867425894477826
1291867423465971712
1291867318625034240
1291867300757463042
1291867247816957953
1291867190631608324
1291867090119532545
1291866897512685568
1291866876503560198
1291866736506150914
1291866566754091009
1291866448910905344
1291866435006816257
1291866397837012998
1291866273782128641
1291866219180691457
1291866211094011904
1291866082798706688
1291866082387558402
1291865899243319301
1291865810340925445
1291865806863826944
1291865661619048448
1291865611266596868
1291865592937558016
1291865516701822977
1291865325965701121
1291865283221762053
1291865072499937282
1291865044326653955
1291864884498448385
1291864738725531649
1291864675320246274
1291864626515382272
1291864521972359172
1291864513583751169
1291864251552997376
1291864136905875457
1291864087006240768
1291864061261631488
1291863691512619008
1291863556137287681
1291863213475209216
1291862858116947968
1291862742442401792
1291862481850310659
1291862274542641152
1291862127465181186
1291862121190498306
1291862058754088961
1291861984879796226
1291861912410562563
1291861695099482119
1291861692314509318
1291861491331694593
1291861483920535557
1291861391268286464
1291861245944041473
1291861156597043201
1291861148724273152
1291861075453857798
1291861067937640448
1291860986538815490
1291860851092156416
1291860835397013505
1291860701158551556
1291860654152982528
1291860577011236865
1291860533851893762
1291860450418864134
1291860320772739072
1291860245178994693
1291860225344049152
1291860194218184705
1291860182490898434
1291860061191655425
1291859925606572038
1291859865548226563
1291859743665991685
1291859688619991040
1291859612472348672
1291859501944049664
1291859487498936320
1291859412446060546
1291859234708230147
1291859169423785984
1291859085244030977
1291858936354746369
1291858849796784128
1291858648352907264
1291858533579804673
1291858527015723009
1291858462759104516
1291858196139843584
1291858128213082114
1291857963460841472
1291857949984534528
1291857931433123841
1291857922272759808
1291857910331514885
1291857877515161600
1291857875514482688
1291857796682612741
1291857701375553538
1291857475776413697
1291857323657494538
1291857209769500677
1291857074863865859
1291856920916234242
1291856647065874434
1291856642376470528
1291856581869686790
1291856467201609728
1291856398255443968
1291856211667689473
1291856186162270208
1291856172753080324
1291856134664380416
1291856103962103808
1291856096773144576
1291856069484875776
1291855894574174209
1291855560380424198
1291855554080649217
1291855496115302400
1291855426070421504
1291855397737947136
1291855389219315712
1291855293404635137
1291854952877510656
1291854887026819073
1291854866348822528
1291854741706661888
1291854711474327552
1291854683393294336
1291854625788829696
1291854431797956608
1291854425842241536
1291854386788888576
1291854359278555136
1291854340102090752
1291854309622153216
1291854299824295937
1291854280618639360
1291854280182439937
1291854255632994304
1291854089349865473
1291853957049004035
1291853943946043392
1291853941182013441
1291853884554715136
1291853786558783492
1291853636742586370
1291853581453320193
1291853578286465024
1291853497617481728
1291853467506679815
1291853378717454337
1291853339978690561
1291853288170635266
1291853275600506883
1291853274774216710
1291853138903871489
1291853113574342657
1291853110617485312
1291853060973768712
1291852982703861761
1291852922511294465
1291852891985125376
1291852867838648326
1291852840357462016
1291852384520384512
1291852378354749440
1291852363024736257
1291852256808181760
1291852046551810048
1291851971620560896
1291851918843707392
1291851765793660928
1291851671388160006
1291851585765556224
1291851548750995461
1291851493746802693
1291851414659096580
1291851219548299264
1291851163281784835
1291851116704129027
1291851099155116037
1291850992938561537
1291850749320855557
1291850616633991173
1291850605695311874
1291850485838647298
1291850420097343489
1291850383015284736
1291850332218236937
1291850304648929280
1291850288912109577
1291850242204274698
1291850231563407360
1291850118493241346
1291849791392153602
1291849728259481600
1291849643333124099
1291849486805991424
1291849196551774208
1291849176888815617
1291849147360972806
1291849138217263104
1291849109553311744
1291849085092335617
1291849084106661888
1291849083607490560
1291849025650659328
1291849007204110337
1291848919484424192
1291848767231201281
1291848739427155969
1291848637677539329
1291848452876509185
1291848251449253896
1291848216724615168
1291848139163541504
1291848121232896000
1291848104791220235
1291848088345350153
1291847919340064773
1291847806504693760
1291847678041751553
1291847580868055042
1291847530997743616
1291847492988858368
1291847481127362560
1291847455932166144
1291847125010063361
1291847039450456064
1291846986631651328
1291846723011325955
1291846648528863238
1291846631768371202
1291846362196111360
1291846299826835456
1291846289576075264
1291846201088847875
1291846190883983360
1291846131471790081
1291846079466496002
1291845896628568064
1291845880140771328
1291845872268054528
1291845849316827137
1291845760468754433
1291845707490455552
1291845642784890880
1291845514074431489
1291845511125884929
1291845418943422464
1291845333689999361
1291845267055169537
1291845072506384384
1291845041984606215
1291844988062629888
1291844905363558402
1291844903375220736
1291844893254529024
1291844805371105281
1291844728825274368
1291844727587962880
1291844708159729664
1291844666661511169
1291844600433385477
1291844546159091712
1291844540379230208
1291844495320010755
1291844493696614401
1291844407868653570
1291844394472148992
1291844347479162883
1291844310678339592
1291844284157755394
1291844237441609730
1291844235554037760
1291844233771593730
1291844220345606145
1291844198950481921
1291844179404845056
1291844177257357314
1291844104729628674
1291844104138231808
1291844073146310656
1291843967919837184
1291843854363168771
1291843796687355904
1291843730723332096
1291843627979743233
1291843566533111809
1291843401034366983
1291843368587128832
1291843144821149703
1291842959961333761
1291842898804256769
1291842713487388674
1291842688464171011
1291842530070405125
1291842480753774593
1291842475334803456
1291842442375831552
1291842278772940801
1291842211722584065
1291841991274311680
1291841881593327618
1291841824991019008
1291841810541805569
1291841797560442883
1291841781362036737
1291841780367925256
1291841773313171458
1291841677984804864
1291841603791777793
1291841585257369600
1291841555016421376
