1291479087702315013
1291479070149156864
1291479046694547458
1291478982756569092
1291478873360793606
1291478837554032642
1291478772622004226
1291478767194370048
1291478732251824129
1291478699137671168
1291478692485427200
1291478681517522944
1291478651586961408
1291478608305885184
1291478510914150404
1291478433843884033
1291478433541701634
1291478429293043714
1291478398016147458
1291478152099684354
1291477990375915526
1291477902488408066
1291477749262163968
1291477734900858882
1291477712721162242
1291477652289630211
1291477621880967168
1291477615107244037
1291477573952831488
1291477437386235906
1291477392758837249
1291477345518399488
1291477191805382656
1291477026268831744
1291476878826536962
1291476791853494278
1291476775294230528
1291476696613490689
1291476690292613121
1291476269784109058
1291475895581052929
1291475849296982017
1291475795605561344
1291475768418205699
1291475762453917696
1291475658124587008
1291475647873855488
1291475563496996866
1291475540809879555
1291475488888754177
1291475483314380800
1291475424304926725
1291475382160392193
1291475345544282112
1291475255756644352
1291475241517096960
1291475240602591232
1291475213939548161
1291475212769333261
1291475094024392704
1291474870610432000
1291474823508643843
1291474702796455936
1291474669338583040
1291474606218285056
1291474601680273409
1291474469912027136
1291474132765294592
1291474081771028480
1291474075848777728
1291473995989045248
1291473982177320966
1291473751519846400
1291473679013076992
1291473654442872832
1291473642992402432
1291473573555531776
1291473570485469194
1291473519549788161
1291473420731822082
1291473400825892867
1291473331066216449
1291473288984702978
1291473267665121284
1291473198182096898
1291473054942593028
1291473051255619584
1291473015952285698
1291473000630374400
1291472933676670976
1291472922859704322
1291472891377328128
1291472867402506240
1291472751656685568
1291472715904417794
1291472399469182976
1291472279596085251
1291472246704345090
1291472164516966400
1291472149555941377
1291471997772365824
1291471989044056067
1291471967430705152
1291471844348956681
1291471746357432328
1291471644586844161
1291471608016560129
1291471534532341761
1291471444828753920
1291471144533536768
1291471142390239242
1291471014870814729
1291471014837334016
1291471012467548160
1291471003072237592
1291470868338671621
1291470827901222912
1291470768874770432
1291470691221540867
1291470646363459586
1291470498682085376
1291470226576543759
1291470189528113153
1291470122155151367
1291470043612688384
1291470031147143168
1291469785608249344
1291469722857410581
1291469667895140352
1291469561951391745
1291469399166263296
1291469306740510740
1291469290877714434
1291469221369647113
1291469181884473345
1291469169725181959
1291469148346814480
1291469049650708481
1291469019787202567
1291468961327046656
1291468948504850438
1291468917064572928
1291468906456969216
1291468821715251208
1291468808289488899
1291468770670546945
1291468657827094529
1291468546254364673
1291468479078555649
1291468474741657601
1291468417552322560
1291468314657656833
1291468248186335232
1291468208910880774
1291468151398395906
1291468122550079491
1291468081227878401
1291467986218303488
1291467904798531585
1291467827938025472
1291467797395050516
1291467789673336855
1291467744135786496
1291467711407505409
1291467644877647872
1291467640792322050
1291467593149083649
1291467470859956224
1291467416543866881
1291467364786147330
1291467331923611648
1291467292086284291
1291467175820058624
1291466973390475272
1291466906160037889
1291466897905651713
1291466880922738688
1291466718175473665
1291466642619355140
1291466582103920640
1291466540718657544
1291466232756080643
1291466190129373186
1291466141005574144
1291466050446528512
1291466022625705984
1291465985992654849
1291465982754590727
1291465922264301580
1291465877167243265
1291465858124886017
1291465690583429120
1291465664360779782
1291465660913131522
1291465613185912832
1291465611252576261
1291465586266894338
1291465456663040003
1291465403055710209
1291465324454281216
1291465224730456065
1291465171064573953
1291465166245081088
1291465160260034560
1291465065464573952
1291464979330162688
1291464963308101633
1291464943892660226
1291464943032766467
1291464831631896576
1291464791157022721
1291464750170136581
1291464616837443584
1291464614283182080
1291464603290030082
1291464564387831809
1291464511254396929
1291464511245840385
1291464435958198272
1291464424524402689
1291464422146416640
1291464385785864192
1291464374071300096
1291464370040508426
1291464323051802625
1291464317930356736
1291464277555990530
1291464265564553223
1291464219649388545
1291464208677208064
1291464112753373185
1291464041622384645
1291463905793933312
1291463873254395905
1291463870050050048
1291463762315288577
1291463754371145728
1291463702579941377
1291463595478396929
1291463475982733317
1291463467103219712
1291463456634417155
1291463381883510789
1291463268662312960
1291463184109301760
1291463138664095744
1291462957579239424
1291462932228911107
1291462887462993922
1291462870979481600
1291462839232868353
1291462791119826945
1291462748195311617
1291462720190140417
1291462621837889539
1291462609300905986
1291462547602681856
1291462530502549504
1291462510739173381
1291462510680276992
1291462372448702465
1291462357412126726
1291462340223746048
1291462332405563393
1291462315704045570
1291462247324278785
1291462222254931972
1291462170211950595
1291462068311334918
1291462003374977025
1291461944277209088
1291461898165039104
1291461884634423297
1291461855970394112
1291461838153056256
1291461832775852032
1291461801171800064
1291461790853820416
1291461699514572800
1291461673807740930
1291461664487825408
1291461627318087680
1291461463522058241
1291461450184052736
1291461417640570882
1291461325407698944
1291461295661699072
1291461295087247360
1291461232315305991
1291461109279408128
1291461087347367936
1291461021778030598
1291460977762938881
1291460977754439680
1291460870166454276
1291460855578742786
1291460804387250178
1291460775115194369
1291460711105941504
1291460654335918083
1291460642314936320
1291460640251420679
1291460573042016257
1291460405940744192
1291460355709968384
1291460282842116097
1291460236000231425
1291460216412876802
1291460205755203584
1291460126285746177
1291460024146042880
1291459885092220931
1291459841416994816
1291459805320753152
1291459803588460544
1291459748148031488
1291459711301226496
1291459700144316416
1291459646398631937
1291459635170422784
1291459606296891392
1291459516194725888
1291459432862425089
1291459388188659713
1291459366370136065
1291459352604184576
1291459302943678464
1291459247520317443
1291459235549794307
1291459210560012295
1291459145913307136
1291459084978286592
1291459057224646656
1291459013268385793
1291459009963331585
1291458916778377219
1291458911191564293
1291458875871252481
1291458814512898048
1291458791599374337
1291458694820003842
1291458680509136899
1291458679171096576
1291458567195811841
1291458317584228352
1291458278698827776
1291458261535690752
1291458185581256704
1291457844466917382
1291457835109408770
1291457808559271936
1291457748987715584
1291457652682366976
1291457534956646402
1291457446834081797
1291457357227196419
1291457342953816065
1291457268890959874
1291457233268682752
1291457167422300162
1291457165706899456
1291457151198801933
1291457143686811648
1291457096211410944
1291457054717214724
1291456909959221248
1291456861544353798
1291456852967006211
1291456848546103298
1291456838370594816
1291456761241706497
1291456733961953282
1291456649597722624
1291456569696292865
1291456318272950274
1291456222231748608
1291456112391331841
1291456090807271424
1291456070309863425
1291455906966835203
1291455738657665025
1291455699390627840
1291455622924378112
1291455553374478336
1291455514950459392
1291455506884812800
1291455466439159810
1291455377914114051
1291455315305803777
1291455277435441153
1291455229557235712
1291455212784201728
1291455164050808832
1291455123198287872
1291455081439793153
1291454975353196544
1291454903077023745
1291454799381225472
1291454678287503361
1291454576009322502
1291454561484288000
1291454342696845312
1291454282575818759
1291454146306904064
1291454120323420160
1291454003910451200
1291453958125432837
1291453901489799171
1291453849417519109
1291453847634874368
1291453824306229250
1291453820996911104
1291453803032707074
1291453767100116994
1291453721059049472
1291453705179471873
1291453590893101068
1291453553924612096
1291453516884652033
1291453500635754496
1291453486870142976
1291453384529195011
1291453304355069962
1291453222549442560
1291453188080533504
1291453010758033413
1291453008153382913
1291452971457425410
1291452944441847810
1291452919435472898
1291452823562059777
1291452807539761155
1291452709246324738
1291452677071745025
1291452603553832960
1291452592774688773
1291452501028483088
1291452493063495686
1291452480484564992
1291452386117066752
1291452384871215104
1291452288112959488
1291452224909070341
1291452096567484416
1291452076476846081
1291452024513536000
1291451897149235201
1291451795701727232
1291451788537733120
1291451769080492034
1291451751980249088
1291451725849731073
1291451702923497473
1291451615203950592
1291451568508801030
1291451549445754896
1291451530961465346
1291451481070198785
1291451422836428800
1291451417463607298
1291451271636045824
1291451233622990849
1291451195874213892
1291451189951856643
1291451181471019009
1291450985752264705
1291450975874691073
1291450948997586945
1291450874653442049
1291450870085963778
1291450761335803906
1291450631178407936
1291450577419984896
1291450414026522625
1291450413581991939
1291450400130957313
1291450379004071937
1291450335324778499
1291450294262472704
1291450292584710147
1291450264239706113
1291450240831283202
1291450223097774085
1291450218643365889
1291450154088837125
1291450114372964352
1291450062384574467
1291449993233129482
1291449948437917699
1291449907132248064
1291449696456790018
1291449469083570181
1291449237616517120
1291449218750648323
1291449063154606080
1291449061879492614
1291448707733426176
1291448392518901764
1291448372814127104
1291448267570520066
1291448228249051137
1291448191598997504
1291448173488009216
1291448092848533504
1291448014028943360
1291448000527695872
1291447967778402304
1291447778174959618
1291447731433746438
1291447719962320898
1291447718536241152
1291447681110482945
1291447515561304066
1291447465531645952
1291447415451590656
1291447171015798784
1291447133573390336
1291447047535632385
1291446983740227585
1291446905222946816
1291446893872963584
1291446857734881281
1291446749475766274
1291446737643552769
1291446683377831938
1291446673756033028
1291446536971276289
1291446511465832448
1291446493090545671
1291446454385545222
1291446400023134209
1291446303612960769
1291446082652852229
1291446019985674240
1291445963371040770
1291445922145206272
1291445890503397376
1291445858265968642
1291445803446423554
1291445750191316992
1291445680037416960
1291445634403389442
1291445592049307654
1291445554631802881
1291445512747528194
1291445485237080067
1291445473111429121
1291445385945219072
1291445370405429251
1291445211994836992
1291445210778607616
1291445092411203586
1291445076883906562
1291445047582490626
1291444842262695938
1291444822591643655
1291444784280870913
1291444704257536000
1291444673014370304
1291444572057468929
1291444508140408835
1291444504944418818
1291444371292913669
1291444240808120320
1291444236546703365
1291444227994464256
1291444225033359360
1291444051439284224
1291443716448804865
1291443667958288384
1291443573989154817
1291443546453573633
1291443381713768448
1291443359844892673
1291443351410085893
1291443284246765568
1291443204043288576
1291443142835634178
1291443059658563587
1291443036698718208
1291442946575925248
1291442937872646145
1291442933556805632
1291442902707691538
1291442785367855106
1291442728866394117
1291442703885053952
1291442663758192642
1291442587669331968
1291442577074315264
1291442525807562753
1291442489061183489
1291442410103414784
1291442344416378880
1291442245476876288
1291442204200906753
1291442080217104384
1291442029470216192
1291441949686345728
1291441835408269323
1291441808338292742
1291441805364539396
1291441601156440070
1291441595359940608
1291441565530030081
1291441497334669312
1291441375679062019
1291441280740982785
1291441229666963458
1291441025378967552
1291440984287518720
1291440940431937541
1291440919116484609
1291440905434562565
1291440838044782593
1291440767467167748
1291440737792425984
1291440714925199360
1291440512277323777
1291440496632451073
1291440478597128192
1291440312389382151
1291440262892457984
1291440042217480192
1291439977080004608
1291439955026247684
1291439924235907083
1291439789539856385
1291439788692733958
1291439757118115841
1291439740407906304
1291439610879512576
1291439581758291969
1291439530197823488
1291439509406613507
1291439476036829186
1291439399977222151
1291439364925513729
1291439068165939200
1291439052361797640
1291439013837058049
1291438985781288961
1291438845796507650
1291438840037740544
1291438823713447937
1291438751680471055
1291438731828891648
1291438671271530498
1291438671179153410
1291438663876743168
1291438654049714184
1291438525850632192
1291438194010083329
1291438190864347138
1291438138749902848
1291438123331792896
1291438061214081024
1291438050401230849
1291437995762094080
1291437967656005632
1291437912786182145
1291437810965032960
1291437780300697601
1291437764848898048
1291437697731616768
1291437682757898245
1291437633592164352
1291437581645885440
1291437567578198019
1291437559302590464
1291437504533532678
1291437339684810753
1291437264199921671
1291437185271574529
1291437172113813504
1291437165189058560
1291437151788437505
1291437104602451977
1291437097744838656
1291437002894856193
1291436960553168896
1291436835214893057
1291436831385346048
1291436823366033408
1291436762791698432
1291436751895093248
1291436682265399297
1291436623956238341
1291436621485744128
1291436492024352769
1291436393420521473
1291436368044920847
1291436327985123328
1291436293868617732
1291436206438350851
1291436198745919488
1291436089832611840
1291436063219576832
1291435990603558912
1291435969225334784
1291435883669925890
1291435856927109120
1291435606673891328
1291435602043383817
1291435536939470848
1291435376725200896
1291435205874647041
1291435121443246080
1291434963787583489
1291434947836862466
1291434885626961920
1291434865146105857
1291434857600622593
1291434823614173188
1291434807445065730
1291434752914972674
1291434701421412353
1291434521448062977
1291434286172778497
1291434257383120900
1291434036733390849
1291434017389043712
1291434010216988672
1291433881082695680
1291433843766042629
1291433792284971009
1291433786371170306
1291433704565477379
1291433697086849024
1291433647405326338
1291433363648253953
1291433350859837440
1291433250980802560
1291433242739048457
1291433147578580992
1291433090687041537
1291432995421859841
1291432853054590988
1291432826395602953
1291432746666123276
1291432625588977665
1291432449608646658
1291432376376098816
1291432354779553793
1291432285015687175
1291432242112323584
1291432188244893696
1291432034594729990
1291431996569288706
1291431934804070408
1291431908996513793
1291431906609954817
1291431884618993664
1291431705937694723
1291431581882753028
1291431560202387460
1291431553713819653
1291431495081406467
1291431494976765954
1291431490853785602
1291431475880046594
1291431376806383616
1291431367184715786
1291431359043514368
1291431259915390976
1291431201954136064
1291431149856788482
1291431063756054528
1291431059335327744
1291431043862614016
1291431035234922496
1291430975470219271
1291430851503218688
1291430772352655360
1291430748856221704
1291430744892506124
1291430732217212930
1291430694837657601
1291430687510351875
1291430683093741569
1291430678622601216
1291430677959675904
1291430634498400256
1291430601954717696
1291430597374562305
1291430577124642820
1291430556295524353
1291430528621719556
1291430522678153216
1291430502881284096
1291430484967174144
1291430484174450688
1291430445620424704
1291430443276013568
1291430430282047491
1291430408152735744
1291430374044651521
1291430333695447041
1291430295988629505
1291430272320192512
1291430254595039232
1291430223678971904
1291430136030490626
1291430122210365448
1291430103688384513
1291430100580237312
1291430018954989571
1291429992186822657
1291429932254429184
1291429896971882497
1291429891452186630
1291429856710983680
1291429827367624704
1291429780391264257
1291429713513193473
1291429621104283648
1291429585767272449
1291429548014350337
1291429544331808769
1291429329100894208
1291429289892741120
1291429152487346177
1291429143196979201
1291429135181426688
1291429113941708800
1291429072967352321
1291428995209334784
1291428956986576910
1291428956277800964
1291428920185827330
1291428812010524673
1291428807367417856
1291428799888920577
1291428788895535104
1291428681043386370
1291428665813762048
1291428660470263810
1291428548792791040
1291428542283210756
1291428529691860997
1291428475480539137
1291428449924657157
1291428373462503427
1291428206013222912
1291428163902472193
1291428110450163712
1291427997132771330
1291427835370971137
1291427807331926016
1291427651111067649
1291427601060331520
1291427597008531456
1291427477500375061
1291427391026470919
1291427384399454208
1291427358541570048
1291427245999915019
1291426947919036420
1291426943645016065
1291426865463386112
1291426855749390341
1291426835754975232
1291426740259024897
1291426563557330944
1291426489330798592
1291426470854893569
1291426409731117057
1291426350344151041
1291426314105155584
1291426234887540743
1291426210921295872
1291426147587239948
1291425967408156672
1291425963029532673
1291425734704001025
1291425646829350922
1291425600113123339
1291425484211806208
1291425311582752772
1291425220142800902
1291425204015517698
1291425109060788226
1291425072700362754
1291425062763950081
1291425059727273985
1291425037795418113
1291424982149390336
1291424929506885633
1291424907432267776
1291424876549603328
1291424841460056065
1291424841447305216
1291424828017319943
1291424779887611904
1291424704088211465
1291424656872759296
1291424608252579841
1291424451834179584
1291424422327459840
1291424398927261696
1291424167301132295
1291424036627521536
1291424025135026176
1291424010828480513
1291424005505908737
1291423977626271744
1291423969241776128
1291423907443085313
1291423807362805763
1291423698172485632
1291423691788767234
1291423640290906112
1291423615548874752
1291423504148107266
1291423160957534208
1291423156771663872
1291423130418925573
1291423110512746507
1291423103755706374
1291423056565547008
1291423053037965313
1291423020335144969
1291423007622266881
1291422911195238400
1291422721692360704
1291422678688161794
1291422663190155264
1291422617929314309
1291422571741753346
1291422559616077831
1291422511104655360
1291422277943296000
1291422204245110785
1291422133944344576
1291422072954949633
1291422038997889024
1291422005854601217
1291421958895104001
1291421944777265153
1291421923222544385
1291421854431760384
1291421819610619905
1291421781966721024
1291421753013489665
1291421748890669058
1291421748437499905
1291421712219664384
1291421676052164613
1291421638156681216
1291421598709243904
1291421551351361536
1291421512860184576
1291421479901380609
1291421441187954688
1291421435437576192
1291421406668808192
1291421401363120130
1291421367389175808
1291421328235364352
1291421292663418880
1291421244714180608
1291421243472637953
1291421202527870976
1291421127349280769
1291421049297362944
1291421030985195521
1291420927880769536
1291420820972032000
1291420711324614656
1291420615912685571
1291420578260422657
1291420566134685696
1291420554965254144
1291420527467388930
1291420518076252166
1291420488938463232
1291420442620620801
1291420410375024641
1291420403403980801
1291420375818145793
1291420373544771590
1291420266606845955
1291420247371653120
1291420211749560321
1291420198193463302
1291420192036331520
1291420181734895616
1291419851869782018
1291419619136135169
1291419608835133440
1291419593970515968
1291419495064535041
1291419401166573570
1291419392161480705
1291419390286733312
1291419389116334081
1291419250759000065
1291419245830520834
1291419219347869697
1291419140071333894
1291419125949124608
1291419085977378819
1291419071158931456
1291418996357476352
1291418973033172992
1291418827943804931
1291418759534530560
1291418759006126091
1291418744170754049
1291418718367621125
1291418682133041155
1291418622154375173
1291418600960598026
1291418478289858568
1291418441619050497
1291418424883785730
1291418389534171138
1291418370277912576
1291418303764869120
1291418295657205766
1291418249901604865
1291418236521783296
1291418219991969792
1291418052035215360
1291417865350819840
1291417861983031297
1291417833897963520
1291417765551710208
1291417587298041863
1291417527176888321
1291417479680536576
1291417458193174528
1291417352068714498
1291417274503647232
1291417228794122242
1291417168051965952
1291417094924275713
1291417050200649738
1291417033066926080
1291417015434043392
1291416840485449729
1291416774903201792
1291416757173985280
1291416687632236544
1291416683446501383
1291416624411574273
1291416565586550786
1291416366881226752
1291416361567232003
1291416329941995520
1291416302498779140
1291416268634021891
1291416209573863424
1291416185381302272
1291415993726771202
1291415912629833728
1291415875522887687
1291415852814917634
1291415834594889728
1291415704051343366
1291415668076752897
1291415641648500736
1291415614070747136
1291415578641604612
1291415555405221890
1291415552343322631
1291415501252382722
1291415498710831105
1291415277356363777
1291415259211657217
1291415212487143424
1291415200336314368
1291415141305782283
1291415121441546242
1291414959570771974
1291414919414456320
1291414890062651393
1291414875697303552
1291414865161093120
1291414739151491077
1291414670109216768
1291414571241086977
1291414543646838784
1291414459097821184
1291414406379843587
1291414373525725184
1291414368245166081
1291414341011607553
1291414296619102208
1291414288930938884
1291414280164655104
1291414023007805442
1291413858620334080
1291413762847600641
1291413749828657153
1291413729045819402
1291413721005391873
1291413582203121664
1291413572434554883
1291413539018739714
1291413480738889730
1291413441757024263
1291413318167666689
1291413299880513538
1291413233778208783
1291413076202229760
1291413074222743557
1291413058145988608
1291413056451260416
1291413022179766272
1291412979674681355
1291412961119133696
1291412829325742083
1291412780009115650
1291412763194122244
1291412659674296321
1291412571015307265
1291412462743453699
1291412411912724485
1291412401011621893
1291412379754827777
1291412333437149186
1291412255280685058
1291412203933843456
1291412159872806912
1291412094437359616
1291412041870213125
1291412009951432710
1291411946235805696
1291411913239171072
1291411831966162950
1291411756644995072
1291411721538633731
1291411506752626688
1291411368965484546
1291411332001148928
1291411316704522241
1291411295170777089
1291411255882919940
1291411243006332933
1291411211821756418
1291411211347730432
1291411165990584320
1291411157585145858
1291411155877892096
1291411095836655623
1291411079986216960
1291410941213540352
1291410934330732546
1291410930891456513
1291410615291060226
1291410543199375360
1291410523955908609
1291410350747930624
1291410297371201536
1291410150255812608
1291410037991186438
1291409999953100802
1291409945716555782
1291409879773536256
1291409877953380356
1291409860504858626
1291409852946944003
1291409756633128962
1291409653423800320
1291409561912582144
1291409533697323010
1291409526017622028
1291409500080144384
1291409473823793152
1291409380202573824
1291409266155433986
1291409241945903106
1291409170701328384
1291408902773526535
1291408887606849537
1291408875166601217
1291408825065648129
1291408789061730304
1291408727686299650
1291408644219777024
1291408602813652998
1291408575965913088
1291408501349244930
1291408489601015809
1291408453718679552
1291408347107909632
1291408303516352512
1291408193344675840
1291408159081467904
1291408139707985934
1291408022254886912
1291407945134219271
1291407940176367620
1291407705647849474
1291407513750052865
1291407462571085825
1291407270174236675
1291407186317500418
1291407158068871170
1291407153580908545
1291407137374183426
1291407137185374213
1291407108148264960
1291407072207273984
1291407071049465856
1291406988312743936
1291406935493881858
1291406923070427139
1291406898286096385
1291406818846154754
1291406776928264192
1291406770015961088
1291406761593901062
1291406536011587584
1291406351982264327
1291406312555806721
1291406238002089986
1291406213729722370
1291406186453975040
1291406143961489414
1291406134411169793
1291406056799838208
1291406002227687430
1291405993440677888
1291405952625905665
1291405870488793088
1291405852239368192
1291405832698167307
1291405780420145152
1291405751056031744
1291405725428842496
1291405721637199891
1291405705598111746
1291405596940480512
1291405537351892992
1291405502572888065
1291405471799291907
1291405447300251655
1291405372998193153
1291405357953163265
1291405337594036224
1291405270032306176
1291405007544356864
1291404982701494272
1291404910429458432
1291404886140231682
1291404850257735681
1291404762727022593
1291404740870504449
1291404677716807681
1291404665326837763
1291404657600991234
1291404514197676032
1291404501698482176
1291404473047425024
1291404432882704387
1291404270420537357
1291404269426544641
1291404239294607361
1291404233669918721
1291404217958137857
1291404160802357249
1291404101109125123
1291404027876356097
1291404015738032128
1291404002278559749
1291403993378422786
1291403943059132420
1291403901179240450
1291403838549893122
1291403807763714048
1291403799568031747
1291403790554464256
1291403721684013057
1291403665442471939
1291403661378232322
1291403505488596992
1291403476635774977
1291403450102644738
1291403342594355200
1291403207101435915
1291403168677597184
1291403156933550085
1291403050280611840
1291402895653511169
1291402894080696322
1291402890553077762
1291402848832454657
1291402770931687425
1291402759418200064
1291402747204579334
1291402556787367936
1291402536302280709
1291402454098046977
1291402408409444352
1291402387412967424
1291402323944562688
1291402278327418880
1291402233146413057
1291402207875629056
1291402132042575872
1291402074643628033
1291402057065402370
1291402026413199360
1291402019425550337
1291402004158283777
1291401999267835904
1291401996533035013
1291401963163156481
1291401944263798785
1291401939717165063
1291401898990370818
1291401601224044546
1291401593573781506
1291401564997877761
1291401476250595328
1291401401915121664
1291401390514790400
1291401131239698432
1291401101426798595
1291401059609477120
1291401026101301250
1291400862850527238
1291400851181826056
1291400709770899456
1291400703383044099
1291400308954927104
1291400264042176515
1291400240168341505
1291400122811797504
1291400033850363904
1291399706019532805
1291399604030836746
1291399490193293312
1291399488553263105
1291399484132515841
1291399424502005762
1291399337763905536
1291399331795197952
1291399248848850945
1291399189608509445
1291399187733651459
1291399172655140874
1291399121442611200
1291399112609300480
1291399082506719257
1291399063875629056
1291398982309163009
1291398918480306178
1291398889124306950
1291398883491291138
1291398873391431690
1291398849840525312
1291398733796708352
1291398707510939652
1291398701869445121
1291398683376795649
1291398611436101632
1291398601810358274
1291398540690948096
1291398488622690310
1291398473212997632
1291398433929072641
1291398426752618499
1291398402698248196
1291398399581970433
1291398328228425728
1291398327356006404
1291398297924575232
1291398233713975296
1291398189912915969
1291398150184480769
1291398145587511298
1291398139107332097
1291398104629964800
1291398064117293056
1291398014020603904
1291397963403730945
1291397935943516160
1291397929438269441
1291397675489918980
1291397619479187457
1291397573966794752
1291397485286453251
1291397480475590656
1291397436007690245
1291397365031632897
1291397194017275904
1291397082092392453
1291397068360019969
1291396990597607424
1291396926554988544
1291396825942040577
1291396778512642048
1291396659101007878
1291396450698407937
1291396425469886469
1291396412937125893
1291396387972644864
1291396111194886144
1291396023668047873
1291396019159216128
1291395944244797440
1291395943636639753
1291395921381654528
1291395914322587659
1291395904105111552
1291395861898047494
1291395740728729600
1291395723003604992
1291395711435767810
1291395685904838656
1291395661611651072
1291395627142664192
1291395488596537345
1291395421806493702
1291395314600091650
1291395251807100928
1291395143023472642
1291395103211233281
1291395078594932737
1291394997539999744
1291394973607366658
1291394958193287169
1291394952778448898
1291394741062586372
1291394725589716994
1291394677510373377
1291394670740877327
1291394600024801280
1291394217084936192
1291394193277898753
1291394177788514304
1291394041440083975
1291394016639033347
1291394007768195072
1291393989191651337
1291393925828300806
1291393853774233602
1291393844072701952
1291393765136007168
1291393722723315712
1291393660253343746
1291393603894415360
1291393593337315329
1291393560038825986
1291393548277948416
1291393300931457024
1291393294052843520
1291393271604944897
1291393260708139009
1291393252902436864
1291393176012554244
1291393169792405509
1291393128864329730
1291393111801962497
1291392936073191425
1291392926027743235
1291392858193371141
1291392855357956101
1291392771094347776
1291392710507737088
1291392674222743554
1291392664949215232
1291392664324243456
1291392512658038790
1291392445784236032
1291392398698807297
1291392296722804737
1291392257002618882
1291392223083237377
1291392146461921283
1291391671112830976
1291391665979232257
1291391618055118849
1291391524425662465
1291391517873987584
1291391476929372161
1291391417084977152
1291391404527226882
1291391374621913088
1291391356305195009
1291391312315297792
1291391179154751491
1291391131075239937
1291391122594562052
1291390920898772995
1291390692934201345
1291390605277499393
1291390573488877575
1291390539716337664
1291390520426627073
1291390491389562881
1291390447890309123
1291390433864671232
1291390411089408002
1291390409197920256
1291390338154860552
1291390282181664770
1291390187197673477
1291390059866923017
1291389994381213699
1291389943789449216
1291389791813218304
1291389702507859970
1291389677795069953
1291389634300325889
1291389630563020800
1291389615639801858
1291389584589258759
1291389512858337281
1291389481019482113
1291389414573105159
1291389382595944451
1291389342498332672
1291389077460258817
1291389047127113728
1291389029104209920
1291389010208849920
1291388990940209153
1291388974213324803
1291388917069959170
1291388900296941574
1291388880239951876
1291388868353196034
1291388814997372928
1291388779651989504
1291388769598353410
1291388604342837248
1291388567332126720
1291388562911514627
1291388476932284416
1291388405859774464
1291388361400344576
1291388344207904776
1291388280206962688
1291388274871873537
1291388083208949762
1291387990892306433
1291387981148966914
1291387945857949698
1291387884579233793
1291387859631472643
1291387803381698567
1291387675195240449
1291387600121593868
1291387599467286530
1291387425214861314
1291387414703874048
1291387405531074561
1291387398014681088
1291387332625436672
1291387284735000577
1291387260190044161
1291387258633957376
1291387168271654914
1291387147082063875
1291387130741129216
1291387091671228416
1291387048260239361
1291387038500098048
1291386972309794816
1291386808522203137
1291386753870258184
1291386621963784195
1291386604695752706
1291386466258558976
1291386427067052032
1291386347794595840
1291386334398107649
1291386319206195200
1291386227149754373
1291386110329987072
1291386028285018112
1291385986597806086
1291385944852041737
1291385652676890631
1291385624738619400
1291385621827682305
1291385588654972928
1291385568002109440
1291385491594543105
1291385488385937409
1291385347503460352
1291385276103712768
1291385258508771334
1291385246106243072
1291385191965921281
1291385188119752705
1291385181123694594
1291385163436310530
1291385072713596931
1291385060747350018
1291384952358080512
1291384938214744064
1291384865921867777
1291384836226252801
1291384764578971648
1291384730101993474
1291384595800363009
1291384593778528257
1291384573637533696
1291384514581676038
1291384342690828291
1291384207562940424
1291384153603051520
1291384081461256192
1291384022405386241
1291383984077918208
1291383978054885376
1291383885197082625
1291383847683108865
1291383837755346944
1291383771543900160
1291383725209669634
1291383527414681603
1291383374310002689
1291383318919942147
1291383288104472577
1291383075587239936
1291383064376086529
1291383042540539904
1291383017601216512
1291382876555153409
1291382863053688840
1291382833781432325
1291382827590848520
1291382709114351617
1291382630420828165
1291382413634011137
1291382293005651970
1291382249259180032
1291382211791347713
1291382156590284800
1291382145043202048
1291382126550671360
1291382113829257217
1291382070015668231
1291382021806325760
1291382021202366467
1291381962209468416
1291381898569068545
1291381831024160768
1291381758357835776
1291381668331302912
1291381657707188224
1291381628485476352
1291381617697722370
1291381568121036801
1291381558994186245
1291381413506363392
1291381377221484544
1291381255339040768
1291381131804389376
1291381131653324801
1291381117430398978
1291380989999095808
1291380822067548161
1291380783836540928
1291380759434076162
1291380669323640838
1291380621764440066
1291380601820532737
1291380561437700096
1291380428021137409
1291380419720392704
1291380249398325248
1291380167114469380
1291380126756884483
1291380116644343812
1291380074005045248
1291379954643435521
1291379933399277569
1291379904332824581
1291379878089109506
1291379876306587650
1291379868677152768
1291379830865289216
1291379796656574464
1291379688728940547
1291379652041355265
1291379600254214144
1291379471342358528
1291379467470987265
1291379391684018176
1291379372184698881
1291379273626980354
1291379266332983297
1291379178928066560
1291379035948417024
1291378754267185154
1291378743236349954
1291378614697590785
1291378583324196866
1291378528789893121
1291378459055280129
1291378400355995648
1291378317984235521
1291378317371813892
1291378270735347714
1291378178162929664
1291378172827594757
1291378143094349826
1291378130444259330
1291378083702771712
1291378071220760577
1291378012248780807
1291377851636363267
1291377813367525376
1291377705133527042
1291377676150702080
1291377661667708928
1291377655334535170
1291377646350278656
1291377597683830784
1291377564880121856
1291377561080143874
1291377493144997891
1291377439365574657
1291377381731704839
1291377376522313731
1291377345912242177
1291377232145821696
1291377197597569029
1291377182875381761
1291377046594166784
1291377027602358283
1291376934555967488
1291376806600118272
1291376685946937350
1291376640371699712
1291376558897340418
1291376441653960707
1291376391007633409
1291376321998839816
1291376223986372609
1291376088539697152
1291376040569212930
1291375996055310338
1291375909702979591
1291375877670842369
1291375835266666499
1291375811249856513
1291375806460043264
1291375697601200129
1291375683571195906
1291375679569833984
1291375650411094016
1291375441182363648
1291375410765332480
1291375317735501824
1291375290011152385
1291375287721242625
1291375258608390145
1291375252447010816
1291375138458537984
1291375104283336705
1291375047207198720
1291375037438726144
1291374705077817349
1291374669543739392
1291374525104390146
1291374499841978368
1291374354119430154
1291374069024206848
1291374007330144258
1291373986023014400
1291373923695763456
1291373883249930242
1291373819354066947
1291373789889073154
1291373701204783105
1291373597823512577
1291373489115533313
1291373348086259712
1291373276967706626
1291373263700942849
1291373257665339392
1291373134109499394
1291372987384565762
1291372932166541312
1291372890697367555
1291372827380129792
1291372770119516162
1291372745041874947
1291372648694308865
1291372633267765248
1291372591480020992
1291372529735610368
1291372505748381696
1291372455068655616
1291372311883415553
1291372311199842305
1291372247572193280
1291372130400186369
1291372075270254592
1291372022694633472
1291371998950588416
1291371921146171394
1291371901131132928
1291371837843267584
1291371808084692993
1291371744419295235
1291371727457521664
1291371627024982016
1291371585149054978
1291371568602505217
1291371558804447232
1291371488088674304
1291371375362441217
1291371326117220353
1291371251227926529
1291371187147173890
1291371147221708802
1291371064564617219
1291371022659268609
1291370983295721472
1291370945001803776
1291370897136205825
1291370895257276416
1291370876479340548
1291370810305806336
1291370710926057472
1291370707897720837
1291370701992206338
1291370668433354752
1291370646132461570
1291370618970148864
1291370569481326592
1291370476439314435
1291370440280010752
1291370315336081408
1291370292955291648
1291370231936557056
1291370201829855232
1291370191763525632
1291370151581892608
1291370089435074562
1291370017603366913
1291369882756374528
1291369795317903360
1291369685808582656
1291369622550323200
1291369536135016448
1291369516530892802
1291369485052649473
1291369407164424192
1291369395890135040
1291369274318163968
1291369153450967040
1291369055937585152
1291368995426381825
1291368987213860864
1291368898093359104
1291368896709132290
1291368679825907712
1291368641179443200
1291368482513321985
1291368321951162368
1291368235502379008
1291368130867068930
1291368027401773056
1291367921520803842
1291367741102972928
1291367704025341959
1291367702653698048
1291367622852976640
1291367536626413569
1291367512509018112
1291367278752206848
1291367218719207424
1291367215963549697
1291367191179341830
1291367179334619136
1291367146128396290
1291367014913605632
1291367014238498816
1291366821845770240
1291366769605644290
1291366696490541056
1291366655193427968
1291366459273338880
1291366322350292993
1291366318252277761
1291366270693253120
1291366011208445953
1291365994334769152
1291365976777400320
1291365968564883457
1291365885848903680
1291365828827516929
1291365814470348801
1291365515907145729
1291365488140984320
1291365214886268929
1291365162897874945
1291365149484494849
1291365113971253248
1291365069482229762
1291365037102247937
1291364920760639488
1291364869099466753
1291364840037113861
1291364767412690944
1291364766435475456
1291364579793141761
1291364320388030465
1291364191568367619
1291364165005844483
1291364151709884416
1291364139051429895
1291364120080592897
1291363935401193472
1291363916434612226
1291363301742596096
1291363296046530560
1291363286630490117
1291363260764246019
1291363228241604610
1291363179277111298
1291363153293520896
1291363150978093056
1291362986695643136
1291362952776474625
1291362778004021250
1291362747779821573
1291362707560525825
1291362624509181953
1291362409215602689
1291362316756430850
1291362128541163520
1291362111650762760
1291362043887415298
1291361993534984193
1291361779755474945
1291361758217670657
1291361660083503104
1291361571529162752
1291361512490070016
1291361481485942784
1291361465665032192
1291361458207563776
1291361390452772864
1291361275096764418
1291361256981422083
1291361182838857732
1291361033274249216
1291360943801327618
1291360854739496961
1291360848611627008
1291360831217848322
1291360647452688386
1291360625613045760
1291360519333478401
1291360472999108609
1291360410575101958
1291360390094430213
1291360122862673928
1291359980373803008
1291359917513805824
1291359871170949120
1291359844516204545
1291359769861619713
1291359739251630080
1291359674776915969
1291359579226484736
1291359507293995009
1291359298270957569
1291359128627982336
1291358929264553985
1291358761421099008
1291358693980803072
1291358596668764162
1291358532353380354
1291358468377440258
1291358427789381632
1291358075362959362
1291358046350761985
1291357869514854400
1291357667928297472
1291357599665971201
1291357431147225088
1291357395399122945
1291357392823885826
1291357324699983872
1291357166394314752
1291357127425118208
1291357119204163584
1291357080725737474
1291356967202693120
1291356916229251073
1291356883983503360
1291356658346622978
1291356564369092611
1291356552213995520
1291356515132157953
1291356510715551750
1291356482538274819
1291356463517048832
1291356440427401216
1291356001552277504
1291355741983510531
1291355654205009920
1291355582662942722
1291355554787528704
1291355408154730499
1291355369999151105
1291355357122502656
1291355345433092096
1291355267850891268
1291355244522360832
1291355138054148100
1291354993585532928
1291354939034411015
1291354836605313025
1291354719743627264
1291354717683986433
1291354710545498116
1291354681764126725
1291354635509338113
1291354600503738370
1291354577892122624
1291354502466084865
1291354495839019008
1291354481800617986
1291354349881290754
1291354208239865856
1291354187863711744
1291354069764694016
1291353740641841152
1291353721641762818
1291353628708569098
1291353521095430146
1291353510357934082
1291353267394326530
1291353177409888258
1291353101702701057
1291353045935292417
1291352973822631936
1291352921674842114
1291352919305003011
1291352917828657152
1291352844076023809
1291352766959558656
1291352634801049600
1291352558267588609
1291352524331655168
1291352522070921216
1291352516878381058
1291352431658504193
1291352391263105027
1291352387215601669
1291352294328619008
1291352090397356034
1291351969303605251
1291351965776007168
1291351840425234433
1291351825338314753
1291351760527859712
1291351643615907841
1291351595213623296
1291351583368904712
1291351525072105472
1291351425457455105
1291351398219644934
1291351371128672256
1291351358738767874
1291351330661888001
1291351320096657408
1291351168992661504
1291351118598025220
1291351058992771072
1291350928440856576
1291350917002997762
1291350780549763073
1291350655685267456
1291350504816205829
1291350393046347776
1291350388432609281
1291350387354673153
1291350248351100928
1291350240973467653
1291350115706265606
1291350057967480833
1291349952430518273
1291349534203879425
1291349426326458368
1291349414737567744
1291349149422694401
1291349110847606784
1291349055851958274
1291348927032287234
1291348883612737536
1291348789824049154
1291348743623671809
1291348470629097473
1291348301045014528
1291348298767446017
1291348264185470976
1291348250671316994
1291348231486607360
1291348147625766912
1291348114406768640
1291348058735812608
1291347921066221568
1291347657911402497
1291347544212111363
1291347449290862593
1291347446266834944
1291347395339358208
1291347140632096768
1291347119580819456
1291346938974134273
1291346810737393666
1291346806723317760
1291346803124850688
1291346766676164608
1291346713551073280
1291346563579678721
1291346524438499328
1291346518105088000
1291346506025512962
1291346465189769221
1291346340702756866
1291345975253127174
1291345947755253761
1291345944345280512
1291345731425652737
1291345643139629056
1291345337463066630
1291345310799630336
1291345280487612416
1291345013486624769
1291344908238966784
1291344846620372994
1291344691426992135
1291344594991550468
1291344511508140032
1291344403957784576
1291344051971805184
1291343918039105536
1291343158010421249
1291342729948139521
1291342664172879872
1291342501668847617
1291342494031130628
1291342449164591105
1291342364813004801
1291342193467232256
1291341861962088456
1291341840696975360
1291341805355761664
1291341689064488961
1291341498764726272
1291341439809523714
1291341407509241856
1291341379772338177
1291341335857975299
1291341175300018177
1291341072963121152
1291340967673565185
1291340949600296960
1291340879387484160
1291340783769985025
1291340678182637568
1291340544539611137
1291340375148437505
1291340318563065857
1291340208680493056
1291340184445911040
1291340175608549376
1291340057220128774
1291339927469215745
1291339903117271041
1291339668034916353
1291339292820684801
1291339271404752897
1291339259769757699
1291339179750809602
1291339174105223172
1291339141947355136
1291339114189672449
1291339076407308289
1291339008778178561
1291338989723500545
1291338988330971139
1291338889752453121
1291338806801637377
1291338750031609857
1291338727969697793
1291338651163656193
1291338468228919296
1291338194970193921
1291338122886815744
1291337798121934848
1291337663774183425
1291337520693747715
1291337359418679298
1291337353655615489
1291337289138921476
1291337280603525123
1291337273318027265
1291336959437217793
1291336869930819584
1291336856412422144
1291336818475044864
1291336534361346050
1291336515403030530
1291336498118307841
1291336472520462336
1291336432230031365
1291336406313218049
1291336263765757954
1291336255410765825
1291336212800770049
1291336068105736192
1291335999486930947
1291335732284489728
1291335722901872641
1291335694179328003
1291335566345351170
1291335484866564099
1291335208982261761
1291335058482241537
1291335044779442178
1291335014978916353
1291335004879040513
1291334905746661376
1291334891452403712
1291334824830017545
1291334650007232515
1291334615203041280
1291334483069800448
1291334469681590272
1291334350575996928
1291334209890590721
1291333917061058561
1291333595135705092
1291333213248512002
1291333162799423488
1291333117257699330
1291333073288781824
1291333003055181825
1291332987024539649
1291332843805827075
1291332802571534336
1291332768446713856
1291332704667963393
1291332577576521729
1291332564666458119
1291332534735962118
1291332496387387403
1291332373913784321
1291332236957097984
1291331825978281985
1291331595966640130
1291331552933285889
1291331377078636544
1291331064057573378
1291330931589079041
1291330828476338176
1291330539811733506
1291330476045631488
1291330402603487241
1291330050994970624
1291330004085866504
1291329906601865217
1291329485179166720
1291329371295416322
1291329329612222464
1291329132274450432
1291329119867871235
1291328918717423617
1291328796876869633
1291328532019322881
1291328518715052033
1291328455997452289
1291328414192934912
1291328297943666689
1291328271053983744
1291328055043137540
1291327827682324480
1291327769029283841
1291327674376433664
1291327463629508608
1291327236876967936
1291327188994793472
1291327004873314304
1291326738635591680
1291326550755938304
1291326300444139520
1291326256164872192
1291326075046436864
1291326019480236032
1291325951532572673
1291325864555302914
1291325607507369984
1291325534413246464
1291325524808069121
1291325387775963138
1291325384160673792
1291325177620574209
1291325042551410688
1291324982119870465
1291324406875058177
1291324299517857793
1291324045472854017
1291323271758020608
1291323095672905729
1291322859042766848
1291322763832164352
1291322687474659328
1291322363641049088
1291322230589267970
1291322194031714312
1291321843987685377
1291321782960619520
1291321723623747586
1291321419675000832
1291321365342167045
1291321330751725569
1291321156927184896
1291321149960400899
1291321024181567488
1291320867780268032
1291320784322011137
1291320695373418496
1291320468667076609
1291320329202262018
1291320254707236865
1291320186545614848
1291320168724004864
1291320039614771200
1291319952474071041
1291319747485802496
1291319561871073285
1291319434251051009
1291319195695747072
1291319184836587520
1291319151777193984
1291319037826195456
1291318732539613184
1291318726793375746
1291318661341483010
1291318643431792640
1291318478213976065
1291318378070761472
1291318351550009344
1291318214857830404
1291318088047251456
1291317857054228482
1291317745909366784
1291317663420026900
1291317617173700608
1291317545564332032
1291317544549150721
1291317449640611843
1291317401989111808
1291317168009863169
1291317145775804417
1291317055594135552
1291316995749748736
1291316764207456256
1291316700684660736
1291316462230020096
1291316394089299974
1291316043076571138
1291315997216051200
1291315788155105281
1291315719326621699
1291315569011101697
1291314924526895105
1291314897431613442
1291314800488636418
1291314603713069057
1291314392685043713
1291314165223763969
1291314101508026368
1291313987993219072
1291313974475214848
1291313679221358592
1291313664902017024
1291313573776560133
1291313401306787842
1291313129893310464
1291312747376979968
1291312463414206464
1291312379448483841
1291312327879524353
1291312177530331136
1291311693516214278
1291311534593863681
1291311519540678661
1291311425705652226
1291311292939108353
1291311124936306689
1291310929557311489
1291310828331896833
1291310704641953793
1291310657778794496
1291310450672652288
1291310135726538754
1291310116642357249
1291310076234313730
1291309976036745216
1291309959226023936
1291309880603824128
1291309082008326144
1291308657473228800
1291308588263247872
1291308586140749824
1291308566977028097
1291308380590571520
1291308347006713857
1291308251318026240
1291308054416437248
1291307942332039168
1291307511681814534
1291307309826740224
1291307126376353793
1291307083078479873
1291306301675450368
1291306066471419912
1291305549024440320
1291305373643808769
1291305321214943232
1291305303422783488
1291305162108096513
1291305047754670086
1291304982147469312
1291304954221797377
1291304833463574528
1291304637807710208
1291303430791794688
1291303365956136960
1291303337380454400
1291303316480233473
1291303115283562496
1291303065430171648
1291302765013041154
1291302678551617538
1291302609685549059
1291302594711654400
1291302579847204865
1291302381334994949
1291302252389400577
1291302048550404096
1291301611722031104
1291301488413696000
1291301042160840705
1291300929749229568
1291300748186103808
1291300168348962818
1291300128494673920
1291300030599458817
1291299912332836869
1291299527849369600
1291299514511392768
1291299411947974656
1291299324668731392
1291299316233981952
1291299247049113600
1291299207379324935
1291298785734406145
1291298680750764033
1291298529269428224
1291298411753254912
1291298159222591488
1291298157687640064
1291297887473696768
1291297733802897409
1291297383754670081
1291296790814363651
1291296755938721792
1291296523389730816
1291296408369209344
1291296338613866496
1291296174532632576
1291295694725185536
1291295624164499456
1291295585484636165
1291295255216582656
1291295133435146242
1291295053768515584
1291294760800604160
1291294417861541888
1291294243294785536
1291294184104693760
1291294089875521536
1291294056379822080
1291293515486498816
1291293184119713792
1291292968561844224
1291292864002043904
1291292687367172096
1291292569406705664
1291292523563044864
1291292431670018049
1291292311817576450
1291291984527794177
1291291839283318784
1291291775479549953
1291291709398286336
1291291591798165504
1291291484977688577
1291291287359029249
1291291160166543361
1291291089438232581
1291291025361768449
1291290965479751680
1291290917551460352
1291290913533304832
1291290562969194497
1291290494815875073
1291290362170884097
1291290299604643840
1291289872792268800
1291289850419843073
1291289810024509440
1291289345534627840
1291289205134385154
1291288949177098246
1291288723112497152
1291288641747193858
1291288627595685890
1291288400285188096
1291288357843083265
1291288100644073473
1291287997577433089
1291287872893460482
1291287707671388160
1291287676696637441
1291287592349184000
1291287532936679425
1291287488569507840
1291287465215623168
1291287358676045824
1291287187124822016
1291287180472541190
1291286807317843968
1291286802972770304
1291286755396784129
1291286683007299584
1291286675595726849
1291286604150079489
1291286601939681280
1291286599624298501
1291286280618172417
1291286279754309633
1291286272049205248
1291286260078858240
1291286228864704514
1291286128948019200
1291286032961294337
1291285954615967746
1291285931161337856
1291285807878344705
1291285482031087616
1291284559921848321
1291284537054355456
1291284522324107264
1291284416564809732
1291284206908137474
1291284004222640128
1291283735384657922
1291283732117295104
1291283672495280128
1291283634972917762
1291283537593696257
1291283497806630912
1291282864450015234
1291282864328388610
1291282863883563008
1291282863510429696
1291282852072558592
1291282697164382208
1291282203066867712
1291282063199539200
1291282002079969280
1291281730083717120
1291281669643800577
1291281653420249089
1291281575670243328
1291281404718972928
1291281078938996736
1291281015395295233
1291280949171367937
1291280941802020864
1291280746058002432
1291280124873191424
1291280000738566144
1291279907750912002
1291279837274021890
1291279754218229761
1291279740746313729
1291279624958353408
1291279528258490368
1291279449145479174
1291279224112734210
1291279136560836611
1291279121977233408
1291279110006665217
1291279088095830016
1291279021217480705
1291278976606826496
1291278935553118210
1291278888522326017
1291278859430551552
1291278735782694912
1291278731294769152
1291278667637616642
1291278632640491520
1291278557214253056
1291278520614703104
1291278393892376577
1291278392264806400
1291278250858237953
1291278166229544960
1291278039075229696
1291277960524132352
1291277808623398912
1291277793896968193
1291277751480193024
1291277725706027008
1291277655996801026
1291277616197128192
1291277528712253440
1291277434764111873
1291277387389210624
1291277083008737280
1291277062695612416
1291276972254011392
1291276969665994752
1291276960870494209
1291276800652238853
1291276790825197571
1291276657911828480
1291276541264109570
1291276523799040002
1291276368425242625
1291276318575923200
1291276296723415040
1291276050417307648
1291275862126538752
1291275514489929729
1291275491777929216
1291275485754859520
1291275419526864896
1291275308772003840
1291275284826566662
1291275133487738880
1291275077544112128
1291274850389110784
1291274305515462656
1291274259927429125
1291273848357298176
1291273662859902976
1291273431418363905
1291273350661246977
1291273350321446913
1291273032904790016
1291272924175818752
1291272761449488384
1291272629094174720
1291272593576792064
1291272577067827200
1291272352626618368
1291272189707259906
1291272176939626503
1291272170769973248
1291272120731758597
1291272119192616960
1291271245774938112
1291271146336333824
1291271062555172865
1291271014622658561
1291270884850900993
1291270869478760451
1291270750725459968
1291270509276147712
1291270347162091522
1291270061571833857
1291269924732764162
1291269909448720385
1291269891958464512
1291269785481875456
1291269727969595392
1291269710563041280
1291269558502907905
1291269497341349888
1291269421386866689
1291269307058421760
1291268706958442496
1291268620417409024
1291268603984130048
1291268601798893571
1291268556764712961
1291268541547778049
1291268468642201601
1291268462799716352
1291268419036143618
1291268414896406528
1291268379836325888
1291268126521331714
1291268075883560960
1291268013258412034
1291267911303286785
1291267863299256321
1291267572139139072
1291267381398925313
1291267272997318658
1291267074694807553
1291266792413945856
1291266503120228353
1291266404482654208
1291266308164788226
1291266044385009665
1291266002446098434
1291265900767784960
1291265898901172224
1291265821700849664
1291265603320320007
1291265525490868224
1291265394427211776
1291265379906605057
1291265321421152256
1291265268274982918
1291265248528420866
1291265203854860290
1291265122430672897
1291264862987988992
1291264832516362240
1291264456865902592
1291264335394873344
1291264261189181443
1291264212753215489
1291264174161502211
1291264160391626752
1291264084109856770
1291264053223010305
1291263961913069569
1291263925661523968
1291263692940533761
1291263633532555265
1291263615790657537
1291263569049264128
1291263277918543872
1291263088205819905
1291263053783347200
1291263049542893568
1291262887449653248
1291262857170915331
1291262627402801152
1291262572486955009
1291262546226241538
1291262466698223616
1291262319104688129
1291262135587278848
1291262013474246656
1291261984659234816
1291261690584104965
1291261627304685568
1291261558572515328
1291261394340286464
1291261116723732481
1291260855808659456
1291260768617484290
1291260706537582592
1291260582696558592
1291260569522249732
1291260453046255619
1291260409626804225
1291260389712330756
1291260291989278722
1291260184287940609
1291260046534488065
1291259971435237376
1291259859883692032
1291259833065377792
1291259802857779200
1291259743961481219
1291259436942733314
1291259385990262785
1291259331149733890
1291259288820670464
1291259193815715846
1291259068796076033
1291259007475355650
1291258835328540672
1291258648551813120
1291258620361846785
1291258612766199809
1291258535649710082
1291257872186318849
1291257460720914432
1291257419113226240
1291257377963081729
1291257263123050496
1291257261998907392
1291257105681448962
1291257076488892416
1291257015742816256
1291256946620862464
1291256922960625664
1291256919961686016
1291256812482654209
1291256747924086785
1291256722359816194
1291256291546013702
1291256236390809600
1291255762308804608
1291255759318085632
1291255382590005248
1291255195465404416
1291254910374146048
1291254694925332481
1291254671466782720
1291254661882683392
1291254653783506944
1291254556530061312
1291254503287660546
1291254480424632320
1291254312946077696
1291254224903446528
1291254189419646976
1291254053268156416
1291254021735329794
1291254004383723520
1291253743246364672
1291253721494482944
1291253667576905729
1291253564203884546
1291253370104115200
1291252932382470144
1291252915416555521
1291252643206254592
1291252594912813058
1291252584796139526
1291252517389688833
1291252385256484866
1291252179009855488
1291252177273417728
1291252031018213377
1291251655296667649
1291251380418740224
1291251242144919552
1291251227330777089
1291251203079319552
1291251142991650816
1291251130215718912
1291250973948616705
1291250858135449600
1291250718205259781
1291250217031933952
1291249949800148994
1291249764416200710
1291249731411345408
1291249666672267264
1291249549345009664
1291249457107959809
1291249361427603456
1291249231504777217
1291249123530686464
1291249041360195585
1291248973936840704
1291248942878019589
1291248924825616384
1291248868621979650
1291248170224189440
1291247888375349248
1291247746985472000
1291247551258284033
1291247466260516868
1291247267479990273
1291247251311005697
1291247181496643589
1291246876205826048
1291246836477333506
1291246758648074241
1291246756781600774
1291246706428911616
1291246533258743808
1291246439494897664
1291246114838962177
1291245990347968517
1291245943732539393
1291245676312121345
1291245585325056000
1291245468715016194
1291245312225374209
1291245287172759552
1291244997233311744
1291244920993386496
1291244625714348033
1291244552196698112
1291244189502455809
1291244156753342465
1291244134829666305
1291244026797142017
1291243970962497536
1291243854230949888
1291243852679061511
1291243559652392962
1291243258354360321
1291243254604800000
1291243240054824960
1291243225944997888
1291243075134619648
1291243069128552449
1291243067194970113
1291243006163587072
1291242698956038144
1291242643876265984
1291242619771617282
1291242605477613568
1291242428003885056
1291242310861295616
1291242253332045824
1291242214580867072
1291242160709197824
1291242149078589440
1291241945122185216
1291241881569857537
1291241875060400128
1291241848795566080
1291241821700370433
1291241620831121408
1291241581572481024
1291241462378770437
1291241362726191105
1291241237492535296
1291241189610369024
1291241060119638016
1291241007070224385
1291240992713179138
1291240930876383234
1291240790170071040
1291240729134510081
1291240691302051840
1291240629536804864
1291240553611313157
1291240490570924032
1291240399328051201
1291240379086381056
1291240345276219392
1291240318491213824
1291240162425475072
1291240146835185664
1291240099469041664
1291240057236606976
1291240031806341120
1291239720190529536
1291239716373725186
1291239660753244160
1291239266874347520
1291239203737612290
1291239192312205313
1291238968587988992
1291238794826600449
1291238713884913664
1291238303790854144
1291238178146246656
1291238097213165568
1291237902639194112
1291237811576872963
1291237625567748099
1291237614784139265
1291237503286964224
1291237453689499648
1291237447322533888
1291237377575391237
1291237254535536643
1291237212387004416
1291237034523340801
1291236955393593344
1291236948338597888
1291236934996512770
1291236878054830081
1291236781464190982
1291236762786967559
1291236593878085633
1291236574978506754
1291236424021401600
1291236371487526912
1291236113454170112
1291236095863197696
1291236026967625729
1291235840413188096
1291235666433458176
1291235645906513922
1291235597688778754
1291235428360761344
1291235423864393728
1291235370688897026
1291235332785147904
1291235173468721154
1291235088299155456
1291234892907311105
1291234769737363457
1291234586878513153
1291234575939710977
1291234516535660544
1291234516124786688
1291234512299589632
1291234389867876352
1291234377981145088
1291234085680144385
1291234013416366080
1291233902305083392
1291233869249884161
1291233841928183808
1291233746352390144
1291233476968984576
1291233459202142208
1291233295947059201
1291233245091201024
1291233233791627264
1291233197293019138
1291232878538326017
1291232763907993600
1291232572178083843
1291232470852087808
1291231876401618944
1291231700962467840
1291231630733049856
1291231583559720960
1291231326545129472
1291231291686268930
1291231178826096641
1291231051986001920
1291230999829913600
1291230977545707522
1291230894091431937
1291230872335781888
1291230822981410817
1291230673244581888
1291230622674046976
1291230601022824450
1291230568940625925
1291230537412235264
1291230433506668544
1291230371426832387
1291230351096868864
1291230086423810049
1291230079444561923
1291229890650415107
1291229767480614912
1291229764917788673
1291229732114235392
1291229622730805255
1291229576824123392
1291229520608059393
1291229429612544000
1291229389737271296
1291229361203544065
1291229173386633216
1291228856347693060
1291228818313818113
1291228585118830593
1291228570338168834
1291228552428425216
1291228427366744064
1291228227281850368
1291228128329846785
1291227933818880000
1291227799391436800
1291227780945006592
1291227473011552256
1291227467454324736
1291227464610398209
1291227287036157953
1291227271164960768
1291227261287321601
1291227238386393088
1291227232065720320
1291227206165897221
1291227169436336129
1291227165934067714
1291226825226674177
1291226687674486785
1291226596007845888
1291226545445511169
1291226476227039232
1291226440676126720
1291226425568006145
1291226350624407552
1291226349118447619
1291226271913873408
1291226249486987264
1291226170177003521
1291226130222022656
1291226046285701120
1291225999187869696
1291225972201709568
1291225906531336193
1291225759885950977
1291225645629034497
1291225607074983936
1291225583465111552
1291225564213383168
1291225543736606721
1291225520739201025
1291225512182837249
1291225379877851136
1291225308386000897
1291225267495743491
1291224990948286464
1291224972199956480
1291224925777338369
1291224925391319040
1291224917787123712
1291224714044518400
1291224689675849729
1291224486784753665
1291224457097379840
1291224393398358016
1291224233641742338
1291224115832135680
1291223988652261383
1291223898063687680
1291223829075963904
1291223729549131777
1291223595490979840
1291223519435665412
1291223504751415298
1291223502092152832
1291223331316932609
1291223200165171202
1291222906211643398
1291222793573605377
1291222706021490688
1291222643677437952
1291222424097189890
1291222158207746048
1291221900409143296
1291221898081296384
1291221805127151616
1291221677079236613
1291221666266308609
1291221588273033216
1291221568949952512
1291221464713134082
1291221464516001793
1291221404126294016
1291221191135383552
1291221180343558152
1291221166192046081
1291221022310412289
1291220992841453570
1291220955704901633
1291220864436973569
1291220777694629888
1291220758933512194
1291220746279112704
1291220676641087488
1291220651877990401
1291220576267313152
1291220436282310657
1291220220145577984
1291220189665689601
1291220163585507331
1291220121801773056
1291220027203608577
1291220024762433538
1291219736550936576
1291219721195606018
1291219688329019393
1291219624479076352
1291219547257798656
1291219264742002689
1291219126363385858
1291219123771506688
1291219035615449089
1291218910386229248
1291218880640114689
1291218820728856578
1291218817625075712
1291218747789684736
1291218700704419840
1291218517287673856
1291218482844053505
1291218464393306119
1291218379014057988
1291218378494038018
1291218312706359296
1291218262710194177
1291218248600621056
1291218244683079680
1291218143352885251
1291218078144110592
1291217995633766400
1291217868776812544
1291217748312363009
1291217588811452416
1291217585539878912
1291217535111700480
1291217447421435905
1291217415368572929
1291217397723144192
1291217394891780096
1291217248552718337
1291217239337623557
1291217236623937537
1291217160417624066
1291217115387777025
1291216973053952005
1291216937226207232
1291216699816124416
1291216602596343808
1291216587584942080
1291216424657211393
1291216339407982593
1291216289801728002
1291216122876817409
1291215946846273537
1291215897965637639
1291215745343459331
1291215571674107904
1291215561754640384
1291215558344671237
1291215492716408832
1291215465134485505
1291215448902529029
1291215255050293254
1291215196804063232
1291215194023170051
1291215187307925504
1291215168412712960
1291215007854690309
1291214784273223681
1291214774513082369
1291214765591863297
1291214287550193666
1291213992896204800
1291213960943792131
1291213906141048834
1291213885782007808
1291213879146577920
1291213682295353346
1291213626104307712
1291213490573791233
1291213412672974855
1291213387700076545
1291213318494068738
1291213297300246528
1291213272948015106
1291213239997607936
1291213221924409350
1291213215905591298
1291213204014718976
1291213146519228416
1291213131797143552
1291213041225404419
1291212792217792512
1291212729756385280
1291212672655134725
1291212652421812224
1291212602597670913
1291212565574348808
1291212457378283520
1291212348020203525
1291212303552004096
1291212268521369601
1291211895894970375
1291211879201886208
1291211827330727936
1291211805306437632
1291211803108794370
1291211789078876160
1291211668345651200
1291211646447296514
1291211623974211589
1291211526792192005
1291211343358386176
1291211302048858112
1291211088701394945
1291210938419486720
1291210929829490688
1291210776892583936
1291210582948020224
1291210568703983622
1291210524458442753
1291210500706009090
1291210443009265665
1291210223768735744
1291210062774571008
1291209988828999680
1291209907547459587
1291209893370888192
1291209862479843328
1291209819823595520
1291209691629064193
1291209663258611712
1291209538314493953
1291209505343242241
1291209464989790210
1291209396639289344
1291209267140124675
1291209224391929857
1291209187234582530
1291208955184787460
1291208819859550208
1291208817011650561
1291208688280248320
1291208658777329666
1291208477147160577
1291208350005211136
1291208316778098689
1291207915840442368
1291207879345790976
1291207691629715459
1291207565934616580
1291207458195570688
1291207233716523012
1291207161385824258
1291206878853124096
1291206635457638401
1291206619020365830
1291206593590132738
1291206535805382664
1291206503605497856
1291206355680989185
1291206347019739137
1291206018710503429
1291206000322719746
1291205954474672129
1291205938167373824
1291205832173125637
1291205711159005184
1291205669652008960
1291205572981919749
1291205464378601472
1291205264557740033
1291205234543546368
1291205126468730880
1291204991567486977
1291204929764368385
1291204812256587776
1291204809920401408
1291204627514433537
1291204601845354496
1291204582836707329
1291204480344535043
1291204328649302017
1291204248399523840
1291204243999711233
1291204214421684225
1291204134201364480
1291204074881323008
1291203942349709313
1291203709880471559
1291203677022298115
1291203662618992643
1291203005082218496
1291202967295598592
1291202914418139138
1291202812429271041
1291202810793455619
1291202804825169926
1291202738739585024
1291202484267098112
1291202395620474882
1291202389081575424
1291202049875611648
1291201847470854145
1291201833050890241
1291201823999696896
1291201807163617280
1291201650623942656
1291201501285752839
1291201421266825223
1291201373208485894
1291201134992986113
1291200883229786112
1291200881795436545
1291200833451954177
1291200826531147776
1291200619290787840
1291200458053345281
1291200379376603137
1291200357897510914
1291200201844195329
1291200170768519168
1291199967621767168
1291199887397335041
1291199860616638464
1291199833433399298
1291199748620406784
1291199666168758274
1291199425021456385
1291199203822141440
1291199131352883200
1291198944341626881
1291198859377553408
1291198601142521859
1291198595371134977
1291198543399653378
1291198447433940994
1291198394371682304
1291198326050713601
1291198258338045952
1291198050220875776
1291198023322796033
1291197820481888257
1291197797425909762
1291197740886695936
1291197734180061184
1291197629360148480
1291197623542652928
1291197566546305024
1291197510078418946
1291197509977735168
1291197444919906305
1291197399336022017
1291197368369651714
1291197291324309504
1291197266930393089
1291197219643592704
1291197017377705990
1291197012256256001
1291196956111327233
1291196851736240129
1291196835823079425
1291196764519895040
1291196744630509568
1291196605354455040
1291196438240690177
1291196418305200131
1291196337950724096
1291196209047117824
1291196207558164480
1291196173290811394
1291196167544430592
1291196136443842561
1291196096807604226
1291196054138957826
1291195966255751175
1291195862576705540
1291195783879024641
1291195627670392832
1291195338028539904
1291195337009278981
1291195313064235009
1291195219933896710
1291195115000627200
1291195109669838852
1291195058612568064
1291195034981859329
1291194895886102528
1291194718286733317
1291194637227405312
1291194527802368000
1291194418020712448
1291194344599298048
1291194261334089729
1291194232913268736
1291194135177830402
1291194095386460163
1291194045092438017
1291194026402684933
1291194006748254209
1291193998825185282
1291193945783824385
1291193935927287810
1291193898799435777
1291193629931909120
1291193418794893314
1291193228926971904
1291193143665319938
1291193113789321216
1291193095124430848
1291193068172062727
1291193057027604481
1291193048668475393
1291192973489844224
1291192732153765888
1291192543204405249
1291192434899030017
1291192394839252992
1291192365655437313
1291192151741784064
1291192148780388352
1291192144900784134
1291192107110146048
1291192055901966337
1291192047253110784
1291191985563250688
1291191917108133889
1291191905628442625
1291191879783129088
1291191860350914560
1291191798321291266
1291191780663271424
1291191710815576066
1291191658671792128
1291191615487451136
1291191539008524290
1291191414970372096
1291191398440431616
1291191344560508934
1291191337484611584
1291191331952291841
1291191318505455616
1291191288717553666
1291191268421193728
1291191253632262145
1291191198749806593
1291191062220832768
1291191000078196736
1291190957572988928
1291190641888813061
1291190483348123648
1291190465589579776
1291190444383186945
1291190236249092097
1291190119790084096
1291190074625921026
1291189803380334597
1291189721251667969
1291189638821023744
1291189525171978242
1291189440958717952
1291189412710285312
1291189292622966791
1291189222393761797
1291189160766832643
1291189074594861057
1291188994017918976
1291188992537501696
1291188940020617218
1291188929132212231
1291188815198126081
1291188739864223744
1291188728745009154
1291188702593589251
1291188623241601026
1291188617226924032
1291188559597244416
1291188502680367108
1291188370585071616
1291188292889841664
1291188278423515136
1291188176631996419
1291188086567849984
1291188075608117248
1291187995798695936
1291187952492716033
1291187928052518912
1291187911531134982
1291187909756882946
1291187892744646657
1291187861023109120
1291187746619490304
1291187724901285890
1291187694224248832
1291187671713361921
1291187659369410560
1291187653715677184
1291187628851822592
1291187569359826944
1291187566671167494
1291187517199286272
1291187483431112710
1291187286911188992
1291187227842707456
1291187166811500544
1291187150671826944
1291186971029786624
1291186965132402689
1291186907569893376
1291186871695847424
1291186814477312003
1291186699800842241
1291186571056754691
1291186569819435010
1291186544720711680
1291186479675387904
1291186422351790080
1291186233687732225
1291186178964615170
1291186138082717697
1291186118176567296
1291186041630732288
1291186033657356288
1291185908595560448
1291185851481767937
1291185741565816833
1291185712797118464
1291185639841570818
1291185470504939522
1291185463592615936
1291185453933056002
1291185273901068289
1291185273427177473
1291185260429025280
1291185121236848643
1291185057126707200
1291184846740627456
1291184756059779073
1291184649000161280
1291184619333857283
1291184559304740864
1291184549842563073
1291184527214284800
1291184339066200064
1291184252873314306
1291184206484090880
1291184184157974528
1291184144882503686
1291183790824591360
1291183767172849664
1291183696062476288
1291183322538811394
1291183300002734082
1291183153927852034
1291183133136748545
1291183086537932801
1291183032565747712
1291183001934667778
1291182989104340992
1291182760204345344
1291182529010110465
1291182454720561152
1291182406070870019
1291182274885513216
1291182250067886080
1291182203171475458
1291182173534294023
1291182134426836993
1291181991736598528
1291181637078679552
1291181530803580933
1291181444786683904
1291181265677365248
1291181260870692865
1291181237684576256
1291181185541066755
1291181173788614658
1291180939805110276
1291180922071588865
1291180861539278848
1291180860369248256
1291180847417241601
1291180796984918018
1291180689002565632
1291180569863303168
1291180536698998791
1291180448492789761
1291180442696257536
1291180367261708290
1291180298957357056
1291180277063090177
1291180249359810561
1291180180308983810
1291180104593309696
1291179994543206402
1291179863819378688
1291179802997776390
1291179704184197120
1291179685624320004
1291179642649534465
1291179628166615042
1291179601478197249
1291179587968405510
1291179560831156224
1291179478278864897
1291179392530616320
1291179344375799808
1291179300775956480
1291179235013525504
1291178944092352512
1291178923053723649
1291178921522802688
1291178821937504266
1291178817210523649
1291178697832181761
1291178653871677441
1291178643327156230
1291178628366118915
1291178620904505346
1291178535562903553
1291178493062127617
1291178492898553856
1291178485264850949
1291178447960788994
1291178367899795460
1291178338766204929
1291178252929830913
1291178117948747777
1291178102270365696
1291178035073482752
1291177980983640066
1291177887706603521
1291177863295782924
1291177852092723205
1291177801152897027
1291177797633925120
1291177778445000705
1291177763064422400
1291177630235009024
1291177597586505729
1291177517118885890
1291177377331122177
1291177223903498240
1291177202218827777
1291177198611726336
1291176939210846208
1291176882566725633
1291176442886324224
1291176427866525698
1291176320416780289
1291176250573193220
1291175943361503233
1291175930195517441
1291175896372715521
1291175856002539520
1291175639693832193
1291175623398916097
1291175206405505034
1291175202219597825
1291175046497673218
1291175019259801600
1291174993368436737
1291174761981186053
1291174755312205827
1291174657564057600
1291174643831906306
1291174410804703233
1291174226628681728
1291174124891578370
1291174049721311235
1291173971510145024
1291173953302679554
1291173898843762690
1291173586045210627
1291173538917953536
1291173479342125057
1291173419103457280
1291173341768884225
1291172876922626049
1291172858715148290
1291172851601543168
1291172802427527169
1291172675411484672
1291172435337912320
1291172096027119616
1291172051689119744
1291171960634912769
1291171948286873602
1291171947578097664
1291171778044350470
1291171636499099648
1291171604035248129
1291171523936620544
1291171511005569027
1291171479300775936
1291171423436910594
1291171245367660544
1291171170784628744
1291171073032159232
1291170934808862723
1291170892500930561
1291170886993707008
1291170873068617728
1291170852785004546
1291170652330823680
1291170496306991104
1291170418938851328
1291170415516286977
1291170408775987202
1291170321920401415
1291170193276903424
1291170172246654976
1291170132115558400
1291169968327921673
1291169942096826369
1291169760617664513
1291169653935558669
1291169569869123585
1291169562793259010
1291169403095195649
1291169349231882240
1291169330294554624
1291169164200157186
1291169119119773696
1291169110194348032
1291169050358435844
1291169026476056576
1291168958062759936
1291168900688875520
1291168884536610817
1291168879713103872
1291168875896360960
1291168816785956869
1291168790114336773
1291168771198144513
1291168745801633795
1291168731918458880
1291168509876207617
1291168496769019905
1291168430918447106
1291168359728525313
1291168355471233024
1291168322118090754
1291168288119062528
1291168220058091520
1291168214467121152
1291168152487854082
1291168055335227392
1291168048632803333
1291168044694339585
1291167914490560514
1291167880113987584
1291167860497227782
1291167824644317184
1291167781505859586
1291167754956021762
1291167691034722304
1291167614308356097
1291167569903321091
1291167545832148993
1291167531915345920
1291167395042689024
1291167382669582337
1291167380958318594
1291167380194951170
1291167374176137216
1291167374075473920
1291167373995671553
1291167373869940736
1291167373853155328
1291167373823795200
1291167373819621381
1291167373811167233
1291167277543567362
1291167259780616192
1291167200406114305
1291167047158763521
1291166976719704070
1291166968121368582
1291166958252109824
1291166927235223553
1291166924978688001
1291166835786776577
1291166820511158278
1291166798856048641
1291166639086542849
1291166586993287169
1291166569247186945
1291166450573615104
1291166398836809728
1291166318226546689
1291166316133482497
1291166180888240128
1291165993633538049
1291165870086127618
1291165863001890823
1291165805137272832
1291165740410839040
1291165680210006016
1291165639848198145
1291165535439392769
1291165522344783877
1291165348411179008
1291165168278425601
1291164919287681024
1291164821711474690
1291164591251218433
1291164548901330944
1291164524955996161
1291164502701080579
1291164484376158209
1291164420010160129
1291164388116910081
1291164375026409475
1291164347394330626
1291164321024741378
1291164279350218758
1291164215454183429
1291164203861135361
1291163991453163520
1291163882506072064
1291163878756438017
1291163868174200833
1291163782622912514
1291163752738496514
1291163659683737606
1291163590142173184
1291163537528754177
1291163385921503243
1291163252987252736
1291163228593102850
1291163219290185728
1291163154475622401
1291162939379113984
1291162903895248902
1291162661208678400
1291162624114266113
1291162425371308039
1291162421449691137
1291162300271988737
1291162275353690112
1291162252452790279
1291162068557668352
1291162067597230086
1291162045023424513
1291161899388764161
1291161895265882112
1291161868636225538
1291161821886521345
1291161805868367872
1291161750340096000
1291161691716190209
1291161652516343813
1291161517572882433
1291161491060797440
1291161414011367424
1291161306100375557
1291161271765696512
1291161232872022018
1291161177926578178
1291161165024964609
1291161095890259970
1291161090949251077
1291161049660612610
1291161001014984705
1291160937744011264
1291160804855885824
1291160793564811264
1291160761704882182
1291160542162411520
1291160445794033664
1291160412029935619
1291160361312419842
1291160170966458369
1291160063235809280
1291160059938996227
1291160006771998721
1291159994935672832
1291159916070277121
1291159908419862531
1291159898189959168
1291159866137104385
1291159853336076293
1291159554315751430
1291159518039216130
1291159472921104384
1291159399768166403
1291159382198235137
1291159014957633536
1291158944354885632
1291158898314018816
1291158824494276608
1291158465239560192
1291158347438272513
1291158253536268288
1291158238797467655
1291158005241831426
1291157885406371844
1291157849733824512
1291157792322129922
1291157678018920448
1291157649380323330
1291157614445957122
1291157385441169411
1291157367204257793
1291157363626475520
1291157322253963265
1291157290960257025
1291157211788476416
1291157059925311488
1291156898155290628
1291156849648111616
1291156847525867520
1291156779234205698
1291156727895863298
1291156609675268096
1291156571179888641
1291156519548067840
1291156427969572872
1291156402967400449
1291156347321450498
1291156190601392130
1291156021449306115
1291155991891976195
1291155918781124610
1291155656754581504
1291155616560537600
1291155509949673473
1291155507873447936
1291155431470043136
1291155128171495425
1291155100254253056
1291155072219570182
1291155044922990592
1291154880862793732
1291154877251555332
1291154617984856064
1291154510400958464
1291154468801785862
1291154345141174272
1291154344964956161
1291154342570057728
1291154333829144576
1291154273049378817
1291154096100118528
1291154083965960192
1291154046590607364
1291153938444701697
1291153915422150657
1291153645157875712
1291153412277653505
1291153405147320321
1291153372276563970
1291153315917635587
1291153270669561857
1291153259617497090
1291153154218831872
1291153130357428224
1291152903764353025
1291152837758590981
1291152682091261953
1291152611765153792
1291152519796858881
1291152441237336064
1291152427362574336
1291152259804536834
1291152256000303104
1291152228238135297
1291152108310364160
1291152032842342400
1291152012860686336
1291151995265376256
1291151969151787012
1291151957445541890
1291151870052962304
1291151844983611393
1291151676728999937
1291151663328305152
1291151656088895494
1291151647134056448
1291151584504606721
1291151582613176320
1291151504926216198
1291151497477070849
1291151488614453248
1291151454523334656
1291151430514962432
1291151291113250819
1291151250633797632
1291151241037230080
1291151231927427073
1291151203385180160
1291151197362180098
1291151076779991040
1291151069494427649
1291151069448470529
1291151038372700160
1291150997163835393
1291150944172793856
1291150817161023488
1291150805907779585
1291150544975740928
1291150524012691456
1291150512675586049
1291150393817174016
1291150373940592651
1291150045543374848
1291150035229515781
1291149996339863553
1291149894896451584
1291149826751631360
1291149801665392640
1291149795839664131
1291149785471188992
1291149775186931712
1291149760842174465
1291149698213056513
1291149694148546560
1291149678659002368
1291149654177062915
1291149574715973633
1291149528280846338
1291149493006606336
1291149490313994240
1291149374400208897
1291149371871043585
1291149321749114881
1291149306087575552
1291149265083957251
1291149189326540806
1291149064810242049
1291149013098668032
1291148984040468480
1291148923931774976
1291148819841691650
1291148806453698561
1291148799356747776
1291148741655908354
1291148683669430273
1291148627675623431
1291148576400257025
1291148543361789952
1291148515373129728
1291148459370717184
1291148389325840384
1291148316395409409
1291148262108549121
1291148154436374528
1291148141660643328
1291148076988735493
1291147947497881600
1291147864647794691
1291147748323012610
1291147719403343875
1291147582203400193
1291147499218993152
1291147419632181252
1291147387629576192
1291147352892473345
1291147329551048704
1291147277076066304
1291147193748008967
1291147165943898120
1291147150748000256
1291147136063680515
1291147127641509889
1291147112344727552
1291147080753459201
1291147078362513408
1291147069034508290
1291147037162053633
1291146984246530048
1291146970703298561
1291146919796862976
1291146820513456130
1291146809272946694
1291146776309899265
1291146663273230336
1291146644445114368
1291146603777138692
1291146571040595968
1291146552325611520
1291146501637382144
1291146356124454912
1291146307789361153
1291146274633158656
1291146128801640451
1291146058198921216
1291145846575075329
1291145788593246209
1291145689548783616
1291145666652184578
1291145634389454849
1291145548171554816
1291145480756436995
1291145296836284416
1291145110713856001
1291144972972916736
1291144893327454208
1291144842098089984
1291144778839621636
1291144740554051589
1291144722115895298
1291144721742651392
1291144712657739777
1291144584182009861
1291144579425529856
1291144421736472576
1291144304379953153
1291144093674934273
1291143837952376832
1291143751658803200
1291143728111980547
1291143721510150144
1291143698940665856
1291143561254244353
1291143413614759936
1291143389426196493
1291143366957293568
1291143294056050688
1291143243212627969
1291143223101083653
1291143139730886657
1291143137046466561
1291143102145626115
1291143040854372352
1291142970582892544
1291142931584151552
1291142914492506121
1291142908704444424
1291142850571247616
1291142844795596800
1291142826672218113
1291142587546574849
1291142510463549442
1291142477072695296
1291142233559834627
1291142224424710152
1291141968035225601
1291141891078213632
1291141862850539522
1291141859708817408
1291141842835316736
1291141775772377089
1291141773478289408
1291141761759207424
1291141737130463234
1291141727621918722
1291141721695428609
1291141605077012481
1291141475057664002
1291141452467142658
1291141414542290956
1291141340311543811
1291141338449285124
1291141337262284801
1291141328814866438
1291141320803848194
1291141304295063558
1291141295646228480
1291141242764623874
1291141000791031809
1291140918188232704
1291140836730667008
1291140590093172736
1291140536825339904
1291140434685644800
1291140380545540096
1291140360169652226
1291140274069143558
1291140227482836992
1291140224198770689
1291140214224822272
1291140198462562304
1291139965972361216
1291139916986974215
1291139914310905856
1291139891661742080
1291139889770029056
1291139654473850880
1291139653869985793
1291139647758905352
1291139634366418946
1291139632315457537
1291139628129497089
1291139346419142656
1291139247827759113
1291139233999196160
1291139097180999681
1291139056559099906
1291138806142377986
1291138766623485954
1291138700982673408
1291138687905017858
1291138639649370112
1291138609634873345
1291138597945585669
1291138565439709186
1291138435604979712
1291138397344587780
1291138301265473536
1291138204117209093
1291138127176904704
1291138090149400577
1291137873446608896
1291137866706427907
1291137825325355014
1291137809844039681
1291137779448127490
1291137761706115072
1291137729007423489
1291137725073174530
1291137714990063617
1291137582831632385
1291137560647876608
1291137540477661187
1291137506101125123
1291137433426370567
1291137391508336640
1291137378053218305
1291137311212634113
1291137291155578881
1291137272675434496
1291137254426058754
1291137123186290688
1291136991887855623
1291136990415671296
1291136988532355073
1291136871725248513
1291136864301264896
1291136808475144201
1291136747359940610
1291136721179095040
1291136720201584640
1291136703315550210
1291136685040795648
1291136657861812225
1291136631479717891
1291136573891923980
1291136474239442945
1291136451753783297
1291136371491344384
1291136351186739200
1291136324049580033
1291136316084760578
1291136287596933121
1291136273286135808
1291136137612931073
1291136052426674176
1291136038925152261
1291135969459150850
1291135836466053122
1291135766786191360
1291135726382460928
1291135711224233984
1291135596782587905
1291135555711963136
1291135475218972672
1291135409767043072
1291135393769947138
1291135234872926213
1291135047425298432
1291134963312553984
1291134956295671816
1291134802163269633
1291134714414333953
1291134684622094337
1291134577914699777
1291134565856272385
1291134275543339011
1291134145033379840
1291134050212679684
1291133970013249536
1291133861338939398
1291133668078096385
1291133609664020487
1291133529410220033
1291133514230968321
1291133491287961600
1291133468156612614
1291133323289538565
1291133244763770880
1291133206784352258
1291133182012792833
1291133127281106946
1291132719557042176
1291132700607340545
1291132635788349441
1291132588606840834
1291132583129079808
1291132439402811392
1291132351049797632
1291132335451262977
1291132332079013888
1291132211757023238
1291132116684673025
1291132086682697729
1291132078021632000
1291132025731190789
1291132001903243265
1291131999659462659
1291131999390965763
1291131985012969477
1291131977605746688
1291131926586306563
1291131899310682112
1291131842012180480
1291131820801695744
1291131799515607045
1291131740350746631
1291131732234833925
1291131699007373312
1291131674269560838
1291131621911994369
1291131421713629184
1291131273440825345
1291131257955508227
1291131186190774273
1291131113927254022
1291131089701015552
1291131074614104064
1291130924747444224
1291130916572524545
1291130876424785922
1291130862218760192
1291130840710131712
1291130794589581312
1291130681188397063
1291130679099621376
1291130678873141248
1291130667494002688
1291130639908036611
1291130563726843906
1291130490959941633
1291130488124571654
1291130331106553861
1291130321715580930
1291130307022852101
1291130185631309825
1291130185530503169
1291130158947205120
1291130047328325632
1291129964272726017
1291129959285772291
1291129919536332800
1291129801982595072
1291129476974292993
1291129438839517184
1291129412188962816
1291129326302158849
1291129302667399168
1291129205565030401
1291129170102116352
1291129070500151298
1291128910277742595
1291128875485986817
1291128841084317701
1291128626159800322
1291128567275892737
1291128506722611200
1291128272797999104
1291128209958998016
1291128100240195586
1291128027217354755
1291128016618299395
1291127844467245056
1291127843875954688
1291127826041708544
1291127759624900620
1291127597573840896
1291127579445870592
1291127530309799936
1291127491243864064
1291127422461583360
1291127174611771392
1291127173953265664
1291127146610438146
1291127096954073088
1291127089102553095
1291126877151780864
1291126848487858178
1291126717851955201
1291126681630052353
1291126525815922689
1291126305279356928
1291126203391320067
1291126142498246659
1291126084331810821
1291126076299780096
1291125873316376578
1291125837559996419
1291125825958551552
1291125798552838144
1291125783143092224
1291125758602215430
1291125747877400577
1291125635851657226
1291125534160752640
1291125455312035840
1291125257286250496
1291125188906700804
1291124866276569089
1291124820369907716
1291124654883577856
1291124576538288128
1291124545827422208
1291124514101686272
1291124483940421633
1291124431851532289
1291124401417547776
1291124387010228228
1291124370631307264
1291124365405421568
1291124344794394624
1291124320304074752
1291124320190726145
1291124288217444352
1291124218579623938
1291124213449990144
1291124192474144768
1291124165991231488
1291124104419041284
1291124091282427906
1291124064631824384
1291123929747087361
1291123874663485442
1291123818635898880
1291123729804779522
1291123636728889349
1291123496131670016
1291123457170771970
1291123450363301888
1291123414762237953
1291123381887213570
1291123316871192576
1291123284801654785
1291123234419535872
1291123226798628864
1291123211552174080
1291123159727513603
1291123145118814209
1291122940629549057
1291122872912666625
1291122827504914432
1291122813676421120
1291122801437540353
1291122788741283841
1291122694101045251
1291122635645038593
1291122631060725767
1291122554539659265
1291122505772564492
1291122500856942596
1291122476944994305
1291122451561119744
1291122383735205889
1291122315606945792
1291122309202403330
1291122253216854022
1291122190453297153
1291122149109796864
1291122010807046144
1291121990242197505
1291121953919705089
1291121915864723456
1291121884382351360
1291121878870958081
1291121695181246464
1291121685853114368
1291121653443772416
1291121587379265536
1291121570266714113
1291121497847861248
1291121484199419904
1291121474015830017
1291121388460232704
1291121364557012998
1291121305538965504
1291121271116357638
1291121209535533061
1291121204720553986
1291121114534629378
1291121104581545985
1291121082162982912
1291120979616251904
1291120922884214784
1291120902281678848
1291120867875880961
1291120801991872513
1291120799462699008
1291120780428935169
1291120754331975682
1291120740381728772
1291120700397322249
1291120676166926336
1291120671951597568
1291120447971405824
1291120444511334401
1291120430560968704
1291120366669176836
1291120333152555009
1291120246041063424
1291120243277025282
1291120210724839424
1291120100745986048
1291120036749488128
1291120031451865088
1291119988569505794
1291119846026031104
1291119776543264775
1291119609622351872
1291119428000550912
1291119381485727744
1291119315719053312
1291119041592131586
1291118989146456070
1291118966300184579
1291118839112114177
1291118806048231425
1291118707494838273
1291118629757554690
1291118608815239169
1291118579945844736
1291118525260664835
1291118464841613312
1291118350429454337
1291118321199284224
1291118242375794690
1291118236319100929
1291118217755340800
1291118156623294468
1291118113757384705
1291118104823685121
1291118055750340610
1291118020438315008
1291117984405020672
1291117859104415744
1291117841358495745
1291117805841059841
1291117789412036609
1291117787100991488
1291117626572365825
1291117605059801088
1291117501921648640
1291117395856130048
1291117378831437824
1291117373731115008
1291117372498223110
1291117276947787780
1291117230529417216
1291117150623559680
1291117094952632320
1291117089265266689
1291117083762266112
1291116965189189632
1291116863842160640
1291116821358219267
