1291841515262578689
1291841439513612288
1291841390327083013
1291841386514391042
1291841251592015875
1291841175285051392
1291841137951547393
1291840936776028161
1291840924171952129
1291840924054515712
1291840838054666243
1291840827413499905
1291840795209867265
1291840701085429761
1291840436357791744
1291840400160722945
1291840340308221952
1291840216462852096
1291840205666820101
1291840162293362688
1291839904352092160
1291839894793396225
1291839810680889344
1291839566492495877
1291839490022084614
1291839399588556800
1291839368861298688
1291839327731884032
1291839308379426821
1291839210417160193
1291839200631955457
1291839187998703616
1291839151180926977
1291839108843798529
1291839035313475585
1291838966337961984
1291838906732773377
1291838827011530753
1291838825371598848
1291838824247488512
1291838786423230464
1291838725849092096
1291838542398849024
1291838450543423490
1291838413176320001
1291838368297484294
1291838354921725953
1291838327537229825
1291838321921064967
1291838124277092352
1291838102361833472
1291838091515265033
1291838008837263361
1291837957968560128
1291837907603423234
1291837838825345025
1291837772723105792
1291837709665865730
1291837701948346368
1291837660470939651
1291837563653836800
1291837467423842305
1291837434649554946
1291837393276776448
1291837325748690946
1291837314176557064
1291837170311770112
1291837154835013633
1291837006696402951
1291836944545128450
1291836931865706498
1291836880628133890
1291836876324769793
1291836752995536899
1291836741738008576
1291836671147872256
1291836541434605568
1291836466939731973
1291836410895499264
1291836393027665921
1291836255030976524
1291836193169014784
1291836192019886081
1291836154648637440
1291836037531160577
1291835989925797893
1291835981696569344
1291835939279589378
1291835843150217223
1291835648865779712
1291835574010011648
1291835467218980864
1291835317931180033
1291835180966191105
1291835171017297923
1291835043296534529
1291835006097272837
1291834962304536580
1291834865164251136
1291834853655289856
1291834743168946177
1291834739050020864
1291834629939441666
1291834582237622278
1291834551661076481
1291834549316407296
1291834544543285248
1291834535374491648
1291834503862931456
1291834461819031553
1291834327723053057
1291834117877882884
1291834106741960706
1291834080850477058
1291834022335778817
1291833979629256704
1291833913619488774
1291833850692280320
1291833767968083973
1291833742839803906
1291833725567660032
1291833627182092289
1291833515601014790
1291833494927220736
1291833386210865152
1291833378333958146
1291833073181442048
1291833058061168641
1291832847003783168
1291832756771663873
1291832663188307969
1291832574004932608
1291832464533532672
1291832459772989445
1291832452529315841
1291832446493884417
1291832310267092992
1291832261730545665
1291832244655489026
1291832235109343233
1291832217425948673
1291832109775159298
1291832071388880897
1291832030435651589
1291832024177795075
1291831988773466112
1291831968297103361
1291831896402534400
1291831830308560896
1291831765045260293
1291831546337308672
1291831542252265472
1291831519682732036
1291831501861064705
1291831495204773891
1291831462786928641
1291831350224400385
1291831323452215296
1291831115842490370
1291830951883022340
1291830942433046528
1291830780541448192
1291830627919187968
1291830598751854592
1291830468732768260
1291830466014638080
1291830276201619456
1291830274582614017
1291830264113573890
1291830264033955841
1291830150443741185
1291830092390334465
1291830088799907841
1291830012975427585
1291830003282464769
1291829942259507201
1291829585672273921
1291829560988893190
1291829544563998727
1291829529854398467
1291829357057638417
1291829283376312321
1291829195203588105
1291829145807106049
1291828954568024065
1291828904467091464
1291828842756075522
1291828825068908544
1291828768156405763
1291828743418392579
1291828592041775105
1291828455450054657
1291828321513279488
1291828156492476416
1291828096073490432
1291827965471449089
1291827860739694593
1291827790183104513
1291827648965091328
1291827533340524545
1291827451685826560
1291827437114929152
1291827423617654790
1291827417749884928
1291827399424868353
1291827223801069568
1291827074236284929
1291827013418995712
1291826942770057216
1291826757067255808
1291826683109089281
1291826654050951168
1291826597201416193
1291826512279330816
1291826470848024576
1291826385422557184
1291826188709588993
1291826144442974213
1291826024573960195
1291825945268158466
1291825911592095744
1291825861965025280
1291825855375736834
1291825777709809666
1291825748618207236
1291825592422281219
1291825538445737985
1291825489506697216
1291825425715474434
1291825385362071555
1291825372095537153
1291825079110832133
1291824893303152641
1291824857584369665
1291824710607466497
1291824593712414723
1291824439005515777
1291824109559545856
1291824081780736000
1291823985706127363
1291823921411567618
1291823894207303680
1291823849500286979
1291823749747159040
1291823370552709123
1291823359345537025
1291823218861527042
1291823206517616641
1291823082735165440
1291823017513885696
1291822847405563904
1291822741054611456
1291822717537341441
1291822707944955906
1291822640378925058
1291822420601405440
1291822396144603137
1291822269598228480
1291822097564667905
1291821794790387716
1291821723583754240
1291821591928754186
1291821560542695424
1291821342996783111
1291821269642600448
1291821224620953600
1291821201191567362
1291821191540269056
1291821138226458625
1291821061370048512
1291820913483120640
1291820882768224257
1291820858982322176
1291820785213018112
1291820529041670147
1291820377933524994
1291820370719277062
1291820348632113154
1291820260677627904
1291820129664282630
1291820120579477505
1291820035015573507
1291819938236301312
1291819882636619776
1291819874017251328
1291819820250529793
1291819720077959168
1291819695457185792
1291819692835905544
1291819540297310208
1291819527060234241
1291819448874209281
1291819446122815490
1291819415319613441
1291819247992279040
1291819133508694020
1291818792599736320
1291818735083368448
1291818726120132610
1291818688052699142
1291818661485961217
1291818335924039680
1291818275077328898
1291818169355526145
1291818168793493504
1291818165073088512
1291818127169409027
1291818082290356225
1291817999574368256
1291817925607862272
1291817873925709826
1291817786075906050
1291817746766823424
1291817727204548608
1291817636779573250
1291817403123466240
1291817385725276161
1291817385096249344
1291817217433239553
1291817190648356864
1291817190455418880
1291817183513915398
1291817047605813250
1291816933310988290
1291816860732792834
1291816845675237376
1291816480603082752
1291816461489635333
1291816384553521153
1291816378207330304
1291816372520062976
1291816122250141696
1291816107372838913
1291816096257867777
1291816076410527744
1291816071947837440
1291816008383111169
1291815916150366208
1291815877315137536
1291815848655585281
1291815739674882048
1291815688106119171
1291815686747099142
1291815646007828480
1291815609588748288
1291815430965927936
1291815374074392576
1291815333653671936
1291815304390160386
1291815290075000832
1291815192477736961
1291815135342977026
1291814989918023685
1291814987309219842
1291814973212176384
1291814895038726147
1291814815950868482
1291814718575972352
1291814716524945408
1291814596462796800
1291814568025620480
1291814565408317448
1291814185047863302
1291814183885922305
1291814123907567617
1291814068232302592
1291814039354564614
1291814020391952385
1291813798945230848
1291813786727268352
1291813743828045824
1291813695664852993
1291813615473958915
1291813592971517952
1291813583374782464
1291813570225688576
1291813540500779010
1291813520703619074
1291813423777370113
1291813377782820867
1291813300213362689
1291813147217625088
1291813145590128640
1291813040518656000
1291813014291640320
1291812973275537408
1291812957303775233
1291812882032652288
1291812873258389505
1291812816517652481
1291812743474028558
1291812700968964096
1291812685710004226
1291812681859686406
1291812572807565313
1291812450979872768
1291812352539725825
1291812304628023296
1291812220876328962
1291812218456203265
1291812085538553856
1291812073207476225
1291812029993377792
1291811787122319360
1291811753517490176
1291811605903286273
1291811439280377859
1291811414277894144
1291811325337841665
1291811121830211584
1291811093141168129
1291810936400084994
1291810812961619981
1291810758007848962
1291810712533127168
1291810637958582272
1291810610485891074
1291810445695819781
1291810363156107265
1291810337130455040
1291810320072298497
1291810266636845057
1291810252070047748
1291810168670269440
1291810156444033024
1291810073308729344
1291810064844697601
1291810048549822466
1291809911312089089
1291809829690814464
1291809737311387650
1291809686644232195
1291809594176491520
1291809557220659200
1291809549293248512
1291809479483326464
1291809477650456576
1291809334226231301
1291809285815635970
1291809264634216448
1291809207155478530
1291809185735335938
1291809046652162048
1291808896433229825
1291808820147167232
1291808726026825729
1291808694699560960
1291808576600715264
1291808528886386690
1291808466961608705
1291808411408048130
1291808408027439105
1291808403623415808
1291808368311570435
1291808336288067584
1291808321708662785
1291808249986068481
1291808183657222144
1291808171195953152
1291808166938910720
1291808146378362882
1291808144017022976
1291808138316918785
1291807973510131712
1291807938118479877
1291807888432926723
1291807838998802437
1291807823572152320
1291807780400234498
1291807571440017409
1291807443387740160
1291807350463049736
1291807193415770113
1291807139325808640
1291807135299510273
1291807115766452224
1291807113971458048
1291807046765916161
1291807045201453056
1291807033679679494
1291806925689167872
1291806844202229760
1291806812078059521
1291806766993494019
1291806693555417092
1291806685074460676
1291806513217101824
1291806468618858496
1291806468501573632
1291806392370765826
1291806260795338752
1291806251756609538
1291806178150842370
1291806096160509952
1291806018863677440
1291805908662722561
1291805796469288962
1291805696158179328
1291805672439332864
1291805658149462018
1291805629611487232
1291805599919898627
1291805332897853440
1291805261733093377
1291805255194357769
1291805238857314304
1291805102882381827
1291805099035987969
1291804818625961986
1291804752565678086
1291804685549043715
1291804617559420929
1291804613100933121
1291804503495397377
1291804491327528960
1291804468468756481
1291804455256633345
1291804340341149699
1291804296002977792
1291804174599036929
1291804061860352000
1291804009255317505
1291803991341400064
1291803974299987969
1291803951894061056
1291803907350437888
1291803897053548549
1291803875503149057
1291803866451894273
1291803751771246598
1291803653305556992
1291803601912856577
1291803423495643136
1291803319225196547
1291803265483575296
1291803234101862401
1291803189029883905
1291802969592266761
1291802893528338432
1291802887715278848
1291802855511339010
1291802851694514187
1291802769226174471
1291802601676091392
1291802491751981056
1291802429013532672
1291802384755113989
1291802345102344193
1291802122179272715
1291802104336650248
1291802083751088138
1291801954318917633
1291801797749686272
1291801783774445569
1291801727071592450
1291801710059560962
1291801684856000521
1291801637095378951
1291801621282791424
1291801598104965120
1291801562390704129
1291801515401850880
1291801432535052289
1291801386364149770
1291801376713056267
1291801206256410624
1291801138933555201
1291800975855038465
1291800973204062208
1291800934947991553
1291800917407412234
1291800821563305995
1291800711483752449
1291800691930013697
1291800608580579333
1291800361485967361
1291800121353687042
1291799729429450752
1291799639189053443
1291799630066393088
1291799520934875143
1291799394673516544
1291799356945895424
1291799152419012611
1291799096534212608
1291799052166758400
1291798861183356928
1291798784771588100
1291798780740808709
1291798777695633408
1291798733492031489
1291798692601540608
1291798627028013057
1291798585915453442
1291798552843296770
1291798532228186112
1291798531188039680
1291798515086061568
1291798435868184577
1291798399658815488
1291798356654792704
1291798355908145155
1291798340670300160
1291798258373730304
1291798128639836160
1291798087023898625
1291798016316395521
1291797939233280000
1291797824418480129
1291797747742453761
1291797723608420353
1291797639529238528
1291797620151717888
1291797568905674752
1291797492980301824
1291797483962671107
1291797416786538496
1291797366400380928
1291797344862658560
1291797309143965697
1291797157213683721
1291797156282564620
1291797102356504576
1291797065597480965
1291797009855217668
1291796973054353413
1291796960454770689
1291796787590643712
1291796728807600129
1291796639087198209
1291796530333020161
1291796515741151232
1291796420434055169
1291796383167582209
1291796314515267586
1291796131777777664
1291796119668903936
1291795975674134529
1291795943348744197
1291795889036513281
1291795841208942593
1291795835039047680
1291795793427533824
1291795760007143425
1291795725261500416
1291795529337319424
1291795417970159621
1291795350932434945
1291795286495383552
1291795279616733185
1291795073261133824
1291795016608878592
1291794935180648448
1291794822181711872
1291794701834739712
1291794699246862338
1291794674131308544
1291794670830329856
1291794645819695104
1291794596557512705
1291794588005478400
1291794547396182016
1291794530006528001
1291794516396191744
1291794445546000385
1291794391259058177
1291794069472055296
1291793896847093763
1291793854564270080
1291793839175303168
1291793797513445376
1291793725329412096
1291793705221763074
1291793661873795072
1291793597549940737
1291793513894621184
1291793507376496645
1291793098150903808
1291792967733141504
1291792781472665600
1291792632541192194
1291792576152891398
1291792473543647236
1291792466883031040
1291792416895389696
1291792304039026689
1291792271596294145
1291792269524316173
1291792267603255296
1291792264449134597
1291792200817233921
1291792179711680515
1291792104260157440
1291792055723851776
1291792034957799424
1291792020114223109
1291791954515243015
1291791941777022976
1291791908981944321
1291791865302450177
1291791833891315713
1291791776131559424
1291791737413918721
1291791713892212738
1291791631717367809
1291791568496664576
1291791567649415174
1291791535340752896
1291791522472628226
1291791472103165960
1291791362245963776
1291791275629436928
1291791168129380352
1291791010775928833
1291790803619270656
1291790779921371142
1291790710027542528
1291790680302530560
1291790617891287046
1291790490367664128
1291790473183391745
1291790442670051329
1291790344628174848
1291790243100753922
1291790209525387272
1291790202407718912
1291789745425702913
1291789684750708736
1291789671551381505
1291789615595229185
1291789519885238272
1291789497039048705
1291789475429982209
1291789321750495232
1291789244462256131
1291789221167009792
1291789220659503104
1291789212191137798
1291789020045938688
1291788903133908992
1291788902248919040
1291788896905441281
1291788881067569155
1291788736372436992
1291788715925188609
1291788698124574720
1291788697998970880
1291788589387268096
1291788588905123840
1291788584727519232
1291788232775041024
1291788188655198208
1291788118870368256
1291788066915573760
1291788066256896000
1291787996371402752
1291787984082276352
1291787910967164931
1291787904163778562
1291787804545097739
1291787650240839681
1291787564110749696
1291787490743865346
1291787360586346498
1291786969459175424
1291786875783581696
1291786717716975616
1291786682593939457
1291786156904980487
1291786109740101633
1291786065834016768
1291786055352541186
1291786050315091968
1291786031549775875
1291785783150440449
1291785778507415559
1291785679630999556
1291785632004669440
1291785488081313794
1291785397291216896
1291785338420068353
1291785269767634944
1291785247470678016
1291785200075186178
1291785176977215488
1291785152855773184
1291785138532225028
1291785080294313987
1291785013382582275
1291784892997484544
1291784804921495555
1291784390800883712
1291784349411491841
1291784280008351746
1291784261968621568
1291784247934509059
1291784136441630720
1291784130276069376
1291784083853447168
1291783994703577091
1291783880542810112
1291783840357183488
1291783681514835968
1291783640460886016
1291783516967985153
1291783411913199617
1291783391537504262
1291783376710463488
1291783281386512384
1291783128437133313
1291783054709731328
1291783039337537536
1291782999982452738
1291782915865686016
1291782876242075650
1291782844801400833
1291782809259061249
1291782790166405121
1291782786567872512
1291782764233203712
1291782728946528257
1291782713645699072
1291782672214196224
1291782657324417024
1291782503838167040
1291782425282899969
1291782333075460097
1291782293879525376
1291782234828021761
1291782167782019074
1291782113746976769
1291782079533940736
1291782031131770881
1291781993974431744
1291781980938481665
1291781926114795520
1291781902349860864
1291781900470816769
1291781898415603715
1291781709508366337
1291781599953063939
1291781563521220608
1291781528360325121
1291781517065293824
1291781479039631360
1291781453085376513
1291781150839644162
1291780891300241408
1291780742998106113
1291780486885326848
1291780395512377345
1291780359429017600
1291780310036750337
1291780179338002434
1291780033367941125
1291780008839585792
1291780004892807169
1291779984680509440
1291779947527393281
1291779947489636360
1291779910328033280
1291779882503024641
1291779853058846720
1291779764303298560
1291779535482978304
1291779391027060738
1291779356470185986
1291779268310171650
1291779198923812865
1291779137351417856
1291779070955421698
1291779033777070080
1291778995181166592
1291778989116338183
1291778948494483457
1291778934720225280
1291778873684680704
1291778850104528899
1291778835399077888
1291778796601794561
1291778717128314881
1291778689655541761
1291778689634455552
1291778655601881088
1291778617760833537
1291778580263972864
1291778555756580865
1291778490727952385
1291778449535885314
1291778282937962499
1291778258523115520
1291778228638617600
1291778062992814081
1291777985977159682
1291777957833441280
1291777935116926976
1291777897078771714
1291777796784762882
1291777710709067777
1291777646389530624
1291777617058832386
1291777574625042432
1291777548750331907
1291777539065565184
1291777456588722176
1291777445968789510
1291777371985465346
1291777363475234817
1291777328117407744
1291777302473269249
1291777142951251969
1291777126060916738
1291777048814317568
1291776996146470914
1291776980795510784
1291776966094458882
1291776959727439872
1291776948360880129
1291776691770134534
1291776684333477888
1291776679191416835
1291776674963394560
1291776658911961089
1291776452732637184
1291776340258107392
1291776311682314240
1291776239838035968
1291776141728944130
1291776065036148737
1291776031293136898
1291775975370326016
1291775965077450753
1291775912833318913
1291775879782305793
1291775871959928832
1291775853064404992
1291775771258781702
1291775643215171584
1291775570343157760
1291775552085352450
1291775543965298694
1291775537803923456
1291775513623588864
1291775385529733120
1291775229572898817
1291775219200294921
1291775182311317511
1291775160811315201
1291775140460716035
1291775131946278912
1291775127584210944
1291775085213294592
1291774973443416065
1291774955789660162
1291774889649745922
1291774882393600000
1291774838483427333
1291774718945775616
1291774543065944066
1291774405043863553
1291774395783020544
1291774357652615169
1291774272055066625
1291774222776360961
1291774173388238848
1291774148008718338
1291774144678428677
1291774122830241792
1291774119508410369
1291774057151713286
1291774021479157760
1291773962058444801
1291773934950649858
1291773911672057858
1291773904772448257
1291773810262212608
1291773647183589380
1291773616431026177
1291773532205129731
1291773489473400833
1291773449304788993
1291773332204003328
1291773226385801217
1291773173738934285
1291773161302876160
1291773134060900352
1291773108890882048
1291772970709417987
1291772941642788864
1291772934407835648
1291772931148640257
1291772816338149382
1291772771538788353
1291772652407980033
1291772643302047745
1291772572208467969
1291772460073975808
1291772349986025474
1291772187620253696
1291772184998957056
1291772159648464900
1291772125150314496
1291772043231473666
1291772012143271938
1291772004799053824
1291771940621840384
1291771915347132418
1291771885366030337
1291771808266563584
1291771665131515904
1291771641287053313
1291771551503745025
1291771524744187904
1291771305910403072
1291771258850480129
1291771252357697536
1291771235282685952
1291771159726510081
1291771143938928640
1291771122615291908
1291771100104462338
1291771059977326592
1291771015605809152
1291770976938668033
1291770971309867010
1291770878313734145
1291770776031559680
1291770748860850179
1291770707660201986
1291770657882230784
1291770631416164358
1291770621320237058
1291770561174163457
1291770547601317892
1291770492911849475
1291770467385143298
1291770389090246660
1291770248006434817
1291770241513644032
1291770220714041345
1291770189915271172
1291770061343150081
1291770033077735430
1291769707939454977
1291769624766214144
1291769622983618560
1291769577790230528
1291769569481195527
1291769454917976064
1291769394931130375
1291769228165611530
1291769221291167746
1291769208523706368
1291769171366346753
1291769075706630144
1291768995486605313
1291768960552034305
1291768925315792897
1291768861000372225
1291768820185460737
1291768798853451777
1291768699880235008
1291768610482982915
1291768564215508992
1291768551901200394
1291768479041773568
1291768390714036225
1291768350163398658
1291768331238879232
1291768160115466241
1291768152829890561
1291768131598323719
1291767988077633539
1291767946734268417
1291767899607257091
1291767867692781568
1291767838978519040
1291767787451551744
1291767773333397510
1291767721202298881
1291767714315268097
1291767656396337154
1291767618278481920
1291767615526850561
1291767608983912453
1291767423385796609
1291767413411852290
1291767412732440578
1291767341261430784
1291767327227166721
1291767141595668482
1291767033680605184
1291767003557048321
1291766820530053120
1291766784731873280
1291766754050478080
1291766717320794112
1291766604494024705
1291766559283843075
1291766546847666177
1291766544662437888
1291766495463329793
1291766397312278528
1291766351489466369
1291766216600817666
1291766171407196163
1291766141900083202
1291766003257532417
1291765973637357569
1291765963893825536
1291765946063953923
1291765880238432256
1291765833551818752
1291765804820832264
1291765754740834307
1291765659479601153
1291765640680951808
1291765632678137856
1291765589191675907
1291765565774688258
1291765495620939780
1291765472736751625
1291765298853490688
1291765230838652929
1291765197447794690
1291765144163430407
1291765090828472320
1291765074898702341
1291765012156096513
1291764852776677378
1291764737613520898
1291764714066849792
1291764484038488066
1291764450727518208
1291764414929084417
1291764342401032192
1291764256111603713
1291764176822517761
1291764171370041345
1291764109361504256
1291764057767391233
1291763957544476673
1291763815147884552
1291763806721282049
1291763777638195201
1291763775994048512
1291763757044109318
1291763706477580288
1291763644280250373
1291763619215147009
1291763457751224320
1291763455993810944
1291763429720588291
1291763417292963840
1291763404110143488
1291763361894473734
1291763318240284674
1291763234538532864
1291763192859951111
1291763168289665026
1291763162979557376
1291763157124501506
1291763118301995008
1291763089608790017
1291763088241446912
1291762924789342208
1291762729888501760
1291762666118283264
1291762663643586566
1291762614029221889
1291762460719013888
1291762446055755778
1291762402955079683
1291762373469114368
1291762336999432192
1291762332423643138
1291762321216372737
1291762195416543234
1291762149598146561
1291762074058539008
1291762025564168192
1291762017293029376
1291762001836875778
1291761925404098562
1291761866411094017
1291761807229685760
1291761519693160449
1291761378034741251
1291761307377479680
1291761279221153792
1291761223013466112
1291761206223675396
1291761146257477633
1291761113030365186
1291760886550614019
1291760806921736193
1291760763170848769
1291760632044195840
1291760560325918720
1291760531729264640
1291760471884869635
1291760466742706177
1291760384907649025
1291760326644506625
1291760231580606464
1291760132758495232
1291760100466712576
1291760096305872896
1291759933579563008
1291759883134676992
1291759880458637312
1291759818290728961
1291759780357214208
1291759714834034690
1291759620281729031
1291759448084496384
1291759427234566146
1291759410839199744
1291759312692486146
1291759212222177281
1291759174766886912
1291759044982710272
1291759026661982208
1291759011600072704
1291758943698423812
1291758899712884737
1291758842024308737
1291758786735157248
1291758761971859456
1291758678220120065
1291758627028639744
1291758621605462018
1291758584095821826
1291758536914018306
1291758522326061056
1291758521525075969
1291758498879950850
1291758498829578242
1291758464079814658
1291758428411637769
1291758355401199616
1291758283431215104
1291758255664967680
1291758064400564224
1291758040719515653
1291757952429326338
1291757913858551808
1291757906535145475
1291757853901041672
1291757692063809538
1291757607967789056
1291757590443986945
1291757571704061953
1291757547385323521
1291757461796511745
1291757333463175168
1291757326710583297
1291757102164250626
1291757050788286465
1291756982949601280
1291756909322805249
1291756889018114048
1291756864296964097
1291756715910868993
1291756660923523073
1291756631567601664
1291756574478827520
1291756548600078337
1291756527745933312
1291756520393158656
1291756488109830144
1291756470594416641
1291756464214667266
1291756454173646848
1291756348464488448
1291756346484887556
1291756236321386496
1291756214024626176
1291756084428804096
1291756055760900098
1291756045266751492
1291755992313507841
1291755987876151298
1291755920234614785
1291755822171795456
1291755815502782466
1291755779897294850
1291755758753726465
1291755726516322306
1291755695373770752
1291755695000432641
1291755657020895232
1291755588888735744
1291755516847243266
1291755371368009729
1291755370243792897
1291755365491564546
1291755125917114376
1291755123711135746
1291754956718972928
1291754956433874946
1291754929476911105
1291754924821352455
1291754766176006144
1291754741861699585
1291754741626736644
1291754715471138816
1291754677353107456
1291754671460188161
1291754482754359296
1291754417239339015
1291754393596047360
1291754374214168576
1291754343532834817
1291754292689268736
1291754266789584896
1291754257729888262
1291754118160080904
1291754085826416651
1291754067480338433
1291754022412734465
1291753976795238400
1291753834436538369
1291753654429585408
1291753652751863813
1291753635349749763
1291753524594978824
1291753513182097409
1291753465484582913
1291753381501865984
1291753377777426439
1291753297607622656
1291753258269253634
1291753232382021634
1291753090069213185
1291753017939841025
1291752999434551296
1291752857432186881
1291752702389739520
1291752680746975233
1291752677550874629
1291752665098022912
1291752661864177665
1291752627903115273
1291752498684821505
1291752384943681536
1291752383568109568
1291752345198460928
1291752255801241601
1291752233550245891
1291752143498571777
1291751992780623873
1291751965009960960
1291751914284122113
1291751821107757059
1291751645542416384
1291751630346637312
1291751590446202883
1291751552366116876
1291751525920972805
1291751461278437376
1291751313777229825
1291751234160951297
1291751211293605888
1291751192498905095
1291751095514128387
1291750990815928320
1291750964966416386
1291750951901069314
1291750930208235523
1291750800310579205
1291750798565814273
1291750743070957568
1291750613475192834
1291750412614348805
1291750274546184192
1291750262349103104
1291750130601938949
1291750068597514245
1291750050385756161
1291750039174381568
1291750021994405889
1291750016130965504
1291749854570524672
1291749853408755712
1291749778204884993
1291749754616131588
1291749739327881217
1291749670494994434
1291749642187632640
1291749616849838080
1291749544229822465
1291749457193848834
1291749453548761090
1291749428659998723
1291749426801913856
1291749425149120515
1291749413917020161
1291749330928521218
1291749238452424704
1291749068931125249
1291749013281218561
1291748946872635392
1291748940853981184
1291748800558768128
1291748709886095361
1291748556043411456
1291748353341087750
1291748337192902657
1291748316967874562
1291748304846454787
1291748253084471298
1291748183270449152
1291748086855983109
1291748016228126721
1291747976117997568
1291747945058938880
1291747933784641538
1291747899836174339
1291747836720287745
1291747742885335048
1291747705132384256
1291747703102160898
1291747683762180096
1291747678607544321
1291747568653926400
1291747501196947456
1291747265363816449
1291747173080748035
1291747126662164482
1291747038388989954
1291747010652119040
1291746981220462594
1291746819232239617
1291746566252961793
1291746446451122177
1291746428524560385
1291746405418115072
1291746391581175810
1291746383356219394
1291746379962998785
1291746334718996483
1291746323180421120
1291746298685616128
1291746298291527681
1291746275075993601
1291746218675068928
1291746122990530560
1291745999346491393
1291745867494555649
1291745825853452289
1291745810925977600
1291745759906406402
1291745734979723264
1291745664527929344
1291745623780347905
1291745599541239808
1291745307361972224
1291745307055751168
1291745183105679360
1291745129074692096
1291745109311131648
1291745055103791107
1291745022493315078
1291745005128822792
1291744996345905153
1291744966872506369
1291744901642821634
1291744869417979907
1291744726522179587
1291744720570507270
1291744717898682368
1291744623698808833
1291744569655255042
1291744492282937344
1291744468534730757
1291744463266684933
1291744427153723398
1291744286665576453
1291744181937934337
1291744168268660736
1291744074928594946
1291744034109693954
1291743987250978816
1291743946121650176
1291743931315757056
1291743920985120770
1291743913770975232
1291743908066549762
1291743760724963328
1291743757235347456
1291743756841095173
1291743753401663488
1291743716487696391
1291743686120726528
1291743613488111617
1291743595934953472
1291743567447302145
1291743562875404289
1291743418339778561
1291743383669678080
1291743334248206336
1291743321191141377
1291743261435011072
1291743260625567748
1291743187497816065
1291743092417146892
1291743049387737088
1291742967741452291
1291742847755067394
1291742842206007297
1291742800669810694
1291742786912505858
1291742674983280640
1291742665772539904
1291742634273386497
1291742477926510592
1291742361123540992
1291742301610360833
1291741965705453570
1291741883740434432
1291741875846733832
1291741838785671168
1291741766593519617
1291741719340429312
1291741688445186048
1291741661819805701
1291741615942508544
1291741539748712449
1291741495297552386
1291741451374800896
1291741416792764417
1291741355807580163
1291741255181926401
1291741145240829955
1291741140371341314
1291741123778674694
1291741099371958273
1291740884560748545
1291740806324211712
1291740803790966788
1291740802679476225
1291740588514119684
1291740511913431045
1291740465126150144
1291740408498790407
1291740351972212736
1291740249861828609
1291740211622412292
1291740158237315075
1291740142504353793
1291740119263657989
1291740055825010688
1291740038380888064
1291740024694865920
1291739973830533120
1291739896693039105
1291739858671677442
1291739834789310467
1291739747388469250
1291739688223596545
1291739672062943233
1291739648226721792
1291739612101189632
1291739404332146690
1291739376624558081
1291739314624311301
1291739302976786435
1291739171552407556
1291739171149627392
1291739124416667648
1291739004023517185
1291738944166604805
1291738916043788289
1291738866185990155
1291738758027653120
1291738676448227330
1291738514434871296
1291738281164582915
1291738230262583296
1291738080127451138
1291737966667235329
1291737948212228097
1291737912640327686
1291737902238576640
1291737868101189633
1291737770088640513
1291737742292979712
1291737719031255047
1291737718574256129
1291737638077071366
1291737542853718016
1291737538693136384
1291737507747569664
1291737455415132168
1291737158567567360
1291737147272318977
1291737118998495232
1291737091223834624
1291737048534200321
1291737021145382913
1291736925242404865
1291736906963746817
1291736883458985991
1291736798205489153
1291736682669264897
1291736634065424386
1291736478343544838
1291736177423167489
1291736162927812611
1291736161329778690
1291736152370814978
1291736133366190080
1291736096167010304
1291736055163629569
1291736012243312640
1291736005519835136
1291735957037867009
1291735889501200387
1291735853677641728
1291735852091990018
1291735848187097090
1291735791375470592
1291735753504878592
1291735624664457221
1291735519055970306
1291735485669310464
1291735401489666048
1291735115043713024
1291735017480216576
1291734947133362182
1291734824835833858
1291734766203658240
1291734717251948546
1291734584271478787
1291734563778113537
1291734415023001600
1291734330251923456
1291734193089785860
1291734178770419713
1291734076609765376
1291734054694318080
1291733871340519424
1291733844987711490
1291733707599032322
1291733660874477600
1291733558147588097
1291733545015283714
1291733541236215808
1291733529282465793
1291733507480465409
1291733479735132163
1291733323572797440
1291733026221756417
1291732952573976577
1291732930549575682
1291732902057840641
1291732783455444993
1291732732272312322
1291732369867780096
1291732332165070849
1291732280189255680
1291732263550382084
1291732224425857024
1291732207795675141
1291732150354685954
1291732146340524032
1291732117685035010
1291732073502433280
1291731998420197377
1291731829469347840
1291731715858345984
1291731698917416960
1291731636380467200
1291731629375918081
1291731570882162688
1291731563995111426
1291731533657772032
1291731496798167040
1291731371241680896
1291731166446452737
1291730964801036290
1291730856478830594
1291730770168438792
1291730698827685891
1291730649892741121
1291730478899384320
1291730410595143684
1291730409475186689
1291730253912707072
1291730203077738497
1291730183104299009
1291730106788925442
1291729898873278464
1291729885761863680
1291729869177593856
1291729787124436994
1291729772960083968
1291729612960157703
1291729511726415872
1291729388141240320
1291729310718529537
1291729250190598144
1291729145916006402
1291728997584379907
1291728949987483650
1291728849298952193
1291728848212627456
1291728842357448711
1291728588279078912
1291728506041389056
1291728175949582343
1291728063848480774
1291728005203714052
1291727881404440576
1291727844066971650
1291727811091152900
1291727783933227014
1291727783538851845
1291727757471289344
1291727704614723586
1291727533629755399
1291727507868258305
1291727414930931712
1291727403786502146
1291727384828358657
1291727343803760643
1291727319057477632
1291727146226982916
1291727145170014216
1291727069798424576
1291727037561012224
1291727020741853184
1291726908288270336
1291726874796752897
1291726857369292800
1291726676754341889
1291726582818758657
1291726479718526977
1291726353599954947
1291726329730211843
1291726201812377601
1291726101627183104
1291725767731302400
1291725627087872002
1291725565603405825
1291725544095133699
1291725385365938178
1291725362578300928
1291725318005370880
1291725306450124802
1291725306022092810
1291725250141523969
1291725242499584000
1291725108931891205
1291725067420930048
1291724891746689024
1291724833823305728
1291724715116068867
1291724619033059329
1291724615581130752
1291724582425104385
1291724550540058624
1291724519636439041
1291724481497403392
1291724469615108096
1291724415890337792
1291724401281507329
1291724282670833664
1291724231609393152
1291724103188062209
1291724062515957765
1291724030870003713
1291723899072155649
1291723876154712064
1291723864595144705
1291723857108205574
1291723840523993090
1291723826737434629
1291723823029653504
1291723800589922305
1291723764074295296
1291723701587595264
1291723685737517062
1291723667613691905
1291723635678277632
1291723611057737729
1291723602669309956
1291723600248987648
1291723564836560897
1291723563636936705
1291723543864963072
1291723530287996928
1291723483156582401
1291723463925923841
1291723431914790912
1291723387463581696
1291723351812001792
1291723313467674624
1291723279535808513
1291723243292749825
1291723206613590016
1291723178864029696
1291722970063306753
1291722926685859840
1291722899762675713
1291722860570931204
1291722795563405318
1291722784834453506
1291722751808540678
1291722708611457025
1291722620220715010
1291722594383691776
1291722510786949128
1291722252216676355
1291722008036880384
1291721910007603200
1291721873055559681
1291721844886843392
1291721655471964161
1291721530905329665
1291721393109958669
1291721369076420609
1291721233713766401
1291720997788438530
1291720979111084037
1291720975491518465
1291720895577366528
1291720813184454657
1291720657487749120
1291720652811120641
1291720610620379137
1291720593314918402
1291720591511367681
1291720546506375168
1291720513048457217
1291720502076231681
1291720419083419648
1291720415509872641
1291720334370942977
1291720327567822849
1291720284123230208
1291720267157377026
1291720063616192512
1291720023094984704
1291719982221414401
1291719895466614784
1291719884720746496
1291719824406720512
1291719572949569542
1291719514061770755
1291719449985392640
1291719382687723520
1291719292237631488
1291719238248357890
1291719132963115013
1291719059055292416
1291719042848309248
1291719012234276864
1291718968353394689
1291718841257558016
1291718771648823297
1291718748999753728
1291718634935549952
1291718569974280192
1291718569173155840
1291718515825815552
1291718485676969985
1291718400193040384
1291718330353623040
1291718160450818050
1291718121150013440
1291717921966825474
1291717663677276165
1291717585579446275
1291717551861518339
1291717507343093761
1291717476938588160
1291717457225428992
1291717440293011461
1291717372512894976
1291717327927508993
1291717281337282561
1291717181412003840
1291716788745461765
1291716630112862210
1291716576895541250
1291716553315160064
1291716491990245377
1291716481353502721
1291716347358064642
1291716263769706496
1291716223449870337
1291715704836820993
1291715676051247105
1291715484849786881
1291715403136110592
1291715180624322562
1291715117906890752
1291715068518899713
1291715029910327296
1291714963598434305
1291714944178814977
1291714914533298176
1291714880685260803
1291714847118372865
1291714797353009152
1291714761646735361
1291714760191483908
1291714689034903552
1291714623998107648
1291714610136068097
1291714596886024192
1291714581195350021
1291714485774946306
1291714414593351683
1291714297865871360
1291714120371392514
1291713976896815106
1291713933976514560
1291713755164880896
1291713748739280897
1291713696411144198
1291713610687959041
1291713572381364224
1291713503645110272
1291713295028817920
1291713291740499968
1291713202124779520
1291713116334624768
1291713078510391297
1291713019190312960
1291712894611132416
1291712880400674816
1291712726843219968
1291712686661787650
1291712618126811137
1291712611952844801
1291712473934860290
1291712306934579200
1291712204685938688
1291712126189481984
1291712098750222336
1291711860538920962
1291711748274364417
1291711738333757441
1291711585623433218
1291711542203908098
1291711367955861504
1291711356815708161
1291711256605396993
1291711171440054272
1291711121821499392
1291711120395427841
1291711055266295809
1291710961150173185
1291710912446038016
1291710721609400328
1291710637371011077
1291710486413639681
1291710307086118912
1291710252031840256
1291710236068384770
1291710081143394306
1291709970212360195
1291709924758769666
1291709852893487110
1291709820584615936
1291709806877667328
1291709752033136640
1291709503365423109
1291709475393421313
1291709284980490245
1291709213010468864
1291709145528143876
1291709054390161411
1291708801528274944
1291708776291151872
1291708767265071104
1291708580765237248
1291708451622547457
1291708450070831104
1291708382664110081
1291708126752731136
1291708098873192448
1291708082968502273
1291707942836809729
1291707818542796803
1291707652448296960
1291707355990827009
1291707329826693120
1291707245437362177
1291707164650868736
1291706840754118657
1291706765185351682
1291706583278399489
1291706472573829120
1291706416953270273
1291706368500654081
1291706270714560513
1291706196349591552
1291705814860922883
1291705734158147588
1291705713165664256
1291705652277059584
1291705650817519616
1291705362131881985
1291705247266725889
1291705241365340162
1291705223854120966
1291704923931971585
1291704711834267650
1291704413812412416
1291704251681591300
1291704212406099969
1291704181917724677
1291704152628899841
1291704120328335361
1291704077974462464
1291703770141925378
1291703588025176064
1291703539375333376
1291703471519956993
1291703445804789760
1291703352837971970
1291703185216884742
1291702891842023424
1291702788712312834
1291702705824636928
1291702699105193986
1291702640951332866
1291702638967500800
1291702564694654978
1291702274750853120
1291702213757329411
1291702208845635584
1291702083146731520
1291702009868025856
1291701973545373696
1291701944311054336
1291701902497873920
1291701887440429059
1291701861356101633
1291701696603787264
1291701641452847104
1291701590441824257
1291701586092331008
1291701565993168902
1291701269023744002
1291700932456206336
1291700723332382720
1291700685193412609
1291700684727910401
1291700624371916801
1291700400366723073
1291700371761565697
1291700194526937088
1291700190278295554
1291699933540737024
1291699840360108032
1291699755677097985
1291699661171044352
1291699221771489280
1291699212875333635
1291698976597712899
1291698644228476929
1291698621000355840
1291698558807277568
1291698482101846017
1291698209253920769
1291698197480583169
1291698091381395457
1291698016815058944
1291697950092132352
1291697745229746177
1291697601520308224
1291697524969857025
1291696994185105408
1291696833564225537
1291696672045752324
1291696541820911622
1291696052349935616
1291696011853742080
1291695601676165120
1291695331604914181
1291695228127186944
1291695172703735808
1291695115103342593
1291695064822034433
1291694780880244737
1291694751151005703
1291694709518237696
1291694649380204545
1291694153399640064
1291694116154126342
1291693992158126081
1291693788243668992
1291693655384895489
1291693620332961792
1291693473905729539
1291693295048024070
1291693293777149953
1291693268355424256
1291693213129072640
1291692621941878784
1291692511002595328
1291692506447519744
1291692315594063872
1291692113768452098
1291692082042675200
1291692060794327040
1291691954997202944
1291691906565627906
1291691743826587648
1291691727355600896
1291691667800485888
1291691513588703232
1291690992706387968
1291690922439249922
1291690791031709697
1291690745540247554
1291690532977156096
1291690517160394752
1291690372326883329
1291690352970272769
1291690287043973120
1291690234950889474
1291690128839192578
1291690116495183876
1291689944612851714
1291689905849081856
1291689861007790082
1291689773430603777
1291689595013419008
1291689391069552640
1291689333817143296
1291689277626232838
1291689116405358592
1291689112056078336
1291688963904659456
1291688784162062336
1291688370482163713
1291688330946580481
1291688110263279616
1291688048464470016
1291687806201466882
1291687788295991296
1291687716808204289
1291687533517185024
1291687462935371776
1291687274678288386
1291687246496780290
1291687132734427136
1291687018293010433
1291686874482868224
1291686858225745920
1291686554629365760
1291686548367446016
1291686365877473280
1291686351578923010
1291686093692243968
1291685967737294849
1291685923147530244
1291685696248451072
1291685673427238914
1291685605815058432
1291685575590805504
1291685160593903619
1291684831190036481
1291684372853268481
1291684200416829442
1291683759339732993
1291683541651267584
1291683440169848833
1291683365905674241
1291683317553782784
1291683290273914881
1291683266794270720
1291683162288869376
1291683120874479616
1291683080286199809
1291683076964327429
1291683075248857088
1291683009964519427
1291682962262695936
1291682869304270848
1291682837813288960
1291682321012330497
1291681974277611520
1291681778130980864
1291681566364770304
1291681463151104004
1291681157944348674
1291681125396447235
1291680295180279810
1291680066913665024
1291679830375903232
1291679714680229888
1291679369870618624
1291679325876559872
1291679275045683200
1291679139624292352
1291678962851209216
1291678864935202820
1291678829111640067
1291678540518158336
1291678416543133696
1291678211982663681
1291678193578106883
1291678187718664193
1291678151119118336
1291677853352972289
1291677758305820677
1291677437072474114
1291677425596805120
1291677133161598980
1291677126853382145
1291677091465961475
1291677010008387588
1291676817716318209
1291676785260793856
1291676710421671937
1291676156475764737
1291676085298573314
1291675994424635393
1291675992394801153
1291675886446575616
1291675878758338561
1291675821086773248
1291675817668423680
1291675561908150282
1291675454982590464
1291675397688561664
1291675344907378690
1291675327543074816
1291675317329899520
1291675249872953344
1291674965398388737
1291674935270801415
1291674734216675328
1291674111689854976
1291674048565579777
1291673985533579264
1291673913605447682
1291673757518446592
1291673739755524098
1291673716485689345
1291673637674721281
1291673606246850560
1291673564815343618
1291673398846926850
1291673257809149952
1291673205728579585
1291673191656689665
1291673158047563776
1291673116410667008
1291673046013612032
1291672902606237698
1291672781902548997
1291672572921360384
1291672395430817792
1291672277180874753
1291672122041880576
1291672018300145665
1291671765148553217
1291671486621724673
1291671201631232000
1291671091518140418
1291670991316365313
1291670972286636032
1291670677939007489
1291670441992626181
1291670381846290432
1291670332512677888
1291670134642352128
1291670109271072769
1291670093945098240
1291669779326152710
1291669712561201154
1291669680843825152
1291669614808768512
1291669514850099201
1291669472361828353
1291669208179396609
1291668975349387264
1291668880692260864
1291668762811392001
1291668746038173698
1291668688656052224
1291668656624226304
1291668490622046208
1291668444631445504
1291668416072306688
1291668197851009026
1291667827041144832
1291667824855912448
1291667704328400896
1291667600225705985
1291667587353513989
1291667118157529088
1291666855560654848
1291666713549975554
1291666697141854209
1291666513653575681
1291666494976167942
1291666438890106886
1291665944742428672
1291665745164853248
1291665615158218752
1291665566164324353
1291665538603778048
1291665421813182465
1291665391186513925
1291665373515984897
1291665319514308608
1291664949505400832
1291664932992200704
1291664647087677440
1291664447543685120
1291663857065136128
1291663838719467520
1291663705508380674
1291663458560290817
1291663386422456320
1291663318676131846
1291663084344324097
1291663081584697344
1291662796145401856
1291661974737215488
1291661922346176512
1291661732436496385
1291661258807074816
1291661241899982848
1291660539601526784
1291660366511058944
1291660350732079105
1291660316657557506
1291660305957892097
1291659887940898818
1291659660085194752
1291659631203422208
1291659348670926850
1291659331973165057
1291659037684244480
1291658203172831232
1291658140048658432
1291657806718939136
1291657540196073473
1291657480838303745
1291657471593984002
1291657416652853248
1291657399942746112
1291657226998906880
1291657181532696576
1291656782977343494
1291656572888743937
1291656452499701765
1291656124689559553
1291655888361656321
1291655759738986496
1291655683117469696
1291655627857690626
1291655453751963648
1291655069616812034
1291655060263297026
1291654946669002752
1291654909939593216
1291654844575555584
1291654766779498497
1291654652996485123
1291654614622670848
1291654378869465089
1291654293720899585
1291654273856667648
1291654243250778114
1291654210417721345
1291654118138875913
1291653918225661957
1291653665670017024
1291653344243703809
1291653330603843585
1291653182209306624
1291653013522669569
1291652983973871617
1291652942836035585
1291652922326081536
1291652855867285505
1291652775131131904
1291652449439080454
1291652353880469504
1291651657776889856
1291651592144420864
1291651540516655104
1291651353564119041
1291651103818502144
1291651099531685889
1291650936708898816
1291650933051531269
1291650804131274752
1291650648140738565
1291650637730418689
1291650381219602433
1291650295135637504
1291650123336884228
1291649827944751104
1291649423211147264
1291649007417163778
1291648777233870848
1291648557309550593
1291648286894546946
1291648264710819840
1291648213389369344
1291648051581353989
1291648006677094400
1291647686245064705
1291647425669558272
1291647388147490819
1291646433234321409
1291646395699679232
1291646315646992385
1291646269778063360
1291646261439823872
1291645987027431424
1291645744856924160
1291645736845578240
1291645439058440193
1291645427952111616
1291645328253362179
1291645290194165760
1291645285685493760
1291645214319235080
1291645176658554885
1291645130194079744
1291645125710553088
1291645080739053570
1291645065832562689
1291645030931689473
1291644715360649216
1291644672771674114
1291644670624165888
1291644629373161472
1291644596745715712
1291644562968965120
1291644528185597952
1291644493733625856
1291644439190888448
1291644405376417795
1291644370031058944
1291644356483579904
1291644325126905858
1291644312434991110
1291644269996859392
1291644259288850433
1291644231719612416
1291643904136302592
1291643875593981952
1291643851296264192
1291643794337800193
1291643626016190471
1291643609389834240
1291643608148217857
1291643398626127872
1291643283580391424
1291643125547454465
1291643074511351809
1291643045948133376
1291642974384734215
1291642929417601024
1291642900359471104
1291642867484463105
1291642841790394369
1291642566551592960
1291642433768316929
1291642289673121792
1291642022688894976
1291642002975666176
1291641977801519106
1291641854832701441
1291641800478744576
1291641699966554112
1291641534589407234
1291641277545508864
1291641236697354242
1291641218670006272
1291640880818982914
1291640787348992000
1291640769430708224
1291640726107947008
1291640721661923328
1291640643882815489
1291640591391039489
1291640473405120514
1291640243108507653
1291640191237595136
1291639825037004800
1291639458563911682
1291639360039735297
1291639306117959681
1291639243853434882
1291639239852138501
1291639128681902083
1291638894111277057
1291638861261451266
1291638662275272705
1291638647947657216
1291638577403748352
1291638538086297601
1291638325971910657
1291638246334750720
1291638032299249664
1291637836517724160
1291637780892835840
1291637102074048514
1291636695151116289
1291636586426388481
1291636503605579776
1291636468343922690
1291636383845699584
1291636293244518400
1291636241763635200
1291636174176493569
1291636097215127552
1291635837608714240
1291635797632749568
1291635721581674496
1291635370938044416
1291635369511981056
1291635218567163904
1291635038749163520
1291634973695512578
1291634862537863171
1291634770879930369
1291634493103669249
1291634468533473280
1291634413336293377
1291634045193867272
1291633917582290945
1291633863572234241
1291633585275854849
1291633316416937984
1291633228386832390
1291633080378130432
1291633009641304065
1291632920734715904
1291632805076664320
1291632787879993344
1291632637442850816
1291632488645722112
1291632280327188480
1291632268398620673
1291631934326489089
1291631842051993601
1291631694760435714
1291631558760099840
1291631464707219457
1291631363825848322
1291631271924379648
1291631154278219776
1291631045289414661
1291630993938554880
1291630873347887104
1291630830780121089
1291630686374371334
1291630229971116033
1291629979860639745
1291629973120442368
1291629885694177280
1291629866362630144
1291629804849168384
1291629763883278337
1291629451789381634
1291629381518012416
1291629352212406273
1291629193944379393
1291628891770159109
1291628788070129664
1291628680037326849
1291628615772172288
1291628558562013186
1291628417981353984
1291628338927341571
1291628093644275713
1291628036522090496
1291627621554499585
1291627574028894208
1291627439420895234
1291627404922945538
1291627361788715008
1291627291022303233
1291627083622494208
1291627003955773440
1291626840482701312
1291626830458499072
1291626784811814912
1291626626283786242
1291626599452946432
1291626361422053382
1291626256929349634
1291626164390305792
1291626143573934081
1291626128424271872
1291625863696408576
1291625739125551104
1291625667684171777
1291625446996508672
1291625440495509505
1291625246768787458
1291625242813554696
1291624885559668737
1291624835496501249
1291624730072682497
1291624691698814976
1291624637282029568
1291624468008382466
1291624291692314631
1291624192035762178
1291624144304390144
1291624100595736577
1291624012871659520
1291623975546687489
1291623902968516610
1291623824207704065
1291623530757595138
1291623463946522624
1291623460280520704
1291623154746626048
1291623073968459776
1291622904808058885
1291622881181356033
1291622852160966656
1291622755943710721
1291622707101085698
1291622547511885824
1291622535281258496
1291622511239524354
1291622418293886976
1291622352829263872
1291622149162033153
1291622014038376448
1291621868722630657
1291621791564214273
1291621745770799105
1291621164696166402
1291620648926638080
1291619770916274177
1291619680336175106
1291619646316122112
1291619639273967617
1291619344544391170
1291619179674525699
1291619161693724672
1291619068798099456
1291618926229512192
1291618912862232576
1291618899247562752
1291618841827651586
1291618743815151617
1291618668502106112
1291618431268204549
1291618323008901121
1291618132046602240
1291617970255429632
1291617943176884224
1291617483800158209
1291617377260466177
1291617376237006849
1291617323351076864
1291617305206693890
1291617158779285504
1291616976146751488
1291616917258674181
1291616873138851840
1291616847461195777
1291616677440950272
1291616659417911297
1291616516916609024
1291616512218824704
1291616503800967168
1291616433349304320
1291616394715574273
1291616387455160321
1291616171163181057
1291616137537449984
1291615979538194433
1291615955634786304
1291615292657893376
1291615282608431105
1291615198986539008
1291615184876863488
1291615070842236929
1291614893947396096
1291614816377987072
1291614776171298817
1291614464005963776
1291614426970361862
1291614407932481536
1291614349379817477
1291614303297122309
1291614233629687808
1291614209990508544
1291614075517009920
1291613979643707392
1291613972333039618
1291613938149400576
1291613588092858368
1291613481083572226
1291613443930365956
1291613375768801280
1291613341081894912
1291613301466632192
1291613188828680193
1291613118276210695
1291613035279286272
1291613020897058816
1291612891129487360
1291612600581664768
1291612359014875139
1291612356036849664
1291612289661992961
1291612279595831296
1291612265574268928
1291612066328072192
1291612021033582593
1291611885381595137
1291611830188728322
1291611813621243905
1291611714216058881
1291611588420501504
1291611214229852160
1291611062551207936
1291610980766625794
1291610889691439105
1291610873782390784
1291610703028195328
1291610297703313408
1291610232158711808
1291609899261075456
1291609861973782529
1291609828175970304
1291609686005882887
1291609542434807808
1291609310926123009
1291609275505299456
1291609234291994624
1291609190801186817
1291609112682409984
1291609097255567360
1291609068424044544
1291609056587599873
1291608968196849664
1291608857840623617
1291608546732396544
1291608270558265344
1291608134881087489
1291608133165633536
1291608050353213441
1291607975673516037
1291607945860378624
1291607622957883400
1291607574643499008
1291607477738287104
1291607474974253056
1291607387212779521
1291607350390992897
1291607339531939840
1291607332804268032
1291607319567114240
1291607005216505856
1291606998149025793
1291606781022466053
1291606758822158336
1291606736973987847
1291606735044710401
1291606726626562048
1291606588256423936
1291606149041541122
1291606042082779136
1291606005218852865
1291605924755288064
1291605854001795077
1291605744446582790
1291605689085956097
1291605646543118337
1291605644408225793
1291605576313708545
1291605388345978881
1291605303990124544
1291605286982225921
1291605251691339776
1291605180732051456
1291604986913161218
1291604827475079169
1291604721606602753
1291604719580848130
1291604564697911296
1291604561107591168
1291604481810018304
1291604438071812096
1291604436297478144
1291604263701970946
1291604197763239937
1291604150757863424
1291603872864038912
1291603718798839811
1291603675857612800
1291603603484897281
1291603400598212608
1291603317643186179
1291603239297789953
1291603050180890624
1291602995201871877
1291602811197755392
1291602791866171393
1291602675080015873
1291602650996396033
1291602486307037184
1291602349031665667
1291601805453996036
1291601372102582273
1291601218884849666
1291601194180386817
1291601020208914434
1291600848586506241
1291600798065991680
1291600715530502144
1291600713496309760
1291600683603501059
1291600681430921216
1291600584714391552
1291600517987094528
1291600432956022786
1291600394389512193
1291600173798367232
1291600172238221313
1291600137110933504
1291600132887187457
1291600044735574016
1291599979228749824
1291599675632410624
1291599417259286529
1291599282923909120
1291599235335491584
1291599200321511425
1291599192201158657
1291599003344281600
1291598961212612614
1291598859118886913
1291598774364758016
1291598446864949248
1291598442901327872
1291598433405374464
1291598237577687041
1291598178601652225
1291598118861955074
1291598016059772929
1291597994425487361
1291597922656636929
1291597885537050625
1291597866159439877
1291597857024286722
1291597714736795648
1291597601201160192
1291597082093125640
1291597054549123072
1291597029550899200
1291597011406528514
1291597001612828672
1291596997695176705
1291596899988803586
1291596888014233600
1291596884251774981
1291596727145955328
1291596402217250817
1291596200785973248
1291596163091697665
1291596034506817536
1291595670525272064
1291595668469854210
1291595554468835333
1291595527134392320
1291595465935458306
1291595278273990663
1291595196090789894
1291595159734571008
1291595132769316864
1291595067690569728
1291594703570272256
1291594659807059969
1291594522019979265
1291594294705262593
1291594259045457921
1291594178175078400
1291594161066573824
1291594090283401217
1291594082565980165
1291593994774904832
1291593956774629377
1291593900457463810
1291593806245064704
1291593806106595328
1291593610631303168
1291593528850735105
1291593375167250437
1291593372965187584
1291593106463260672
1291593086028718080
1291592978960613376
1291592945095847938
1291592728459976704
1291592673619595266
1291592670997934082
1291592664844910592
1291592610981670913
1291592492039667712
1291592481138647040
1291592477254864896
1291592355531948034
1291592032960442368
1291591878660456452
1291591813829025792
1291591693872111617
1291591476305166336
1291591113346674690
1291591111706923009
1291590954147893248
1291590929204355072
1291590791807340550
1291590772748238848
1291590646759854080
1291590606704320516
1291590405188796417
1291590327388778496
1291590188725080064
1291590146811400193
1291590064582070272
1291590008432783360
1291589908637851648
1291589676961333249
1291589640827404300
1291589570736189440
1291589504495579136
1291589447163805697
1291589440259989504
1291589294625296385
1291589286823964674
1291588885898825728
1291588851815735298
1291588771901669377
1291588730181091336
1291588460663300101
1291588386634051584
1291588363485614081
1291588320728948738
1291588313669869570
1291588304874479622
1291588198263599104
1291588192735391744
1291588012476833792
1291587992067481600
1291587891886469120
1291587853319901184
1291587683232305152
1291587399366184966
1291587306793705473
1291587149469556739
1291586922603847680
1291586615576530944
1291586496655265793
1291586468121583618
1291586362710294528
1291586137929080832
1291585981582172160
1291585916159459328
1291585783539724289
1291585726358806528
1291585675486208001
1291585630468747264
1291585418861916164
1291585418287288320
1291585366919647234
1291585302578917379
1291585224116232192
1291585171880370176
1291585078221365248
1291585008067661825
1291584854518140928
1291584803570155525
1291584702646607873
1291584616462196738
1291584462317330435
1291584445326163970
1291584204938117120
1291583925358297089
1291583880500305921
1291583824938307584
1291583791555842048
1291583563335372800
1291583552312705024
1291583504354926592
1291583462198173702
1291583405654564864
1291583355394248704
1291583152520036352
1291583145595346944
1291583114804895745
1291582937134030848
1291582897657450499
1291582782624468992
1291582677037064193
1291582601480876033
1291582578403794951
1291582548171059201
1291582538629054464
1291582412347060226
1291582308752007169
1291582238933450754
1291582162869923841
1291582134541574145
1291582130775097350
1291582039842422785
1291581957382578180
1291581946145865728
1291581853057474560
1291581849928495105
1291581754827051008
1291581753409392640
1291581711168331776
1291581666339753984
1291581460466540544
1291581349443207168
1291581179288866821
1291581161886556161
1291581126528696324
1291581120115507208
1291581033893289984
1291580898987606016
1291580760214982656
1291580719936835585
1291580676236619776
1291580666807754758
1291580566870032385
1291580396036149248
1291580308576501762
1291580308131852288
1291580226380730373
1291580168675287041
1291580150639996929
1291580125780353024
1291579840005648384
1291579669460987904
1291579575466680322
1291579455509495810
1291579282058182656
1291579250538151936
1291579162407456768
1291579059655380995
1291578879799304192
1291578662169452544
1291578637142102017
1291578596490797057
1291578556695420929
1291578521077166080
1291578506749464577
1291578493411774464
1291578464911396864
1291578368903786496
1291578268504797185
1291578223822876672
1291578200074735617
1291578144047140866
1291578122526248960
1291578087239561220
1291578067735834624
1291578013998604297
1291577934919147521
1291577848034136071
1291577766765355008
1291577766765305857
1291577731952439296
1291577698620497920
1291577690814738432
1291577645809967104
1291577636691443712
1291577545947742208
1291577502587068416
1291577386643779585
1291577350178533376
1291577290766389253
1291577111531192320
1291577110449070081
1291576879883980808
1291576773893709825
1291576601654767616
1291576564803604481
1291576519005880322
1291576509908553729
1291576399439040512
1291576370036973569
1291576337812066312
1291576266726887424
1291576256287453184
1291576255553437696
1291576248452485120
1291576134866554892
1291575961260109826
1291575948773662724
1291575742703247361
1291575729688203264
1291575719051571201
1291575634913705986
1291575609051754502
1291575587300151298
1291575480114728960
1291575068187856902
1291575021991866369
1291574899291688960
1291574780605296640
1291574675789709313
1291574517173760001
1291574497804521473
1291574487838855169
1291574168580952066
1291574114856185856
1291573990822162439
1291573818482470912
1291573683887255560
1291573647014944768
1291573428558807041
1291573259725504512
1291573171720683521
1291573084856520704
1291573035196125187
1291572994809065472
1291572937967845379
1291572804861620226
1291572780631302144
1291572684619280385
1291572593418317825
1291572587634601984
1291572538582212609
1291572452083064832
1291572421720326151
1291572377688485889
1291572246344065024
1291572215322824704
1291572205499932675
1291572168652775424
1291571865857568768
1291571751458136064
1291571749453279237
1291571448834744322
1291571290814533640
1291571071607541766
1291571071225749504
1291570945551826944
1291570690991304704
1291570621894328321
1291570485436841984
1291570446832291847
1291570411092631552
1291570405094895616
1291570378536558593
1291570335964368896
1291570160470495233
1291570150798503936
1291570138500624384
1291569955775840259
1291569894987898887
1291569754675621888
1291569709599436801
1291569670139543552
1291569627693080576
1291569613642309633
1291569543308021762
1291569515189469184
1291569315553189888
1291569289917595648
1291569183977873411
1291569129070252033
1291569048317243392
1291568894549925895
1291568748785278976
1291568733857542144
1291568705453862912
1291568630006652928
1291568591100243968
1291568576910876672
1291568333880307712
1291568235112992768
1291568087251255301
1291568078678110210
1291568011476979723
1291567946964312069
1291567921068736512
1291567443077455872
1291567242455453696
1291567157449494528
1291567040562593793
1291566919078772736
1291566789973999616
1291566553151025152
1291566495726788609
1291566379511042054
1291566280969981953
1291566271562219520
1291566127097753600
1291565855935991810
1291565757365547009
1291565755427848192
1291565569209176064
1291565422614020096
1291565387151286272
1291565373641326596
1291565354037186562
1291565352392863745
1291565277541470209
1291565229168615424
1291565049669210112
1291564955032985601
1291564891724222465
1291564834723692544
1291564806672207879
1291564696613597189
1291564489167351809
1291564444691181568
1291564187601088512
1291563742560497664
1291563733907460096
1291563656262680577
1291563628261449728
1291563555205021699
1291563513626923008
1291563396823949313
1291563385386082310
1291563300543635456
1291563295011475457
1291563256289648641
1291563237524332546
1291563181521829889
1291563130586374144
1291563115755253760
1291563073065689089
1291563057471258625
1291563048776404993
1291563041058947072
1291562990672547842
1291562988021964800
1291562936406888448
1291562798904946689
1291562757653852160
1291562744861331457
1291562671104569344
1291562625999024130
1291562523955802113
1291562393500360705
1291562247756681222
1291562195646427137
1291562102813908993
1291562102369456133
1291562043204567040
1291561878947344387
1291561851977961472
1291561850228944898
1291561846076518401
1291561824463265796
1291561809556713473
1291561736621953025
1291561613141647361
1291561513333993472
1291561506971287554
1291561398716203008
1291561381313929217
1291561017156091904
1291561010935894022
1291560863703289861
1291560825971527681
1291560816324620288
1291560674703876096
1291560603492941825
1291560553358544899
1291560511608242176
1291560415726432256
1291560266426064897
1291560249573416961
1291559846920167424
1291559802804592646
1291559589876555776
1291559538261336065
1291559501103951872
1291559470603079680
1291559087096791041
1291559041127403523
1291559022907346944
1291558966674128896
1291558885447401472
1291558871358611457
1291558756493307904
1291558554202247173
1291558447037607936
1291558390548881410
1291558299905724417
1291558227856023552
1291558214623010816
1291557863618314240
1291557725952909312
1291557690812948480
1291557639155904513
1291557630008340481
1291557629219799042
1291557553181282304
1291557541684686849
1291557515096764416
1291557511221465088
1291557390685437953
1291557290626232321
1291557007313559552
1291556988946505728
1291556932927418374
1291556894562230272
1291556847913230337
1291556740308361216
1291556556148887553
1291556554647523329
1291556248857522178
1291556230083870721
1291556003893391365
1291555854668488704
1291555844883189760
1291555576837799938
1291555511439986688
1291555490816651264
1291555489243901953
1291555487184556032
1291555378543697923
1291555265263759360
1291555260398358528
1291555187232915456
1291555072443387905
1291555050280689664
1291554829161000960
1291554697384464385
1291554692322004994
1291554654380331017
1291554596091904000
1291554590559596544
1291554529171902466
1291554340679761920
1291554265052450817
1291554208475480064
1291554113642143744
1291554082797375493
1291553953398829057
1291553713820180481
1291553592923451393
1291553405727584256
1291553305131270149
1291553132145713152
1291552937383211010
1291552869607333888
1291552854768066560
1291552248036601858
1291552179921330176
1291552149839675398
1291552059813224451
1291552028150423552
1291551757349392386
1291551612331339777
1291551473243889664
1291551419947012096
1291551410195238918
1291551267156824064
1291551029054435329
1291550952806178818
1291550870417690630
1291550673713213441
1291550605203238913
1291550430351196163
1291550402513702912
1291550358544830464
1291550323279003649
1291550290626453506
1291550067732762627
1291550037445615617
1291549989039202309
1291549928788041737
1291549702605873153
1291549665503203329
1291549563476557824
1291549436414484481
1291549342063525892
1291549324560785413
1291549293728411649
1291549171019845638
1291549145229070336
1291548752663261189
1291548656676503553
1291548497456635905
1291548417492045829
1291548398395351040
1291547990176473091
1291547982362365953
1291547824274853888
1291547817777954817
1291547669819559936
1291547651700404229
1291547409550647298
1291547372745568257
1291547255359582210
1291547137688449024
1291547128309796864
1291546923246256128
1291546889884536832
1291546868518998016
1291546664705183746
1291546494181371904
1291546467740549120
1291546362375372800
1291546262840512513
1291546073488662528
1291545904483368960
1291545882882498560
1291545830755905538
1291545660223827969
1291545534935654400
1291545404954365952
1291545172484988928
1291545166013030403
1291545127970799624
1291544868360089601
1291544866904633344
1291544821501497344
1291544698515988481
1291544631864426499
1291544608145637382
1291544571193839619
1291544562339586048
1291544509495599107
1291544181580730368
1291544109492998144
1291544099540152322
1291544079289982977
1291543977074864128
1291543976739090432
1291543913937940487
1291543888394629120
1291543656747405313
1291543512832303104
1291543320527663105
1291543281919238147
1291543277364056066
1291543274688315393
1291543272477818880
1291543130983084034
1291543085042806785
1291543079413899264
1291543031745843202
1291543026523922434
1291542753860616192
1291542741843935232
1291542382018797568
1291542371965063168
1291542280407379968
1291542110638727168
1291541989402517504
1291541737257816065
1291541668911448065
1291541623265013761
1291541607767048193
1291541552611897345
1291541489751859201
1291541482143395841
1291541395287801856
1291541386630758402
1291541247539249158
1291541097307607040
1291541092786085888
1291541044614631424
1291541019117281280
1291541002767851522
1291541002554155009
1291540995415445504
1291540874028109824
1291540840712671232
1291540835213828098
1291540817606311937
1291540729488125959
1291540599234076677
1291540522595745792
1291540476919717889
1291540442182553603
1291540392677199874
1291540388876922880
1291540189999960065
1291540089986719745
1291540028120760321
1291539905059926018
1291539773023227904
1291539670602579968
1291539590776606727
1291539579237855232
1291539374161776642
1291539364384772096
1291539340267585537
1291539209338200064
1291539071446085632
1291539070158594048
1291538948167213057
1291538917615960064
1291538836082896898
1291538831443984386
1291538643501408263
1291538618746626049
1291538565143420929
1291538477012733952
1291538475502772225
1291538436839469056
1291538237010386944
1291538146761441285
1291538042696671232
1291537936450818049
1291537865315430400
1291537853994995713
1291537757949624322
1291537272009945088
1291536932007075840
1291536653106864129
1291536608164896769
1291536402715275264
1291536314538565633
1291536172049510401
1291536105452560390
1291536053308923904
1291536025433419779
1291535934698258432
1291535867635535878
1291535709854224387
1291535675699785728
1291535361282322432
1291535191454998528
1291535144285863936
1291535065462329344
1291534995018874885
1291534860364914688
1291534824734363648
1291534751665356802
1291534733604724736
1291534613748252672
1291534586640465921
1291534340804009985
1291534291030224896
1291534260701138944
1291534251632934913
1291534242619498496
1291534232590921728
1291533903463878657
1291533670398951427
1291533566329810944
1291533416027099136
1291533365414449156
1291533323878244352
1291533100997128192
1291532847602446336
1291532593310179329
1291532563396415488
1291532547055185920
1291532547017646090
1291532398459367424
1291532357586104322
1291532317207531522
1291532138173681665
1291532063288459265
1291531985631023107
1291531925799149569
1291531863903920129
1291531844131921921
1291531790352605186
1291531789505200128
1291531635402264576
1291531211244859393
1291530981669838848
1291530778258690048
1291530583240187905
1291530558430994434
1291530415342264321
1291530315144536065
1291530215294935041
1291530102308843530
1291530100580724736
1291530070289342464
1291530025079123968
1291529828081061889
1291529815229702144
1291529762251444224
1291529759915216898
1291529752977653760
1291529752973422594
1291529752973422592
1291529752944107520
1291529752939962368
1291529752939921410
1291529752939884544
1291529683188604929
1291529655384711169
1291529585788694529
1291529500610539521
1291529472534028290
1291529403936264196
1291529341235539968
1291529289695928321
1291529221794217985
1291528936703352833
1291528832458137601
1291528804452753408
1291528735938809857
1291528547652206593
1291528430589292552
1291528412411170818
1291528294261616640
1291528263718678534
1291528046470746113
1291527871186509826
1291527821270093824
1291527793507958787
1291527766660337671
1291527733999095809
1291527611101974528
1291527498036064257
1291527464338853890
1291527386861842433
1291527149711581186
1291527109903433728
1291526913454874624
1291526736325246977
1291526650006507521
1291526621829238784
1291526604909232129
1291526531425144833
1291526352424886272
1291526292098056194
1291526290995109893
1291525888492920834
1291525815772024833
1291525796389982209
1291525777415188482
1291525725187477504
1291525686142803968
1291525658875584513
1291525600872554497
1291525590663790593
1291525350325981184
1291525246395113472
1291525241743847424
1291525123766394881
1291524959131451392
1291524837744103424
1291524743187689472
1291524572219691008
1291524532524679179
1291524464610390016
1291524401733799937
1291524371522244610
1291524369613815808
1291524269227245569
1291524247328874504
1291523913994960897
1291523870206435328
1291523865651417088
1291523845925384192
1291523756918218752
1291523729466503169
1291523716933996550
1291523699699355648
1291523697518489602
1291523586348339200
1291523492345782273
1291523476075868160
1291523356362235904
1291523336472653825
1291523197230145539
1291523063926775808
1291522948650631172
1291522798628876295
1291522751656755200
1291522718869983237
1291522552452517888
1291522487629623298
1291522398903304194
1291522277494984706
1291522233710641153
1291522171697868805
1291521996912840706
1291521987496620034
1291521940377796608
1291521907972423680
1291521845938622464
1291521816377221120
1291521775118016514
1291521768587485184
1291521766570024960
1291521751134769152
1291521622428405761
1291521590211915776
1291521494535884801
1291521462407499782
1291521399647924224
1291521398377025538
1291521280383029252
1291521264641888263
1291521252646166529
1291521162036551681
1291521073822019584
1291521016930295809
1291520955953614848
1291520836243992576
1291520648259358720
1291520516906508289
1291520471209476096
1291520351122333696
1291520305371009024
1291520208339836928
1291520104870498304
1291520014563061772
1291519974821912576
1291519939292139520
1291519804147261440
1291519756282077186
1291519737105719303
1291519524450136069
1291519367734161408
1291519142827302913
1291519052930834432
1291518980184772608
1291518902187565056
1291518899914027010
1291518853059502085
1291518821170176000
1291518730061709312
1291518708884443136
1291518643671449600
1291518631277461508
1291518472451756032
1291518461722664968
1291518416331956224
1291518115449393154
1291517986893955075
1291517877548453889
1291517860779442176
1291517663940943872
1291517638955298816
1291517604738281473
1291517451096797186
1291517380573765632
1291517261820227586
1291517133713702917
1291516735825354752
1291516734252277761
1291516720037933057
1291516717156491265
1291516691113885699
1291516623392780295
1291516590236807174
1291516587619442689
1291516557202296832
1291516552337072128
1291516517176111105
1291516363077558272
1291516357415116800
1291516255719981056
1291516233590935554
1291516130234949632
1291516022424588289
1291516021459824643
1291515989083987972
1291515790253076482
1291515750046343168
1291515649555148801
1291515631632887815
1291515615816097798
1291515534559903746
1291515484333051909
1291515198289989632
1291515196171792386
1291515159970607105
1291515011010113537
1291514887651209217
1291514780629569537
1291514775449612291
1291514747645562893
1291514713340354561
1291514701550149632
1291514700912631809
1291514673175638021
1291514662819966980
1291514626614726656
1291514111969247233
1291514043296079872
1291513965147611136
1291513880183627781
1291513681092718592
1291513629976780804
1291513547696922624
1291513466717536256
1291513439467126786
1291513438309683204
1291513264132825090
1291513206087852032
1291513174848610304
1291513132448395264
1291513130846224388
1291513123887697920
1291513098478604288
1291513005893656578
1291512849458556928
1291512806576193541
1291512712216764417
1291512502531096577
1291512433073414145
1291512379583295488
1291512230886936576
1291512224356466688
1291512135382716418
1291512130689290240
1291512083570257920
1291512065803186176
1291512060098965504
1291512059843219457
1291511707177758720
1291511635425857536
1291511541955788800
1291511505037352960
1291511502738923520
1291511501115682816
1291511420555862016
1291511369305477121
1291511266704388096
1291511217031458817
1291511192939188224
1291511152443133952
1291511118033166337
1291511079407964162
1291510933035061250
1291510930237341696
1291510786838474752
1291510704936300547
1291510659847540736
1291510530633601024
1291510416997154816
1291510345664614400
1291510198826340352
1291510167809544192
1291510097756200960
1291510050654216196
1291509926448300035
1291509837491245060
1291509765500055552
1291509639306268675
1291509604510244867
1291509600727060480
1291509578002243596
1291509465796300802
1291509374448435200
1291509290100875265
1291509151630340102
1291509094751309824
1291508987641331712
1291508939482374149
1291508874999201792
1291508853419507716
1291508829105131525
1291508374845227008
1291508311712387072
1291508247501910016
1291508165314588678
1291508164827979776
1291508031298179072
1291507976293871616
1291507896144941057
1291507884665106432
1291507854093025281
1291507825265565702
1291507764821278721
1291507723956297728
1291507721288798208
1291507628753838080
1291507591017832450
1291507564304203777
1291507461174722567
1291507384930766856
1291507300046237698
1291507281201266688
1291507242357755905
1291507045909147648
1291507006810075140
1291506987033862145
1291506956079898624
1291506911226011648
1291506898714451968
1291506522955100160
1291506496283586560
1291506357460520961
1291506296060022788
1291506286127919104
1291506252749709312
1291506247305502720
1291506162094022660
1291506046775697408
1291506022285225984
1291505951032242178
1291505873140023296
1291505871466315776
1291505753606430721
1291505702389911555
1291505577672269826
1291505513801363460
1291505441034231808
1291505433665036288
1291505423196000257
1291505399523418113
1291505274621177856
1291505169146851328
1291505067888123905
1291505056173432838
1291504944881819648
1291504863273029632
1291504804339081218
1291504702811566080
1291504655395151872
1291504648461918209
1291504608729235459
1291504584439894017
1291504521114517504
1291504503783448584
1291504496904994816
1291504455226097665
1291504439245905923
1291504345016664064
1291504313240399872
1291504291858046977
1291504277865865216
1291504196110311424
1291504142326861825
1291504142096175105
1291504075012546562
1291504054682624000
1291504045195173888
1291504014912294912
1291503950156398592
1291503930569097222
1291503912214659074
1291503771118428160
1291503764709486593
1291503761706319872
1291503728730701826
1291503725475848192
1291503412056645634
1291503169751719946
1291503106937651200
1291503096624041991
1291503075593601028
1291503016097415169
1291502899223310336
1291502868416155648
1291502844932227072
1291502815148376065
1291502793073688576
1291502706369220609
1291502662886858753
1291502635732918272
1291502578560196609
1291502576043790337
1291502558498787328
1291502525011681290
1291502505197809664
1291502356215939073
1291502352298647552
1291502327841656833
1291502289514041347
1291502237995368450
1291502222287790087
1291502192961245188
1291502157284487173
1291502031119810561
1291502021934284800
1291501956209561604
1291501955806908421
1291501896671408128
1291501883048296449
1291501829377806341
1291501822402875393
1291501788630323201
1291501726399430656
1291501621407551490
1291501573009543170
1291501434869932032
1291501421154762752
1291501353395609602
1291501325767892992
1291501275813515264
1291501214115540992
1291501169500721152
1291501166715691008
1291501160461983745
1291501114676752386
1291500811042852865
1291500774556602368
1291500622655688710
1291500611498848262
1291500609430904832
1291500598312001536
1291500562782007297
1291500433224216578
1291500375162249216
1291500337682153473
1291500284343193600
1291500263061229568
1291500190092886017
1291500156345450496
1291500135336349696
1291500122719821824
1291500111453921283
1291500053371277312
1291499823057612800
1291499814400610304
1291499798701510656
1291499781395636225
1291499594447233025
1291499583567204355
1291499475786227716
1291499473718345728
1291499359159246848
1291499254599557126
1291499209523376135
1291499207703101440
1291499207631790083
1291499177109643264
1291499165260763136
1291499146159878145
1291498921047609350
1291498905289588740
1291498759386431488
1291498664234561536
1291498585364758528
1291498533288255488
1291498420117606404
1291498405319983105
1291498337372442625
1291498158644588544
1291498147517267969
1291498100356333569
1291498086293020679
1291498082094309376
1291498049945112576
1291497954608635907
1291497948921180160
1291497941392384001
1291497939790188551
1291497915785994240
1291497904025358337
1291497815299051521
1291497791886225408
1291497779441754112
1291497642476920832
1291497591847313410
1291497568623624192
1291497549124206593
1291497483688906754
1291497412658204673
1291497317539880963
1291497226640990208
1291497154691903488
1291497105933074432
1291497098094026758
1291497070612942848
1291497069816029185
1291497068545085442
1291496979235659777
1291496927306174466
1291496695285481472
1291496619318312961
1291496441739968516
1291496346571034625
1291496278497480704
1291496169697423368
1291496105302163456
1291496098100580355
1291496076520947720
1291496072704131073
1291495906223808512
1291495787520651266
1291495769942491142
1291495736442576896
1291495710941220864
1291495663214252037
1291495626316886018
1291495581525790720
1291495551914180609
1291495532993495040
1291495430098841601
1291495310586531840
1291495211990949888
1291495207419224065
1291495185310814209
1291495122530516992
1291495058865139712
1291495019417919496
1291494957715529730
1291494928246288384
1291494820708356097
1291494818980540417
1291494683940499457
1291494452129943552
1291494430478757888
1291494362162114562
1291494199829946369
1291494128220594176
1291494104237518850
1291494102194950145
1291493805280169984
1291493802801340420
1291493779015434241
1291493739446194176
1291493729560342529
1291493720009977856
1291493703412932608
1291493664343183361
1291493652271964160
1291493652208840704
1291493625369694209
1291493600925294593
1291493443571720194
1291493359987519489
1291493265812856832
1291493248628908033
1291493243314724868
1291493232103366657
1291493218958401536
1291493152767893505
1291493109512060928
1291493013466705920
1291492915668291586
1291492860349386752
1291492822198214658
1291492789465706497
1291492733480251394
1291492698604466176
1291492655382364160
1291492613443301376
1291492591368896512
1291492555998232579
1291492392277889030
1291492249390514178
1291492163398840328
1291492148538474508
1291492015285235712
1291491938911293441
1291491906724093952
1291491897240944641
1291491876810436617
1291491842513612800
1291491614314106887
1291491555023507456
1291491274428764162
1291491033272983552
1291490849147297796
1291490826913284097
1291490668687372288
1291490606380978176
1291490597547606016
1291490561258663938
1291490533446242310
1291490344463249408
1291490307197087744
1291490236032155648
1291490188665921536
1291490153068924928
1291490093652275202
1291490015650906115
1291489930946830336
1291489900940996609
1291489888836235269
1291489872134516738
1291489837414076418
1291489825670008832
1291489779704455168
1291489706920693761
1291489651266641930
1291489636125007872
1291489632740356096
1291489629447888897
1291489603531059200
1291489457695145984
1291489439764697094
1291489391299432448
1291489373121318914
1291489308499759105
1291489075564814338
1291489072427327489
1291489061954293773
1291488991502630912
1291488966647005184
1291488962524205056
1291488893699645443
1291488725587779584
1291488631794929667
1291488602896113666
1291488556326690816
1291488553747148800
1291488505730932736
1291488487988850688
1291488406283804673
1291488403062628352
1291488353536348162
1291488218983075840
1291488204755894273
1291488189337800706
1291488143829606402
1291488090373206025
1291488081649049601
1291488036816125956
1291487998899556352
1291487995095285760
1291487971783385091
1291487924840611840
1291487662675832838
1291487646661959680
1291487589275299841
1291487577934106624
1291487466713743368
1291487396307931136
1291487330642137088
1291487329509498885
1291487259678539778
1291487253563428866
1291487241953579015
1291487128673759235
1291487126412914688
1291487081483636738
1291486953167376388
1291486939544080384
1291486908728696840
1291486862855503878
1291486810795900933
1291486711118274560
1291486709637689344
1291486555924815872
1291486523141963776
1291486479500419072
1291486337967828993
1291486208619470848
1291486135688900608
1291486127375831040
1291486044127260673
1291486041627484161
1291486030827225088
1291485955212402696
1291485838447083527
1291485757060784129
1291485736743702529
1291485725662355461
1291485643395051520
1291485594233651200
1291485434468605952
1291485325848653824
1291485265765240837
1291485181434568705
1291485079538147329
1291485016590098445
1291484937166692356
1291484813183143938
1291484615887261703
1291484586334199808
1291484540435935232
1291484531262980099
1291484490628509698
1291484470957096960
1291484339948019712
1291484282343624707
1291484186994446337
1291484134309859329
1291484123593351168
1291484114315550723
1291484095252439041
1291484095181029376
1291484022720401410
1291483947105484808
1291483873529008128
1291483728460443648
1291483542644563969
1291483515180195840
1291483500361768961
1291483472284880898
1291483410817523715
1291483367373000704
1291483052653387777
1291483050514292737
1291483014564851714
1291482770682925059
1291482741368905731
1291482731294199810
1291482713602641925
1291482655469506560
1291482574087430144
1291482544781905921
1291482543078825984
1291482453777973249
1291482417287409665
1291482338786816000
1291482337486819329
1291482324350177284
1291482286907707393
1291482275331346433
1291482259523096581
1291482199900819456
1291482160306814976
1291482079897812994
1291482009144090626
1291482007793328129
1291481966630457346
1291481935152283649
1291481888624906250
1291481882614538240
1291481817455853568
1291481748447125504
1291481605568180225
1291481507857563649
1291481461812584449
1291481342186790913
1291481298696048640
1291481216877842432
1291481164692090880
1291481158161780736
1291481155330609153
1291481144395886592
1291481068130799616
1291480990288838664
1291480928662028289
1291480707219390464
1291480661963022338
1291480651997224960
1291480646737702914
1291480625610973185
1291480585739726848
1291480481586962433
1291480435118178306
1291480400464879619
1291480362254729219
1291480346526195717
1291480345590804480
1291480277005541383
1291480269493547011
1291480196378497025
1291480094993776641
1291480023648608264
1291480000697335809
1291479742458130432
1291479708878528514
1291479564850536452
1291479542226444289
1291479370830356483
1291479345161056256
1291479317231304711
1291479242803499008
1291479234339205121
1291479176562774024
1291479174578950151
