1296552577899745280
1296552554927726592
1296552465895174144
1296552442822373377
1296552418747002881
1296552358294491136
1296552358067859456
1296552337348075521
1296552239239180295
1296552001787039752
1296551997768896512
1296551969860001792
1296551841065508865
1296551799139205121
1296551614262771713
1296551574861500420
1296551522726273024
1296551477780021249
1296551471064977408
1296551462517051393
1296551460310863873
1296551432720703493
1296551358355640321
1296551305247436800
1296551160174858242
1296550972827865090
1296550964330139655
1296550937595727872
1296550903005282306
1296550760394588160
1296550738907115521
1296550586884726784
1296550302838128643
1296550228561199105
1296550160487587840
1296550112689377280
1296550019491758080
1296549953372860419
1296549904945483779
1296549834619523073
1296549764612464640
1296549698367631360
1296549626733047810
1296549623549423616
1296549569543778307
1296549516980768778
1296549500954255360
1296549467823505408
1296549389171924992
1296549376328757248
1296549239204585473
1296549213438906368
1296549168975171587
1296549100226260993
1296548998443085824
1296548996039794693
1296548890930565120
1296548841920106503
1296548790258798593
1296548741860687872
1296548653071572995
1296548618879610882
1296548581575479298
1296548546770907136
1296548517461331977
1296548483642597376
1296548467427414016
1296548444807532544
1296547888340897810
1296547849333870592
1296547679741321216
1296547568109752321
1296547549575249920
1296547543485042688
1296547213108076544
1296547175837700105
1296547161568677888
1296547121659871233
1296547080069165061
1296546938154881027
1296546854621122563
1296546841727827968
1296546761830330371
1296546641617383424
1296546631060525081
1296546626459373568
1296546597090680832
1296546573204074496
1296546425329811456
1296546353917710336
1296546211982278656
1296546097960292354
1296546095183605760
1296546082219069447
1296546013868625920
1296546003638575104
1296545996235837459
1296545986882371584
1296545984961548290
1296545947158302721
1296545930095673345
1296545901104828433
1296545841596047360
1296545838362132486
1296545828723724295
1296545713325838349
1296545681503662080
1296545655880478721
1296545626143035395
1296545598607249409
1296545577954693120
1296545563886813184
1296545528843571213
1296545520605777920
1296545490893303808
1296545411981873152
1296545410773852161
1296545378842550273
1296545301633929216
1296545282289799174
1296545094544363530
1296545082410242057
1296545069135269902
1296545033273958401
1296544778172035072
1296544771339583489
1296544771335319552
1296544764800770050
1296544740603645953
1296544725093306371
1296544723314905094
1296544708278222848
1296544689433088000
1296544600400760833
1296544560500310016
1296544549766967296
1296544547426709504
1296544456166973440
1296544435308769280
1296544419051704320
1296544393428705280
1296544374910664706
1296544351666016257
1296544106240512000
1296544059222364171
1296544020538314752
1296543870314934272
1296543842188103680
1296543732968435714
1296543613560786965
1296543596032798721
1296543513300144134
1296543512775794688
1296543441413763072
1296543406177562624
1296543396035796995
1296543091458015233
1296543083329458183
1296543071140818944
1296543046402596865
1296542992786845696
1296542909626368000
1296542816538169347
1296542809743396872
1296542774809038854
1296542745226436608
1296542676578439186
1296542667241742337
1296542659662811158
1296542644483567616
1296542524899840002
1296542522173526019
1296542494209933313
1296542312584159235
1296542284943699974
1296542156082094080
1296542115674038272
1296542089182814208
1296542063530405888
1296542038868070410
1296542037341360129
1296542011718119424
1296541977287118850
1296541948514369536
1296541766489866246
1296541676081618944
1296541654732673024
1296541563955417116
1296541423412686850
1296541406375243776
1296541369322934280
1296541332245229568
1296541309004472320
1296541144931864579
1296541136194949120
1296541097355890689
1296540952824340480
1296540901884530703
1296540781151490057
1296540770103484417
1296540745910964224
1296540649102217219
1296540629875527686
1296540409586483205
1296540395296493576
1296540282427670530
1296540168846016513
1296540118996652032
1296540093306609669
1296539976201576448
1296539954894508039
1296539781485268994
1296539581047808001
1296539556980953089
1296539438420496384
1296539415251214336
1296539307608608788
1296539007216685057
1296539005312434181
1296538996798099456
1296538992746274816
1296538954922168322
1296538927487057920
1296538910139518977
1296538790778081280
1296538779772055552
1296538686121807874
1296538660062412801
1296538508249780224
1296538433033183232
1296538410325336065
1296538302477107200
1296538255681150982
1296538247171014656
1296538229751996417
1296538180989018112
1296538075951177730
1296538035807334400
1296537935370649600
1296537796790964226
1296537764809318402
1296537552615342086
1296537509158162432
1296537491910979584
1296537474345230338
1296537466988400640
1296537326017900544
1296537292316827651
1296537272712671233
1296537204714594304
1296537063718891521
1296536786261467143
1296536764467814400
1296536600256679936
1296536556920922112
1296536379686563840
1296536334539005952
1296536295179579392
1296536292029796352
1296536250984402944
1296536048265240579
1296535753166655493
1296535372449554432
1296535370088275969
1296535125941874688
1296535081595449345
1296535027677908992
1296535010426736641
1296534997671636992
1296534970404675590
1296534901492195328
1296534891476193284
1296534795435081729
1296534647887859715
1296534639746510848
1296534573866553344
1296534218038706178
1296534187739164677
1296534145984847872
1296534144088862720
1296534112459730946
1296533982889349120
1296533937670373376
1296533934730170368
1296533864425443329
1296533794745233408
1296533777573912580
1296533767268511744
1296533557612032000
1296533244792446977
1296533219131744257
1296533125787529216
1296533109966614528
1296533083152240640
1296533016131571713
1296532938214060032
1296532818315620355
1296532615273603072
1296532479512322054
1296532397031403527
1296532317633155078
1296532269939785736
1296532072866160640
1296532041857527808
1296531991282810881
1296531989001121793
1296531944734367745
1296531940682665992
1296531935116894208
1296531915416014848
1296531746138161152
1296531645948993546
1296531483788578816
1296531452234997761
1296531131857276929
1296530836683018240
1296530769872027650
1296530693514616832
1296530660312715271
1296530489814253570
1296530441478893568
1296530435942432769
1296530342602391552
1296530327230459905
1296530194342322177
1296530189795520512
1296530180337532931
1296530137266057218
1296530085550469121
1296530069146533888
1296530044760752129
1296530036309110784
1296530023310962689
1296529566601707523
1296529537090457600
1296529207288356865
1296529199298015233
1296529172861456393
1296529114858323968
1296529100962541570
1296528816647614469
1296528708820295680
1296528647721975808
1296528528125636609
1296528499272904709
1296528494780801024
1296528493006790656
1296528486610407424
1296528441936764929
1296528440397529095
1296528417941200896
1296528354842226689
1296528211602440192
1296528124889489408
1296528061232537600
1296528022091124736
1296527931565658114
1296527927870476303
1296527901366661123
1296527877207404545
1296527811306430465
1296527795888291852
1296527754100318208
1296527753907277824
1296527655555289090
1296527503599833089
1296527474658967552
1296527298766811145
1296527174921605126
1296527135247564800
1296527087893913601
1296527030415106053
1296526998064582658
1296526900857196545
1296526852350185472
1296526749958844416
1296526747354177537
1296526719860473857
1296526711748808704
1296526707860668416
1296526271631917056
1296525960200716288
1296525958120452096
1296525760111554561
1296525741270675456
1296525710518034434
1296525538169884672
1296525498139516934
1296525473648979976
1296525462198525954
1296525440421703680
1296525393508200448
1296525387867004931
1296525375779016704
1296525327854755840
1296525242442145794
1296525221038641152
1296525203590217731
1296525152738521088
1296525112989163521
1296525014859223040
1296524972580466688
1296524972261810179
1296524863755214851
1296524738848858112
1296524721761157120
1296524676886298624
1296524653343707141
1296524542609743872
1296524390448762882
1296524342856232960
1296524215512895488
1296524177965486080
1296523889628061697
1296523881474293762
1296523871491956736
1296523710900379650
1296523657439858688
1296523649315463168
1296523637575446528
1296523564506591232
1296523513986256897
1296523501923442688
1296523483048841217
1296523431421280260
1296523424597237761
1296523348923514881
1296523315339829249
1296523299325915143
1296523244661403648
1296523043079172097
1296523023478972416
1296523008241278976
1296522993321906176
1296522949143310337
1296522921096159237
1296522812270751744
1296522740028125184
1296522642674065408
1296522586394775553
1296522280378478593
1296522152489832448
1296522124769857539
1296522120206471178
1296521973120606208
1296521925548793857
1296521833852928006
1296521832485576705
1296521821580169216
1296521799325437953
1296521761052217344
1296521724104773632
1296521654227447808
1296521568944828416
1296521530260824065
1296521528637456385
1296521390653407237
1296521350081908738
1296521329672368128
1296521311062298624
1296521269207236608
1296521180724297728
1296521166543298563
1296521107605000192
1296520901106651136
1296520683250483200
1296520625066926080
1296520617718620161
1296520616246468610
1296520613624832000
1296520590199648257
1296520415666266112
1296520375136915460
1296520248582180870
1296520097079496705
1296520036769771522
1296519817080352769
1296519792753508352
1296519789876191232
1296519768606998529
1296519735236943872
1296519668434235393
1296519636255744002
1296519630119411713
1296519618819960833
1296519611932966915
1296519546325610499
1296519260815204353
1296519243609960450
1296519088928370694
1296519062508322821
1296518981705175040
1296518955176284162
1296518953569849344
1296518939082539008
1296518788733521920
1296518785726210048
1296518764595470338
1296518732466941958
1296518499968454657
1296518355164319749
1296518088758878208
1296518069901287424
1296518048178896902
1296517889529446401
1296517867530342402
1296517718758367234
1296517652840689664
1296517479091642371
1296517460728963073
1296517454051586053
1296517444081799169
1296517343632293889
1296517326582382592
1296517272954114050
1296517225906671621
1296517224639991808
1296517203567624192
1296517158688694272
1296517123976466433
1296517104045305856
1296517060743196674
1296517030628274179
1296517030129147905
1296517009627320321
1296516704340717574
1296516681846517760
1296516650213298177
1296516450320932865
1296516437989826560
1296516415025905664
1296516153167282176
1296516033856131074
1296516028143407106
1296515942873210882
1296515939018715140
1296515921687842816
1296515910635859968
1296515799126081540
1296515705878134784
1296515696378216448
1296515663008333824
1296515643349577729
1296515536801738756
1296515433852334080
1296515409957576706
1296515409240260609
1296515394925142017
1296515302570811393
1296515218974048257
1296515176049541125
1296515165416861696
1296515147683573765
1296515144349032448
1296515009825124357
1296515006213824512
1296514995438546944
1296514980725043202
1296514810348277766
1296514758380670982
1296514655674916867
1296514512863076361
1296514463319851010
1296514414024294400
1296514375847747584
1296514318280712192
1296514308935999489
1296514236294868994
1296514211493761024
1296514057919496196
1296514047337168899
1296514005796872192
1296513955498790913
1296513938306355200
1296513920274804736
1296513908879118340
1296513825047564289
1296513764880252928
1296513661054464007
1296513649247428608
1296513446477873152
1296513336549478402
1296513199932682240
1296513167439224833
1296513166705385475
1296512878070190081
1296512664466796544
1296512649694511107
1296512578554933248
1296512547328339974
1296512517527592960
1296512452969062412
1296512341945786369
1296512314770771968
1296512275344429058
1296512193689792512
1296512034725605376
1296511966761168902
1296511830299258881
1296511581275160582
1296511514891952128
1296511451620835328
1296511356359905285
1296511258418610176
1296511197618077697
1296511196296871938
1296511186087936007
1296511141640679424
1296511069641478145
1296511066499883009
1296510994429218816
1296510985461800960
1296510775574634496
1296510707505266696
1296510695232675842
1296510686592286721
1296510641046351872
1296510524067385345
1296510458875260931
1296510454748131331
1296510439283552256
1296510317187477512
1296510278713012224
1296510273302405120
1296510239299305473
1296510188762140675
1296510175071875075
1296510134378737665
1296510080540499968
1296509985464098816
1296509927595208704
1296509713740423168
1296509701304332288
1296509672086740992
1296509542918836224
1296509510262063106
1296509421091258369
1296509371354984448
1296509335259041793
1296509312991236096
1296509306288799744
1296509276026888192
1296509268963790849
1296509182062080003
1296509095336226817
1296509020124176384
1296508953287892993
1296508919091781637
1296508887445565440
1296508826892599302
1296508694423896070
1296508618746089475
1296508559383986179
1296508467293884416
1296508438952935424
1296508413963382784
1296508398813487109
1296508357134520320
1296508258513907713
1296508198984327170
1296508189215731713
1296508166998556675
1296508161613090818
1296508077408124934
1296508062010925057
1296508044050935808
1296508020088803330
1296507839649849344
1296507810314846210
1296507785207742465
1296507558379823104
1296507526121287680
1296507359171354630
1296507333661659139
1296507266661847041
1296507244436238341
1296507228866908165
1296507113632669698
1296507037241815040
1296507013359435777
1296506984599093248
1296506858086129665
1296506792130809856
1296506776548974593
1296506751991328773
1296506743900573698
1296506539008757761
1296506489805340673
1296506474412179457
1296506336348438531
1296506299820183553
1296506273492541440
1296506250264547336
1296506234523320320
1296506209084768256
1296506147696979968
1296506121818189826
1296505980579205121
1296505977315917824
1296505880049938432
1296505854389346304
1296505746989948929
1296505745391996929
1296505733534617612
1296505536943357953
1296505356810674176
1296505343728467969
1296505326104203264
1296505262396891143
1296505227215081473
1296505193144737793
1296505152124444672
1296505031068352512
1296504854895120386
1296504763832504320
1296504751824211973
1296504666621128705
1296504639517491201
1296504589412442119
1296504581002756099
1296504444251668480
1296504367739281412
1296504351175909376
1296504313649528832
1296504205478375424
1296504096761851904
1296504062926450688
1296504059755524101
1296504058967142401
1296504025291137026
1296503906986602498
1296503816368590848
1296503753177169920
1296503695564210178
1296503668649459712
1296503550705651719
1296503528819691520
1296503519676162049
1296503483395342337
1296503436880609281
1296503371655008256
1296503319528116230
1296503300058165248
1296503243934035968
1296503121544450048
1296503099402657794
1296503081841065984
1296503073481859073
1296503070462029826
1296502994322591745
1296502991546191872
1296502954728599553
1296502926957895680
1296502901213401089
1296502894456340480
1296502690378326021
1296502567552159744
1296502563496505344
1296502562946985996
1296502497171955712
1296502427076755458
1296502408269434881
1296502353411989505
1296502277969149954
1296502277889499136
1296502246461636608
1296502235275440129
1296502182808711173
1296502100856197132
1296502039812419594
1296502014864654338
1296502003036758016
1296501959609004034
1296501954244296705
1296501911118651393
1296501807632523265
1296501797453012995
1296501698215780358
1296501541390753794
1296501466451062785
1296501348528279553
1296501299551391745
1296501237131730944
1296501201832419328
1296501179086712832
1296501018272968704
1296500951965081607
1296500936651747328
1296500822159831045
1296500798411636736
1296500746867875842
1296500731009277953
1296500725699289089
1296500686394478593
1296500664932147201
1296500633156059137
1296500594547593216
1296500358454403075
1296500349474414592
1296500333443719169
1296500280142573573
1296500141806026753
1296500119777488898
1296500066740580353
1296499985450754048
1296499959785828352
1296499847080673281
1296499764343627776
1296499740176273410
1296499650300608513
1296499627898941441
1296499596894457856
1296499542578397185
1296499520415637504
1296499517265674245
1296499445102714880
1296499403042091008
1296499393940434944
1296499328434020357
1296499104177061889
1296498985453133829
1296498963550527490
1296498688404135939
1296498628366938114
1296498582686662657
1296498511933050880
1296498470694670337
1296498455540621313
1296498289416732677
1296498255878975488
1296498194294218753
1296497985375936518
1296497900873224197
1296497851627864065
1296497678910726146
1296497671549657090
1296497478859214854
1296497392049459200
1296497148704546822
1296497073219567616
1296496967489654786
1296496951484129281
1296496899973947400
1296496795481067522
1296496713553915916
1296496582838366209
1296496533639135232
1296496357985976320
1296496248506257408
1296495889150881795
1296495742727729152
1296495630760775683
1296495585948839944
1296495560053141511
1296495513517391873
1296495205261221889
1296495199569444865
1296495171115323397
1296495122515927040
1296495117851820033
1296495086814089216
1296495076139388930
1296495012805406720
1296494969755246592
1296494904164540416
1296494857117204482
1296494852260212743
1296494812212785152
1296494761734438912
1296494720152199170
1296494682164334599
1296494643333476352
1296494609229664261
1296494579005489158
1296494577558454272
1296494571896143882
1296494534256463872
1296494437653241857
1296494321877778435
1296494279456587778
1296494277229514753
1296494251904311296
1296494230630739968
1296494193578311680
1296494191099416577
1296494186699653122
1296494132932816898
1296494132169519104
1296494055325601795
1296493959972347904
1296493946445627392
1296493876484734982
1296493816006864896
1296493764652007425
1296493749254619137
1296493745974763527
1296493719311581184
1296493703410806784
1296493316087992321
1296493277328310273
1296493276216864770
1296493253685108743
1296493190112051200
1296493189390622722
1296493002114969605
1296492972205379585
1296492850008522752
1296492802084343813
1296492711856537600
1296492686619418625
1296492620752064512
1296492578305695744
1296492504049684481
1296492474811265024
1296492201493647361
1296492187081990144
1296492140848189441
1296492110510686215
1296492075576438785
1296492054906843139
1296492040319053824
1296491999995072514
1296491968793542656
1296491958282735616
1296491757417508865
1296491727692402688
1296491726752882688
1296491724186030080
1296491702602145792
1296491639586914305
1296491625447817217
1296491554111131649
1296491448146198528
1296491438654599169
1296491424473591808
1296491416886149120
1296491368412520448
1296491366583865344
1296491207401639937
1296491169791332353
1296491069106982918
1296491039021305856
1296490855512121344
1296490772208984065
1296490761932939271
1296490722623926272
1296490595704352774
1296490583108849664
1296490503136063492
1296490487210221569
1296490404335030273
1296490305483661318
1296490195387330565
1296490153243029504
1296490137690439681
1296490136570605569
1296490041708027904
1296490005096026112
1296489949303377921
1296489772828024832
1296489709334671367
1296489488802353155
1296489223969808386
1296489209931468801
1296489185067630593
1296489164809043969
1296489134089998338
1296489095208804354
1296489087063527428
1296488994771959808
1296488926799110145
1296488887620194304
1296488857538625536
1296488817545875457
1296488744778964995
1296488722595221505
1296488697974718465
1296488696385024000
1296488639866839041
1296488597667958784
1296488583835144193
1296488553824882690
1296488532404572160
1296488500360024075
1296488482299416577
1296488466793091072
1296488434064916480
1296488396471377921
1296488394533609473
1296488336757067781
1296488310852988928
1296488310718844929
1296488291529887744
1296488242548703232
1296488237863772163
1296488186328252422
1296488129986211842
1296488084809355266
1296488025757749251
1296487971399651328
1296487821331628037
1296487776871948290
1296487731372138498
1296487703790465027
1296487695804497920
1296487690007990272
1296487620424413187
1296487554263453698
1296487496335884289
1296487428086210561
1296487414375034880
1296487278844534784
1296487257348739072
1296487253246644226
1296487199186264069
1296487171021512705
1296487156123279361
1296487154235867136
1296487140050821122
1296487133608325125
1296486999189262337
1296486757098303489
1296486750966218753
1296486710768013314
1296486672100659208
1296486585114992640
1296486476583186437
1296486323440754688
1296486312988618756
1296486309360537601
1296486244109684737
1296486074995310592
1296486020968579074
1296485909098045440
1296485732517916672
1296485699840090117
1296485636065697794
1296485598023299072
1296485562606587905
1296485530625085444
1296485478871568384
1296485208779259911
1296485113782575109
1296485081050238978
1296484973927706624
1296484916134379524
1296484901777215488
1296484871787995137
1296484760248881153
1296484718427492353
1296484710688972800
1296484677126168576
1296484612089290754
1296484592359219201
1296484483571560448
1296484428043214864
1296484366202408964
1296484294328754179
1296484283100667905
1296484254755500033
1296484253765701633
1296484188397412359
1296484016900775937
1296483830434594817
1296483719893614592
1296483636196384768
1296483354775355394
1296483296323477504
1296483281509154817
1296483227251744768
1296483201909755905
1296483156070105089
1296483154564448256
1296483111241494534
1296483088944574469
1296483044971470849
1296482951874654208
1296482928428539907
1296482814964178944
1296482789563551746
1296482730545487872
1296482725067710466
1296482624622534658
1296482601839067138
1296482445353783296
1296482270719741957
1296482169691439104
1296482163160997888
1296482045527560194
1296482009515270146
1296481954750234625
1296481835304787969
1296481829973786624
1296481704526450690
1296481672368730119
1296481669147504640
1296481595839348739
1296481579594915840
1296481416528760833
1296480969571151872
1296480921563156481
1296480796275101696
1296480704302374914
1296480632797900807
1296480580364898304
1296480504984883202
1296480504183689225
1296480478892089344
1296480434885468160
1296480419072880640
1296480418053619712
1296480009494966273
1296479994324058114
1296479949822492672
1296479932718227459
1296479928410677250
1296479889613361152
1296479809208496130
1296479738131865604
1296479645077057536
1296479636881375236
1296479594984480768
1296479555453149191
1296479480266067969
1296479422464360451
1296479409667485696
1296479240926507009
1296479230491004930
1296479210052124674
1296479091252699139
1296479038857531394
1296478950034739202
1296478886386180097
1296478855524474893
1296478823723261962
1296478802957275140
1296478763530813446
1296478588779335680
1296478552850870274
1296478515794255872
1296478498241024000
1296478422278066176
1296478419677585411
1296478206145552385
1296478134813040641
1296478069658615809
1296478033759604737
1296477779358363651
1296477776929853440
1296477682994163712
1296477628472397824
1296477477645225985
1296477302654722049
1296477268592726017
1296477154096615424
1296477095619698689
1296477020155715585
1296476928157929474
1296476820062318593
1296476702168752129
1296476658686480384
1296476574531883008
1296476560766238722
1296476313444900866
1296476188354007044
1296476131806384128
1296476080623292416
1296476015003410433
1296476000105177089
1296475992228233217
1296475981516017666
1296475948951449602
1296475939916976133
1296475934493745153
1296475922070228992
1296475758882324480
1296475700522889217
1296475651092951043
1296475634244386821
1296475612891222017
1296475546784759809
1296475496050556929
1296475464836546561
1296475446918500352
1296475441361018880
1296475441289662468
1296475315846471681
1296475259214979072
1296475234187575302
1296475144660164610
1296475081632296967
1296475076133564418
1296474990972370949
1296474971020066817
1296474968881070081
1296474851843203078
1296474758192734209
1296474661023252485
1296474640135729154
1296474636952186884
1296474492475248641
1296474427719331840
1296474366285352963
1296474343514550272
1296474096209924098
1296473973258162177
1296473777723904001
1296473536987529222
1296473505836474369
1296473498802626560
1296473461448159235
1296473425670746113
1296473379722199040
1296473350060072961
1296473244132876288
1296473187258183680
1296473119088095232
1296472859456544768
1296472831354699782
1296472819237376001
1296472612013584384
1296472567067410433
1296472560952053762
1296472530442760192
1296472414642216961
1296472324825395205
1296472258446270465
1296472173272539136
1296472155769786368
1296472016720199687
1296471971958489097
1296471937259130882
1296471927633121283
1296471518835335169
1296471474254086144
1296471411498917890
1296471385628434433
1296471385343250434
1296471361142095874
1296471315906535428
1296471314463588359
1296471269584576515
1296471261091180545
1296471166635446272
1296471086348013568
1296470985814802433
1296470819862917120
1296470788745330688
1296470721028411399
1296470680440049665
1296470452316049409
1296470302579400705
1296470271222784007
1296470224116559872
1296470217506291712
1296470152188485634
1296470095527542787
1296469904116391941
1296469823703179266
1296469761279373312
1296469751301050370
1296469599635083265
1296469564205740035
1296469516579414017
1296469496308338690
1296469451538403328
1296469447969050628
1296469434744397827
1296469288811995136
1296469287046131715
1296468994921201664
1296468992517910531
1296468812901089281
1296468774305112066
1296468661486727169
1296468644063576067
1296468524068679680
1296468486051565568
1296468245730525186
1296468216231923712
1296468177094926340
1296468087202512898
1296468059260059648
1296467970932318211
1296467966599540738
1296467939496013830
1296467780322107394
1296467745589153798
1296467736747442185
1296467671941369856
1296467649191436294
1296467525329395712
1296467485500362755
1296467406995574786
1296467397822623744
1296467293975785479
1296467046255992836
1296467041717825538
1296466949766025216
1296466871147999232
1296466695540871168
1296466656491900930
1296466630806036484
1296466328556113921
1296466320935063554
1296466216794689536
1296466197702156293
1296466033813925892
1296466021709119489
1296465991619293188
1296465946664751110
1296465884446326784
1296465666808131585
1296465538403753987
1296465534637277185
1296465479515742210
1296465406882873345
1296465356098347008
1296465144764039169
1296465135121334273
1296465113101275136
1296465107560603651
1296465065969881090
1296464988127866882
1296464950186172416
1296464919563558912
1296464855172513793
1296464777427013632
1296464756199624706
1296464721630175233
1296464698729271302
1296464690546200577
1296464673878024193
1296464608211931141
1296464400929492993
1296464363117842432
1296464197468004353
1296464197375713280
1296464155990544385
1296464152223981568
1296464048972800000
1296464046640816129
1296463995394822144
1296463930437632000
1296463440782008328
1296463422293446658
1296463417302188033
1296463413720371202
1296463411568611329
1296463359429271553
1296463180311547904
1296463134711058437
1296463073453146113
1296463003743903747
1296462969396703235
1296462907643961345
1296462810260611072
1296462745894887424
1296462717662965763
1296462630232764416
1296462496837107717
1296462247083024384
1296462218536595459
1296462166183288833
1296462162681122817
1296462080552456194
1296462074495807490
1296461989158555649
1296461940965937153
1296461874331090945
1296461803065683969
1296461793515249665
1296461728067313665
1296461702725341184
1296461594772353025
1296461532830851080
1296461522080862214
1296461335971143681
1296461280941834240
1296461175832682496
1296461151413428225
1296461032664248320
1296461007079038978
1296460977324593152
1296460935792656384
1296460878657855489
1296460824211488768
1296460800131989507
1296460600986554370
1296460492169449473
1296460485450178560
1296460286791241732
1296460281485426688
1296460182982217728
1296460049313869828
1296460035900538881
1296459974621704194
1296459870112231424
1296459777573367810
1296459693683023872
1296459690562539522
1296459657804996609
1296459531870969862
1296459437255925762
1296459344230449156
1296459333413281793
1296459278295937030
1296459224105582593
1296459222981447681
1296459188881821697
1296459125434523648
1296459111685554176
1296459042043420679
1296458738052759552
1296458726728237056
1296458707589570561
1296458592929878017
1296458568078696450
1296458494758060034
1296458351929364485
1296458341330427905
1296458333658976261
1296458317355724802
1296458111360937984
1296457997682642946
1296457955106263041
1296457811258482688
1296457694891642882
1296457686511489024
1296457483167453188
1296457247174864898
1296457217902874626
1296457158394028032
1296457137489694722
1296457025187188737
1296456975954456582
1296456905183895557
1296456884682207233
1296456776007798788
1296456759398236171
1296456650505752577
1296456578372177921
1296456568691621891
1296456457148301312
1296456450689110016
1296456419483496449
1296456312734322689
1296456264986382336
1296456224729378817
1296456210586177543
1296456150045659141
1296456107943231489
1296456088477409281
1296456083758895116
1296455726148259841
1296455714232315904
1296455626705567744
1296455604232486914
1296455579016273923
1296455514109497344
1296455447654932480
1296455356638547969
1296455333301428230
1296455275017392134
1296455197460508675
1296455163960528899
1296455120905961473
1296455099561246720
1296455077713055746
1296455029122109441
1296455013468864516
1296454991713046529
1296454956413857794
1296454934968389633
1296454916932870150
1296454881260306444
1296454842014146560
1296454836439916544
1296454802923298816
1296454772267130883
1296454761865191424
1296454725563449344
1296454704646574081
1296454697470099460
1296454673675821057
1296454495455633410
1296454420813807620
1296454392967827459
1296454352681537539
1296454247224094724
1296454087005929472
1296454017485361154
1296454003291807745
1296453948237283329
1296453932752019457
1296453745178542080
1296453695429840901
1296453676387766272
1296453633245151233
1296453543864479746
1296453511773859840
1296453483814703104
1296453458581753856
1296453351115300870
1296453343708164101
1296453278348304386
1296453118536945664
1296453093329121280
1296452984767946753
1296452954787057669
1296452950878027776
1296452833752100864
1296452794065584129
1296452781910499334
1296452744233000960
1296452567040393218
1296452396927922176
1296452342590648321
1296452234394378240
1296452196901560327
1296452132128927747
1296451985529622529
1296451917837742081
1296451837835517952
1296451826204708864
1296451683745239041
1296451588157067268
1296451586055692290
1296451566032039940
1296451535300370433
1296451435010424832
1296451302118039552
1296451210900312065
1296451181376671747
1296451154000384000
1296451141706944513
1296450992985317379
1296450986698051584
1296450904019918849
1296450716656164867
1296450688394964992
1296450636813340675
1296450593314283522
1296450472434425863
1296450311050199042
1296450129147428872
1296450110918922241
1296450104774320128
1296450087393034240
1296450034406391808
1296449993319030784
1296449949505396736
1296449893939150848
1296449821583212546
1296449730831147008
1296449726536126464
1296449585959907329
1296449569555914753
1296449239619440642
1296449197173022720
1296449089341710336
1296449059113308160
1296448920076386304
1296448856880807936
1296448788803067907
1296448754254598145
1296448751704449035
1296448699544076289
1296448666472001539
1296448664056074241
1296448639439699970
1296448368760193029
1296448298396647424
1296447951804542980
1296447852676358146
1296447814113865729
1296447805758865416
1296447528796332034
1296447491727032322
1296447451495268353
1296447378946494469
1296447323837530113
1296447280703320064
1296447094350401538
1296447058606424064
1296447057079738371
1296447045105065990
1296447020878766082
1296446907234037760
1296446842926923777
1296446640178507777
1296446605630017541
1296446438960967680
1296446408443203584
1296446402655137793
1296446364386295808
1296446340046749703
1296446169011359749
1296446146018185218
1296446124216262657
1296445820003385346
1296445809106485248
1296445723412750336
1296445511998869506
1296445472601788422
1296445360458670080
1296445327373930498
1296445262819405824
1296445255592665090
1296444988000219137
1296444966022111232
1296444906584657921
1296444900544782336
1296444891652923394
1296444720181399552
1296444588438294529
1296444574244765697
1296444293146718215
1296444193993371648
1296444082605248514
1296444021104050178
1296443921233514497
1296443826970726400
1296443765981421568
1296443727351816195
1296443531200995331
1296443422732169222
1296443401114718208
1296443275482726413
1296443192322199553
1296443081575870468
1296443013930061826
1296442896984551425
1296442876432396291
1296442811810816000
1296442786590457858
1296442726716780548
1296442539894079488
1296442524886863873
1296442444372901889
1296442400265646080
1296442352119304198
1296442343663558656
1296442339603484673
1296442006370230273
1296441984165588995
1296441920835792897
1296441861310238722
1296441849293541378
1296441813310595072
1296441800144695299
1296441791391117312
1296441787691798528
1296441729785233408
1296441386011688963
1296441252502810624
1296441150937718786
1296441090736881668
1296440819617071113
1296440760162811904
1296440618290421768
1296440527022370819
1296440415567130625
1296440287896702976
1296440166278737920
1296440104102363137
1296440057612640256
1296440015392854017
1296440000779890688
1296439950993489920
1296439710819266560
1296439706234892289
1296439500957192201
1296439450222895105
1296439277564366850
1296439237240389632
1296439165727518723
1296438984403451904
1296438945073463297
1296438807772962822
1296438476834037760
1296438440830148612
1296438408886329345
1296438333317558272
1296438311628791818
1296438122348150787
1296438056510267392
1296437994799468544
1296437980119339008
1296437879305129985
1296437862142009346
1296437827748724739
1296437810589818883
1296437795943321602
1296437745200570370
1296437715660156929
1296437662799339523
1296437598068658180
1296437590619553792
1296437579001233410
1296437527218446337
1296437421966491648
1296437349505732608
1296436945128689665
1296436911968604168
1296436872529534980
1296436775582404611
1296436746851364864
1296436619805958147
1296436386216771584
1296436356843962372
1296436253437702145
1296435697067470849
1296435603727355908
1296435570340765702
1296435566272286721
1296435274914963456
1296435256778788866
1296435235383640064
1296435206036086785
1296435189795770369
1296435185093836800
1296435159701618697
1296435147311652865
1296435136897089536
1296435103099432960
1296435011852414978
1296434743697903623
1296434706104430593
1296434697011159040
1296434683748790272
1296434557546303488
1296434478693396480
1296434443851366400
1296434439816466435
1296434397848231938
1296434357935181825
1296434264406401027
1296434118029463553
1296434113549946880
1296434083338301441
1296434036139864065
1296434023611465728
1296433830228905992
1296433804576399361
1296433749907910656
1296433675056414724
1296433552960233472
1296433469174755328
1296433308528783368
1296433282326945793
1296433236072071169
1296433226358063108
1296433215750778880
1296433050453147648
1296433031343939584
1296432989556084736
1296432935806132226
1296432906471120901
1296432806357282817
1296432602048602114
1296432513120964610
1296432258606419968
1296432234984022017
1296431880255012864
1296431867718246401
1296431866472550400
1296431831915659267
1296431820444176387
1296431803952238592
1296431682170626050
1296431515929321475
1296431396437843970
1296431346181693440
1296431330335629312
1296431270864596993
1296431222105800709
1296431193035100162
1296431071865823237
1296430939464138753
1296430910573875202
1296430795784101890
1296430774997090306
1296430694240071681
1296430668344418304
1296430158526713862
1296429996756606980
1296429804737236998
1296429770197086213
1296429674105638913
1296429643633917952
1296429544807763971
1296429509382742019
1296429468446330882
1296429329874915330
1296429320244809728
1296429163293945857
1296429141911363584
1296429084839424004
1296428948855894019
1296428661831335938
1296428579035676674
1296428548635402248
1296428437637390336
1296428408407195648
1296428396814241796
1296428379911213056
1296428375607857154
1296428308004065280
1296428140319903744
1296428058560397312
1296427763625332739
1296427736626585611
1296427637573918720
1296427563108237312
1296427478421057536
1296427439854424071
1296427432229117955
1296427345591578632
1296427186241576962
1296427054284636166
1296427019299966979
1296427009296543747
1296426890874556417
1296426878782377986
1296426652348620801
1296426604059660288
1296426529002524673
1296426480965165062
1296426379198828546
1296426362757156864
1296426236219207680
1296426133475467265
1296426046879928321
1296426012671127555
1296425921780555777
1296425918781689856
1296425873118289920
1296425766469734406
1296425754914435075
1296425666523561985
1296425549745750016
1296425353758547968
1296425202100903937
1296425167732834304
1296424941441683460
1296424760679845890
1296424649992089601
1296424625749086208
1296424586578460673
1296424583072043008
1296424352095903745
1296424279484108800
1296424275692453888
1296424247489974274
1296424199876227080
1296423993654808578
1296423836934709248
1296423779149713417
1296423678335422465
1296423642004414475
1296423461666066432
1296423327997853699
1296423258963804161
1296423233726697474
1296423146661326849
1296423061932118017
1296423041694564352
1296422974887780353
1296422736936554499
1296422703113666562
1296422689490587652
1296422668279980040
1296422159171158021
1296422149197094912
1296422020251607040
1296421871261552641
1296421809496166400
1296421785836105733
1296421573885399046
1296421549864554496
1296421362563788801
1296421361859076098
1296421361154510848
1296421358092587008
1296421355127275525
1296421340828901377
1296421236277489665
1296421214899101702
1296421152139739138
1296421144803909634
1296421139506397187
1296421100801359873
1296420926423289862
1296420787742814219
1296420724157157376
1296420603713540096
1296420495592693764
1296420321759764482
1296420256945250306
1296420240902037507
1296420132923858946
1296420047355883532
1296419988387934208
1296419985062076416
1296419953478905856
1296419487542128640
1296419394483101698
1296419337499279363
1296419334349299712
1296419308780879873
1296419166426202115
1296418818227675136
1296418715718897664
1296418629865607168
1296418565759827968
1296418394653196288
1296418306929328129
1296418299186761734
1296418139606077443
1296418005522550790
1296417816992718849
1296417805319970816
1296417695672545281
1296417429552332802
1296417330512252930
1296417275101302785
1296417255543250945
1296417198022561803
1296416950386556932
1296416949346476032
1296416928286875649
1296416920380542979
1296416776729899008
1296416776725700608
1296416776692142081
1296416776662790144
1296416776390156292
1296416772678197250
1296416764268548101
1296416692738781184
1296416285643898880
1296416258443948034
1296416051740184576
1296415981611474944
1296415904805392387
1296415835569913857
1296415588831711234
1296415558888456198
1296415442710466560
1296415392785731584
1296415293795897351
1296415252461084672
1296415197360533504
1296415138891931648
1296415070386257920
1296414962320121857
1296414438128603136
1296414373766930433
1296414275402190850
1296414267093266432
1296414220712542209
1296413788770643968
1296413704955867136
1296413678921801729
1296413665554563073
1296413659200135168
1296413599141945345
1296413595492900865
1296413515889152001
1296413434356146178
1296413381633728517
1296413339233460232
1296413285659693061
1296413235114016770
1296413079425687553
1296412930200817664
1296412929441628160
1296412890430418945
1296412884176637952
1296412858419478534
1296412782439653376
1296412645382389760
1296412464180080641
1296412201822162947
1296412100496105477
1296411928974241799
1296411833528614912
1296411812632694790
1296411792349044739
1296411359375130625
1296411259898867714
1296411168165318658
1296411110388707328
1296410752161665024
1296410648201646081
1296410503699406848
1296410421306556416
1296410402214027266
1296410126732144641
1296410002505244673
1296409975263301634
1296409911287517184
1296409803489792000
1296409721990262785
1296409542440386562
1296409406700244992
1296409342686748676
1296409339796819968
1296409236788916225
1296409162470105088
1296409157810126852
1296409011076685830
1296408984690266112
1296408918961328129
1296408661351444480
1296408597044305924
1296408259516129283
1296408095690809344
1296408085263798272
1296408015172784128
1296408013398474752
1296407998294888448
1296407740886245378
1296407574590390272
1296407549932077058
1296407235380367363
1296407165574545408
1296407034112417795
1296406722148478977
1296406640313405440
1296406607987904512
1296406600048148481
1296406593232424961
1296406563847122950
1296406407756107777
1296406378223984642
1296406077173567489
1296405835141324802
1296405673266290688
1296405403807494145
1296405400120680451
1296405330906288128
1296405312958795776
1296405292511629313
1296405291626618881
1296405077666729984
1296405072922980352
1296405053624983552
1296404940378775554
1296404692080230402
1296404382217641987
1296404212570619904
1296404024913207297
1296403934656028672
1296403887973437442
1296403842934943746
1296403700601311232
1296403673900253187
1296403229333508097
1296402758153711616
1296402696648482819
1296401947222843392
1296401938515460097
1296401931817058305
1296401415137632259
1296401244089548802
1296401171725389830
1296400835304460290
1296400815838691328
1296400811665379331
1296400654202740739
1296400515362885638
1296400459721302016
1296400425508311041
1296400093457854465
1296400026743308289
1296399483958427648
1296399333751914496
1296399279632900096
1296399166923575296
1296399165631746057
1296399142676246531
1296399100259315712
1296399061831110656
1296398995208712194
1296398912085987328
1296398874794393600
1296398862123401217
1296398753813929984
1296398703432028161
1296398685165826048
1296398681147682817
1296398643386294274
1296398494807318529
1296398466847916032
1296398327173353472
1296398058599657474
1296397949828661249
1296397829833924608
1296397804311650305
1296397707175657472
1296397685780385792
1296397380137259010
1296397276282322945
1296397261765668866
1296397125744386048
1296397041338216453
1296396971062644736
1296396899034046464
1296396863235653632
1296396780951617536
1296396775616544768
1296396647996575744
1296396633521913856
1296396515892539392
1296396192436367364
1296396149931126784
1296395439223308290
1296395192270909440
1296395059261140992
1296394925370679296
1296394912515096577
1296394778242932736
1296394685540438016
1296394663327399936
1296394579718144000
1296394559753158657
1296394513288577024
1296394433743613954
1296394350847557632
1296394104624971778
1296394068881051650
1296394040280195078
1296393995971526656
1296393955412590594
1296393944448802817
1296393839251468290
1296393719160156162
1296393694245826562
1296393641938710528
1296393591913246720
1296393545901719554
1296393485331791877
1296393405325611008
1296393378045800453
1296393332634144768
1296393258390761473
1296393164157341697
1296392862314172418
1296392695980720129
1296392500236759041
1296392261140459525
1296392219444871168
1296392166420312064
1296392049110003712
1296391872403910657
1296391639137574912
1296391545713840130
1296391489367367680
1296391451820138496
1296391429946654720
1296391412007735297
1296390828097712128
1296390749798436869
1296390305722306560
1296390281584148480
1296390248004333568
1296390087811510273
1296390017141452802
1296390014431977473
1296389767098228736
1296389664882995200
1296388807298818049
1296388692970549248
1296388104396263429
1296387857146314752
1296387715924197376
1296386745479467008
1296386449294729217
1296386316544835584
1296386222408052737
1296386056766488576
1296385903565443073
1296385373787086853
1296385351913742337
1296385342937993216
1296385334997954561
1296385030651076610
1296384938271371264
1296384832025460736
1296384818477961217
1296384714677407749
1296384531616993280
1296384369326616577
1296384303358771202
1296384237981990913
1296384211889393669
1296382987286859776
1296382958165688322
1296382703156236289
1296382554971320320
1296382442278805504
1296382005337358338
1296381958017220609
1296381952484933632
1296381432428818432
1296381341164908548
1296380933906432003
1296380761763909636
1296380704650153984
1296380396670726144
1296380309131468800
1296379899905740800
1296379813498957825
1296379585261641728
1296378872838012928
1296378866005491713
1296378815485292544
1296378648568762369
1296378558521257984
1296378496978243586
1296378398659555328
1296378154236301313
1296378143226429442
1296378098859028480
1296377967908659201
1296377923042148352
1296377592749203456
1296377513703170050
1296377304843780096
1296377221418975233
1296377148593385472
1296376848683761664
1296376609994227714
1296376508630499328
1296376318477717504
1296376273783136256
1296376226496446469
1296376149312802818
1296376017045426178
1296375671506124801
1296375598915497984
1296375488189997056
1296375462826917888
1296375007774486528
1296374845509373953
1296374831710195712
1296374830401376256
1296374695856488450
1296374542558871552
1296374480281849856
1296374451450384384
1296374383426932737
1296373860414226432
1296373184644644865
1296373102226681856
1296373026598957056
1296372847783432193
1296372816242249728
1296372744976625665
1296372712093503488
1296372650206351360
1296372498834104321
1296371813564456961
1296371770283433986
1296371731318427648
1296371611314999296
1296371427294224384
1296371405894942720
1296371320834277377
1296371165120823297
1296371087341580294
1296370993011728385
1296370992923570176
1296370909071183872
1296370879954325504
1296370830465814528
1296370732772007936
1296370659191267330
1296370456878931968
1296370351530823680
1296370270991798277
1296370035267645440
1296369755163590656
1296369432827174912
1296369320847605760
1296369220356276224
1296368921784627201
1296368864263979008
1296368366366666753
1296368304555266051
1296368226461339649
1296368185483108353
1296368025696903170
1296367943274475522
1296367544211771392
1296367503795355649
1296367053515845634
1296366871017656320
1296366755867025410
1296366648178311168
1296366570307047426
1296366423611072519
1296366334427660290
1296366239913213953
1296365448808869888
1296365383595696129
1296365315006267392
1296365080511037440
1296364920179691521
1296364545259307008
1296364333589499904
1296364197186478081
1296364065334398977
1296363771007401984
1296363357805707266
1296363112950530048
1296363088405499904
1296362702600773632
1296362458517561344
1296362123447107584
1296362086390431744
1296362022406361088
1296361893851017216
1296361669858189315
1296361441516281857
1296361379377451008
1296361318409220096
1296361258061647872
1296361234133131264
1296361080428457985
1296360995342839808
1296360910513041413
1296360823447724032
1296360816321667073
1296360626285998081
1296360587656663045
1296360498934554625
1296360488889126914
1296360463266197504
1296360142305361922
1296359929792679936
1296359642956734465
1296359610563956738
1296359544000360448
1296359485884125184
1296359415948300289
1296359415759507456
1296359240043384832
1296359193394348033
1296358718158725120
1296358691281580034
1296358680330268672
1296358604602331138
1296358572213727232
1296358293120532480
1296357914479861760
1296357633931333633
1296357522798977024
1296357429152608257
1296357305185898497
1296357048989487104
1296356831430729729
1296356780054704129
1296356670231126021
1296356634436960258
1296356531886153733
1296356297328058369
1296356213450354688
1296356099214508033
1296356025587687425
1296355968695992325
1296355225326899201
1296355161120616449
1296355090765209601
1296354851488772096
1296354795347795968
1296354786351218690
1296354526786707456
1296354399317524480
1296354321269960704
1296354109243527169
1296354068663644160
1296353967488851968
1296353956411502592
1296353937474367494
1296353790409531392
1296353691058999297
1296353607558688768
1296353575879270401
1296353083987918848
1296353079554523136
1296353053742964739
1296353004124135425
1296352870317436928
1296352762469462016
1296352730382917632
1296352474278830080
1296352267931717636
1296352147064463361
1296351672520847360
1296351428118806528
1296351338553638912
1296350898978017280
1296350661911678976
1296350537013776384
1296350337268416512
1296350299288932352
1296350038713663489
1296349989950468096
1296349968350027777
1296349882916077569
1296349619404906496
1296349528971284480
1296349500173238272
1296349334506819584
1296349302327881729
1296348953219227651
1296348809262325766
1296348737342644224
1296348670334361600
1296348517523492864
1296348515111702528
1296348428394323969
1296348416021344257
1296348083861823488
1296348082620321793
1296347989921890304
1296347922318135301
1296347788071055360
1296347489470046213
1296347274709282817
1296347053740654595
1296346596423213056
1296346523190669312
1296346377845440513
1296346120633884676
1296346118133956608
1296345939284819970
1296345812134514688
1296345751719686144
1296345571263827968
1296345561759703045
1296345466595094528
1296345445149466624
1296345443186675712
1296345310466375680
1296345149027627008
1296345112335781888
1296345077825110016
1296345025748455424
1296344954944360448
1296344766125416448
1296344715881779200
1296344687427624961
1296344492442882053
1296344484481916928
1296344250502676480
1296344191530934272
1296344013788807168
1296343998026612737
1296343996571291648
1296343889289379840
1296343823279325185
1296343769479090176
1296343748759007232
1296343497839120385
1296343005570510849
1296342995936120832
1296342920237211648
1296342889925148672
1296342813584523265
1296342787672035329
1296342531312103424
1296342499116580865
1296342354631237632
1296341984559476738
1296341525262196737
1296341319896489985
1296340994103717888
1296340970661806082
1296340794756837377
1296340642105303040
1296340600875184128
1296340515319721984
1296340215234060288
1296340108992552960
1296340044429443073
1296340026964553733
1296339835175624705
1296339724110626821
1296339429024571392
1296338959463833600
1296338766022488066
1296338720988319746
1296338438543650816
1296338342984835072
1296338258784169984
1296337882836213767
1296337645841391616
1296337488739307521
1296337395856470016
1296337335957823489
1296336777645416448
1296336729444691968
1296336715427110912
1296336559633911808
1296336200916140033
1296336155928076297
1296336015993397248
1296335985312178178
1296335861152350208
1296335839031631872
1296335595363602438
1296335535028412417
1296335530385453057
1296335503604637696
1296335376769003520
1296335297735790594
1296335047553880065
1296335005275299841
1296335001647292416
1296334649963302913
1296334519373627392
1296334431024635905
1296334427342151681
1296334419867951109
1296334270693167104
1296333810238394371
1296333440116092930
1296333083189432320
1296333074783903745
1296332945813381120
1296332844021628928
1296332636843986945
1296332611388923905
1296332592552144897
1296332467608129538
1296332447722823681
1296332132701409280
1296331927553806336
1296331468780613632
1296331386564026368
1296331269219864577
1296330847977644033
1296330785121656832
1296330716721090560
1296330439624450049
1296330349170089986
1296330342102700032
1296330046915768320
1296329853633826816
1296329764438003712
1296329622255210497
1296329489794785280
1296329428251836419
1296329426628747264
1296329410870685696
1296329329052327939
1296329318583242752
1296329220180729856
1296328954840854528
1296328927955185664
1296328807687892992
1296328568104980480
1296328174196989953
1296328153846157313
1296328139640057856
1296328129892331521
1296328129213063168
1296328074972270592
1296327970542489600
1296327749762596865
1296327515879780353
1296327368324284421
1296327364763320320
1296327323914874882
1296327081605947394
1296327073041195008
1296327047728381952
1296326693687160832
1296326222146748417
1296325723121045504
1296325703860916224
1296325384825233408
1296325286401699840
1296325165270343680
1296325163978383360
1296324980494364672
1296324977625575424
1296324962794582017
1296324744774647814
1296324736792829953
1296324681407049728
1296324666663919617
1296324657776271360
1296324524892393472
1296324457640812544
1296324381648486400
1296323941024305154
1296323914272870400
1296323374344556544
1296323346397908992
1296323216504434688
1296323194132013056
1296322875633201152
1296322839000170499
1296322743240142848
1296322639040884736
1296322356638633986
1296322180494446592
1296322090040262657
1296321852537622528
1296321822527545344
1296321820463976448
1296321783469993984
1296321388458852352
1296321338320265216
1296321300844163072
1296321264563433476
1296321258146033669
1296320758566723584
1296320511753031681
1296320490462748677
1296320163030196224
1296319990828851200
1296319967462330368
1296319611424497669
1296319524241723392
1296319413243858944
1296319389843599360
1296319333212155904
1296319269651668992
1296319245991571457
1296319219932393472
1296319217927483392
1296319176206770176
1296318978839568384
1296318969410760704
1296318670428241921
1296318322292584449
1296318311316115456
1296318151127207949
1296317988426194949
1296317949469499392
1296317914119729152
1296317913281036288
1296317911171203077
1296317535072268288
1296317443590283264
1296317408739721217
1296317226690084866
1296317139213848576
1296316949270540296
1296316847869001729
1296316692570800129
1296316587968835584
1296316582533242881
1296316359794663424
1296316170669154304
1296316085726138369
1296316000061681665
1296315970336591872
1296315818918072321
1296315734725984259
1296315683106562048
1296315582418243586
1296315472900579328
1296315153001086976
1296315115441201153
1296314981470928903
1296314816647196672
1296314767443816449
1296314745876865024
1296314677832622080
1296314589773144064
1296314519204106240
1296314480549404672
1296314448488144901
1296314442045521921
1296314391768584194
1296314258658074625
1296314248767746048
1296314144337956865
1296314081410940928
1296314022891884545
1296313778196234240
1296313774563983362
1296313566170144773
1296313441750147072
1296313322862714880
1296313006658379776
1296312959489077248
1296312949980577792
1296312791297437696
1296312620283129858
1296312543930064896
1296312415404130304
1296312414334595072
1296312386039828482
1296312383254573057
1296312303256821761
1296312271442870273
1296312158611898368
1296311856185974786
1296311706482692096
1296311597032513537
1296311433337200641
1296311309051392000
1296311229447696384
1296311172283629568
1296311148606677000
1296311051651145728
1296311009523707906
1296310771215814656
1296310514054651905
1296310300749320192
1296310175519748096
1296309828315484167
1296309800452726785
1296309794001711105
1296309663701651458
1296309597649735680
1296309573641527306
1296309534286163974
1296309338592559104
1296309297429667840
1296309223706382344
1296309205641699328
1296309139719614474
1296308982533914629
1296308929052512256
1296308880121704449
1296308833179054082
1296308817790025732
1296308570519035910
1296308450398539776
1296308378403135489
1296308339400421382
1296308154330832896
1296307627585044480
1296307376090427396
1296307375838830592
1296307344465305606
1296307225787600897
1296307199187197954
1296307047185764355
1296306787482828800
1296306779673034753
1296306498956484608
1296306351707168771
1296306256244879362
1296306097515425793
1296306089051303936
1296306071825346560
1296305843428786183
1296305810675564544
1296305741515698177
1296305729066991616
1296305710632964096
1296305661219876865
1296305482882322435
1296305465677225984
1296305369728385024
1296305341328764928
1296305299297636352
1296305297703800833
1296305290099544066
1296305194356047872
1296305088248635392
1296304991213363200
1296304846388305920
1296304764192468992
1296304716524081152
1296304709117128705
1296304570931519488
1296304464249331712
1296304341813362688
1296304204743495680
1296304066549751808
1296303984794169344
1296303972320456706
1296303870881091587
1296303735669428224
1296303704551776256
1296303699124465664
1296303666555695104
1296303514180673536
1296303458958680067
1296303360149196800
1296303340284858368
1296303299067629569
1296303261540995073
1296303201398870016
1296303160630358016
1296302855914008576
1296302843088064512
1296302796996841475
1296302563147558912
1296302514405613568
1296302510437613569
1296302400169369601
1296302187388207104
1296302160431349760
1296301971431817217
1296301905640128513
1296301898635661313
1296301833590312960
1296301724085485569
1296301684059025409
1296301548507627521
1296301545261346816
1296301513011105794
1296301452110028801
1296301407998550016
1296301402130493440
1296300898226851842
1296300824625324032
1296300691590242305
1296300687429492736
1296300632962367488
1296300539765051392
1296300325914021888
1296300294658314240
1296300258432098304
1296300112835153920
1296300052332212231
1296300033915191296
1296299659124588544
1296299656314368000
1296299573346840576
1296299435702603778
1296298873602707461
1296298828367200259
1296298576553717760
1296298468248625152
1296298038089134080
1296297959567396864
1296297853417971713
1296297725177155586
1296297640062222336
1296297501725786112
1296297241683124228
1296297234967953408
1296297225476333570
1296297215778930688
1296297010631385088
1296296948237049857
1296296875944026112
1296296759413497856
1296296694699757570
1296296448875732992
1296296327534407686
1296296293304680448
1296296291459305473
1296296282152083456
1296296269518761984
1296296269283958784
1296296141416476678
1296296066640482305
1296295844665327617
1296295760460419072
1296295758120058880
1296295660094984193
1296295537772290048
1296295403613073409
1296295335854329856
1296295265985413121
1296295182875467777
1296295088084189186
1296294910941954048
1296294905774403586
1296294771179368450
1296294728141623299
1296294605357547520
1296294544305250308
1296294481797566466
1296294462293979136
1296294351702646784
1296294275085479943
1296294085511319553
1296294076107677696
1296294030834204674
1296294017412608003
1296293932893118464
1296293894062301184
1296293741486014464
1296293571377553408
1296293557649776640
1296293543280074757
1296293543020044288
1296293496207413248
1296293453693779968
1296293343870087168
1296293292133556224
1296293210021597184
1296293172646154240
1296293153654353920
1296293097568194561
1296293075891843073
1296293068446949376
1296292977510428683
1296292887794253824
1296292762971774976
1296292652485312517
1296292524382879751
1296292404333613056
1296292388558774277
1296292197558398977
1296292180844253184
1296292125265367040
1296292064968269825
1296291900928991232
1296291849716539393
1296291812064165888
1296291794800566274
1296291462087208960
1296291427056529408
1296291300455649281
1296291293086339075
1296291229433581571
1296291226543685632
1296291042409340928
1296291037120540672
1296291008494305280
1296290920778932226
1296290916295225345
1296290912750968832
1296290862071250944
1296290854135422976
1296290765044428801
1296290707364356097
1296290394792013825
1296290384822247425
1296290378644168704
1296290344322072577
1296290314475495424
1296290237270888449
1296290200574976003
1296290075182014465
1296289961562370048
1296289948211937282
1296289882319527939
1296289649653157889
1296289580128145411
1296289544556355584
1296289334522286080
1296289294009511937
1296289292109611008
1296289210043781121
1296288850084495367
1296288728470544385
1296288413746946048
1296288408449560577
1296288368955981827
1296288341499867138
1296288164424724481
1296288106107285506
1296287682193235976
1296287656637337606
1296287585376120835
1296287542262685696
1296287415888302083
1296287402894401538
1296287382984105984
1296287376466161665
1296287374259785728
1296287366282436608
1296287323328581633
1296287307637690373
1296287163320086533
1296286825187860481
1296286814731264000
1296286713967517698
1296286628261105666
1296286611013951489
1296286591355297793
1296286513920004096
1296286412371705856
1296286292334882816
1296286056438837248
1296286030899949568
1296285825945276417
1296285703974744064
1296285682009161734
1296285614623666176
1296285530104233984
1296285482008096769
1296285455596494853
1296285383857065985
1296285319155703809
1296285317000048647
1296285246887878656
1296285189983830017
1296285078725697537
1296285029786583041
1296284991073259521
1296284947062300673
1296284620279779328
1296284495654592514
1296284467158495234
1296284452147134469
1296284440516268032
1296284357112422400
1296284348275023872
1296284302745927680
1296284187465527298
1296284167450144772
1296284141923704833
1296283969411940352
1296283943860187137
1296283931831078915
1296283912306491397
1296283705359532032
1296283626401751043
1296283616700510208
1296283465260978176
1296283435158458375
1296283354191376384
1296283305722118145
1296283145759752193
1296282870420406272
1296282845820968960
1296282809682866177
1296282795577401344
1296282748940963842
1296282706427277314
1296282658209763338
1296282559102488577
1296282493872558080
1296282481788743680
1296282335436869632
1296282308266213378
1296282236115918849
1296282233712541696
1296282153379074050
1296282020897677313
1296281983182667776
1296281915058618368
1296281879952359425
1296281771785551872
1296281754320474117
1296281735848763394
1296281732421955584
1296281722414231552
1296281629195812864
1296281561046888448
1296281481015365633
1296281460421406722
1296281340178907136
1296281332562014209
1296281270817665024
1296281242187571201
1296281211124551681
1296281155973636100
1296281147899445249
1296281091939033091
1296281089439420416
1296281068346187779
1296281044639940608
1296280960808427523
1296280873344462848
1296280847000182785
1296280757992857600
1296280713898098689
1296280711733927936
1296280685376876548
1296280600853319680
1296280428685516803
1296280405792952321
1296280364407828487
1296280138905202693
1296280053458907136
1296280028431384576
1296279886689116160
1296279852488810496
1296279703171497984
1296279692610166784
1296279672670609408
1296279663610863621
1296279622770921479
1296279558476443649
1296279521524670464
1296279462015725571
1296279338917285889
1296279192808587264
1296279157614301184
1296278955192918017
1296278951329964033
1296278894342025216
1296278840705191936
1296278731472789504
1296278728444526592
1296278630130053120
1296278625927311360
1296278538073575430
1296278362479108096
1296278277330526209
1296278251392950273
1296278240328327174
1296278225820086274
1296278191338921990
1296278124511088640
1296277832516214784
1296277821506060288
1296277806469402624
1296277781437992966
1296277698663325701
1296277640916037632
1296277538180931584
1296277281694863360
1296276978295660545
1296276875925491713
1296276616679743488
1296276597515968512
1296276555581329408
1296276555082141697
1296276553123287040
1296276435875831808
1296276391340789761
1296276300101894144
1296276294372663296
1296276147114840064
1296276080878379008
1296275979107594240
1296275951073079297
1296275886883385345
1296275874749112321
1296275840934637570
1296275718708637696
1296275651788513280
1296275639675293697
1296275589263847425
1296275553050169344
1296275546914119680
1296275486776188928
1296275432464093184
1296275410523697155
1296275372208558082
1296275158311682048
1296275003902746624
1296274951763300352
1296274925850750976
1296274804388040704
1296274737568649216
1296274735953780738
1296274580588441600
1296274491945885696
1296274236051398656
1296274231244857353
1296274224701673472
1296274164630736898
1296274028399857665
1296273995797602306
1296273815618457600
1296273758609530881
1296273717962526721
1296273590308880384
1296273536479264769
1296273369856241664
1296273259621683201
1296273101433470976
1296273023549366272
1296272978187915265
1296272828904255489
1296272792262807552
1296272755311116290
1296272626562805766
1296272537240907776
1296272507721326592
1296272288875032576
1296272265915576321
1296272248983044096
1296272091075862529
1296272088039391232
1296271937774092288
1296271857486688256
1296271698015195138
1296271429583986688
1296271262524813316
1296270920617689088
1296270913386684416
1296270774714511362
1296270743991226368
1296270547173683201
1296270523840835586
1296270359470264320
1296270166548836352
1296270070780268544
1296270054951129091
1296269953985896448
1296269906472767489
1296269691275448320
1296269686527549440
1296269635734601729
1296269585885401090
1296269475029962752
1296269466184163332
1296269346340245504
1296269277180420096
1296269238747922437
1296269177351593985
1296269131696799746
1296269114638573568
1296268990369603585
1296268753005613057
1296268729194553344
1296268575959728135
1296268556707835907
1296268518212669440
1296268338826338304
1296268294194737153
1296268099138621440
1296267819328442368
1296267585437278209
1296267552826503171
1296267414586429441
1296267401932296193
1296267385457041408
1296267371192160256
1296267367903789056
1296267284961525760
1296267279953473536
1296267251860099073
1296267229357576192
1296267226211733504
1296267204548161536
1296267187297103873
1296267186231803904
1296267098331713537
1296267076764463104
1296267051825344512
1296267028223995908
1296266955750481920
1296266939753304064
1296266938805624834
1296266788985081856
1296266700103573504
1296266660983091200
1296266659896991744
1296266629366648834
1296266566301028354
1296266424315449344
1296266345139625984
1296266330467901440
1296266193016426496
1296266187253391360
1296266157880729605
1296266108484411392
1296266078268600322
1296265843421122562
1296265767747383296
1296265755919626241
1296265277945057285
1296265249478213632
1296265172982661128
1296265074865299457
1296265039859650561
1296265030250500096
1296264984863944722
1296264936180584448
1296264924763652096
1296264810091483138
1296264763828252674
1296264711877533696
1296264624090886144
1296264593837367298
1296264560257765376
1296264542654287876
1296264529702248457
1296264411867418626
1296264391764123648
1296264384801460225
1296264367672037378
1296264228156907520
1296264139015426049
1296264068995649536
1296264017393090560
1296263863705325569
1296263860018503680
1296263643646984198
1296263640052461569
1296263449924829184
1296263443243302912
1296263428059922433
1296263335067947008
1296263167429885952
1296263152984682496
1296262921471897600
1296262879327342592
1296262878220234752
1296262834289094656
1296262751975809025
1296262682379726848
1296262676952170497
1296262602562179073
1296262331559706624
1296262299460796416
1296262299368464384
1296262173254197251
1296262167931637760
1296262157802192896
1296262111463538688
1296261962297421829
1296261777425039361
1296261679253250048
1296261674492723200
1296261620449017861
1296261542816681988
1296261499636387840
1296261387837157377
1296261372309909504
1296261209260322816
1296261142092840960
1296261129191161857
1296261127425449985
1296261096983023616
1296261056373895169
1296260994344222720
1296260771773644800
1296260676315484160
1296260300950339584
1296260135246082049
1296259963032088577
1296259884426514433
1296259834380075009
1296259819855384576
1296259808861986816
1296259718390980610
1296259679631192064
1296259535045300226
1296259486001385475
1296259440354746368
1296259372100788224
1296259273949769733
1296259266408587269
1296259197965758465
1296259118123147264
1296259081263431681
1296258875885268993
1296258780565577730
1296258759493406725
1296258745572286464
1296258682628399104
1296258653352148993
1296258565838188544
1296258513996414976
1296258471331893249
1296258464121937920
1296258430735462406
1296258217153003522
1296258216951717890
1296258214904963072
1296258161888776192
1296257953276682241
1296257854714896384
1296257835806982146
1296257763849515009
1296257702025465860
1296257654826971137
1296257551630245889
1296257435552739328
1296257274386644992
1296257193902141440
1296257111182041088
1296257052239630341
1296256902897324034
1296256832906752000
1296256811117555713
1296256739151450114
1296256682633224193
1296256628958867461
1296256255141588996
1296256247273009153
1296256062320828418
1296255905512730625
1296255891860332550
1296255885099053056
1296255818912927745
1296255817054932992
1296255796783783941
1296255787568955395
1296255749761282049
1296255636544475137
1296255589933178880
1296255555917488130
1296255407061704706
1296255251956158464
1296254972405792768
1296254882303934464
1296254767103127553
1296254761461862401
1296254708080877571
1296254674580905986
1296254643480268800
1296254616770736130
1296254616208891906
1296254579764391938
1296254457827569671
1296254394237779969
1296254389565501440
1296254335005810688
1296254233272963072
1296254202847666176
1296254150435643398
1296254088175325184
1296254069787385856
1296253947645235205
1296253757513113600
1296253687468261376
1296253529884065794
1296253466503979010
1296253442873229313
1296253347977220103
1296253328691798019
1296253317891399680
1296253267169738754
1296253231727878145
1296253219937624069
1296253112949170176
1296253106720837634
1296253100215459842
1296253092325986309
1296253087779299329
1296252943897952257
1296252814281322497
1296252751421243394
1296252749898829827
1296252741132488704
1296252740440600576
1296252715807326208
1296252710619099138
1296252708987387904
1296252683263840256
1296252669066059776
1296252655975591936
1296252647851401222
1296252631682293760
1296252573222088706
1296252549696303105
1296252539428577281
1296252519505510400
1296252498320199681
1296252399443677184
1296252327125381121
1296252312994938880
1296252186196934656
1296252161269968896
1296252046526558209
1296252013186027522
1296251990389985281
1296251980524871681
1296251913940295680
1296251889630081024
1296251727054766080
1296251726975119360
1296251717902725120
1296251661548224518
1296251590672777217
1296251369523822592
1296251324225462273
1296251232206520320
1296251195355541504
1296251124681445377
1296251105832243200
1296251101314981888
1296251048483368960
1296251002274881536
1296250980196065280
1296250858913628161
1296250856526901249
1296250852324315136
1296250736154742784
1296250681678942208
1296250614574268416
1296250524707237889
1296250443186597888
1296250323539881984
1296250292258975744
1296250270037549056
1296250238664146947
1296250208632750089
1296250060162834432
1296250051459784706
1296250009931993088
1296249940335714304
1296249917019693057
1296249867044564992
1296249853102694401
1296249836744740865
1296249836090482688
1296249795296792577
1296249659636289541
1296249642670338049
1296249636621963265
1296249630146080770
1296249579441139712
1296249547073691651
1296249543063941126
1296249534129958912
1296249486868529152
1296249479595798528
1296249432506171393
1296249420372226049
1296249347433279489
1296249261147840512
1296249098669088768
1296249049209638913
1296249048970801152
1296248886772760576
1296248809446498304
1296248579602804738
1296248482664243200
1296248438917537792
1296248425177059330
1296248353777496067
1296248077934788609
1296248066190839808
1296248036591456256
1296247948511248385
1296247917871759362
1296247885231804416
1296247839027163136
1296247804990562305
1296247708718632961
1296247660987506689
1296247563138617344
1296247475372584960
1296247473778778112
1296247361392574474
1296247204701773824
1296247121704890368
1296247036094713856
1296247035755139072
1296247026984919041
1296247025772748800
1296246849620160512
1296246789788643328
1296246770553454593
1296246730908893184
1296246680195563520
1296246612331618305
1296246525056581632
1296246518249226240
1296246399739338752
1296246247473532929
1296246218318807040
1296246206864056321
1296246043953307649
1296245944833331200
1296245880987758592
1296245846909112320
1296245765011013635
1296245761584304129
1296245749236211712
1296245679246004235
1296245623373660164
1296245617484877824
1296245579882860549
1296245430871785477
1296245326718865417
1296245282049593345
1296245106224304131
1296245099362426882
1296245070899949569
1296245019024785408
1296244928469704704
1296244844847923200
1296244822643077120
1296244776006819840
1296244748685127681
1296244737259606017
1296244628291608576
1296244620016398338
1296244301685456906
1296244295704416256
1296244235788619776
1296244216176279552
1296244103257239554
1296244103013777408
1296244014702878722
1296243899829116928
1296243875741302788
1296243857483616258
1296243794858217473
1296243785068945410
1296243757046784006
1296243413134835713
1296243403835940873
1296243315969388544
1296243193273606146
1296243190408925186
1296243120871538688
1296243021567209472
1296243000050417664
1296242857699934208
1296242821901496322
1296242752913629184
1296242641387094018
1296242630058098688
1296242550790139905
1296242405839183872
1296242308539494400
1296242235407609856
1296242163123200001
1296241937075191809
1296241915936071680
1296241912001769473
1296241886345060353
1296241833857683456
1296241781328183298
1296241676193796103
1296241671483600902
1296241653980606464
1296241402179809281
1296241335150628865
1296241313893904385
1296241252183101440
1296241040651952135
1296240916508758016
1296240876927070208
1296240851694297088
1296240844249464834
1296240811148029952
1296240803782766603
1296240781498302465
1296240766201683969
1296240677509095424
1296240650816380928
1296240472738783232
1296240439318650880
1296240402329219073
1296240161941061632
1296240146065395712
1296240139677515776
1296240096073732096
1296240076331061248
1296239942755065856
1296239776710852608
1296239761556942848
1296239745555726342
1296239724923768832
1296239653209673728
1296239441632210944
1296239420883050498
1296239118020747265
1296239048936366081
1296239031349641219
1296238991839240192
1296238913070268416
1296238806736097281
1296238706412593152
1296238568264724481
1296238556583792641
1296238525499600896
1296238498593243136
1296238390619365376
1296238115539976193
1296238109525528577
1296238051237208072
1296237997080412163
1296237970006179841
1296237898069446657
1296237726883176451
1296237614471749637
1296237361802539008
1296237354634493953
1296237200653406208
1296237098639466502
1296236995749072896
1296236698146426883
1296236684707680257
1296236674024972288
1296236615363203074
1296236557221769218
1296236517225050113
1296236365374341120
1296236283128291333
1296236263830249473
1296236132212957184
1296236091264180230
1296236064470835200
1296235989392793600
1296235968593309697
1296235747289247745
1296235742591516674
1296235604477435905
1296235581534601218
1296235525368619008
