1292451633511702533
1292451516004151296
1292451326572494849
1292451244276101120
1292451070975905792
1292450846647582720
1292450791949840384
1292450789949046784
1292450508964208641
1292450457122680832
1292450400545775617
1292450352495767552
1292450198300499968
1292450167002734592
1292450155439030273
1292450144470917120
1292450133389357057
1292449860986253317
1292449275335540737
1292448864662884352
1292448607124303872
1292448602162368517
1292448346179801093
1292448206647963650
1292448023688208385
1292447890766520321
1292447682968027137
1292447624843472896
1292447595357507584
1292447531868336128
1292447353404710912
1292447338733027328
1292447094394040322
1292446772921421824
1292446701555417090
1292446597180264448
1292446416980316160
1292446282477428737
1292446103615528961
1292445982488051713
1292445950200487936
1292445935969214464
1292445885306109952
1292445871024398336
1292445791496417282
1292445680255012866
1292445644515422210
1292445632926494721
1292445617332064259
1292445584092286977
1292445506669510658
1292445488520876032
1292445450566606849
1292445305934356484
1292445259486638081
1292444990363381760
1292444823127982085
1292444766022578178
1292444753334861827
1292444518558699521
1292444507401748480
1292444463449755648
1292444429064769536
1292444388338081792
1292444376103297025
1292444360001359873
1292444264501096451
1292444082070003715
1292443584017256448
1292443563700224008
1292443526693879811
1292443479939981313
1292443469299036161
1292443446331023360
1292443312834727936
1292443207452839936
1292443045653360640
1292442570979713030
1292442567188123651
1292442516017512449
1292442495582969858
1292442223850684417
1292442189377740806
1292442184659107841
1292442102064975872
1292441866227589122
1292441626342817792
1292441564329861120
1292441520818270209
1292441434352685057
1292441428036116483
1292440931912818697
1292440801709109251
1292440775968653316
1292440617881149440
1292440581147365376
1292440538705272832
1292440117173530625
1292440045077639168
1292439976400035841
1292439701853474821
1292439598774222849
1292439582563336193
1292439518226911232
1292439478901055488
1292439477034594307
1292439421258731520
1292439391193923585
1292439327184760832
1292439258742087681
1292439201619881985
1292439172813381639
1292439156380098560
1292439149719556096
1292439069259993088
1292439000683356161
1292438813520695301
1292438690657165312
1292438519424704512
1292438465179574273
1292438432384524288
1292438411916107778
1292438316189720578
1292438075012980738
1292438066687344643
1292438066431483905
1292438065265483776
1292437845882404865
1292437734624198661
1292437685311873024
1292437601199239168
1292437529711517703
1292437359980675074
1292436781707800583
1292436532113166336
1292436417117904896
1292436148845936640
1292436081745498113
1292435927550361601
1292435711573004290
1292435306508095489
1292435289273638914
1292435130930339841
1292435088177864704
1292435079046758405
1292434982154260481
1292434976164720647
1292434776000016384
1292434634874200065
1292434590834008067
1292434499331031040
1292434382930812928
1292434060359487488
1292433892977385473
1292433873985445888
1292433823142236160
1292433802682413059
1292433506656821261
1292433415841689600
1292433390285848577
1292433318630367234
1292433297621037062
1292433256126853121
1292433244550381568
1292433127164522496
1292432746669735936
1292432538921848833
1292432166597480449
1292432159450464257
1292432097475465216
1292432010259177473
1292431591428567047
1292431219590823936
1292431112036286464
1292431083456417793
1292430895714951169
1292430807680917505
1292430733701722112
1292430692362653696
1292430656819957761
1292430599102386177
1292430507788193792
1292430445431468032
1292430382273454080
1292430228283850752
1292429732059865088
1292429717069422594
1292429661788614656
1292429606256103426
1292429487418859520
1292429438609534985
1292429368036175872
1292429361199681536
1292428989202681862
1292428970596720642
1292428903651434498
1292428886664454146
1292428824546889728
1292428652387475457
1292428623417421824
1292428611476168704
1292428452457521152
1292428383289094145
1292428082184413184
1292428055542034436
1292427920343011329
1292427754835783680
1292427584618344449
1292427529161039873
1292427445367341056
1292427440942395394
1292427401322991616
1292427250101563393
1292427127443329024
1292426976523952133
1292426850623352835
1292426736211197952
1292426241883152385
1292426228729872385
1292426223533072387
1292426029684994050
1292425959069691906
1292425749199294464
1292425672648990720
1292425294897438722
1292425280410333190
1292425239373152262
1292425042232573952
1292424958505824256
1292424757166485504
1292424683078463489
1292424603961352192
1292424482204811266
1292424303884095488
1292424258761760768
1292424114645368832
1292423972177481728
1292423882251448327
1292423616856907780
1292423419334729728
1292423241529798657
1292423121748852741
1292423021521772545
1292422978140020736
1292422913979830273
1292422288873316352
1292422145398714371
1292421895049089025
1292421875268816896
1292421748760227841
1292420684078108678
1292420435351502849
1292420367517126656
1292420076306608130
1292419943389110272
1292419731207708672
1292419694549446657
1292419691517018112
1292419691479216128
1292419601054269441
1292419593395478528
1292419554388238338
1292419386247188481
1292419376835112961
1292419126443606016
1292418922852102144
1292418857261506560
1292418792249864192
1292418656962519040
1292418655855218688
1292418515354431488
1292418479702892544
1292418460199399424
1292418252568694785
1292418108121141248
1292417613520412672
1292417536307290113
1292417501683425280
1292417222225334273
1292417213295722496
1292417199219650560
1292416914220888066
1292416830343008256
1292416747849490433
1292416710713184257
1292416505867632641
1292416147036332033
1292415998327390209
1292415915888443392
1292415591928692737
1292415475239006208
1292415473750024192
1292415437112655876
1292415315645575169
1292415219466039297
1292415142911762433
1292414983553204230
1292414943216701440
1292414843824242688
1292414784609103872
1292414564320055296
1292414521047474179
1292414080288989184
1292413889150357504
1292413808481378307
1292413437805568000
1292412611900866560
1292412223474761728
1292412156517011456
1292412143460130817
1292411052198633473
1292410927388790786
1292410869230579713
1292410530150449152
1292410461586063360
1292410354031562752
1292410180857102339
1292410151236857857
1292410118265503744
1292409917597519873
1292409900363124736
1292409561878536192
1292409507826589696
1292409376658120706
1292408668864917504
1292408650074664961
1292408328790749185
1292408078298574852
1292407969326313473
1292407959352274944
1292407892168122369
1292407880386256898
1292407837109489664
1292407622843408384
1292407483403849728
1292407330009538561
1292407178213634049
1292407012698066945
1292406330079272961
1292406258629320706
1292406175619641346
1292406121181913088
1292405966344986625
1292405713042640896
1292405642393600003
1292405641475248128
1292405620340031488
1292405479000465409
1292405273236254722
1292405242466906113
1292405198971969539
1292405197382311936
1292405165518192640
1292405076745768960
1292404991685083136
1292404857517694976
1292404842347061249
1292404814433976320
1292404491157987328
1292404317727502336
1292404136345034753
1292404036885450753
1292403860556992513
1292403162851287040
1292403112549003264
1292401630235766786
1292401198272860161
1292400969943322624
1292400863772803075
1292400507319758849
1292400255254892544
1292400226179747841
1292399884092370944
1292399818946555904
1292399762105409536
1292399636435668992
1292399478629113856
1292399234906566656
1292399116069339137
1292399078781976576
1292398702250938368
1292398144836243456
1292397885431132160
1292397761745137664
1292397714886467584
1292397323050311681
1292397203269603328
1292397168498745344
1292396837501128705
1292396586354573312
1292396120644235265
1292396116596727808
1292395638886457344
1292395499409022976
1292395318315606016
1292395137553899523
1292394976526176257
1292394746002931714
1292394716856713216
1292394480008560640
1292394424207646720
1292394162344534021
1292393474877206530
1292393426902757376
1292393378630569985
1292393249181700097
1292393219200819201
1292393188909617154
1292393084286902272
1292392666194423808
1292392500116824065
1292392134461534208
1292391977368129536
1292391886699802625
1292391795993780227
1292391700523089926
1292391659335028736
1292391626640437248
1292391469764866048
1292391231021096960
1292391227434967040
1292391216148078592
1292391185848438785
1292391139966779395
1292391040091996161
1292390923796647938
1292390722499477504
1292390423579766785
1292390394559369217
1292390258114519040
1292390162069168129
1292390117357715456
1292389953586913280
1292389784565026817
1292389695318523905
1292389686628032513
1292389584932704256
1292389488883142659
1292389354736889856
1292389351377141760
1292389120853991425
1292389117922344960
1292389039958630402
1292389001652051975
1292388817333366784
1292388756100612097
1292388609883025408
1292388498754936837
1292388401358962689
1292388293976502272
1292388209113079810
1292387902748610560
1292387887145783296
1292387476259180544
1292387123966836736
1292386687654547456
1292386677550452742
1292386603663581186
1292386593291079680
1292386567223377923
1292386423384027141
1292386175517372417
1292385953517051905
1292385952124592129
1292385789859336192
1292385779751190533
1292385267140222976
1292385038638579712
1292384949845229568
1292384891049398277
1292384883491340288
1292384817074626560
1292384815325601793
1292384593849581568
1292384592960208897
1292384243251736576
1292384148712296448
1292384027937247233
1292383929702350851
1292383782331453441
1292383727448801280
1292383421721980928
1292383419268100097
1292383002580996098
1292382735663677440
1292382708577042432
1292382594290429952
1292382218174726144
1292381990231080961
1292381914477875202
1292381830625329152
1292381755798949889
1292381745090686976
1292381587578007552
1292381527784005633
1292381101281775617
1292380787690614785
1292380774260518913
1292380538460753920
1292380090446225408
1292379694638272512
1292379554233962496
1292379533895782400
1292378961956093952
1292378929806761984
1292378708951461889
1292378666794713090
1292378523366170624
1292378422732177413
1292378389953871872
1292378379656638475
1292378324568866816
1292378118985048066
1292377799781683201
1292377662753775621
1292377070362714112
1292376772017758208
1292376686181281792
1292376684222652417
1292376682351845378
1292376450897592320
1292376185524170752
1292376092595097600
1292375931382718465
1292375788357132289
1292375661903052800
1292375519602802688
1292375381392023553
1292375345547620353
1292375264757010433
1292375195567763456
1292375084011851776
1292375028831588352
1292374993561477127
1292374958908342273
1292374925408436226
1292374624337002502
1292374439670284288
1292374327774416896
1292374234275000321
1292374171004080129
1292374081585676288
1292374056302329857
1292373981132132357
1292373893378801664
1292373872034156547
1292373814286995456
1292373778979123201
1292373665796034565
1292373446270189568
1292373429551869957
1292373354364772353
1292373283816472583
1292373229021982727
1292372692239351809
1292372675839635456
1292372543182168064
1292372461749764098
1292372352949526528
1292372331382353920
1292371545839501312
1292371517947420674
1292371487534403585
1292371211943579648
1292371071010832387
1292370618231541761
1292370575134846977
1292370552083030023
1292370472009641984
1292370451809935360
1292370353470111744
1292370239200600066
1292370183697424384
1292370156643999748
1292369680674557952
1292369646662934529
1292369504069136384
1292369316780879877
1292369097318191104
1292369055479926785
1292368698922213376
1292368498908442624
1292368355593134080
1292368221291642882
1292368113523142656
1292368098134315013
1292368043130138624
1292368032048676864
1292368007377952768
1292367955863506944
1292367588228509697
1292367516266893312
1292367420628377601
1292367182169542658
1292367064712335360
1292366809828487168
1292366654706298881
1292366625849696256
1292366562461134848
1292366412225433600
1292366186999615489
1292366153998831618
1292366080904769536
1292365927498092544
1292365846405197824
1292365772896055297
1292365765799280640
1292365505785991168
1292365404900397057
1292365174393823232
1292365152394731526
1292365056684982276
1292364900577099777
1292364890334691329
1292364761674457094
1292364505532338176
1292364294378516480
1292363583930728449
1292363582814867459
1292363582450147329
1292363451898032128
1292363369819844608
1292363026352541696
1292362849692483584
1292362793845481473
1292362768272637952
1292362635589980160
1292362570255552512
1292362532611428353
1292362512344797184
1292362488747614208
1292362455658553344
1292362419046514689
1292362239178137601
1292362071179325441
1292362043194998785
1292362024203071488
1292362007983853573
1292361805403172867
1292361750763827201
1292361678139654144
1292361658887622656
1292361471700000770
1292361431531376642
1292361203986006016
1292361043394560002
1292360925421252609
1292360922967810048
1292360836325892102
1292360832836411392
1292360694734749697
1292360565621288962
1292360141669462016
1292360104516317184
1292359986744418305
1292359793332506626
1292359768678338561
1292359432915914754
1292359361461800961
1292359302192103425
1292359269304733696
1292359204804497409
1292359132792545282
1292359057924268033
1292358711705350145
1292358580469866496
1292358491177287681
1292358420029292544
1292358398957281280
1292358228869775360
1292358018135461889
1292357824367001600
1292357696281358336
1292357615205441536
1292357522276454400
1292357250577608704
1292356969794138113
1292356958968848384
1292356493132664833
1292356455853629442
1292356314295709696
1292356283140648960
1292356281953648641
1292356230510456832
1292356156690554885
1292355493059612672
1292355248611307520
1292355154046582784
1292355027953057796
1292354957295923200
1292354751896547328
1292354581263822850
1292354271820816384
1292354228321759232
1292354219698094082
1292354133547077632
1292354109715222529
1292354104476553216
1292354095886417920
1292354051326148610
1292353980102848515
1292353956115435524
1292353923815059457
1292353912641433601
1292353639747641344
1292353475419013121
1292353287409238018
1292353215611039746
1292353016549474305
1292352956159815681
1292352877764067329
1292352674411749376
1292352665024901122
1292352661656752128
1292352603360198656
1292352535404126209
1292352409495318530
1292352392646864896
1292352338938793985
1292352185225838593
1292352099347582978
1292352097913053186
1292351941356531712
1292351890210996224
1292351747457814528
1292351715715555330
1292351454489931776
1292351030651506688
1292350988582621184
1292350956772892672
1292350847771447296
1292350657966546944
1292350453901074432
1292350405817577472
1292350217132572672
1292350081891434499
1292350016531632128
1292349990019399681
1292349899359637504
1292349495297146880
1292349453177946112
1292349329353502720
1292349082946633730
1292349019273011202
1292348939912523776
1292348933218369536
1292348894106460160
1292348887189950464
1292348873449467904
1292348844307447809
1292348278915452928
1292348247046885383
1292348113869369346
1292347925411106819
1292347909556416512
1292347773967372289
1292347686541131781
1292347659135655938
1292347537643446273
1292347445465276417
1292347438699872257
1292347372836618240
1292347243681517568
1292347097937661954
1292346851899957250
1292346815493349376
1292346683834212353
1292346053166080003
1292346049923649538
1292346036275445760
1292345952922042368
1292345741424226304
1292345553796263937
1292345537119899649
1292345524260044801
1292345020322807808
1292344930531028992
1292344580327665664
1292344027891679232
1292343971113398277
1292343807346765826
1292343658046521344
1292343524986195968
1292343442866163712
1292343311618002945
1292343163672240128
1292343136916852736
1292342824935948289
1292342284953030657
1292342256461123586
1292342215294029824
1292342155243958272
1292342111820537856
1292342091700244486
1292341924255248385
1292341583732445184
1292341576987967488
1292341554716094467
1292341319730331654
1292341272661786624
1292341191720103936
1292341177300258816
1292340945124548609
1292340883921072128
1292340722733989888
1292340719248502785
1292340672654012416
1292340625350647809
1292340566148227072
1292340062844264448
1292339978437976066
1292339918904209408
1292339630696734720
1292339544562565120
1292339423661756416
1292339373556539392
1292339112683462656
1292338770247733248
1292338545529516033
1292338372602732545
1292338371927384066
1292338268034363395
1292338234551234561
1292338230805831681
1292338161457098754
1292338151558610944
1292337941050687488
1292337888194109440
1292337739753558016
1292337662624272385
1292337640260411392
1292337580902625280
1292337155872677890
1292337031700287488
1292336997235937281
1292336864133885954
1292336862783102976
1292336814079062021
1292336602904170496
1292336552346091521
1292336488169046016
1292336074711166977
1292335928179032065
1292335897850109956
1292335858771582976
1292335844339130369
1292335728135815169
1292335708909248513
1292335678517321729
1292335660402192384
1292335633999040513
1292335419598745600
1292335271699034112
1292335103964672005
1292334987400732672
1292334846656884736
1292334810199994370
1292334624551718913
1292334500773531648
1292334396339564549
1292334332493824000
1292334177111728128
1292334143762649094
1292334049009295360
1292334031573520384
1292334031443550208
1292333906805448705
1292333858940223488
1292333849670823936
1292333688521293824
1292333613619372032
1292333551866839041
1292333500348039168
1292333496929746945
1292333375278153729
1292333316641701900
1292333080653357056
1292332944040898563
1292332930862260226
1292332855482290176
1292332834439360512
1292332825035898881
1292332602020569088
1292332595057844229
1292332520936099840
1292332474413068288
1292332423175380992
1292332318284058625
1292332275489812480
1292332270397919232
1292332196271988736
1292332012683001856
1292331758399021057
1292331737536593921
1292331359789297664
1292331235113447425
1292331058533474306
1292331056658624514
1292330996688228354
1292330995761451013
1292330841906073600
1292330811610533888
1292330708296441856
1292330428792176641
1292330425369731073
1292329961164910594
1292329914897698816
1292329233906188288
1292328808272601088
1292328765255712770
1292328749187264512
1292328547197960192
1292328350074249216
1292328324962766853
1292328310261739526
1292328269878947840
1292328259531747329
1292328183044481024
1292328129546137601
1292327876776226818
1292327850197037056
1292327847676305409
1292327839367405570
1292327649516441611
1292327413226057729
1292327272150642688
1292327263178874880
1292327193956163584
1292327061130969088
1292327046538907649
1292326958861361152
1292326856075538432
1292326778414018560
1292326598952329217
1292326335751299075
1292326334585352193
1292326307594940428
1292326189202169856
1292326089792958464
1292326076107173889
1292326026073083904
1292325924872937472
1292325676750520320
1292325648254541824
1292325512077967361
1292325344435933186
1292325336299044864
1292325086045904898
1292325076394704898
1292325002226745344
1292324941686284289
1292324846014259202
1292324569651478528
1292324459488120832
1292324064111910912
1292323999515631617
1292323750478716929
1292323547428392960
1292323490125627394
1292323421339234304
1292323224861265920
1292323092249935872
1292323069055438849
1292323031440916481
1292323019755524097
1292322830625849345
1292322772266491904
1292322679031242752
1292322644717531136
1292322634810654720
1292322559292313600
1292322436650737664
1292322296229584898
1292322268807217154
1292322109218336769
1292321843165241344
1292321773959229440
1292321527229104128
1292321204326600704
1292321198366322688
1292321194625003523
1292321113591209984
1292320992648474625
1292320864353112065
1292320778483105792
1292320631497936896
1292320544411406336
1292320476115734529
1292319988553048065
1292319883007414272
1292319770084220928
1292319721228918785
1292319713280720898
1292319666241593346
1292319530996215809
1292319424909922307
1292319159301419008
1292319041747447808
1292319009770057730
1292318898063384579
1292318860645814272
1292318834162929664
1292318507506569218
1292318259329601541
1292317914369011712
1292317893707915264
1292317834194890754
1292317818353000448
1292317813076459520
1292317761948078081
1292317749427888129
1292317720592121857
1292317691856982017
1292317657174126593
1292317534738317312
1292317387375640577
1292317274330861569
1292317179275223042
1292317122824007682
1292316964665393152
1292316840132096001
1292316786059247616
1292316772767600640
1292316724088451073
1292316667259674624
1292316622720585728
1292316590415863808
1292316202447056899
1292316110860107776
1292315897923637249
1292315700271276032
1292315501255954435
1292315448915058688
1292315364488024064
1292315253146083328
1292315099416399873
1292315069951414272
1292315055409844224
1292314983586562048
1292314978305925120
1292314884189945857
1292314877806043138
1292314875444822024
1292314811410210816
1292314806893064198
1292314799490174983
1292314736852336640
1292314573341626368
1292314208269459456
1292314193090285568
1292314186026868743
1292313887941857281
1292313695205363716
1292313216345731073
1292312916956516359
1292312487501725696
1292312462239264769
1292312439174737922
1292312417133662209
1292312328688603136
1292312204205862912
1292312184677072897
1292312158743781377
1292312126707470336
1292312116414894080
1292312049104506882
1292311886474575873
1292311875535814656
1292311719834877953
1292311583553724416
1292311495087255552
1292311245157281792
1292311137321660417
1292310962058530816
1292310947357499393
1292310936183648256
1292310726418341888
1292310604011712512
1292310499590381569
1292310361035739141
1292310341309931520
1292309930419068928
1292309335872139265
1292308921223393281
1292308685046321154
1292308518050070529
1292308512677093376
1292308441793548293
1292308409031639042
1292308303339429888
1292308268262580224
1292307681525391360
1292307666778324992
1292307606288175104
1292307381586550786
1292307297578803200
1292307220579913728
1292307201025957891
1292306891410817025
1292306886482636800
1292306875216666627
1292306872192708608
1292305947013128193
1292305774014656512
1292305538294992897
1292305474134724608
1292305320266457090
1292305144936357893
1292305085599494144
1292304924718628864
1292304874932232192
1292304824562663427
1292304279919681537
1292304247602601990
1292304193705750528
1292304150601052160
1292304066635325440
1292303986595438594
1292303718537465859
1292303650308501505
1292303629098135553
1292303621745528833
1292303406523191296
1292303148594462721
1292303050091245569
1292303025281753088
1292302900090159104
1292302626701402112
1292302597794099200
1292302572158509056
1292302500414935043
1292302418902831104
1292302395364564994
1292302360274964480
1292302352263680002
1292302155462799360
1292302022155227136
1292301981659193344
1292301929285066752
1292301881763659776
1292301860527800320
1292301688892604416
1292301562656600064
1292301177091248128
1292300945993297920
1292300388457119745
1292300321503563776
1292300312599044096
1292300255892037632
1292300107791179776
1292299950492209158
1292299893676167174
1292299844766314497
1292299824339984384
1292299709017739269
1292299657587105793
1292299591145132032
1292299547767644160
1292299504172097542
1292299436262121474
1292299412748853248
1292299287892615168
1292299076877160448
1292299006966726658
1292298738333958145
1292298544703930370
1292298522168045568
1292298221155475456
1292298184589553666
1292298031229030401
1292297936802643969
1292297734356180995
1292297524812877824
1292297378377224192
1292297289990574086
1292297133668700162
1292296865111846915
1292296386512392193
1292296156375060480
1292295613292269570
1292295613120479233
1292295505259581441
1292295460271476737
1292295187381682176
1292295070570479616
1292295042741149703
1292294931571068928
1292294850952355841
1292294830392053761
1292294706513281033
1292294657557385216
1292294499620859904
1292294452149723136
1292294377788907525
1292294026792767488
1292293929723994112
1292293577159200768
1292293547576766466
1292293420824682499
1292293240624943104
1292293049234739200
1292293018612125696
1292292976731979776
1292292857072508928
1292292827746115584
1292292764864933888
1292292545918177283
1292292427492057092
1292292051116138497
1292291891229229056
1292291862456410112
1292291735637262337
1292291669166043138
1292291518536069121
1292291439716696065
1292291255439958018
1292291145150717955
1292291136602746881
1292291017807462400
1292291009943080962
1292290827520061441
1292290819563675649
1292290803927257090
1292290667872305152
1292290664185487360
1292290647404281856
1292290566496149505
1292290548070518785
1292290420714754049
1292290395389321221
1292290324749000717
1292290273314254854
1292290236714631169
1292290063628288006
1292290052219969536
1292290052106706946
1292289958984769536
1292289793628319745
1292289740507676672
1292289634278539265
1292289621859217410
1292289608047144966
1292289507555815424
1292289496550080513
1292289457077596166
1292289396390146049
1292289363808788489
1292289140986220545
1292289112783847424
1292289075660062725
1292288990419324934
1292288936329576450
1292288711816863745
1292288673891749888
1292288588089102336
1292288549803511808
1292288302616383494
1292288298141069314
1292288183825125376
1292288138358992896
1292288130943299585
1292287970658193408
1292287675337265152
1292287528343568384
1292287523461320705
1292287502116507650
1292287373146038272
1292287361343082497
1292287199996710913
1292287179952201728
1292287094858055680
1292287072133406720
1292287071374258177
1292287058602602499
1292287043305971713
1292287034279649280
1292286951895293952
1292286947185119232
1292286850975952898
1292286822966599682
1292286814577975310
1292286511908626432
1292286458796048385
1292286287614009344
1292286268554928128
1292286069019418630
1292286015684608001
1292286005882417152
1292285992687357957
1292285892938338304
1292285736054644736
1292285696116490240
1292285691393650691
1292285625023049734
1292285593569951744
1292285531787689985
1292285436480466944
1292285412321497089
1292285307635851266
1292285291303178240
1292285215679770624
1292285169576095755
1292285128685883394
1292285026269163521
1292284969805647872
1292284927694839821
1292284858543116288
1292284745368375298
1292284715572121601
1292284709947359232
1292284694567047175
1292284628015828992
1292284621443469312
1292284497447268352
1292284411124342795
1292284364722786305
1292284350118137859
1292284305461383170
1292284267159007233
1292284255867932672
1292284222875611144
1292284058093772800
1292284044110172161
1292284007225397248
1292283927046938624
1292283823007264768
1292283640584511490
1292283614042832896
1292283451442368512
1292283386950815750
1292283205450522624
1292282840667758593
1292282775584702465
1292282598715203584
1292282496134991872
1292282451335819264
1292282439075794944
1292282279226675200
1292282005040898048
1292281940045967360
1292281921905598464
1292281788027432960
1292281658100654082
1292281612688711682
1292281541436084224
1292281518434316289
1292281514609311745
1292281491888586752
1292281353585799170
1292281281179316224
1292281114963447814
1292281101143154688
1292281002933592065
1292280768933376002
1292280253742751744
1292280195290812416
1292280076277444608
1292280072930570240
1292279923604967429
1292279848627568640
1292279644390121473
1292279610252693506
1292279573737017344
1292279567315394561
1292279534092455936
1292279432229642241
1292279422922502149
1292279382375985152
1292279303896522752
1292279185579352065
1292278916342849538
1292278722179997696
1292278721953464320
1292278690206842880
1292278601811992581
1292278247086989313
1292278229240172544
1292278223418490881
1292278178472513536
1292277948872044544
1292277872053194753
1292277738116612096
1292277602011447301
1292277577877303298
1292277343633969164
1292277296095793152
1292276946043383808
1292276518702309378
1292276247293235200
1292276149947699201
1292276079185600513
1292275840777166848
1292275830874353669
1292275815678267394
1292275654512136192
1292275595154513925
1292275507182989312
1292275402602434560
1292275385753899008
1292275230094712832
1292275215494336514
1292275138096967680
1292274961688625152
1292274944278028289
1292274933104627715
1292274729429147648
1292274706343657473
1292274445332209664
1292274373844512769
1292274370015047680
1292274361941057536
1292274355263561728
1292274298028281859
1292274229145206785
1292274177253154817
1292274024375033857
1292273959178776576
1292273790068695041
1292273486749224966
1292273482424815617
1292273293483892737
1292273265705201664
1292273227587256321
1292273226580660229
1292273188345450498
1292273064336666625
1292273006040014849
1292272567869419527
1292272427851034629
1292272277963395073
1292271989931954176
1292271967689531395
1292271712357060608
1292271702026723328
1292271515170471942
1292271306625429505
1292271234730856455
1292271233514405889
1292271109329629191
1292271015410700289
1292270981717929985
1292270840650911746
1292270809118134274
1292270648492871680
1292270481328898048
1292270453126574080
1292270295303294976
1292270262642077696
1292270192051904512
1292270188151308288
1292270038699843584
1292269921322381329
1292269883829493760
1292269840242106368
1292269511022960640
1292269419016540160
1292269385986400256
1292269222475767808
1292269197540630528
1292269190913687560
1292269111930544129
1292269088253906944
1292268901695397888
1292268841880428549
1292268821122879488
1292268688452845568
1292268613362003970
1292268563517050880
1292268338698244096
1292268298025959424
1292268276462923776
1292268123865964544
1292267882970136576
1292267770168696832
1292267562336768001
1292267519013728256
1292267422641250304
1292267352508305408
1292267099625201664
1292267090322153474
1292267030977142793
1292266987301801984
1292266751615475713
1292266524624007168
1292266434685538304
1292266427009900545
1292266150068465664
1292266114848821248
1292266046452203520
1292266025791234049
1292265954626408449
1292265940042874881
1292265682021883907
1292265648719106050
1292265597317910528
1292265587150934021
1292265509401038849
1292265454975803395
1292265418153918464
1292265138179932161
1292265053799030784
1292264939067854849
1292264930306142209
1292264914103435264
1292264825456926721
1292264807060709386
1292264801637412865
1292264789129846784
1292264677939073024
1292264579460890626
1292264539539542016
1292264459495526400
1292264373961068544
1292264321481936901
1292264305082105856
1292264250589745154
1292264038311706624
1292263919403380739
1292263868044054528
1292263814239461376
1292263647239188480
1292263612908630016
1292263596349485056
1292263580977561600
1292263384931500040
1292263381668450304
1292263149232623616
1292263104756228096
1292263015719428097
1292262843312611329
1292262837268754432
1292262652782227456
1292262631018049536
1292262618636443648
1292262604270952448
1292262592950480897
1292262173549432832
1292262122731319302
1292262074731515904
1292261935136804867
1292261396407869440
1292261283149033473
1292261202400247809
1292261188924047364
1292261141004062721
1292261105193095170
1292261024821907456
1292260963882799106
1292260876133834752
1292260773259964416
1292260755413368832
1292260726044794881
1292260644633411585
1292260579776835584
1292260558876680192
1292260556381052929
1292260337031536645
1292260329666285569
1292260261777354753
1292260234803777536
1292260055203667968
1292259979005657091
1292259898458341376
1292259040546914307
1292259020443717632
1292258908879421440
1292258729019285504
1292258689085136896
1292258670881857538
1292258474953289728
1292258436915200000
1292258432620191749
1292258380854173696
1292258367675793413
1292258310637457408
1292258276407742464
1292258270036611072
1292257947859529730
1292257844977455104
1292257637300461568
1292257512314396672
1292257462121148416
1292257457461497862
1292257322518171648
1292257284089737217
1292257152313122817
1292257028115759104
1292256824045924353
1292256781939478530
1292256614716760064
1292256590750298117
1292256476954865664
1292256472131235842
1292256412098330627
1292256384021561345
1292256348147798018
1292256083243925505
1292256060431044612
1292256031553335297
1292255999957532673
1292255971973177344
1292255966210035713
1292255683262414848
1292255632737927172
1292255377397100544
1292255307117342726
1292255174967414785
1292255157695152129
1292255110064734209
1292255059984756736
1292254918670262272
1292254789687037952
1292254587320180737
1292254570584793088
1292254540096512000
1292254413004963841
1292254226400317442
1292254009508601856
1292253979301339137
1292253730809745409
1292253544427462657
1292253484595568640
1292253326302740480
1292253249039405056
1292253098056982529
1292253066302038023
1292252768993005569
1292252743432671234
1292252597747884033
1292252534854189056
1292252393678221313
1292252218020831247
1292252203319791616
1292252179630301185
1292252072168108038
1292251973912330243
1292251911635316736
1292251903632564228
1292251632483409920
1292251203049525250
1292251201891790848
1292251055326019585
1292251002272460802
1292250903899078658
1292250861914279936
1292250056792432640
1292250049079128067
1292249944464687104
1292249808107900928
1292249737060667393
1292249711328604161
1292249692554829825
1292249554277064704
1292249494403260417
1292249485083652102
1292249248415744006
1292249210562260992
1292249130996240384
1292248952193024003
1292248669744504832
1292248623497895936
1292248533236498432
1292248491348168704
1292248318895169536
1292248317745860608
1292248289438511105
1292248230797938697
1292248221838798850
1292248158861438977
1292247790135971856
1292247673014308871
1292247593293156352
1292247514364686337
1292247511701233664
1292247460681854976
1292247424312971265
1292247357002862592
1292247289378070533
1292247180930166789
1292247067637821440
1292246749147475969
1292246724359200768
1292246670801899520
1292246516363657226
1292246486302879744
1292246425129033728
1292246359303577601
1292246324318842881
1292246316597366788
1292246268534824960
1292245854049521664
1292245743860842498
1292245700797853696
1292245575921020928
1292245486460698626
1292245367396814848
1292245148361949185
1292245097023705091
1292245060893831168
1292245022633410561
1292244877590368257
1292244836033212416
1292244835278217217
1292244557384613888
1292244527948988417
1292244505333100545
1292244486865780737
1292244473469001728
1292244460290674688
1292244446239690758
1292244424920047616
1292244252810981378
1292244195323842561
1292244068471197696
1292243840615710720
1292243751230939139
1292243609534828545
1292243468744523777
1292243431083986945
1292243414709395463
1292243402155790336
1292243146970025984
1292243133435183104
1292243063088254977
1292243007836688391
1292242930485334017
1292242861413535751
1292242854761369602
1292242717355855872
1292242692643135489
1292242509930868736
1292242436673044480
1292242229847826434
1292242226504925187
1292242190375190528
1292242119092994049
1292241932047941632
1292241678166892544
1292241653676335105
1292241642389291008
1292241596730298368
1292241586948997120
1292241466325118981
1292241373517709319
1292241280324403200
1292241214310416385
1292241207314264065
1292241114079080448
1292241096051851264
1292241072610062337
1292241065957904385
1292240950450888704
1292240933270900737
1292240927595982849
1292240628705722368
1292240535638421505
1292240522027970565
1292240435717390339
1292240407753981952
1292240405862453250
1292240357221163013
1292240067055030274
1292239995756072962
1292239701445881858
1292239669548191746
1292239668247957505
1292239596085026816
1292239545791119361
1292239434700791809
1292239228559032321
1292239171046834178
1292239170207875073
1292239158417616896
1292239052859736065
1292239035394646017
1292239023868645377
1292238877483323392
1292238644892389378
1292238577737379841
1292238563103432709
1292238476168093701
1292238308416708608
1292238157304430592
1292238068905369600
1292238041549926400
1292237820191367169
1292237802072088576
1292237681926250496
1292237523062685696
1292237515915538434
1292237440472748035
1292237439227105283
1292237423745945602
1292237326891003905
1292237298881507328
1292237143033540608
1292237085622009856
1292237007343759360
1292237003547979776
1292236920668340224
1292236863751757825
1292236823872147456
1292236743123623936
1292236584549482498
1292236534167605248
1292236495257042950
1292236276045942786
1292236216914653187
1292236111562125312
1292236059443703810
1292235938333163521
1292235900928380928
1292235644228567041
1292235588242997248
1292235563014279169
1292235527614279680
1292235514955862017
1292235454268559360
1292235438720081920
1292235389458173957
1292235372861296640
1292235239025020928
1292234728830099456
1292234548319678464
1292234516619091969
1292234339128942592
1292234246950498304
1292234176922439680
1292234157540675589
1292234154407596032
1292234153329598464
1292234097188909056
1292233986534670336
1292233823741186050
1292233789498953728
1292233688911155200
1292233673526390791
1292233671144022017
1292233522720190466
1292233060361142274
1292232809583718402
1292232657301053441
1292232625327833091
1292232613239885825
1292232588673736704
1292232564959088640
1292232507967115265
1292232500740272130
1292232471371829248
1292232363863244800
1292232141456080898
1292232059637731330
1292231917451063296
1292231911016783872
1292231880767569923
1292231803688882177
1292231669114642435
1292231583718678535
1292231545747537920
1292231347797450754
1292231028980031488
1292230916161634304
1292230916002189312
1292230855474192385
1292230836117413889
1292230786230304769
1292230776327634950
1292230622073827328
1292230613244813314
1292230475000483852
1292230339704893445
1292230336185696258
1292230318796214276
1292230264631054336
1292229967871447048
1292229830092750851
1292229824317186049
1292229815832059905
1292229655785693184
1292229575725002752
1292229532439793664
1292229488718356483
1292229441003950080
1292229291149856776
1292229283570622465
1292229230290522118
1292229030951833601
1292228933774000128
1292228865004371969
1292228793395019776
1292228731654639617
1292228720770588677
1292228720355311616
1292228701451509761
1292228628462342147
1292228549408108545
1292228482768855040
1292228442394628102
1292228214400651264
1292228078777839618
1292228061597925376
1292228016240762883
1292228011987795968
1292228001141264384
1292227967435907073
1292227896950640641
1292227882656370688
1292227858899914755
1292227839585116161
1292227689601019904
1292227641269985280
1292227567592906753
1292227510395174912
1292227508968931328
1292227414093897729
1292227380619235331
1292227238302228484
1292227169318580224
1292227123634229250
1292227120320491522
1292227095423221761
1292227093997080577
1292227079329767435
1292227070458822656
1292227001462464513
1292226896013524992
1292226882075799552
1292226826983677953
1292226798814662656
1292226787909357568
1292226739243044864
1292226693579575297
1292226688148017152
1292226629876486146
1292226574998294532
1292226481746096129
1292226451505324038
1292226220516610049
1292226064412889088
1292225975699243008
1292225958670409728
1292225895957237761
1292225738372976640
1292225674175025153
1292225626129207296
1292225604075520001
1292225568935686147
1292225561914466308
1292225553555025923
1292225499587018753
1292225298885496839
1292225204421193728
1292225202219253761
1292225154328793088
1292225128215052294
1292225113711087617
1292225037341163524
1292225015023382530
1292224941148893185
1292224874711265280
1292224698235760641
1292224611782930433
1292224503267971073
1292224401824452609
1292224397823049729
1292224360539881472
1292224266889560064
1292224250787463168
1292223961997221889
1292223926479794178
1292223901347454977
1292223876320108546
1292223875401515008
1292223800868777984
1292223706719293442
1292223612141948936
1292223584451145729
1292223544848392193
1292223530587709440
1292223476598738944
1292223458034585601
1292223449314791424
1292223172415193088
1292223157739364355
1292223148377726981
1292223090622189571
1292223065737363458
1292223045998751744
1292222693169868802
1292222631488323584
1292222579550433283
1292222556859236352
1292222480002609152
1292222441448587265
1292222433718677507
1292222420103974918
1292222228340277248
1292222225211416577
1292222207519850498
1292221882339647490
1292221879546249221
1292221838454673410
1292221818078666754
1292221817592193025
1292221807307755525
1292221774562615297
1292221711073439744
1292221491011112960
1292221465454993409
1292221394323988480
1292221274001989633
1292221261687533568
1292221249331113991
1292221208545701890
1292221190845673472
1292221148013441024
1292221117176795136
1292221107936911360
1292221039615844361
1292220911920099328
1292220806940913664
1292220771646013445
1292220740746403842
1292220713357778947
1292220706214891521
1292220543291265025
1292220542380982273
1292220393915375619
1292220378660483073
1292220320980414464
1292220288235708418
1292220227766439936
1292220168626724865
1292220135147810819
1292220051911634944
1292220050036981767
1292219872160755712
1292219858885775360
1292219774387343361
1292219754405658625
1292219653754953730
1292219560482013190
1292219436427087873
1292219428424298497
1292219356550758411
1292219280185004039
1292219210983026689
1292219185565765633
1292219153475084288
1292219061565349892
1292218893562413059
1292218869709447168
1292218861249593346
1292218683801182211
1292218637324099585
1292218607288672256
1292218534014021632
1292218532529348608
1292218532474781696
1292218529505259520
1292218463004635137
1292218381706436610
1292218325984931843
1292218247174131719
1292218242652442625
1292218186725810180
1292218174780440578
1292218099803054080
1292218016973774848
1292217904855953409
1292217800153538560
1292217745635864578
1292217707404853249
1292217545823461377
1292217439086759936
1292217387320827908
1292217324704018432
1292217187252539392
1292217148039987200
1292217103228035073
1292217046831333376
1292216916124348425
1292216846653902850
1292216749459374089
1292216741628710912
1292216460035620866
1292216408705847301
1292216378737463303
1292216336735641600
1292216298081067009
1292216218527633408
1292216217835634688
1292216139041341441
1292216111526825989
1292216088219049985
1292216083101945857
1292215951170187266
1292215900033122304
1292215893750095874
1292215807020339205
1292215783741968386
1292215752087437319
1292215701676187650
1292215666854903808
1292215614354984960
1292215571803705344
1292215559472295936
1292215503801417728
1292215489708449792
1292215371785801729
1292215325715554304
1292215230206967809
1292215122459414528
1292215000384372738
1292214998241026049
1292214946479009792
1292214877050806275
1292214787477184512
1292214757945225218
1292214720636661760
1292214555603619841
1292214545835077632
1292214318772162561
1292214238295887872
1292214198701785090
1292214155592847362
1292214058742145024
1292214009056366594
1292213918895689729
1292213776935256067
1292213635889201152
1292213418733207554
1292213411552657408
1292213392791330816
1292213267767726080
1292212827009290241
1292212753768292353
1292212649154027528
1292212551086997504
1292212441150042115
1292212393309802496
1292212343611498503
1292212061599080450
1292212027734319105
1292211748011945984
1292211641036103680
1292211494491283456
1292211482554331137
1292211482491576327
1292211313700155394
1292211230795603968
1292211122976821248
1292211046619455488
1292210966202114050
1292210894680842241
1292210833548873728
1292210794675961856
1292210741567803394
1292210669018914816
1292210604866928640
1292210572726022144
1292210568489836545
1292210482821173256
1292210357033893888
1292210279183507462
1292210244613939200
1292209951042142208
1292209932272635905
1292209820410544130
1292209808150593537
1292209729297473537
1292209611479687169
1292209575421186048
1292209494999654400
1292209425315442688
1292209386136449024
1292209205349437459
1292209103876395008
1292209074684100608
1292209061363056643
1292208870333353985
1292208868521582593
1292208813576265730
1292208578703523840
1292208427498962945
1292208361589469184
1292208300264693760
1292208299195215872
1292208254421012482
1292208249303900160
1292208245214412801
1292208213069193216
1292208137395724294
1292208084018847745
1292208032785543168
1292208023633399808
1292207978448224256
1292207930171768832
1292207830716616706
1292207815449337856
1292207795694075905
1292207675367989249
1292207477711306753
1292207471977730048
1292207404298448902
1292207357259374592
1292207346106748928
1292207300862783490
1292207252435275777
1292207247733530630
1292207233699373058
1292207232373780480
1292207145111322624
1292207137251352577
1292206937149505537
1292206923769667586
1292206852025888768
1292206773189980160
1292206750825959433
1292206729112031233
1292206590364454913
1292206561398382592
1292206549780148225
1292206468901605379
1292206467475558401
1292206414140596227
1292206382108889088
1292206365646225410
1292206334331498501
1292206320532299776
1292206259765043201
1292206233131286528
1292206207050985472
1292206045138427911
1292206031993544707
1292205994332823555
1292205775792685056
1292205671815868416
1292205657400029186
1292205640962789376
1292205623824863232
1292205617709539328
1292205487329509382
1292205462226640898
1292205448729448448
1292205363773743105
1292205325215338497
1292205280890171393
1292205176602992643
1292205106755252224
1292204989738364929
1292204987028836353
1292204874353049600
1292204792396292098
1292204789250457600
1292204777665953792
1292204767608004608
1292204469145309185
1292204385389424640
1292204348148129792
1292204341806301184
1292204337045942275
1292204286978347009
1292204258025250818
1292204255617511424
1292204165423345664
1292204161967284233
1292204130245566464
1292204106619265024
1292203955599167488
1292566166888742918
1292566010067812355
1292565991315177473
1292565975737360384
1292565906284052487
1292565903062765568
1292565882686898179
1292565868266881026
1292565843910500353
1292565775450910720
1292565748334964739
1292565656924090369
1292565641594130441
1292565530298155008
1292565515093839872
1292565469791162368
1292565396411813888
1292565393081610240
1292565392364154880
1292565387289255936
1292565380700020737
1292565314824151041
1292565238785638401
1292565190781931520
1292565000356331524
1292564980127207425
1292564946908327941
1292564863433285635
1292564838967840770
1292564814045368328
1292564765114605569
1292564676052750338
1292564647963484160
1292564572532965376
1292564532355911680
1292564434649522177
1292564272439058432
1292564260892090368
1292564230923845643
1292564220966469632
1292564218156216320
1292564092788580353
1292563989218693123
1292563959535542275
1292563719759822849
1292563612007952384
1292563535294164993
1292563489542868998
1292563483066798080
1292563331740569601
1292562960955707393
1292562958099390466
1292562957432430592
1292562683179552769
1292562646248685568
1292562605672992772
1292562573460672516
1292562530917855232
1292562298847080450
1292562287509876740
1292562220312928258
1292561889809948672
1292561812957822978
1292561789922742274
1292561783262257160
1292561777390231552
1292561771656511490
1292561738773209089
1292561646808731648
1292561615955476480
1292561522435264512
1292561511488028673
1292561453451554816
1292561376951414784
1292561316419383297
1292561205412995072
1292561106075029505
1292561097917177856
1292561074282061824
1292560946427289601
1292560895382560774
1292560844161785859
1292560822129111041
1292560281818632192
1292560257022132225
1292560108816232448
1292560023374176257
1292559963701809152
1292559880964968450
1292559856528953345
1292559797548548096
1292559784885940224
1292559723359801344
1292559719895195648
1292559484422889473
1292559268499951616
1292559256005349377
1292559228096438280
1292559207082983424
1292559171271962624
1292559071254441984
1292559023166849034
1292558919869456384
1292558904254226432
1292558732317069312
1292558720069763078
1292558652428017666
1292558610900418564
1292558545112662019
1292558495695491073
1292558474744922112
1292558301964562432
1292558291655155712
1292558179084177410
1292558120963760129
1292558119625621504
1292558108498173952
1292558093319114755
1292558081247907842
1292558065485709314
1292557953283829764
1292557793220857857
1292557737033781248
1292557688065294339
1292557617571799042
1292557592556982273
1292557589876703232
1292557588727566341
1292557547178786818
1292557389372297222
1292557286511124480
1292557255867600901
1292557197700997121
1292557149902528513
1292557133142282241
1292556992289091584
1292556922936147968
1292556920239267840
1292556884252094464
1292556835656888320
1292556732405813249
1292556691993747462
1292556630224183297
1292556554437304326
1292556482286739457
1292556481288638469
1292556335410708486
1292556306826567687
1292556228359405569
1292556227868684289
1292556164836864002
1292555822942375941
1292555818840338433
1292555786670014470
1292555525771624451
1292555474869424128
1292555453113802752
1292555403784585216
1292555353478045696
1292555323212025858
1292555138465517570
1292555087403978752
1292555056391348224
1292555011118059525
1292554957514846216
1292554934743900161
1292554807035609088
1292554774135660545
1292554729676046336
1292554657827520523
1292554582137200640
1292554445948166144
1292554336745197575
1292554323801464832
1292554259905548288
1292554198312050689
1292554136173641728
1292554019169284097
1292553901867237378
1292553875505983488
1292553837308411907
1292553657137995776
1292553650376716290
1292553641090523136
1292553577274187776
1292553528620331014
1292553425343795200
1292553335040614401
1292553215834193922
1292553013882695681
1292552956546437120
1292552872844865536
1292552846915715072
1292552771842039813
1292552664539000835
1292552529092509699
1292552448746434562
1292552231397589001
1292552138808164354
1292552058457821184
1292552023859027975
1292551963196915714
1292551916208128001
1292551854925262849
1292551827473522688
1292551813632163840
1292551724666953729
1292551661886377985
1292551642345332736
1292551638473940994
1292551516352634881
1292551492138926080
1292551491421638656
1292551404691828736
1292551346881781762
1292551257710886915
1292551252333625344
1292551225234337796
1292551185858256898
1292551133911810048
1292551073010454533
1292551030664699905
1292550916256731138
1292550842894213124
1292550780856270861
1292550532440219653
1292550517479084035
1292550515822194688
1292550311165464581
1292550221327675409
1292550148032278529
1292550112925843456
1292550031082430464
1292550010601713671
1292549978452365313
1292549970256519169
1292549966091747329
1292549916540186626
1292549870931316737
1292549764962308103
1292549760889610242
1292549712755728391
1292549652986945536
1292549574310141952
1292549464104800259
1292549442403532800
1292549417141071872
1292549410614779904
1292549394810703873
1292549348119715841
1292549233430626305
1292549145400664065
1292549143366434818
1292548963187523588
1292548883109863432
1292548768928161794
1292548661289910273
1292548642797051904
1292548594654941186
1292548575176556545
1292548505706336256
1292548504338956291
1292548394024464384
1292548355130904576
1292548320678813701
1292548288655380481
1292548221693304833
1292548146229391360
1292548005065887744
1292547922689761280
1292547782054514688
1292547767177543680
1292547743215493120
1292547664253464578
1292547661829042176
1292547558938738694
1292547557424431104
1292547556858191872
1292547522355847168
1292547368605237250
1292547359600029696
1292547349705895938
1292547123519475712
1292547003944185861
1292546892187021318
1292546751749066753
1292546638502821889
1292546591761616902
1292546519397064704
1292546384378449921
1292546143545679874
1292546119147433984
1292545973030400000
1292545965199695875
1292545948942401536
1292545836090630145
1292545610613063680
1292545608037761024
1292545598114222085
1292545274179510272
1292545270039937024
1292545242797879296
1292545242382471169
1292545232568029185
1292545230579757057
1292545189379289092
1292545181481406465
1292545136115802114
1292545089064112128
1292544995543613442
1292544931572125697
1292544904313229312
1292544877817995264
1292544867185426432
1292544822960685058
1292544805071998981
1292544655016566785
1292544601341952001
1292544601010601988
1292544513735614468
1292544441912373248
1292544372924469250
1292544166698852352
1292544032162316290
1292544017587208192
1292543921818501120
1292543857092104192
1292543708613705728
1292543672353841157
1292543523816738816
1292543455252676610
1292543413875871750
1292543394049413120
1292543296951275525
1292543194941587468
1292543063819276288
1292543040633081857
1292543007498153985
1292542891689226242
1292542779688714240
1292542725334675460
1292542698717618177
1292542631466225665
1292542600898056201
1292542588206157825
1292542583302914048
1292542574847127552
1292542503590264833
1292542501203726337
1292542347465699336
1292542208956960768
1292542177004797952
1292542158541664259
1292542133266714624
1292542114241314817
1292541982896730112
1292541943994634243
1292541908342972423
1292541797336481794
1292541774611849217
1292541733629288448
1292541680340463617
1292541676951678984
1292541674841923585
1292541608076992517
1292541576636489733
1292541556168093696
1292541258276233218
1292541244866953216
1292541166559416320
1292541067276038145
1292541062528086016
1292541033385992192
1292540969209024520
1292540956521254917
1292540912762073090
1292540904327335945
1292540893958938624
1292540850933829637
1292540819421794306
1292540715281649666
1292540680754135042
1292540610839080961
1292540478139883521
1292540302964686851
1292540193501831168
1292540139210776578
1292540044893396994
1292540043408662528
1292539995895414785
1292539972122181635
1292539971149221889
1292539705213550592
1292539696996810752
1292539598615326722
1292539574233833472
1292539418260189185
1292539357967142913
1292539272625557507
1292539267009347584
1292539176924131330
1292538927639752704
1292538927165792256
1292538868944769024
1292538699377528834
1292538636395741184
1292538306320719873
1292538208778104833
1292538155766353925
1292538142302654470
1292538137407881218
1292537983325831168
1292537974790524929
1292537694313230338
1292537569058500609
1292537528818507778
1292537519465168897
1292537366343753728
1292537358848491520
1292537316188200960
1292537298114842624
1292537269371441153
1292537005738532865
1292536897554862084
1292536859009187840
1292536731716276224
1292536682361892866
1292536645670129667
1292536618780438534
1292536456519524358
1292536357491888128
1292536302282387456
1292536298943717376
1292536284892864515
1292536182170148864
1292536180601487366
1292536122766024705
1292536118890704899
1292536078155558920
1292536076385624064
1292536057511239681
1292536012011384832
1292535850945970181
1292535743441768448
1292535712483627014
1292535637451649028
1292535562856017921
1292535491057856512
1292535444580818946
1292535420790681607
1292535396967100416
1292535380554678274
1292535324787322887
1292535323759652869
1292534877397688322
1292534862956699649
1292534855503237120
1292534820908802049
1292534750389792769
1292534717477158915
1292534650431320066
1292534569871323136
1292534510341349377
1292534479781847040
1292534443350073346
1292534387918008321
1292534385095434241
1292534373992955907
1292534357555646465
1292534309354500096
1292534296302018561
1292534253603811328
1292534249762041857
1292534154207416320
1292534024259301377
1292533955011518465
1292533891555889152
1292533888967831553
1292533818646306816
1292533754385367043
1292533712123498498
1292533671103209472
1292533667282268160
1292533561883594754
1292533554077937667
1292533352575176707
1292533193728503808
1292533140267900934
1292533118088417280
1292533069589516288
1292533034239942656
1292532987658149891
1292532968049655808
1292532946256171008
1292532455761563649
1292532444088995840
1292532410672975873
1292532378867572745
1292532313008623621
1292532089695490048
1292532075875229698
1292532000323076096
1292531975736004608
1292531916474744838
1292531814335041536
1292531801399758848
1292531787743272961
1292531779388051456
1292531769405841417
1292531741123645440
1292531635863400448
1292531629093720066
1292531625339817985
1292531560273661953
1292531478304153600
1292531437648764928
1292531405306486784
1292531386755108864
1292531369608744961
1292531361258119169
1292531246531137537
1292531133528387591
1292531103006445569
1292531097633464320
1292531072455127043
1292531027467022337
1292530927508357121
1292530924005908481
1292530915990806529
1292530903068155904
1292530759694090243
1292530753729785857
1292530725871394816
1292530679159435264
1292530608737079297
1292530562989776897
1292530451756843011
1292530402716860416
1292530369573482496
1292530312090722305
1292530133434273792
1292530099896692738
1292530011484884993
1292529992430018561
1292529989913645061
1292529974788988928
1292529930891407361
1292529895004868610
1292529873123188736
1292529756387397634
1292529666712952832
1292529652267913218
1292529429831471105
1292529407836422144
1292529396813832192
1292529225858154499
1292529204429430785
1292529203422867457
1292529179943026694
1292529166424969222
1292529165368008705
1292529057914068997
1292529000729006081
1292528792561475584
1292528739960737795
1292528729793556482
1292528728745140224
1292528690115608576
1292528651188219905
1292528567411122178
1292528500616896512
1292528459768573952
1292528438780149760
1292528424699994112
1292528424276328449
1292528268726480899
1292528254402867202
1292528074031063041
1292528061636804609
1292527806090375173
1292527677811949570
1292527663261921283
1292527635634049024
1292527627446546432
1292527567707176960
1292527395623194624
1292527372567220225
1292527368863657991
1292527294494449664
1292527186977660928
1292526989103042560
1292526813277716481
1292526571622998016
1292526428295241731
1292526420204240896
1292526355549245442
1292526204063371265
1292526157351596039
1292526055425814530
1292526013252083713
1292525941449805824
1292525876966502402
1292525856863195137
1292525831936303104
1292525793432743938
1292525786591825920
1292525760595533827
1292525719097155587
1292525620312838149
1292525525546696704
1292525498103406593
1292525299918352388
1292525218041339904
1292524939233263616
1292524787915321345
1292524775034613762
1292524405449400325
1292524362051067907
1292524083939180544
1292523864342372359
1292523749321793536
1292523605864177671
1292523373080252418
1292523349382496256
1292523274862305280
1292523160554831875
1292523127277334529
1292522992413499392
1292522917524316164
1292522895889973249
1292522854609821697
1292522849064882177
1292522735193788424
1292522654151442433
1292522489860558849
1292522487490568192
1292522472504524807
1292522463369207808
1292522381320347656
1292522290111029250
1292522271706189825
1292522267201634305
1292522111916015616
1292522060338597888
1292522032077385728
1292522029288009730
1292521912904691714
1292521894982422529
1292521893988306945
1292521885012504576
1292521856193277952
1292521815210958850
1292521792762855426
1292521620964220928
1292521589280571394
1292521415942582275
1292521365539442689
1292521317137289221
1292521223923142656
1292521195141771265
1292521026643832835
1292520988371017735
1292520819785113604
1292520614197104644
1292520530658996225
1292520498954371073
1292520485067030533
1292520398735716355
1292520295232761856
1292520290824708096
1292520133609439232
1292520118593953792
1292520105285496832
1292519947348967431
1292519907301576711
1292519853090365441
1292519825957195777
1292519684999458816
1292519553830985740
1292519442799353856
1292519404186476544
1292519370560864256
1292519283893964805
1292519254261215235
1292519152171847682
1292519012316975104
1292518932100689920
1292518892263206914
1292518850454585344
1292518837464834048
1292518800135421953
1292518760109101059
1292518611639304193
1292518588474175488
1292518491103170560
1292518475223764993
1292518458735890432
1292518457825587200
1292518440335486976
1292518440125837312
1292518427609923584
1292518423306493952
1292518386585358338
1292518346114469889
1292518299582914560
1292518249024823297
1292518215428403200
1292518182377459718
1292518170079760390
1292518157597446144
1292518147942014982
1292518113213259776
1292517749873410056
1292517629161287680
1292517452891521025
1292517441956970497
1292517345013968896
1292517307772698626
1292516849331179523
1292516746440527872
1292516692585623552
1292516692065574913
1292516648432402432
1292516639787888640
1292516509043097602
1292516492727193604
1292516492311814146
1292516408400777218
1292516263806357504
1292516252355723264
1292516222530129920
1292516032943403009
1292515993865117703
1292515950097465345
1292515897433874433
1292515757977489410
1292515696451244040
1292515604163854339
1292515575240040448
1292515566469763079
1292515552682889221
1292515508412190724
1292515335938048001
1292515332490498048
1292515290815684608
1292515127145697280
1292514947990278145
1292514936267177987
1292514921167519749
1292514717156737025
1292514572293685248
1292514559677399040
1292514558083584003
1292514537208340480
1292514503423332355
1292514385278259201
1292514192361025537
1292514135574487041
1292514130994196480
1292514068268384257
1292514007530627072
1292513995946168321
1292513950949548032
1292513883408805889
1292513778479714307
1292513598560800768
1292513591036465153
1292513576775831554
1292513480759803905
1292513416691634177
1292513408374329344
1292513384668291073
1292513297267335168
1292513289579057157
1292513214308036609
1292513162479013888
1292513026592120832
1292513026306740229
1292513011312103424
1292512914725732353
1292512825424789504
1292512586748047361
1292512514748510208
1292512321978486785
1292512308954951681
1292512214021177346
1292512107989274629
1292512100196077571
1292512063881981953
1292512035683663873
1292511906931105794
1292511892850782210
1292511883602333696
1292511850714796032
1292511750873546755
1292511687824805888
1292511633118580737
1292511627540140032
1292511614143324160
1292511613245767680
1292511586515648512
1292511437089382400
1292511383976910848
1292511325365473280
1292511267513462784
1292511250350563330
1292511225943937024
1292511065717317634
1292511008200757250
1292510959232323590
1292510802553925632
1292510741858258946
1292510736296468482
1292510346788458499
1292509953274634240
1292509944491565056
1292509919560654849
1292509767550869505
1292509764522582019
1292509691180851201
1292509553830113281
1292509445629542401
1292509370706731009
1292509327908114434
1292509315211972609
1292509310090526720
1292509269934448642
1292509154750476288
1292508998902714369
1292508851539865601
1292508812419772417
1292508764583661568
1292508728307195906
1292508722653286405
1292508668857122817
1292508650528034819
1292508649143898112
1292508643980505088
1292508602196996099
1292508331857379328
1292508061521731585
1292508008027652102
1292507964067196930
1292507947206168581
1292507944177868806
1292507836514263041
1292507805035966465
1292507796819152896
1292507584444936195
1292507567894212608
1292507557282689026
1292507391033049095
1292507360154406912
1292507348586700800
1292507344593534977
1292507317523623942
1292507200053751811
1292507117673484289
1292507109699891202
1292507087759695875
1292507073368989699
1292506975738007553
1292506916330123265
1292506889100701702
1292506764127145990
1292506735920459777
1292506658766110721
1292506637765402624
1292506487689027584
1292506393090629635
1292506388481048576
1292506227088359424
1292506180858896386
1292506160193581056
1292506012235083778
1292505895314714628
1292505869561798657
1292505650937856012
1292505624199286815
1292505600836870144
1292505586739884032
1292505579743858688
1292505551851618306
1292505547888046081
1292505528145518598
1292505398155587584
1292505371265970180
1292505360599785476
1292505141778817034
1292505099500236800
1292505020525576197
1292505001789657089
1292504980595920898
1292504925721722881
1292504855655972868
1292504829655486464
1292504584355745793
1292504484606861313
1292504444572020742
1292504383322808326
1292504343250374658
1292504342826831872
1292504254763212800
1292504183841656833
1292504141147889665
1292504139293958144
1292504136601104384
1292504004879101952
1292503997841113088
1292503911748767746
1292503897395720192
1292503671771627522
1292503595334524931
1292503589634682887
1292503469119725568
1292503416950980608
1292503336223232002
1292503287699300355
1292503260721340416
1292503256531435522
1292503233521491970
1292503177737187335
1292503077862477826
1292503038427627522
1292502979036286978
1292502967942287360
1292502942508089347
1292502938343145473
1292502920555106304
1292502885763362816
1292502881111699456
1292502870693220357
1292502841492303872
1292502621438316549
1292502620574294018
1292502574927675392
1292502540202807296
1292502484418793474
1292502267606839302
1292502007648071682
1292501998898569217
1292501972986343424
1292501918158393345
1292501885178372097
1292501837497749504
1292501806526930944
1292501759596924928
1292501693440000000
1292501637945348097
1292501464368189440
1292501422345338880
1292501373989380096
1292501334529318912
1292501292233961480
1292501122456981504
1292500882899099648
1292500861726253056
1292500827232522240
1292500823570886658
1292500718478393344
1292500700912525312
1292500653454098434
1292500642695720966
1292500566547902466
1292500343855734789
1292500339271380996
1292500243540516864
1292500147813986305
1292499976782639104
1292499931119443969
1292499929374568454
1292499905081159683
1292499885460262912
1292499765742243840
1292499659005595648
1292499304687566848
1292499262601863168
1292499196063485952
1292499092493434884
1292498989913444357
1292498743237816320
1292498696861614081
1292498370783637504
1292498347077578758
1292498273325010946
1292498215867121670
1292498161211252738
1292498139438555136
1292498056282243072
1292498012929953797
1292497893157412864
1292497891135717377
1292497765818400768
1292497757408821248
1292497691705061376
1292497549094313984
1292497485378850818
1292497406370619398
1292497356433362944
1292497340067086336
1292497158902407168
1292497088354422785
1292496968506318848
1292496942497501187
1292496830719295488
1292496715061305346
1292496710040788993
1292496663915958272
1292496646819860486
1292496616293904386
1292496551290363905
1292496545242206209
1292496490464710657
1292496287565258752
1292496278706950144
1292496072858832896
1292495940717293568
1292495909578780672
1292495645446742018
1292495614794780677
1292495418652332033
1292495370216517633
1292495338423681025
1292495230613110784
1292495126623813634
1292495048035184642
1292494955571642369
1292494930909097984
1292494909526614016
1292494762780643328
1292494475571261443
1292494441215700993
1292494412816228352
1292494165767577601
1292494107957313536
1292494104731975683
1292494002936328194
1292493908480532480
1292493764091678720
1292493675931537409
1292493662840958976
1292493593056354304
1292493534398836736
1292493496885096450
1292493487645089793
1292493436428398593
1292493342979153922
1292493311643512833
1292493262465318913
1292493235626086403
1292493161273667587
1292493141359169536
1292493085574868998
1292493072085979136
1292493069569462272
1292493069065916416
1292493022916157441
1292492967333134336
1292492963969294336
1292492946357411840
1292492748612947968
1292492696347652097
1292492683823390720
1292492657848180746
1292492624046292992
1292492582308569097
1292492570774237184
1292492541246361600
1292492524267769857
1292492395234373633
1292492275302445058
1292492235402096640
1292492200605966336
1292492191932325894
1292492160382590976
1292492136953323520
1292492119693619200
1292491986985943041
1292491957068013568
1292491831800987650
1292491766063665154
1292491754558697472
1292491735852097537
1292491638351302656
1292491622073147394
1292491593006579712
1292491533464158208
1292491466015735809
1292491426069176325
1292491391428440064
1292491372570841089
1292491308112764928
1292491279322890240
1292491260088012801
1292491255209955330
1292491242425716736
1292491145080115200
1292491050829975553
1292491049408094208
1292491044022398979
1292491033335353346
1292491009352507392
1292490879576485888
1292490868063182850
1292490825104936961
1292490801491124224
1292490780318171136
1292490598923087873
1292490544569102337
1292490515296980992
1292490350305697793
1292490331670433793
1292490163692609536
1292490114489229317
1292490019760816129
1292490014585233408
1292489986655354886
1292489967558680577
1292489921194799105
1292489731444539392
1292489672141217792
1292489566956531714
1292489558874042369
1292489457443037184
1292489419140759553
1292489418385874944
1292489383514378240
1292489357627019264
1292489280623906817
1292489280389095424
1292489248847933449
1292489117897494534
1292489113694871556
1292488993695817733
1292488831019683840
1292488783968055296
1292488710613872643
1292488630569705472
1292488572033994753
1292488562596810758
1292488489716428801
1292488465964240897
1292488348229988353
1292488316462432263
1292488285042782209
1292488068814053377
1292487850974253058
1292487804606271488
1292487759375073281
1292487749082152973
1292487658980212736
1292487556920205312
1292487530022019072
1292487417874665473
1292487291982708743
1292487290003087360
1292487085098766336
1292486977586069506
1292486943557599232
1292486887316377602
1292486718340374528
1292486668512104449
1292486605744287744
1292486359966527488
1292486244866363395
1292486212134019076
1292486059633213441
1292486040687652864
1292486026481426433
1292485828556595233
1292485816653094913
1292485680329822209
1292485666417324035
1292485565695135746
1292485534305198080
1292485120348303365
1292485116720283649
1292485104665800704
1292485097111814144
1292484951733161986
1292484751182270464
1292484689626882049
1292484689198972928
1292484652960288768
1292484611457593345
1292484450421485568
1292484393676746752
1292484386093400064
1292484294410199040
1292483909867929601
1292483748160843776
1292483594020106240
1292483428789690370
1292483392576065539
1292483354785439746
1292483255653011456
1292483244844253184
1292483208232071168
1292483189861052416
1292483050048311299
1292483038107107329
1292483000924540929
1292482782262898689
1292482684111826944
1292482664814051329
1292482551391629312
1292482549122510849
1292482421145972736
1292482031524425734
1292482031125843968
1292481988897787904
1292481885159993346
1292481828285231106
1292481750631841793
1292481730109222916
1292481670743031813
1292481591114108928
1292481519060242433
1292481443311034368
1292481440337276928
1292481305746309123
1292481261320060929
1292481231876227080
1292481206634926080
1292481205263269890
1292481074073939968
1292480925779992576
1292480882423414784
1292480880846540800
1292480756611264512
1292480748415483905
1292480718677905408
1292480662512062464
1292480599186432001
1292480571222917120
1292480568966418433
1292480552704999425
1292480506609590272
1292480496962801664
1292480461340647424
1292480440939565057
1292480432009814016
1292480299838963713
1292480234198118401
1292480087284166656
1292480064832053248
1292480007298785283
1292479974121910272
1292479952886038529
1292479715173957632
1292479646483623941
1292479569187033096
1292479548458762247
1292479440224747521
1292479410441003008
1292479187849293831
1292479159533555712
1292478991127977990
1292478954771750914
1292478914523275269
1292478762425016320
1292478753801736195
1292478605008596992
1292478598637654019
1292478450624860160
1292478441414103040
1292478424917909509
1292478350296887296
1292478303098609664
1292478284526161921
1292478269476855814
1292478268881408006
1292478161452781570
1292478136463110145
1292478066543988736
1292478040979771393
1292477933962039296
1292477931210637318
1292477870154096642
1292477862860042240
1292477862017146885
1292477761282617344
1292477687169245186
1292477409170804736
1292477367030407168
1292477354711961600
1292477218937946114
1292477216006316032
1292477199740571648
1292477088604225536
1292476970752712706
1292476951375097859
1292476910782631936
1292476805916622849
1292476732260388865
1292476710513004549
1292476691676184577
1292476610034139136
1292476210648358914
1292476024316452870
1292475949464911874
1292475913481805824
1292475724595683332
1292475459968491521
1292475423821975554
1292475373121200128
1292475353773101056
1292475340149809156
1292475298022219776
1292475243370385409
1292475209966997504
1292475200785850368
1292475171295514625
1292475134192660481
1292475097022730245
1292475008627998722
1292475004521549824
1292474990412148738
1292474806533795840
1292474675096944641
1292474644855848962
1292474514266259456
1292474484792987648
1292474475238379520
1292474405138948096
1292474374134562817
1292474264319336449
1292474259604934656
1292474120698028033
1292473922730958848
1292473806838210560
1292473805491916801
1292473778820218881
1292473735199555584
1292473632057262080
1292473575547559936
1292473568849256451
1292473444320391171
1292473293996425218
1292473108830404609
1292473108490858496
1292473050060001281
1292472947928641536
1292472861777682434
1292472835588280320
1292472797927743488
1292472789429940224
1292472747868774400
1292472708836593665
1292472590427197442
1292472523611873281
1292472463272681473
1292472130873856001
1292472004797374464
1292471983309979648
1292471875050717186
1292471851034255363
1292471679051091968
1292471605034065922
1292471598176501761
1292471595303342085
1292471556690640897
1292471403657093120
1292471283993772032
1292471283628859392
1292471059095019520
1292471056649912321
1292470973627760640
1292470786289283073
1292470579677855746
1292470541320953858
1292470309438840833
1292470266891661318
1292470210100727808
1292470179914551297
1292470087006539783
1292469988679397376
1292469946145026049
1292469820051591168
1292469815580348416
1292469718960320512
1292469647497998338
1292469594565812225
1292469533572247552
1292469511673851905
1292469434905493505
1292469354194522118
1292469287123333122
1292469282048282631
1292469274229878785
1292469266151886850
1292469233792815106
1292469141689966592
1292468983833038851
1292468786436755456
1292468777607626756
1292468774000635904
1292468766496833538
1292468581545005057
1292468575542874112
1292468387604582402
1292468359569616896
1292468298450436096
1292468204724457476
1292467926046580738
1292467774229422080
1292467742411558912
1292467665815183362
1292467508230918145
1292467464224137222
1292467370544508928
1292467357420421120
1292467275375751168
1292467179506544642
1292466819907952642
1292466684205260806
1292466547043307520
1292466502952574976
1292466482258096128
1292466199285108737
1292466148215345156
1292466059778326529
1292465991398690816
1292465864504225796
1292465863812100096
1292465830085746688
1292465824461205504
1292465814067712000
1292465703208001536
1292465369018490880
1292465357144424452
1292465350861361153
1292465190093676544
1292465115325960193
1292465070405017606
1292465043016122370
1292464971792687106
1292464965123629059
1292464917375721481
1292464880415436806
1292464845963452417
1292464804607795200
1292464794193207298
1292464786526044161
1292464751130243078
1292464717735157760
1292464680774979585
1292464644091604998
1292464608611954690
1292464577490202626
1292464542245519360
1292464521936764929
1292464507806081026
1292464448976764930
1292464316889825281
1292464259226460161
1292464230545920000
1292464083527139330
1292463967357501440
1292463888030740480
1292463738067525632
1292463680571838465
1292463668844736512
1292463614733897729
1292463429358424065
1292463287871963136
1292463271711318021
1292463249418412033
1292463118539534339
1292463089003245568
1292463024163389445
1292462911307358209
1292462848023519232
1292462791509659648
1292462760899616768
1292462753471488000
1292462650887147520
1292462573326139397
1292462568288727040
1292462348385619970
1292462106202083328
1292462036409094148
1292461857920430080
1292461765406724096
1292461750961545216
1292461662541242368
1292461533545603078
1292461515417612288
1292461399269085185
1292461364179619843
1292461358085275648
1292461281853812738
1292461242368630787
1292461232419753987
1292461185657430017
1292460882618916864
1292460806337159168
1292460724342738944
1292460628041326593
1292460584244588544
1292460516112244736
1292460320141844480
1292460123055587328
1292460018739150848
1292459982613630976
1292459917518020608
1292459705730625536
1292459693567352834
1292459496397299717
1292459343837892609
1292459285402791936
1292459282391347200
1292459233603133440
1292459217346007041
1292459182499790850
1292459137092157440
1292459018024300544
1292458927322537984
1292458868186984449
1292458507355082759
1292458484617732097
1292458353877278721
1292458340891734016
1292458324336816128
1292458258742022144
1292457996996542464
1292457864704020480
1292457837906538496
1292457807900479489
1292457769170329601
1292457694335557632
1292457560730152962
1292457554220658694
1292457514613776384
1292456822222336000
1292456698364518403
1292456596417720321
1292456359028576260
1292455788670320640
1292455284225519616
1292455263123931137
1292455188385730560
1292455082819125248
1292454852203773952
1292454808226430978
1292454721454608386
1292454684448432131
1292454619172544520
1292454580366835721
1292454299272912896
1292454250384064512
1292454182985723905
1292454173922021377
1292454147623657474
1292454081148133377
1292453882094813184
1292453873328758785
1292453697507786752
1292453472487591936
1292453468142272512
1292453345798610947
1292453329625403395
1292453315721256960
1292453142194532353
1292453113643835393
1292452903307882496
1292452831723687938
1292452827323928577
1292452799364595713
1292452774215659527
1292452458476658688
1292452403946704896
1292452319376809984
1292452292294213632
1292452264846807041
1292452227295191046
1292452174430117889
1292452150065258497
1292452036940881920
1292451985770319874
1292451953901842432
1292451898184929283
1292451832728637441
1292451793050402817
1292451744060907520
1292451719369162754
1292450361157050368
1292450253300535296
1292449933518417921
1292449390943141890
1292448165958909952
1292446528708194306
1292446493853523969
1292444921983623168
1292444002990600192
1292442315156529152
1292441134497705984
1292433924552040450
1292433217774026752
1292428462146363394
1292426926993412096
1292426681244946437
1292426035737374722
1292425480033861633
1292425061937246208
1292418138299080704
1292417677122822144
1292416626319597570
1292410971152056320
1292407284564361218
1292406502544875520
1292406214349844481
1292405911089111041
1292405398385971201
1292403718940434432
1292402000819302401
1292400617676255233
1292400575775215617
1292400424453132289
1292398762980237312
1292398349866295297
1292391377993687040
1292391309546725376
1292390291891056642
1292380703275880448
1292378221015707649
1292371393670049792
1292362694281113601
1292354109056655360
1292351941696040960
1292347236949430272
1292347232738574336
1292343467004182529
1292338157166514176
1292336511325736962
1292336108219465728
1292334718264860673
1292333317459595264
1292332988483723265
1292332505748643840
1292330553140817921
1292329520792588288
1292326342315241472
1292325231172792321
1292322544779956227
1292320784669540352
1292318969508950017
1292317176649543687
1292316402544566272
1292313411359997952
1292313257261203456
1292310895004192769
1292309359456923648
1292307741608820736
1292307441988898818
1292307153555009538
1292305597568884736
1292304749119696897
1292300554937544704
1292299599495888897
1292298663230873600
1292298142621335553
1292296370997452800
1292294405173452805
1292290090539126784
1292289160003239936
1292287505161531392
1292287209463144448
1292285281337573376
1292283081198571521
1292282420130131968
1292281502911217664
1292280704257204224
1292279481579655168
1292277647930585089
1292273227922673664
1292272735226335236
1292270805791907842
1292270156975165443
1292268605321682944
1292267903102771201
1292267404400242688
1292267077215105025
1292266393002377219
1292265889862123520
1292265494301433856
1292264368911024129
1292263770018975750
1292262404408172550
1292261303361212416
1292259959653056513
1292259688067678208
1292256614326702081
1292252250946117632
1292251872510857218
1292251056664084481
1292249330858856450
