1295465416589025280
1295465397454594048
1295465308719910913
1295465300545150979
1295465270455271429
1295465214716964864
1295465198694871043
1295465193049395202
1295465146823843840
1295465021921570817
1295464944591241216
1295464939021369351
1295464820481769473
1295464746540466177
1295464667666681857
1295464607792988160
1295464582560075782
1295464500704022529
1295464462326136834
1295464430185021441
1295464429505531904
1295464416876494848
1295464402733404160
1295464388124708865
1295464374283321344
1295464362539278336
1295464355887292416
1295464338497720321
1295464330541051907
1295464308479078400
1295464303546400768
1295464286828011524
1295464256821956610
1295464219790516225
1295464130271379459
1295464065100283908
1295464037803671552
1295464030526738435
1295464016953843712
1295463988185174016
1295463902600400896
1295463901753036800
1295463764519780352
1295463742331813892
1295463727744114690
1295463573603471360
1295463570046623744
1295463386331807745
1295463271915560966
1295463233512443909
1295463192458665988
1295463011243655170
1295462892653830144
1295462879936811008
1295462857417601025
1295462844280971264
1295462822789488640
1295462789969043458
1295462659354243072
1295462624692441089
1295462415732297730
1295462377371111425
1295462343443247104
1295462317254225925
1295462253492228096
1295462232667697153
1295462127415824384
1295462027251646465
1295461822846230528
1295461720211816449
1295461713140162560
1295461550174670848
1295461511725486080
1295461491156627464
1295461445451149312
1295461442934706182
1295461426979635202
1295461356020391940
1295461249937858561
1295461185916039168
1295461177275842560
1295461111563800586
1295461098171367424
1295461057394245637
1295461018840309760
1295460999932203009
1295460970475565057
1295460946769584130
1295460869401436166
1295460837755412481
1295460777625780230
1295460720843214848
1295460632377069573
1295460502252982273
1295460461639499777
1295460373282336768
1295460298112020496
1295460194927943686
1295460020075847680
1295459998663933954
1295459900252921858
1295459896746545153
1295459729150480384
1295459584442683392
1295459526997671938
1295459426225156096
1295459219538411520
1295459162286108673
1295459145903230977
1295459041553125376
1295459033038696449
1295458997613416448
1295458993410891784
1295458836749275136
1295458772949725185
1295458728381231108
1295458706709024773
1295458630272274432
1295458626707116032
1295458594901635074
1295458505084882949
1295458466744729604
1295458425602740224
1295458402529878017
1295458371689156619
1295458201283035136
1295458142461915136
1295457912631033859
1295457874093670404
1295457730195529728
1295457688323854338
1295457659089559554
1295457644346585088
1295457628412411905
1295457568643522562
1295457518701821953
1295457477094498306
1295457461315436553
1295457419544403969
1295457263159844864
1295456876356866049
1295456841628028930
1295456836540223488
1295456696433704960
1295456678524129281
1295456667446935552
1295456644986437632
1295456643379953664
1295456640888537088
1295456475356135424
1295456258150064132
1295456166345048065
1295456140780806144
1295456102474084352
1295456011092975616
1295455903362293761
1295455759828951044
1295455744616103936
1295455683752730631
1295455678790852608
1295455675158495233
1295455629880901633
1295455559685218305
1295455500402917376
1295455485236252677
1295455458791165952
1295455422778732544
1295455413857443841
1295455404155998208
1295455400913825792
1295455388549238787
1295455309012508672
1295455180352192512
1295455032079454209
1295455012810903552
1295454835815452672
1295454779523522560
1295454738935422977
1295454679778959360
1295454605023813634
1295454493442596865
1295454470369955840
1295454448672636928
1295454340300382217
1295454245215449088
1295454157076197376
1295454145663696899
1295454125644058624
1295454122716651524
1295454090101755905
1295454023643009024
1295453989656334336
1295453879052771329
1295453856873230337
1295453827529932800
1295453748047818754
1295453723104169985
1295453671451312129
1295453667009736705
1295453649418596352
1295453627390349317
1295453515138183174
1295453447702155267
1295453391301353475
1295453383344758784
1295453172610338816
1295453143795470336
1295453109528014851
1295452988186607616
1295452731117690880
1295452703829696517
1295452668756983809
1295452660599066624
1295452599315922944
1295452557427400705
1295452446425309185
1295452384018169856
1295452328317911040
1295452327898472450
1295452272789520387
1295452271313133569
1295452224521408512
1295452197573058561
1295452194196488192
1295452188031037446
1295452132527800320
1295452044233515008
1295452001178988547
1295451993067196416
1295451687872679936
1295451554091130880
1295451516623413248
1295451449934123012
1295451364378603521
1295451262536884225
1295451251254099975
1295451219813699586
1295451216592470020
1295451159398961155
1295451122241503234
1295451083331035139
1295451077534343168
1295451056382472192
1295450897607200773
1295450732905107456
1295450626613063681
1295450597894873093
1295450586893213698
1295450366386077698
1295450356357443584
1295450327362101248
1295450324031815682
1295450316767285248
1295450304679497737
1295450265534058497
1295450198173298688
1295450099766693892
1295450034637545473
1295450015016656897
1295449934054006784
1295449826956472320
1295449731058020352
1295449714641571844
1295449621926424587
1295449604700295168
1295449543987822599
1295449526954864640
1295449230153265153
1295449216995729409
1295449200185016326
1295449166043373570
1295449157084356608
1295449060803923968
1295448925428580352
1295448853194461185
1295448764027744258
1295448761217560579
1295448680447782912
1295448609916362754
1295448588420620288
1295448586545696771
1295448578131886081
1295448508024016896
1295448478600925184
1295448410447679488
1295448360048930816
1295448168671453185
1295448138610663425
1295448126719840256
1295448117966450690
1295448099851137024
1295448089889853447
1295447992087072774
1295447980909178880
1295447969873793024
1295447803016118278
1295447790219415555
1295447683482738690
1295447528880693249
1295447396005089293
1295447395094925319
1295447276446507014
1295447166060814338
1295447087086284803
1295447080689950726
1295447080236920832
1295447079834333184
1295447063115653120
1295447024104611841
1295446978633953280
1295446845292978177
1295446822610186240
1295446789256966144
1295446743551815684
1295446721372266497
1295446713533116416
1295446702623608832
1295446620293611521
1295446586517073921
1295446559811940352
1295446477070901248
1295446367951884293
1295446324985430018
1295446317767045120
1295446283851898880
1295446258652459009
1295446186116046848
1295446151714476035
1295446085524217857
1295446035305824256
1295445827431706624
1295445783982952448
1295445743453573122
1295445730702786569
1295445620283580416
1295445571172552704
1295445563618414592
1295445392557920256
1295445339827249155
1295445319531073538
1295445315223527427
1295445314653040648
1295445313738674178
1295445272957464577
1295445069269434369
1295445061170343943
1295445058729189382
1295445058234327042
1295445046217474048
1295444952910974978
1295444923337060358
1295444815858016257
1295444812750094336
1295444812456439808
1295444812204843008
1295444811940495362
1295444811781222400
1295444808501264384
1295444808367054848
1295444808367046656
1295444808232771586
1295444808148889607
1295444808048279552
1295444808035643392
1295444807905574914
1295444807704338432
1295444732479406086
1295444700019662848
1295444672060493824
1295444652133216257
1295444575167946753
1295444562513661952
1295444559636451330
1295444555484061704
1295444555265966080
1295444555156815872
1295444470113210374
1295444452534673408
1295444371387580416
1295444365632995329
1295444331789156354
1295444318598070281
1295444305151131649
1295444303645483013
1295444302244589568
1295444204366123008
1295444175685648391
1295444106659979266
1295444098242039809
1295444062699499525
1295444062657486849
1295444061902508033
1295444060484886530
1295444059486597127
1295444059306315779
1295444059037761545
1295444058857504770
1295444058777714688
1295444058765131778
1295444002083241985
1295443890510733312
1295443847355355137
1295443803269103617
1295443802732277763
1295443802421854215
1295443799959904262
1295443799888584707
1295443799666307074
1295443799624372224
1295443799607517184
1295443799599185920
1295443766682288129
1295443728379904001
1295443612487081984
1295443609743962118
1295443554844717058
1295443551841550339
1295443551485124609
1295443548691718144
1295443548150652928
1295443547332784130
1295443532510093321
1295443474062413825
1295443473240383490
1295443373256450048
1295443329904238593
1295443326120886279
1295443305543733249
1295443301936566281
1295443296685367296
1295443225747087360
1295443204150562816
1295443153458098176
1295443151088283648
1295443086055821314
1295443057056284675
1295443047749234688
1295442970611798016
1295442893499445249
1295442813602201600
1295442787282890752
1295442783256420352
1295442782786650114
1295442777220644864
1295442775509434374
1295442692663463937
1295442681682894850
1295442674896470016
1295442623763755009
1295442589005549569
1295442573264289795
1295442464833261568
1295442457065218048
1295442397871181828
1295442372894101504
1295442339893313538
1295442313750044672
1295442228450492416
1295442214357733382
1295442160825892866
1295442084246298625
1295441959889391617
1295441922815909889
1295441870328344576
1295441672088805377
1295441652798984192
1295441532523339776
1295441446041014272
1295441419650437121
1295441350733725702
1295441298682458112
1295441244013789184
1295441205740875776
1295441191761321984
1295441188854538240
1295441181392941058
1295441074446450688
1295441064342556672
1295441041294798851
1295441029672374273
1295441013444501505
1295440875498151938
1295440777028546561
1295440746842030081
1295440736742244357
1295440733818834945
1295440580273745922
1295440413474660353
1295440377348947968
1295440342242570240
1295440291751776261
1295440261762310145
1295440161992585218
1295440143608885248
1295440127024488448
1295439857175543808
1295439465461186562
1295439455843692546
1295439173340495872
1295439002506493953
1295438999369199617
1295438966695563264
1295438954876018689
1295438834818265088
1295438783752450049
1295438772922966022
1295438615909203968
1295438599056310272
1295438528730394624
1295438514453204994
1295438371469381634
1295438301869092867
1295438250908188677
1295438195879022595
1295438193567834112
1295438150857359361
1295438134503772160
1295438128375889920
1295438117005139968
1295438052949733380
1295437956795133952
1295437950256390144
1295437915741446150
1295437859286065152
1295437832228671489
1295437755854422016
1295437731640643584
1295437671821697026
1295437622777712641
1295437573763018752
1295437571242295297
1295437529563295744
1295437524874166272
1295437476652363778
1295437442397253632
1295437420863815682
1295437300663332864
1295437138830528515
1295437128005025793
1295437046518091776
1295437037714243589
1295437012363862017
1295437006869331971
1295436944491642882
1295436941257609216
1295436931321520131
1295436889307127809
1295436859816857600
1295436740904333315
1295436686156070914
1295436684818026499
1295436646914170881
1295436625229611011
1295436537950240772
1295436431133937664
1295436238313476096
1295436222094086148
1295436163528962049
1295436027474059264
1295435971627036672
1295435967369809922
1295435808481120260
1295435719956193280
1295435716332154881
1295435655418449921
1295435565437943808
1295435506554109952
1295435230761881603
1295435219391131653
1295435153922232321
1295435092672892928
1295435076394770433
1295434896043720704
1295434802896633856
1295434672923607040
1295434659409661955
1295434616849874944
1295434504572633093
1295434170773073921
1295434117136429058
1295434087189155842
1295434057246015492
1295434010848567299
1295433917043036161
1295433812134907904
1295433587752345601
1295433519326519298
1295433415777558529
1295433348098056193
1295433300408963074
1295433293769261056
1295433216539660292
1295433205638729730
1295433018421764098
1295432984808394752
1295432717165830145
1295432661444562947
1295432557627138049
1295432388684783617
1295432289707491334
1295432277569220608
1295432272477388801
1295432268572393473
1295432265674235905
1295432178160087042
1295432106617733120
1295431976900612097
1295431821153439746
1295431727662260224
1295431703813660673
1295431556622950401
1295431544681705474
1295431515120246792
1295431327932723200
1295431326603124736
1295431320135335936
1295431284387438592
1295431185825329153
1295431082888830976
1295431038240514048
1295430967746875398
1295430935677042688
1295430927666032646
1295430873320325120
1295430852403437568
1295430808228962305
1295430778562568192
1295430749030625281
1295430699449757696
1295430643258515457
1295430599381901312
1295430577378779136
1295430480246915072
1295430461922201601
1295430359098810371
1295430283395825664
1295430238558724096
1295430238168420352
1295430185983115266
1295430181344219137
1295430151547887622
1295430139619225600
1295430133550129152
1295429840259051522
1295429762744279041
1295429655340752898
1295429566287220736
1295429498792554502
1295429442655981569
1295429349710147589
1295429334220656641
1295429284165713922
1295429156549931008
1295429040980058114
1295428941268889602
1295428931017797632
1295428888978493447
1295428872419278852
1295428863741353984
1295428820493832192
1295428614289272835
1295428575018061829
1295428512271278080
1295428392607784966
1295428345740615681
1295428327881289728
1295428287641133059
1295428240484392960
1295428183123210240
1295428165293109248
1295428119311134723
1295428098746388485
1295428059592622080
1295428058296365058
1295428048414625792
1295427921247498240
1295427875622072320
1295427872283222016
1295427861353058305
1295427807682723841
1295427790955675650
1295427725159796737
1295427647808438275
1295427641332445186
1295427594746318850
1295427556129361920
1295427473015021568
1295427439334752262
1295427382992568326
1295427341724811264
1295427318798745601
1295427308015296512
1295427117006622727
1295427080830812161
1295427010140004354
1295426868087119872
1295426847472324610
1295426832142143490
1295426830716067841
1295426797799170052
1295426758209146884
1295426661060673536
1295426649295642626
1295426532849180673
1295426424803926020
1295426301881233408
1295426237196898308
1295426222596304896
1295426200928546821
1295426186323976192
1295426084742352897
1295426075074404352
1295425916601094148
1295425755560603650
1295425751609679872
1295425653806948352
1295425627949076481
1295425545321283585
1295425388315901952
1295425386411634688
1295425373023473669
1295425348952301570
1295425339070586886
1295425326705594368
1295425279423201280
1295425256220434433
1295425181217890304
1295425178382618625
1295425172615368715
1295425130643038213
1295425118529781767
1295424990695874562
1295424970466537472
1295424964074582017
1295424898723196929
1295424703436398592
1295424569860214784
1295424552139288577
1295424529171390464
1295424504739528705
1295424473420705792
1295424430814957574
1295424422753349634
1295424419804909571
1295424414486597633
1295424353945952259
1295424306365816833
1295424277299081216
1295424156222148608
1295424058083946496
1295423975070347266
1295423943722098688
1295423551806242816
1295423490921824263
1295423313909624833
1295423256414105600
1295423205235138560
1295423149551607808
1295423133667606528
1295423117930696707
1295423078353129472
1295423066256879618
1295423018093678593
1295423000720875523
1295422972203761666
1295422963542568960
1295422950913585155
1295422869497929739
1295422745820278786
1295422738946043904
1295422731874336771
1295422708142899200
1295422631399890951
1295422591667023872
1295422567663230977
1295422534368796672
1295422452508569600
1295422374838513665
1295422293523431425
1295422212971720704
1295422155824537602
1295422153316212737
1295422010160553987
1295421991806107648
1295421991793487876
1295421798218117123
1295421745776607232
1295421737996255232
1295421702910824448
1295421688255885312
1295421562846359555
1295421486757380102
1295421443296165894
1295421371095248898
1295421337025077248
1295421302958956545
1295421293982957569
1295421293102354437
1295421267072258048
1295421193793810433
1295421161313054720
1295421140031209477
1295421116664688640
1295421102357872644
1295420965934039040
1295420904848203777
1295420881582292992
1295420873390690304
1295420819137536000
1295420764296904707
1295420759905464322
1295420689499987969
1295420645061341185
1295420643886936064
1295420638887317504
1295420630867890179
1295420616787533825
1295420555089281024
1295420544129654784
1295420450403528705
1295420401309319170
1295420349987790852
1295420347647496195
1295420336738127872
1295420320753442816
1295420316462845955
1295420210925547520
1295420162758316033
1295420146945794048
1295420125030633473
1295419969870729216
1295419846365126656
1295419845207625728
1295419817487368194
1295419773895892993
1295419767994671106
1295419654668726272
1295419645562888193
1295419512741924867
1295419506609643521
1295419468521172992
1295419383100014593
1295419229563318272
1295419227403431936
1295419214803742723
1295419191873253376
1295419144507203585
1295419082494353413
1295419070507089920
1295419036038238214
1295418989850615811
1295418957348909056
1295418825173655553
1295418723281575939
1295418672970969089
1295418655707144192
1295418625646407680
1295418557405302784
1295418477113757696
1295418425129476097
1295418370385379328
1295418366086217729
1295418360889401344
1295418312298508294
1295418310956392448
1295418307974172672
1295418248238977024
1295418187643838466
1295418000368164869
1295417972513792000
1295417960794710016
1295417850589569026
1295417717407854592
1295417699628179457
1295417696616505344
1295417638307409921
1295417497441595392
1295417484200169472
1295417463291535360
1295417434162311168
1295417378617135107
1295417342642589696
1295417321771552769
1295417278431993858
1295417249948487680
1295417198345728000
1295417168029351936
1295417138425913344
1295417133669781511
1295417125029511169
1295417118406651904
1295417091672035329
1295417069836673026
1295417045073268736
1295416767242817537
1295416673458159616
1295416673378467841
1295416611470548992
1295416521251074050
1295416500514250754
1295416467786260482
1295416337146105856
1295416322730295296
1295416311795916800
1295416228098514952
1295416220414611456
1295416195534008328
1295416115296862208
1295416005137764354
1295415882664075271
1295415882500505601
1295415665160073221
1295415549959184384
1295415483152216064
1295415442958417928
1295415341556826113
1295415154855706626
1295415116972924933
1295415039894196229
1295414921405050883
1295414856733138948
1295414832196390912
1295414790274375681
1295414780560203777
1295414780430372865
1295414731977764864
1295414669138513920
1295414658959114243
1295414623806664705
1295414598175096833
1295414585353211904
1295414403828011015
1295414337062879232
1295414291495964673
1295414136101171200
1295414103125766144
1295414029217927169
1295413957126246400
1295413720580055041
1295413672098095115
1295413604972294144
1295413540828909568
1295413496675536896
1295413383160713216
1295413307122294785
1295413140117741570
1295413108396232705
1295413027353829377
1295412819622612996
1295412758163255296
1295412741642096641
1295412740652244992
1295412722612539392
1295412717403111424
1295412709320724480
1295412698101014529
1295412669558722560
1295412598364672000
1295412575329550336
1295412538348310528
1295412533679910912
1295412490466140163
1295412400137670661
1295412347331325954
1295412305933598720
1295412294743134208
1295412239927738369
1295412234731114499
1295412139692298240
1295412060868636673
1295412019265511425
1295411981382373376
1295411959349891072
1295411938638405632
1295411925191335937
1295411913388625920
1295411909060157441
1295411833063583752
1295411774221672449
1295411610438324224
1295411594470588421
1295411593702858753
1295411587583340544
1295411446063431680
1295411444805238785
1295411422168584200
1295411402258210818
1295411397036257284
1295411326504914944
1295411317226917888
1295411290358394883
1295411285702643713
1295411277901074432
1295411227577868290
1295411216924512257
1295411157872734208
1295411134565175296
1295411023340548097
1295411012527624194
1295410981884104705
1295410965983277057
1295410934995996672
1295410768058503169
1295410574654930944
1295410451027832832
1295410384782921728
1295410304743018503
1295410246157033472
1295410192004321280
1295410148714803200
1295410076572844034
1295409973472702469
1295409947489046529
1295409930749374465
1295409908310052865
1295409829901672454
1295409784967974915
1295409736095948802
1295409669582868481
1295409639304187904
1295409581145960458
1295409559188598785
1295409475503849472
1295409412689936384
1295409353743372288
1295409348584394755
1295409315843579904
1295409311615680512
1295409225691213825
1295409138730700802
1295409128492367874
1295409066794246145
1295409055499014145
1295408965057220608
1295408919989215233
1295408916491309057
1295408743144984576
1295408671564890113
1295408632906031104
1295408547572920321
1295408417948000257
1295408365745704964
1295408364797779969
1295408272610955264
1295408211734990856
1295408136996741121
1295408092579090432
1295408072345649154
1295407958000635904
1295407945358782464
1295407907119325185
1295407891063672833
1295407885770399745
1295407831705845760
1295407768002854913
1295407723937501184
1295407722737917959
1295407699920932867
1295407673085767680
1295407634695073792
1295407627506196481
1295407525764845568
1295407463982936069
1295407429220433924
1295407420336934914
1295407401567432707
1295407398945992708
1295407318897537024
1295407293996003328
1295407261767081987
1295407238157176832
1295407225998127104
1295407187293089795
1295407185070108673
1295407177805574145
1295407082146091009
1295407013187461126
1295406908304572417
1295406902344429570
1295406717879148544
1295406679727767553
1295406661574758408
1295406646303297542
1295406556561977349
1295406536672440320
1295406516665802752
1295406506381324288
1295406503751487489
1295406437338939394
1295406352853094402
1295406255855542273
1295406238977720321
1295406109700829184
1295406041090465796
1295405988690894848
1295405965303361536
1295405942935298051
1295405889671712768
1295405694426984448
1295405658821390336
1295405600365568001
1295405587778371589
1295405566186135552
1295405468702121985
1295405453418139648
1295405451656548352
1295405334090199046
1295405234379010050
1295405141387083780
1295405139805769731
1295405114174377991
1295405014966579201
1295404937426415617
1295404897442168839
1295404888847982592
1295404886318817285
1295404854756683776
1295404816328425472
1295404784774676480
1295404778646888449
1295404744199077889
1295404714226581505
1295404669628383232
1295404589282406401
1295404587063472131
1295404463252033536
1295404462165487616
1295404349099839494
1295404304128512001
1295404019414978562
1295403938439737346
1295403877265600518
1295403720264556544
1295403718100357120
1295403646767816705
1295403627188649985
1295403619005526017
1295403560314732545
1295403532883906561
1295403345239322625
1295403329271533569
1295403276263993345
1295403207485726720
1295402999741927424
1295402989386002432
1295402980393574405
1295402966976008197
1295402923653042179
1295402882447990785
1295402876563599364
1295402875020103682
1295402757889773568
1295402647155929094
1295402621273092097
1295402502679080964
1295402470575939586
1295402415752187904
1295402364065714180
1295402323364249607
1295402300664680448
1295402251964448771
1295402251108974592
1295402241470365698
1295402231546761216
1295402104719319041
1295402046850400256
1295402032052834304
1295401972263256064
1295401948192145410
1295401824158195712
1295401714082881536
1295401636685180928
1295401633187336193
1295401616095535109
1295401593592934403
1295401552224673793
1295401532205105153
1295401506183745537
1295401358015770626
1295401354827927552
1295401248439623680
1295401236364132353
1295401085889179648
1295401007430668288
1295401006201675776
1295400950115577856
1295400897543933952
1295400862953725953
1295400806695481344
1295400796465627137
1295400749904670721
1295400723648335873
1295400664860725251
1295400617037516800
1295400572590477314
1295400546128531457
1295400536704004097
1295400473361551361
1295400399948701703
1295400378029297664
1295400363269533703
1295400341727514624
1295400261469589506
1295400252216954881
1295400248517394433
1295400085585571840
1295400064219615232
1295400061208322048
1295400004652347395
1295400004044107776
1295399977569722368
1295399873177620481
1295399805955473409
1295399780101664770
1295399740788682752
1295399617178349568
1295399616511225868
1295399582017425413
1295399519702712322
1295399398982254594
1295399388303556609
1295399363057979394
1295399350428983297
1295399286180462592
1295399237832908801
1295399087655845888
1295399034350235664
1295398918663135235
1295398918142873600
1295398867383382028
1295398768343474177
1295398743794159618
1295398563967414272
1295398537186828288
1295398466554920960
1295398451463614467
1295398392068268033
1295398232651001858
1295398232554532868
1295398111209238529
1295398067655471114
1295397965008429058
1295397873950097408
1295397805046063104
1295397749739810821
1295397741326204939
1295397689878704129
1295397536925020170
1295397524631625730
1295397522920239104
1295397494160011272
1295397304720072705
1295397270851063808
1295397121244487681
1295397113011077121
1295397094061203456
1295397042622267392
1295396975551156226
1295396908580700162
1295396879262347273
1295396877513310208
1295396860509609984
1295396832147730443
1295396781409349632
1295396649422876673
1295396639495073793
1295396588240678913
1295396541642014725
1295396337077252104
1295396169045221379
1295396106797379586
1295396091245080576
1295396083762429956
1295396061494878209
1295395939297849346
1295395907350016008
1295395890551836674
1295395867734597632
1295395776420618240
1295395761774120960
1295395622208466950
1295395620866281472
1295395612322562048
1295395565040103435
1295395554713726986
1295395426657501185
1295395393241362432
1295395214564130816
1295395193856962561
1295395153889259526
1295395101884153856
1295395049216208910
1295395031461720081
1295395012537126913
1295394923894710274
1295394905506738176
1295394731254517760
1295394722689642500
1295394664347054080
1295394619866394626
1295394581496958979
1295394576425816065
1295394479348707339
1295394470217707524
1295394362533318656
1295394355365044224
1295394334905217024
1295394311178194944
1295394213434187776
1295394191208411138
1295394166361530373
1295393920747106311
1295393875834568704
1295393825930776576
1295393774890184706
1295393774147969035
1295393772570894337
1295393729809985538
1295393708263735296
1295393704048496640
1295393642681520129
1295393584707862529
1295393552025948162
1295393551682023430
1295393498561236995
1295393399764213760
1295393241009971201
1295393147552436225
1295393146852069381
1295393109069660163
1295393102648270849
1295392993768243206
1295392963703472128
1295392880761004032
1295392800905854976
1295392697050697728
1295392677811367937
1295392627282644997
1295392565823512577
1295392514204037121
1295392500614651911
1295392456159055873
1295392450777878534
1295392288940711936
1295392231067660290
1295392221970272258
1295392220476923904
1295392149261840390
1295392056060211202
1295392019007836161
1295391999684571138
1295391979568640000
1295391960157564929
1295391860559474688
1295391754191962112
1295391695845175297
1295391673803997185
1295391630837637122
1295391615956037633
1295391595886522369
1295391533370408966
1295391313932832768
1295391292730609666
1295391255363555328
1295391218243952640
1295391158655307776
1295391148471590912
1295391097162784769
1295391080683249664
1295391014371418112
1295391008662761472
1295390972864602113
1295390971937644546
1295390931412234240
1295390873232928772
1295390825615110146
1295390751614881792
1295390733210472449
1295390730475597826
1295390708187254786
1295390627744477184
1295390537034297347
1295390510748766208
1295390448194859009
1295390355680981002
1295390298386948096
1295390247778430977
1295390189922074626
1295390183970549763
1295390093923024896
1295390015007141891
1295389931993550848
1295389931246882817
1295389929103675392
1295389868173012994
1295389786191134721
1295389710362333185
1295389637448359936
1295389527171899392
1295389412411363330
1295389224498335744
1295389216399122434
1295389203606405120
1295389053827907585
1295388963574878219
1295388836923662336
1295388776278228997
1295388759471554569
1295388570342096896
1295388434480037888
1295388349604257794
1295388309456388098
1295388189947912192
1295388181504733184
1295388046800502784
1295388022930890752
1295387982279606272
1295387972913762307
1295387880173576193
1295387701840093190
1295387624572624909
1295387542557163520
1295387451033174023
1295387432968314881
1295387422952321025
1295387377016373248
1295387372142690304
1295387354740424706
1295387281310863365
1295387246053470208
1295386947381112833
1295386767152095232
1295386692191268864
1295386637963231240
1295386635249627138
1295386577955258368
1295386351479603200
1295386173658071040
1295386157794996224
1295386124332933120
1295386099033034755
1295386093085437954
1295386010319118337
1295385921446129664
1295385794354520067
1295385732253659137
1295385714570539010
1295385712766914561
1295385683910172673
1295385654805893127
1295385642965315585
1295385640083886086
1295385591652253696
1295385585746612225
1295385571880103936
1295385426472112128
1295385303222489094
1295385294259122181
1295385184498589696
1295385104081133569
1295385083734441990
1295385029770506240
1295384997726171142
1295384975051763715
1295384915824062465
1295384798412902401
1295384767899340801
1295384642191863809
1295384398234374144
1295384332580851712
1295384277564235778
1295384219624103937
1295384189219549185
1295384176489828352
1295384173192941568
1295384114682458112
1295383923569172482
1295383919173410816
1295383905042825220
1295383862814490626
1295383857722793992
1295383846725328898
1295383843386486784
1295383807995019264
1295383737992011776
1295383733172928513
1295383728009535493
1295383714399223809
1295383633088454656
1295383603694755840
1295383603321290752
1295383561537609728
1295383545091952641
1295383441907658752
1295383439210938369
1295383432193695746
1295383407225004033
1295383400560373761
1295383393761243137
1295383353470808064
1295383317555052544
1295383309204074496
1295383271740588032
1295383248915365891
1295383219198726147
1295383165167529986
1295383131835359232
1295383087480676352
1295383067389984768
1295383045755805697
1295383032157872129
1295382992827772928
1295382955376783362
1295382927279300614
1295382917347065857
1295382848707407872
1295382808664276992
1295382750640234496
1295382747628871680
1295382729622605831
1295382643505164290
1295382614459781120
1295382603562995714
1295382551427612677
1295382430468251648
1295382409458769920
1295382305415081987
1295382298276368384
1295382207926689792
1295382139924615168
1295382088124899331
1295382086027812864
1295381995183312897
1295381863897403395
1295381861196333056
1295381752685326336
1295381563912396800
1295381514696482818
1295381408794521603
1295381274098651137
1295381271200149505
1295381213859864577
1295381144725323776
1295381035279163399
1295380790117896204
1295380752746586113
1295380747335827462
1295380738766929921
1295380695678881793
1295380648132108289
1295380600799535105
1295380564820676608
1295380558801809410
1295380543828262912
1295380514136895490
1295380411103817728
1295380327477792768
1295380186280726530
1295380148431331331
1295380145914679297
1295380141430829056
1295380114377789440
1295380071658790913
1295380026284584960
1295379761762406401
1295379725343436800
1295379686315511808
1295379683232505857
1295379662324080641
1295379587497517058
1295379540194271237
1295379521437409280
1295379478487670788
1295379445629571072
1295379435336720385
1295379387114610691
1295379350712451072
1295379087402381314
1295378918720110598
1295378871643254790
1295378860788207623
1295378759894413314
1295378735231893505
1295378734149701632
1295378716932136961
1295378596962488321
1295378540570050562
1295378265201401856
1295378134372687874
1295378117901479937
1295378101413851136
1295378039786872834
1295378019444494347
1295378007918600192
1295377996820316160
1295377970836643840
1295377951387725827
1295377939526123521
1295377915467706368
1295377906164731906
1295377883775598592
1295377794965426178
1295377762732183552
1295377605252743168
1295377583794728962
1295377577557753857
1295377572235300864
1295377519919718400
1295377498079977475
1295377495877996544
1295377433462484992
1295377340743266306
1295377318022504449
1295377302969356288
1295377275068846081
1295377252969000962
1295377242957250560
1295377230407712769
1295377229656936449
1295377203258167296
1295377163949084675
1295377162195918849
1295377086920695808
1295377031031656451
1295377002074177536
1295376902711136257
1295376881697673216
1295376727003353094
1295376681881001985
1295376668421496832
1295376620132413447
1295376601325211651
1295376570773798912
1295376540323270661
1295376450011435008
1295376448530927616
1295376410715066371
1295376387742871552
1295376377991122945
1295376351281557505
1295376256377081857
1295376211397480450
1295376207723335682
1295376177125666816
1295376138089504768
1295376071714574339
1295375986767396865
1295375935496171521
1295375895637549062
1295375868785840128
1295375747864035329
1295375699214295042
1295375694734688256
1295375632084295680
1295375611939045376
1295375589776322562
1295375572114300928
1295375562358304768
1295375490031681536
1295375214188978176
1295375177791016963
1295375174393618432
1295375159352795137
1295375150431469573
1295375125332860928
1295375124192010241
1295375108010315777
1295375097298026497
1295375083612114945
1295375074078466048
1295375049176879107
1295374912354422784
1295374831987437568
1295374778770108416
1295374776232550400
1295374746129969153
1295374735929475073
1295374727117189123
1295374721513553920
1295374717814288387
1295374640332918795
1295374634108452864
1295374475287056384
1295374455972270080
1295374408517918721
1295374399454040067
1295374367745073153
1295374357007683584
1295374354684039173
1295374257351008256
1295374250241478656
1295374214053146624
1295374211649871872
1295374131773558788
1295374104338604033
1295374068351467521
1295374006057607168
1295373982804344833
1295373971920048128
1295373948448800769
1295373884766617603
1295373855649800193
1295373826268766210
1295373762859347971
1295373742592462848
1295373703811932161
1295373669485641730
1295373660501442560
1295373651773202434
1295373634010112002
1295373623071473664
1295373614494158854
1295373346872479749
1295373337187639296
1295373328769843201
1295373283320385544
1295373167993786369
1295373166689353729
1295373112444411905
1295372998619389953
1295372860324749312
1295372812446728197
1295372742888497153
1295372719786274816
1295372688081522689
1295372671014916097
1295372637560909829
1295372560201166850
1295372288359927808
1295372271192686593
1295372202087505922
1295372161344036869
1295372136085848064
1295372125264584714
1295372003839553536
1295371976303947776
1295371923715756036
1295371921887047680
1295371777892220929
1295371755763175425
1295371528104816646
1295371455832694784
1295371449440456705
1295371388664963074
1295371362949898240
1295371330372567046
1295371320125829121
1295371264484352005
1295371261011324928
1295371209878704128
1295371203453083649
1295371195051905024
1295371162633920512
1295371084376600576
1295371006643666945
1295371002688540672
1295370997424521227
1295370993758863362
1295370972330184706
1295370925974548481
1295370877736026115
1295370834840674304
1295370756570767362
1295370750443106304
1295370745145634817
1295370675314556935
1295370609283612672
1295370562894667777
1295370518984404993
1295370485937537024
1295370454497026055
1295370434750418950
1295370413065854982
1295370229955145728
1295370221180592135
1295370149898276866
1295370146249412609
1295370087143297025
1295370048954015745
1295370039223361536
1295369987499098113
1295369920381956107
1295369894003904512
1295369888442101760
1295369875670601728
1295369822960852999
1295369797190987779
1295369792950591488
1295369770456494082
1295369669184978944
1295369646535630852
1295369507536592896
1295369501131841536
1295369420760592386
1295369285389426688
1295369248181805056
1295369102593273857
1295369092224827392
1295369015062339588
1295368832249462784
1295368823357546500
1295368768961601536
1295368728540876803
1295368718994874373
1295368578036883456
1295368550786400256
1295368521401212929
1295368496516337664
1295368397463724033
1295368379474337800
1295368277074599940
1295368149991395329
1295368011197513732
1295367803227308032
1295367777109368834
1295367760281821184
1295367710625456128
1295367693328158722
1295367653041876994
1295367616547217408
1295367610767417345
1295367568119795720
1295367549861769218
1295367515917385732
1295367492647280646
1295367491657428994
1295367299809988608
1295367276833595392
1295367219405234176
1295367216578334721
1295367209204756481
1295367088266268672
1295367011485265921
1295366938496032769
1295366842266144769
1295366804227923969
1295366694987333636
1295366689455067138
1295366621423267841
1295366585943760901
1295366280363597826
1295366042856939525
1295366009730347014
1295365990134374405
1295365934383796225
1295365781270810630
1295365768226496512
1295365644607729666
1295365558515400705
1295365326121697280
1295365284971212801
1295365284400787456
1295365179509637120
1295365168357093381
1295365098916044800
1295365094713499649
1295364810339684353
1295364769197760513
1295364735005872129
1295364520752353281
1295364503106977793
1295364493006929920
1295364430428090373
1295364366682923014
1295364316384772096
1295364284499857414
1295364265222651908
1295364236663762945
1295364214371110914
1295364213938900992
1295364191163908096
1295364154090455040
1295364122851176448
1295364105423990785
1295364096842330112
1295364026030055425
1295363984384819200
1295363932878594048
1295363879682412544
1295363848556425218
1295363847914545155
1295363840926859270
1295363771981017088
1295363767161757696
1295363731078225920
1295363727991046144
1295363709766742017
1295363708663861251
1295363669765890060
1295363550534340612
1295363547678027781
1295363545731866625
1295363472151191558
1295363445735464960
1295363407994970118
1295363331939803136
1295363312096485376
1295363252919193601
1295363243725135872
1295363220862046209
1295363216852373505
1295363160623308800
1295363088540000257
1295363003852914688
1295362987725709312
1295362957212360706
1295362936379043840
1295362891676180480
1295362847988318209
1295362843189972994
1295362830535782401
1295362826446413826
1295362813242769408
1295362789280800776
1295362782192435202
1295362724965343234
1295362694833303557
1295362670980476928
1295362665662025728
1295362655859990528
1295362639695089664
1295362623647621120
1295362576038211584
1295362574729580544
1295362499697618944
1295362389794344960
1295362364297089024
1295362258340585473
1295362245396967424
1295362102442577920
1295362100970356741
1295362078929113093
1295362064454737920
1295361984993603585
1295361759411200001
1295361755548389379
1295361754713686022
1295361754147561472
1295361634786062336
1295361601302925313
1295361557958922242
1295361520856047622
1295361511825842176
1295361482859974656
1295361462739841029
1295361383417163776
1295361382976827393
1295361355856445441
1295361253452460034
1295361212696453120
1295361178776944640
1295361163409186817
1295361046484602880
1295360981879549952
1295360930537246720
1295360864313212928
1295360821397204993
1295360804150272002
1295360789478604800
1295360778694844416
1295360703969275913
1295360663678865410
1295360652991705088
1295360610163548160
1295360582636449797
1295360576894439426
1295360556774424576
1295360431159009280
1295360237218611202
1295360232361787392
1295360226648928256
1295360161553567744
1295360129890693120
1295360042917670912
1295360037846757378
1295359907659689987
1295359821584179205
1295359816802742273
1295359765409943553
1295359734644604928
1295359727157817348
1295359680894644224
1295359652402810882
1295359588091531264
1295359583733653507
1295359562300690433
1295359490209058818
1295359426203758592
1295359388321030144
1295359386227847172
1295359340224950272
1295359328673763328
1295359081088192513
1295359073030942721
1295359058111655936
1295359041540173824
1295359035894571016
1295359023798247424
1295358994354143234
1295358851001118720
1295358824463900672
1295358648378707969
1295358635154046977
1295358613540798464
1295358587754217474
1295358572541300736
1295358488802189319
1295358479742513152
1295358424516042754
1295357845865627648
1295357842640297988
1295357833043521536
1295357803335426049
1295357778094100480
1295357694610755585
1295357620505792515
1295357554642624512
1295357531724939266
1295357407980326913
1295357251247468544
1295357245220360192
1295357143487455234
1295357043533021184
1295357016186077184
1295356884669652992
1295356876771729408
1295356864281153537
1295356846442610689
1295356789089804289
1295356769980555265
1295356707384721408
1295356642616320002
1295356639785123841
1295356600916549642
1295356575696084994
1295356484260450304
1295356481051791361
1295356448017387525
1295356430074163201
1295356392484868098
1295356315720716289
1295356023960559616
1295355958760296448
1295355886836252673
1295355834189451265
1295355778396823563
1295355775062167552
1295355748747075586
1295355674138902529
1295355600487034880
1295355571751866368
1295355564256624642
1295355488486522881
1295355364918071299
1295355328805187587
1295355328159080450
1295355307153997824
1295355299067498496
1295355289194172424
1295355245451567107
1295355163390156801
1295355141605003266
1295355084314836992
1295355083685867520
1295355054925533185
1295355027121491970
1295355020775391232
1295354883164590080
1295354869742809094
1295354789316919301
1295354773160570883
1295354768232153088
1295354733033652224
1295354548123398145
1295354507585609731
1295354474089918465
1295354442456469505
1295354429126979584
1295354399158603781
1295354397451415552
1295354303037583362
1295354206535274497
1295354170212417536
1295354115455774720
1295354051077582848
1295353925692989441
1295353862673567747
1295353845757947905
1295353701507489792
1295353627284930568
1295353579620859907
1295353273147445248
1295353264045723653
1295353207636594689
1295353166691794947
1295353161247535104
1295353110886584321
1295353038295752705
1295352932485873665
1295352916350566401
1295352871572078592
1295352751984017409
1295352668832124937
1295352583813554176
1295352495116615680
1295352482013622272
1295352450547949568
1295352437977513991
1295352310437154820
1295352288182259715
1295352235866705920
1295352164441829377
1295352113761902592
1295351938045943809
1295351912724824065
1295351858450649088
1295351820366286848
1295351782634397697
1295351514228195328
1295351468518711296
1295351394476544006
1295351265455534080
1295351230110355459
1295351201152634881
1295351124837330945
1295350985494323200
1295350792971575297
1295350670384672777
1295350321481302018
1295350316603408384
1295350309468831746
1295350265256738817
1295350242267680769
1295350180221460486
1295350048323186689
1295349988038520832
1295349859709526018
1295349842785566722
1295349812846563329
1295349772543496192
1295349771725676545
1295349726104125440
1295349713009598466
1295349708785889281
1295349659427364866
1295349642134200321
1295349636312576000
1295349615458476032
1295349604821741568
1295349494268272641
1295349300596109315
1295349289867042816
1295348830234447873
1295348805861363712
1295348767886061569
1295348719886499840
1295348692589907977
1295348674877366273
1295348645647196162
1295348439488901120
1295348427551731713
1295348410300669953
1295348406706151424
1295348402436284418
1295348355904737284
1295348303765348352
1295348292839182337
1295348286405185537
1295348077616926721
1295348031295033344
1295348001355919360
1295348001016172545
1295347993764409346
1295347861421514763
1295347826038378498
1295347791254794240
1295347709612830721
1295347465831424000
1295347425603923968
1295347381202870273
1295347355374387200
1295347353101176839
1295347323686604801
1295347281302917120
1295347178735644672
1295347078512750592
1295347016583843840
1295347012825747457
1295347009797279748
1295346949508431879
1295346946903871489
1295346816406425602
1295346609836957696
1295346541146697729
1295346524243795970
1295346512134909952
1295346511782359041
1295346495080857600
1295346389312995329
1295346297696735233
1295346204549627904
1295346137759719424
1295346077135253510
1295346016120602625
1295345979575672833
1295345960449486853
1295345934054961152
1295345875938549768
1295345829453103104
1295345756820262916
1295345746925977603
1295345695734497287
1295345645008695296
1295345470953459712
1295345445292539904
1295345249783431169
1295345205298814982
1295345070724587524
1295345032057073669
1295344943150411776
1295344920757252096
1295344842642534400
1295344781657350145
1295344632755363843
1295344631333269506
1295344566825095170
1295344523309187072
1295344209348538369
1295344180617601025
1295344126855127040
1295343941756301312
1295343879470948352
1295343619923116034
1295343507528470529
1295343506697977857
1295343481531981824
1295343395741655040
1295343377836318720
1295343353928835073
1295343324992241665
1295343319355203585
1295343178514599938
1295343159279484929
1295343121430192129
1295342986847559680
1295342932665536512
1295342910439919616
1295342707615956993
1295342703656525824
1295342625009143808
1295342601760051201
1295342577592537088
1295342568578994177
1295342544088453121
1295342428459864064
1295342387003359234
1295342358905655296
1295342328618479621
1295342001613922306
1295341985319071746
1295341966880694273
1295341899138469891
1295341849201094658
1295341836270071808
1295341797393211393
1295341707181998087
1295341706783666177
1295341593751195648
1295341593059299328
1295341464868839424
1295341391489507330
1295341375114813442
1295341361068232709
1295341319615926272
1295341313035055104
1295341283091914753
1295341103449767938
1295341052619087874
1295341002782380033
1295340987049484288
1295340759848108034
1295340711936528384
1295340675869941760
1295340630126874625
1295340447766904832
1295340444931502081
1295340375935156225
1295340276001779712
1295340229792944129
1295340039023534083
1295339955250659330
1295339783858933765
1295339742834368515
1295339740590485504
1295339701264683011
1295339610797748224
1295339585174671360
1295339533102469132
1295339515268050946
1295339509412843521
1295339341070442499
1295339339086352390
1295339122618437638
1295339079048089600
1295338801884258304
1295338742283206657
1295338715355721729
1295338304712384513
1295338269971042307
1295338234059403267
1295338162827464704
1295338006006632450
1295337762019856384
1295337755174670336
1295337736124145664
1295337728305803266
1295337709645463557
1295337647972528129
1295337617219825665
1295337483601711104
1295337319520665600
1295337317490733057
1295337083888898048
1295337069821267968
1295337048392585217
1295336930985619457
1295336849750274048
1295336742527139840
1295336628525957121
1295336607147610112
1295336359113170945
1295336264930140160
1295335887669256192
1295335579673071620
1295335534068260868
1295335392070098944
1295335357001748480
1295335313796194305
1295335279746678784
1295335035629862914
1295335020350050307
1295334965555728385
1295334913542160389
1295334882290348033
1295334848463351808
1295334819090567169
1295334671702786049
1295334452332290050
1295334396967432193
1295334213470781440
1295334191098462208
1295334084739313664
1295334062962466816
1295334062417235968
1295334045262454784
1295333978384326661
1295333871635111937
1295333845475172353
1295333637592940547
1295333553287434241
1295333521263755264
1295333487994720257
1295333345476386816
1295333254539677696
1295333182448050180
1295332942076682241
1295332786094723074
1295332763394924544
1295332680427548674
1295332501930508290
1295332450747514880
1295332260758069249
1295332235126673408
1295332222061477888
1295332195851173893
1295332017748549635
1295331982889684993
1295331866187374592
1295331857014427648
1295331809564209153
1295331622057848832
1295331251952316422
1295331064559185922
1295330969306759168
1295330898775289857
1295330715958116352
1295330590565322754
1295330553118339081
1295330215569178625
1295330186599247872
1295330117221322754
1295329940385275904
1295329877684629504
1295329864363307009
1295329741193584641
1295329529930452992
1295329187549650944
1295329164308996096
1295329116732956672
1295329107283255297
1295329068876009472
1295329061238169600
1295328871240339458
1295328839690641409
1295328782530871297
1295328729250648065
1295328701647904774
1295328637215023104
1295328552909279232
1295328534676873216
1295328479915855872
1295328464371949569
1295328405295108103
1295328382897528833
1295328362366410752
1295328260612657152
1295328257424994305
1295328061550977025
1295328047067885571
1295328039514112000
1295327702405316609
1295327677839278080
1295327668813144064
1295327647954763783
1295327628505878528
1295327618565320704
1295327390709755905
1295326902467457026
1295326853926879233
1295326632081793024
1295326460463390721
1295326354695753734
1295326089280196609
1295325788825423872
1295325759649861632
1295325608755552257
1295325521249796097
1295325156173324288
1295324866158026753
1295324736138940417
1295324218213765120
1295323897198514178
1295323712233918467
1295323657699434500
1295323478095257600
1295323470939729920
1295323145939738631
1295323036028108800
1295323028356653057
1295322869560270848
1295322859728965633
1295322666585530370
1295322529079398400
1295322461840515074
1295322458006806528
1295322220428849152
1295322189877645312
1295322149842898945
1295322056184274945
1295322051155197953
1295322030200455169
1295321806686105600
1295321544764334080
1295321458944745472
1295321192090546176
1295321068572467207
1295320752804290560
1295320404547043328
1295320335051415557
1295320079974817793
1295319940694671361
1295319933618987013
1295319881827733505
1295319809203351553
1295319566332186626
1295319448937693185
1295319327730614272
1295319162286473216
1295318920153436162
1295318672257568768
1295318578011484160
1295318178667560960
1295317964082892800
1295317877042667520
1295317821224878081
1295317741549821952
1295317555410685952
1295317474825641984
1295317329404887040
1295317225856028673
1295317175213928449
1295317146554245121
1295316449062522880
1295316390551773185
1295316381597151233
1295316316396482561
1295316215087407104
1295316086712348673
1295316035365724160
1295315974502187010
1295315689620803584
1295315621022818304
1295315606930153472
1295315094008737793
1295314753099689985
1295314583368765440
1295314437373452290
1295314402338459649
1295314291550302209
1295314268062134273
1295314092287315968
1295314046405824512
1295313998146146307
1295313894068629505
1295313739961577482
1295313625066999814
1295313517436960768
1295313371466801153
1295313369264775168
1295313334850465792
1295313287580712965
1295313261777358851
1295313208820084737
1295313168751714306
1295312928195989504
1295312926027460608
1295312910843961344
1295312824999313408
1295312809140592642
1295312640953257987
1295312615644827651
1295312546954608641
1295312307187257347
1295312304796565504
1295312260689096707
1295312240799887361
1295312177897906176
1295311950650515456
1295311919608455178
1295311730223063040
1295311729841364992
1295311516925919239
1295311511750148096
1295311483581214720
1295311413372751872
1295311053300076545
1295310944227282945
1295310902829473792
1295310744813150208
1295310677498826752
1295310361516810240
1295310256185245696
1295310215685066753
1295309759327932416
1295309753313382400
1295309568088711171
1295309540603449344
1295309484517097472
1295309408042397702
1295309405307564033
1295309405160976384
1295309308427743233
1295309103951011840
1295308007006449666
1295307974462889984
1295307697160695808
1295307638947946497
1295307520693673987
1295307439554912256
1295307145748066307
1295306960150069248
1295306920140709890
1295306907591127040
1295306687126163457
1295306535392944129
1295306514983337986
1295306510847877120
1295306406531403776
1295306296883806209
1295306283147567109
1295306245088346112
1295306005266530305
1295305988577386498
1295305925348204544
1295305836818907136
1295305457888878592
1295305135741177856
1295304918027440131
1295304790671601665
1295304584869621761
1295304573016576000
1295304335337959424
1295304297446625282
1295304171755671553
1295304144866115585
1295304107272658944
1295304040398684160
1295304017678151681
1295303928083615744
1295303786064379904
1295303774500802562
1295303678753157122
1295303108592128000
1295302659059195904
1295302154010361856
1295301834538733568
1295301754058182659
1295301544259264512
1295301538471194625
1295301515813543936
1295301451267346433
1295301450000666624
1295301340223213568
1295301168743104512
1295301146924523521
1295301028515020800
1295300934940196867
1295300711404756992
1295300645273075713
1295300627971612675
1295300612800692226
1295300421943255040
1295300345099321345
1295300271254511618
1295300184746807296
1295300163943182336
1295300051598802945
1295299881171660802
1295299870857793536
1295299652749754370
1295299641177780225
1295299622676631552
1295299385966972929
1295299330216083456
1295299323027169280
1295299268610273281
1295298991874281473
1295298855345328128
1295298737884090368
1295298685228720128
1295298252192002050
1295298218021052417
1295298183892008961
1295298162354278403
1295298129919725570
1295298014932643848
1295297853804498946
1295297762389524481
1295297621788110848
1295297366036303872
1295297178307633152
1295297125434171392
1295297001849004032
1295296704753926145
1295296546800644096
1295296532804067329
1295296445915041797
1295296413581148160
1295296307423252487
1295296074324889601
1295296038719299584
1295295963117113345
1295295900714139648
1295295885065281536
1295295873438625792
1295295826705735681
1295295571583000576
1295295471011889152
1295295375734116352
1295294988163710976
1295294903665205248
1295294751529267205
1295294680968593408
1295294535321321473
1295294534365122562
1295294483614105601
1295294346313388032
1295294012715347968
1295293937649889280
1295293928447582208
1295293908281364481
1295293762680299520
1295293625778286592
1295293594832707585
1295293485948571648
1295293429451292673
1295293280561893377
1295293193131642881
1295293057965920261
1295292802805436417
1295292729954459648
1295292132849221633
1295291908235956225
1295291883120467969
1295291871502180352
1295291744746196993
1295291544480686081
1295291208269541376
1295290908934537218
1295290756928864256
1295290596530233354
1295290579186847744
1295290534022479872
1295290450614669313
1295290162969055234
1295290039807741957
1295289837365362688
1295289816951787521
1295289375371202561
1295289120915255297
1295289014489100289
1295288707558379525
1295288706459480064
1295288620295884801
1295288556995452929
1295288409829675009
1295288330075201536
1295288287205240832
1295288224361971712
1295288223728533504
1295287970208124929
1295287752792010753
1295287523107917824
1295287403138220038
1295287399770214402
1295287249026899969
1295287229032443904
1295286977944678402
1295286918817566721
1295286547676356609
1295286359259639808
1295285918300098561
1295285671033266177
1295285507216343040
1295285305684049921
1295285300336435201
1295285276189679619
1295285118492381185
1295285090940059648
1295284991379857410
1295284905178361856
1295284900547956738
1295284520170721284
1295283853448404992
1295283726079819776
1295283395191123968
1295283354317869058
1295283284470042625
1295283280351244288
1295283172930969600
1295283132195889155
1295283123211640833
1295283110905446407
1295283089061576704
1295283063287676934
1295283058493591552
1295282825273520129
1295282736584949760
1295282647011401729
1295282630879899650
1295282302788890626
1295282172094423040
1295282103215587329
1295282061956141056
1295281892141531138
1295281785161551874
1295281731126341633
1295281469653307392
1295281334261252096
1295281203935944704
1295281161472794624
1295281140023033856
1295281134142717952
1295280985014243329
1295280695904894977
1295280637490810880
1295280535665770496
1295280458964459522
1295280282317107201
1295280260334878721
1295280253296943104
1295280200297701377
1295279906981650433
1295279805332631553
1295279551690358784
1295279506912153600
1295279435025911809
1295279377622671360
1295279278041440259
1295278879800569858
1295278874645889026
1295278853175128065
1295278834053455873
1295278726150791168
1295278661893943296
1295278325762592769
1295278219159953409
1295278128244432897
1295277891807334401
1295277789029990400
1295277489644875781
1295277450071617536
1295277035258929157
1295276936340570112
1295276705964335110
1295276687098122242
1295276643427266560
1295276595318607873
1295275887068418049
1295275786409254913
1295275714581651456
1295275644524339201
1295275513963884545
1295275468573347841
1295275243414618113
1295275010924384263
1295274972034801664
1295274898055524352
1295274763603124226
1295274755973505024
1295274723639779328
1295274513396043777
1295274491958800385
1295274278238261248
1295274163326730240
1295274090568146944
1295273997106470918
1295273901044441089
1295273687978041344
1295273181243232257
1295273078310805508
1295272914539941888
1295272599363223559
1295271983178035201
1295271886922940417
1295271843050295297
1295271620244680705
1295271389578985472
1295271223237079040
1295271172083417088
1295270994886758402
1295270991380135936
1295270976452796417
1295270905552273409
1295270892570902529
1295270243812679680
1295270230864920577
1295270178884849664
1295270171771191296
1295269757286064129
1295269723735650305
1295269653451649024
1295269571096502273
1295269153696358400
1295268906722971648
1295268805250351104
1295268779417579520
1295268517638545408
1295268515465764864
1295268334577967108
1295268251409297408
1295268060052553728
1295268054696435713
1295268053626781698
1295268024002457600
1295267963747139584
1295267811812573184
1295267672406491136
1295267406856814592
1295267389567729664
1295267094808977415
1295267065540952064
1295267053537046528
1295267007416414208
1295266947916009478
1295266831108911108
1295266203125129216
1295266170791006210
1295266090491080704
1295266018860859395
1295265933406146561
1295265389014736897
1295265383419527171
1295265370610245637
1295265331645157376
1295265318517039106
1295265032377335809
1295264952450715648
1295264826520940544
1295264766198513664
1295264734200172545
1295264608794497024
1295264570500677634
1295264380725018624
1295264203394211840
1295264021730545664
1295264008522608640
1295263821813239808
1295263591961178113
1295263089336688641
1295263034907201536
1295263016267776000
1295262968364449792
1295262929508372480
1295262916933894146
1295262772150898688
1295262601354641409
1295262423847514112
1295262280918151168
1295262230913703936
1295262129986117632
1295262108041519104
1295261686119661568
1295261535527370752
1295261462911504385
1295261313422069762
1295261277036650496
1295261237383577600
1295261104558313475
1295260995368235010
1295260781819224064
1295260739041742849
1295260738785861632
1295260587509706754
1295260490210279426
1295260450079281152
1295260445868273664
1295260382253256704
1295260181694230528
1295260170793123841
1295260122525118465
1295259554343608321
1295259457794932736
1295259449087520768
1295259427717742592
1295259321144467456
1295258620897030146
1295258592195620865
1295258269364125697
1295258066456154112
1295258009573167107
1295257992128995328
1295257800138985472
1295257762440441856
1295257759533764608
1295257668106571777
1295257525755867136
1295257475382415360
1295257391475261440
1295257260873011201
1295256992357871616
1295256763667750914
1295256756675850240
1295256503880843264
1295256137797963776
1295255852090302464
1295255794221568000
1295255683768737793
1295255646846291968
1295255361104932864
1295255259359531009
1295255247955337217
1295255223053594625
1295255219584958465
1295255042476240897
1295255042207948801
1295255019608928260
1295254985278722048
1295254848162668544
1295254827266486272
1295254725638541312
1295254132270538753
1295254039542759424
1295253859804131328
1295253805009973249
1295253760625664001
1295253744855076864
1295253733085863941
1295253651515011072
1295253242557931520
1295252971538862081
1295252916018839553
1295252911577079810
1295252899304476673
1295252885803094021
1295252872716619776
1295252864210698241
1295252533808492545
1295252520642772992
1295252386907217920
1295252319425171456
1295252291608621056
1295252277062557696
1295252258658095104
1295252167725645824
1295252163824771072
1295252125598064641
1295251983054647297
1295251935335976960
1295251751365419009
1295251624370360320
1295251520095576064
1295251400230871041
1295251333294043136
1295251326394392577
1295251269972570113
1295251228599791617
1295251135687798785
1295251088644255744
1295251017572012032
1295250984633950209
1295250972445417472
1295250866123837442
1295250671927586816
1295250650033315840
1295250599320133633
1295250507175473152
1295250506990919680
1295250505547919361
1295250361771589633
1295250240996614146
1295250190769807360
1295250041632890882
1295250038814318594
1295249969113370625
1295249529843912704
1295249498772508673
1295249430833172480
1295249417025486848
1295249376600895488
1295249212528111616
1295249131925995522
1295249109989724161
1295248912358543360
1295248894960390145
1295248879567482880
1295248782326738945
1295248773782941696
1295248737648992256
1295248621307170817
1295248615628300289
1295248407469133824
1295248345259106308
1295248261419282434
1295248191114248198
1295248099938635777
1295247914118381569
1295247878269607936
1295247794920456193
1295247786255028224
1295247765916864513
1295247592528412672
1295247492276277248
1295247268853895169
1295247192165199875
1295247177325801472
1295246995460956160
1295246962116026368
1295246877072355331
1295246758356946946
1295246600575397888
1295246596322590720
1295246569290309632
1295246550218600450
1295246393599287297
1295246260774023168
1295246148647575553
1295245997296123906
1295245798150733824
1295245768614281217
1295245645599526917
1295245532449972224
1295245503861420032
1295245456482750464
1295245315902263297
1295245226806775808
1295245216476258305
1295245054353854464
1295244963660300288
1295244696961323008
1295244496205225984
1295244449988120576
1295244152062582784
1295244134316482560
1295243897535254528
1295243876467380224
1295243848252190721
1295243524691177472
1295243496341639168
1295243381560373248
1295243077670580224
1295243052559134722
1295243029356453888
1295242972716392450
1295242848367976448
1295242684878258176
1295242566292709376
1295242472373723136
1295242458163367942
1295242254093778944
1295242215640330240
1295241713917845504
1295241694548389890
1295241646930399233
1295241645617582080
1295241451882700800
1295241395205099521
1295241368755933184
1295241305623322624
1295241231262347266
1295241048654934018
1295241022960672768
1295240951607296000
1295240866664071168
1295240853884198912
1295240829699686400
1295240739371139073
1295240538774482944
1295240519409438720
1295240438790545409
1295240226844147714
1295240124167462912
1295240115896238080
1295240097160482817
1295240005443411969
1295239828003528716
1295239815311626241
1295239763910426625
1295239724769013760
1295239536847368192
1295239507986403328
1295239365313155072
1295239328789147653
1295239252205240320
1295239098316148736
1295239034566926341
1295238994297405450
1295238994205323266
1295238841012555777
1295238819013201922
1295238801556672512
1295238764705406976
1295238696233504769
1295238669620711424
1295238601207353345
1295238501844127745
1295238431614722053
1295238379198722048
1295238152450379776
1295238097311952897
1295238033424310272
1295237946988269569
1295237820030824450
1295237810299916289
1295237785373364225
1295237763839807490
1295237691651633153
1295237446901342210
1295237431562776578
1295237400298487808
1295237302046736384
1295237222480961536
1295237034026471424
1295237020885819392
1295236965495906304
1295236918670761984
1295236790626942976
1295236754585329666
1295236482416828417
1295236268478074883
1295235312319213569
1295235264365727750
1295235216135589888
1295235165921263616
1295235050280116226
1295235046647820288
1295234877831479296
1295234870478807041
1295234712328441861
1295234691499307010
1295234540282105856
1295234507755393024
1295234397340278789
1295234069857480705
1295233793008140288
1295233424911933441
1295233192618672128
1295233098775506947
1295232908764909569
1295232793111400450
1295232753982742528
1295232616174501888
1295232582020472836
1295232581722488832
1295232547295768578
1295232252184604672
1295232232550838272
1295232217069662214
1295232085947424770
1295231913335152640
1295231901402386433
1295231796532006912
1295231779176161280
1295231720543916035
1295231696514711552
1295231645835046913
1295231533213786113
1295231421003382786
1295231212227895298
1295231086797127683
1295231060087721984
1295231042496995328
1295231008737038337
1295230914000064512
1295230901970849792
1295230862527782912
1295230843300925440
1295230783515316224
1295230728528003072
1295230613729968128
1295230581966622721
1295230579789770752
1295230440865964034
1295230438244356096
1295230430300344320
1295230417646256128
1295230379952087041
1295230088691068928
1295230070701916160
1295230058840371200
1295230057632239616
1295229898135568384
1295229572976435200
1295229316196859911
1295229306575216641
1295229150387675136
1295229054832975872
1295228939355512838
1295228626170871808
1295228597079126016
1295228578204798976
1295228375850610689
1295228184179421184
1295228088356405248
1295227987038801920
1295227745140477953
1295227630061576193
1295227619915509760
1295227596846837760
1295227493431914497
1295227132227002368
1295226504482234368
1295226277675311104
1295226116387438594
1295226092039442438
1295226017619906563
1295225954789359616
1295225856231710726
1295225672751816706
1295225627730223104
1295225516320944128
1295225509488492545
1295225391339249666
1295225279611383813
1295225262360027138
1295225095204622336
1295224670954967040
1295224590214471680
1295224426242375680
1295224405426089986
1295224345112051713
1295224041981149186
1295223964139167747
1295223858811809793
1295223834459672576
1295223781875744768
1295223769326186496
1295223760740646912
1295223732487757824
1295223707800080384
1295223607027793920
1295223600795058176
1295223392292012038
1295222968772186112
1295222805504688131
1295222803961184264
1295222779927617536
1295222762475343883
1295222724164558851
1295222685824409601
1295222664269901824
1295222531960393729
1295222333221810176
1295222082431864833
1295221978803187713
1295221970502475776
1295221961736495107
1295221942404788225
1295221829448028161
1295221644076564480
1295221566003806208
1295221490804236293
1295221429667942402
1295221402468057088
1295221270703898624
1295220979413725184
1295220785808838663
1295220785368510465
1295220673854529538
1295220502030581760
1295220295016620032
1295220015352803329
1295220001885102080
1295219972575092736
1295219881005191168
1295219762277093377
1295219728521338880
1295219675278856195
1295219277570535424
1295219156783116291
1295219145403854848
1295219092463525889
1295219027262898177
1295218853753098240
1295218825030275078
1295218575406399488
1295218390789951489
1295218310414573568
1295218238763270145
1295218185898270720
1295218170140254213
1295218143913156608
1295218039017951234
1295218004066816000
1295217916225314816
1295217641397919750
1295217636813529089
1295217586909544449
1295217582937706496
1295217445117087747
1295217230003802112
1295217112571695104
1295217107953688576
1295216964047114247
1295216952378396672
1295216948490338304
1295216899773562881
1295216780735139840
1295216729505828867
1295216644575203329
1295216522638614533
1295216495547604992
1295216355592019968
1295216282502012929
1295216157323079681
1295216080491810817
1295216051869761536
1295215785544167430
1295215661698834433
1295215325168861184
1295215191056093184
1295215184949256194
1295215164422225921
1295214999812669440
1295214970624446464
1295214952563838976
1295214723139547137
1295214701484421121
1295214599759749120
1295214404003221504
1295214201615474688
1295214105368829952
1295214044463476737
1295214006676987904
1295213883314114562
1295213872098373635
1295213784664100864
1295213640967225345
1295213605986676736
1295213539414679553
1295213535157526529
1295213491897413632
1295213296132521984
1295213280995291139
1295213249613398018
1295212661781622791
1295212656807284736
1295212566537478149
1295212519762665472
1295212515178078208
1295212393933557760
1295212278149775362
1295212052441640961
1295212038742896641
1295211973223813120
1295211964608786434
1295211705082023937
1295211570843267072
1295211351934025729
1295211244291465216
1295211131045371904
1295210975809814530
1295210963050823681
1295210896135000065
1295210864996425728
1295210856314286080
1295210827793018881
1295210818095718402
1295210798759981059
1295210759811735552
1295210759626973185
1295210635295326208
1295210327890567168
1295210193928806401
1295210028253810688
1295209994238009346
1295209949627322368
1295209939225341952
1295209899077644290
1295209855561740288
1295209653371052032
1295209457920557056
1295209276776910848
1295208771116060672
1295208758289657856
1295208674810626048
1295208493138325504
1295208336212647937
1295208231686610945
1295208221041287168
1295208178905485312
1295207838659289089
1295207639379394563
1295207625706020864
1295207620169662466
1295207591681892358
1295207574263005184
1295207565324886016
1295207473842778112
1295207456621068290
1295207398819364869
1295207378112196609
1295207336223612937
1295207274802282498
1295207212776714241
1295206953677762561
1295206928168099841
1295206764753965057
1295206646000558081
1295206644150759425
1295206478907756544
1295206343800950785
1295206327527116807
1295206315422187521
1295206258769879041
1295206045225279488
1295205991781466114
1295205778526093313
1295205778383613952
1295205734448168960
1295205644149174273
1295205592332529664
1295205345455816704
1295205297192140801
1295205289558446080
1295205240518541317
1295205206712635393
1295205169517301760
1295204968886988802
1295204856186118144
1295204663424360450
1295204646005293057
1295204494163271686
1295204424374194177
1295204320850280448
1295204274343903232
1295204222489763840
1295204143955615744
1295204036560531460
1295203924450959361
1295203719202709504
1295203686633938949
1295203580480299008
1295203538671476736
1295203522070188036
1295203460200030210
1295203308689399811
1295203307724713987
1295203262220529668
1295203219694649345
1295203109631819786
1295203090216427520
1295202665161531393
1295202593631686656
1295202581543878656
1295202393986969605
1295202279239319552
1295202199635623936
1295201978822385664
1295201868453490689
1295201770268844032
1295201384275554310
1295201312502685701
1295201251957911553
1295201218646675456
1295201216969027584
1295201167710892032
1295201161532903425
1295201087427874821
1295201033510096896
1295201012655955974
1295200945538764800
1295200869173141505
1295200868783005697
1295200844053278728
1295200725383946241
1295200661043179522
1295200646581420032
1295200616634089474
1295200561101508609
1295200455660896257
1295200435616264193
1295200423452737536
1295200378359668737
1295200341747740673
1295200201821630468
1295200094048980992
1295199977954664449
1295199910854299649
1295199895469592579
1295199808257437698
1295199608394612737
1295199557786238977
1295199495236583430
1295199489528135683
1295199446628806656
1295199347341168643
1295199285508599819
1295199281880629249
1295199239358873606
1295199197273128966
1295199169238491136
1295199094625968128
1295199023037591553
1295198781630283776
1295198774562885632
1295198569591386112
1295198307111837696
1295198285318311936
1295198080694996993
1295198058825883649
1295197825563635713
1295197789643837441
1295197733716992001
1295197648731987968
1295197441201975298
1295197313900650496
1295197309203079168
1295197293478588417
1295197229603586048
1295196989483888642
1295196986463797251
1295196919115980802
1295196862954127363
1295196832516235264
1295195945878065152
1295195851707396096
1295195826038267905
1295195533238251521
1295195448278278144
1295195443207573512
1295195426425942017
1295195201141706753
1295195115154223104
1295195022220914690
1295195020069351424
1295194834987180032
1295194801944502272
1295194582506803202
1295194478660259840
1295194373932617728
1295194263580532736
1295194181741064192
1295194026505834496
1295193789695434752
1295193547172323328
1295193400573132801
1295193271791243265
1295193072171651072
1295193046351413248
1295192804595908613
1295192680394297344
1295192602090889216
1295192584248127488
1295192559023726592
1295192491273195520
1295192478140817409
1295192465020985350
1295192438169100294
1295192385383620608
1295192333277962241
1295192274104713218
1295191622423117829
1295191606392508416
1295191587618775041
1295191578189807617
1295191528948695040
1295191492261228544
1295191233095249920
1295191228561031168
1295191172617506817
1295191146465906689
1295191114345877504
1295190983521579008
1295190970225524737
1295190881130053632
1295190809008988160
1295190803552190465
1295190726246936576
1295190569342439427
1295190459535351813
1295190373459824642
1295190227502485505
1295190127451414529
1295190051089813504
1295189875633815557
1295189852544069632
1295189849473867779
1295189827655217158
1295189724018221056
1295189677293486080
1295189556749246464
1295189541846949891
1295189512130265088
1295189362104242182
1295189276716601344
1295189176657350663
1295189061880000512
1295188982163099648
1295188510773739520
1295188336835874816
1295188310617292800
1295188264836648966
1295188264790392832
1295188241688088576
1295188241394663425
1295188230887870464
1295188212554575874
1295188207546621956
1295188148318855168
1295188128076926976
1295188116320509953
1295188112126046209
1295188074452975617
1295188049907691520
1295187979514847232
1295187957385748483
1295187807690985472
1295187757015404544
1295187701256335360
1295187627784785922
1295187524189597699
1295187470137667587
1295187451611422720
1295187353762328577
1295187148287676418
1295187147973066753
1295187091920429057
1295187027718057984
1295186979714457602
1295186975360786432
1295186950618578944
1295186925956075520
1295186888161144833
1295186871610376192
1295186856678744070
1295186779465711616
1295186712839299073
1295186650243334144
1295186639510265856
1295186637807206400
1295186615841828865
1295186607016992770
1295186529195823105
1295186498501914630
1295186415949475840
1295186268490539013
1295185978202697729
1295185915166494720
1295185866390986754
1295185611008159745
1295185505504473089
1295185238738558977
1295185201459539970
1295185138100264961
1295184892599234560
1295184820914462720
1295184782658347008
1295184614525489153
1295184570158125056
1295184563799384065
1295184541456297984
1295184391015141376
1295184288053432321
1295184261138579456
1295184086672302080
1295184055789424641
1295183956099432449
1295183740013023232
1295183730194210817
1295183679690543104
1295183645683126274
1295183542775951360
1295183493849382914
1295183048334442496
1295182999890341892
1295182928285175810
1295182866821844992
1295182665411366912
1295182490848518144
1295182402176856065
1295182298237808640
1295182239320412168
1295181992468733953
1295181791020617729
1295181713992290304
1295181538326384641
1295181447783833600
1295181375721615360
1295181373334929408
1295181350807445506
1295181316821078016
1295180959722229765
1295180944559624193
1295180753475698689
1295180752741695495
1295180738271338503
1295180627533324289
1295180382694907904
1295180313027543040
1295180222778679296
1295180208811601921
1295180111910584323
1295179931396186113
1295179875645640704
1295179638159945729
1295179575689961472
1295179573022224387
1295179286085873665
1295179191743164416
1295179072088059907
1295178685008564225
1295178576115822593
1295178496663261190
1295178495388262400
1295178472126586880
1295178418745614336
1295178389704384512
1295178195734536195
1295178181830295557
1295178145377783818
1295178026687365121
1295177747434635264
1295177676651716608
1295177569327820801
1295177525375598593
1295177472892256259
1295177459915268096
1295177457620852736
1295177456039505920
1295177410846089218
1295177376641556480
1295177367665729536
1295177256399060993
1295177104502423553
1295176988622233602
1295176930333986818
1295176888126771201
1295176851183329280
1295176663810977792
1295176660061310976
1295176352560222209
1295176274550431744
1295176273728348167
1295176219307147271
1295176037928763392
1295175935961047040
1295175899512541184
1295175788170342401
1295175750644105218
1295175735242567685
1295175687704154112
1295175339669258241
1295175316407803905
1295175217510309890
1295174712394502144
1295174654458388480
1295174620480405504
1295174214593347585
1295174158985371650
1295174090161041408
1295173972305354752
1295173774510301184
1295173664766402560
1295173557396348928
1295173440287064064
1295173436214394882
1295173332254560256
1295173197931872256
1295173135273283585
1295173104264609792
1295172948844859393
1295172903810596865
1295172883178643457
1295172783807307788
1295172636427902976
1295172531331248128
1295172530500755456
1295172503543980034
1295172479606906881
1295172407083245568
1295172376515227648
1295172357607141376
1295172330856034304
1295172183686369280
1295172140401131525
1295172065943621633
1295172010515894272
1295171944623603713
1295171777145057282
1295171417445732354
1295171400777564160
1295171155976847361
1295171134191616000
1295170870327963650
1295170861444534272
1295170734197792768
1295170514521030657
1295170441472966658
1295170376125865984
1295170300133310465
1295170293690822658
1295170206545960966
1295170087343849473
1295170005647028225
1295169708761575424
1295169637454356486
1295169617657237504
1295169495284285440
1295169415529586690
1295169362047807489
1295169297967280128
1295169156547977216
1295169133349343233
1295169131839238144
1295168951240941570
1295168860232933377
1295168817052745729
1295168809750245376
1295168721556627459
1295168604544131073
1295168449405046789
1295168424604311553
1295168348532211712
1295168255355760641
1295168076418351104
1295167778757005312
1295167752252960769
1295167654102274048
1295167487458197504
1295167414737547266
1295167414158729216
1295167340468932611
1295167210659315713
1295167110428033025
1295167095869771777
1295167043541569537
1295166875098202112
1295166699554078722
1295166509442973697
1295166503571005441
1295166421060575233
1295166374550081537
1295166347345707008
1295166306816102402
1295166238856011776
1295166202487222275
1295166177082085376
1295165991756787712
1295165946336653312
1295165933187629056
1295165921305255936
1295165836127166464
1295165835519107074
1295165785367875585
1295165582128459776
1295165529406267393
1295165496397045760
1295165404097253376
1295165393171025920
1295165366650286080
1295165364423204865
1295165351274123265
1295165279912308736
1295165263864721408
1295165220914999296
1295165193089978368
1295165144993943552
1295165144495005698
1295165121724022784
1295165088312078336
1295164863325433856
1295164846154096642
1295164805490159617
1295164753879486464
1295164691996725250
1295164532197715969
1295164490145624066
1295164381576257536
1295164237342363649
1295164220477063169
1295164056815493120
1295163812388233216
1295163565960097792
1295163464889954305
1295163447932383233
1295163191446495232
1295163116884393985
1295163088690278401
1295162732640182272
1295162618559291393
1295162323699630080
1295162303688716290
1295162293098024960
1295162276333400064
1295162241545904129
1295162197702610945
1295161785159311360
1295161744558440450
1295161532624633856
1295161474671878148
1295161426122870793
1295161326017425413
1295161278495744001
1295161258535268352
1295161198523162624
1295160838618316800
1295160718136934400
1295160341710561280
1295160264401330177
1295160215579443200
1295160077779742721
1295159940156399617
1295159938260639747
1295159898326605825
1295159590003204096
1295159365801054221
1295159356636278784
1295159253003468800
1295159233223241728
1295159157184577536
1295159032785899521
1295159029279395846
1295158912770084865
1295158791042764800
1295158788257796096
1295158732167553026
1295158635824373760
1295158565817085952
1295158175209943040
1295158115072184320
1295157953255809025
1295157928127860736
1295157840534032384
1295157672484974595
1295157658928865280
1295157531220815874
1295157508537847809
1295157241646125064
1295157134611619840
1295157017087283202
1295156891119751168
1295156879971188736
1295156759171084290
1295156680104087553
1295156509396078598
1295156211436978187
1295156169951117313
1295156140838395904
1295156136455307272
1295156042066808832
1295156021556584449
1295155987570216966
1295155982688047110
1295155976698437632
1295155575215595521
1295155540885008385
1295155402791948288
1295155381224775680
1295155368239280129
1295155182649724929
1295155152522018816
1295155066031075328
1295154980559749121
1295154802469396481
1295154441104982016
1295154414756327425
1295154014426980352
1295153865277476864
1295153822491389954
1295153784923004931
1295153745857323010
1295153676961452033
1295153572104085507
1295153461546430465
1295153383339372544
1295153372559839232
1295153333225885702
1295153218897485824
1295153210001367046
1295153093282234368
1295153063129423874
1295152995328557061
1295152951472906241
1295152951250391041
1295152747046670337
1295152637185146882
1295152607116197888
1295152556440723456
1295152452967075840
1295152334285176832
1295151945234161670
1295151939425107968
1295151911994261505
1295151859133370368
1295151857799577601
1295151848110817281
1295151734160003073
1295151697317130241
1295151671727796224
1295151572368781312
1295151571379068934
1295151565200691203
1295151420329492480
1295151401530580993
1295151248040239106
1295151179866005505
1295151117559619586
1295151111821721600
1295150953306488832
1295150944854904833
1295150943948898304
1295150818270814215
1295150596551372800
1295150583339417601
1295150382604259328
1295150136696291328
1295150086851182593
1295150025983635456
1295150016349319168
1295150004483559430
1295149884614438912
1295149876615868417
1295149864452526080
1295149848530784256
1295149838644867073
1295149800908677120
1295149686655942657
1295149630284541955
1295149613595471872
1295149498776207360
1295149363770142721
1295149204357013506
1295149192961298437
1295149173248086016
1295149057963429889
1295149021233807364
1295148992418914305
1295148973519286272
1295148953416196101
1295148892753924099
1295148886051426304
1295148828321099776
1295148801171132416
1295148771463041029
1295148439353909252
1295148396781674496
1295148350535274496
1295148346835980300
1295148346680782849
1295148159237324800
1295147976470528006
1295147955737985027
1295147932078006272
1295147907570696193
1295147848376504320
1295147608999186434
1295147428677648385
1295147427650035712
1295147269713539078
1295147239766134785
1295147201434451970
1295147183474454528
1295147105267453956
1295146841101807616
1295146832008372225
1295146793559195648
1295146750760620032
1295146500918398977
1295146206323245056
1295146161859375106
1295146133346557953
1295145967621148673
1295145921563394049
1295145794962698245
1295145726381621248
1295145585566257153
1295145570747551745
1295145535192608771
1295145496621789186
1295145484051333121
1295145319559094272
1295145210796793856
1295145188956999686
1295145187547795456
1295145091481440256
1295145083646300160
1295144988100030465
1295144899730272256
1295144796584017928
1295144774022856705
1295144538286284805
1295144343234162688
1295144215178104832
1295144086677184515
1295143902861758466
1295143747441876994
1295143731675443201
1295143673756295168
1295143637043601409
1295143535608344576
1295143451290251264
1295143374790578183
1295143081982021632
1295143049706631173
1295142963375374340
1295142828436328448
1295142786660958210
1295142685326692359
1295142469395533825
1295142456279826434
1295142448050720772
1295142315133145089
1295142243129372673
1295142114611941376
1295142077874012162
1295142066276782082
1295142059725078529
1295141986815680522
1295141979588825089
1295141813691592707
1295141781147795456
1295141741461372930
1295141694510374913
1295141305983602689
1295141183216324608
1295141160785072128
1295141156972617733
1295141113842601984
1295141102018801664
1295140993432457216
1295140975308767232
1295140918710992902
1295140847848050688
1295140774280077312
1295140683204919303
1295140621536104448
1295140607501824000
1295140593950167041
1295140557748965376
1295140436936478722
1295140307646820352
1295140267230552066
1295140212016783360
1295140190818836481
1295140093708181506
1295140050871754752
1295140004096651264
1295139894726217730
1295139780120834048
1295139646930857984
1295139418228097025
1295139350557188097
1295139201910861824
1295139104372461573
1295138984667107329
1295138924382154752
1295138779695652864
1295138541668913152
1295138521490087938
1295138519208177666
1295138402657083395
1295138379777138689
1295138333451059201
1295138239603511299
1295138171286687746
1295138052298420224
1295137773217894400
1295137659904561154
1295137467528630279
1295137462952636416
1295137417171628032
1295137319360450563
1295137292403773445
1295137270593355778
1295137262187892738
1295137097846849538
1295137092297785345
1295136959141117967
1295136823157624835
1295136597835276288
1295136577803493376
1295136565212016641
1295136472799105024
1295136455640133633
1295136447570292743
1295136434773544961
1295136368084033536
1295136365559140352
1295136266988789762
1295136202211971073
1295136095999533059
1295136048406843392
1295135951220613125
1295135864549507072
1295135813592809472
1295135587658170368
1295135466027704320
1295135401942884352
1295135398897823746
1295135210917552129
1295135182337474561
1295135083309998080
1295135023566401536
1295134867303231488
1295134790337921025
1295134606463660033
1295134448644755464
1295134329102905346
1295134201025564675
1295134052672995328
1295134036554321921
1295133962906542080
1295133960024989696
1295133875572822018
1295133786020040704
1295133723730444289
1295133657255030791
1295133450089963522
1295133378698784768
1295133307294941184
1295133072464044032
1295132695178219521
1295132680993083397
1295132634054635523
1295132430504988673
1295132424071008257
1295132419742474241
1295132068414971906
1295131812289818624
1295131802034565121
1295131650905579520
1295131624259059718
1295131578251837443
1295131577026936832
1295131567090630656
1295131561583681536
1295131533389438976
1295131329982607364
1295131287208984576
1295131286281969664
1295131239121379328
1295131221173907456
1295131197224497153
1295131180531159049
1295131052311117825
1295131018337423361
1295130928994553856
1295130920031223808
1295130860795113473
1295130647179268096
1295130645098827778
1295130588207177730
1295130490844975110
1295130487573417985
1295130470951329792
1295130257771634689
1295130165060624384
1295130101470945282
1295130005282988032
1295129928128634880
1295129898709745664
1295129769701408769
1295129723861897218
1295129308130836481
1295129159505719298
1295129108633051136
1295129105269166084
1295129073916751874
1295128961572196352
1295128944316829696
1295128938436390914
1295128936364609536
1295128771973062661
1295128753807298560
1295128466552049665
1295128464119476224
1295128249601753088
1295128211257323520
1295128099235852288
1295128010853683204
1295127990464995328
1295127917391777792
1295127716111331328
1295127685568634880
1295127488864161793
1295127297268293635
1295127272936992769
1295127224023158786
1295127203299155974
1295127115461926912
1295127103638315013
1295127070746566656
1295126968871071744
1295126884892782593
1295126872435486723
1295126836389777412
1295126825325268994
1295126798640922624
1295126557263093760
1295126466619875329
1295126318518919168
1295126273883283456
1295126204719259648
1295126101715496961
1295126055670423552
1295125937022017537
1295125933897273351
1295125860119449610
1295125802699251713
1295125773876174848
1295125595953692672
1295125461324898304
1295125291988213760
1295125251257499651
1295125164619780097
1295125136706764800
1295125040007016449
1295125034877378560
1295124982536835077
1295124961108131841
1295124861698879490
1295124823291486208
1295124785395937280
1295124782703431682
1295124691640823808
1295124571985674240
1295124536279670793
1295124529283440640
1295124519665967110
1295124410014109697
1295124403215204352
1295124166820220930
1295124146452672515
1295124105667084288
1295124017519656960
1295123968689442816
1295123943762857985
1295123864641572870
1295123839576285186
1295123755350593536
1295123714405613568
1295123707388555265
1295123629705838592
1295123612031160321
1295123482792075265
1295123463733227521
1295123444208742402
1295123436314988544
1295123384783822858
1295123276621123592
1295123250159198213
1295123199370330114
1295123182152630272
1295123141069479936
1295123018641838081
1295123000811905025
1295122986614259715
1295122962996252674
1295122788437688321
1295122685668855813
1295122684209242112
1295122476687474688
1295122402200952838
1295122360245288961
1295122322895122432
1295122240724508672
1295122229106216960
1295121724002844673
1295121661449113601
1295121605853474816
1295121435288113152
1295121356871344128
1295121311585501184
1295121295483576320
1295121103246041094
1295121023482892288
1295120919908630528
1295120845707370496
1295120833212559360
1295120805668495362
1295120754317688840
1295120644573736961
1295120614030749710
1295120548658323456
1295120477858541574
1295120382148526080
1295120378763907077
1295120319376744449
1295120224694370309
1295120221393620993
1295120170940162049
1295120126371680256
1295120032347721728
1295120015897825281
1295119980573286400
1295119854219878401
1295119765040750593
1295119647453466624
1295119516838645763
1295119493954449409
1295119470470430721
1295119445308903425
1295119440036671490
1295119341214674944
1295119315319115776
1295119187673862146
1295119112608387073
1295119068870201354
1295118956878077952
1295118926767063040
1295118830121947142
1295118686752092160
1295118620406685697
1295118614790647813
1295118437685923840
1295118390697299969
1295118331964542976
1295118213664178180
1295117894192369664
1295117881659650048
1295117857219633153
1295117794741112832
1295117757147734017
1295117708212805632
1295117596522680320
1295117585613312005
1295117570761281536
1295117544295026694
1295117482601177090
1295117468642562049
1295117429803298820
1295117418453446656
1295117279634612225
1295117118883663872
1295117080535142401
1295117050478768128
1295117016295190530
1295116991129366529
1295116977946714117
1295116968945688586
1295116946048839680
1295116888096161792
1295116883633438720
1295116862485823488
1295116773247856641
1295116735461437440
1295116625457250304
1295116595900055555
1295116448461926401
1295116417080201218
1295116377972514817
1295116344912994306
1295116277715894272
1295116261765111809
1295116196627525637
1295116140889473026
1295116082689323010
1295116025726369794
1295116010748551169
1295115868234346496
1295115831400071168
1295115825926606851
1295115759618625541
1295115752492630016
1295115748680097793
1295115686411460610
1295115645605085185
1295115624734228480
1295115581952229380
1295115548653649928
1295115503606861826
1295115484296175616
1295115457549213700
1295115448904712192
1295115425819353093
1295115415635599362
1295115411445313536
1295115339173437442
1295115293405130755
1295115152837181441
1295115138354249728
1295115082020474880
1295115072147161090
1295115039037300737
1295115009396178945
1295114951858757639
1295114925954732032
1295114910569885697
1295114887144902662
1295114753120120841
1295114730365833217
1295114661847863296
1295114594873212929
1295114542234697730
1295114534575841280
1295114455269990403
1295114418863439873
1295114377008484362
1295114353771872256
1295114351741984768
1295114351074881536
1295114132363120640
1295114027350126592
1295114022635765760
1295114008375304193
1295114003337936896
1295113948467994624
1295113858223190016
1295113796164497413
1295113603847249921
1295113530346151936
1295113519243890689
1295113498641522688
1295113163709579264
1295113105320509440
1295112896846987265
1295112640348532737
1295112633528586242
1295112616768045056
1295112601827852288
1295112525340643328
1295112396537765889
1295112343513440256
1295112335095463942
1295112283354476545
1295112258503278592
1295112139640836097
1295112100227043329
1295112094879223809
1295112084032823298
1295111944064495617
1295111679248936962
1295111579932020736
1295111536919351298
1295111490912030722
1295111401283792896
1295111315325890562
1295111178234953728
1295111151299305474
1295110858989867008
1295110732934086656
1295110579305275394
1295110379085889536
1295110229265387530
1295110209564823554
1295110204204486658
1295110182163357696
1295110164497018885
1295110110054817792
1295110097123803142
1295109939451461632
1295109878403305472
1295109835588083712
1295109685482344448
1295109660089806848
1295109433815695360
1295109422637813762
1295109375829217281
1295109313342525440
1295109251904335872
1295109245663313921
1295109140080140290
1295109134334013444
1295109107423289345
1295109043581837312
1295109020475437059
1295108903219286016
1295108814560063489
1295108523286843394
1295108506484449280
1295108443179749377
1295108345720901642
1295108238233436162
1295108132188958720
1295108131459080193
1295108113306198016
1295108098647097346
1295107945966047234
1295107882959147009
1295107881776353287
1295107811895115776
1295107728013234177
1295107689647869952
1295107662993141760
1295107580029796360
1295107527127048192
1295107519673753600
1295107518113423361
1295107512702828547
1295107511239020544
1295107503978622978
1295107502087065607
1295107393668501509
1295107392812855302
1295107334243401729
1295107235320864768
1295107209529929728
1295107202508828673
1295107154739785728
1295107128571699200
1295106954923311104
1295106906579705858
1295106765340594176
1295106746847985667
1295106743379398656
1295106742238445577
1295106687322460161
1295106668263436288
1295106539997470720
1295106401480646658
1295106396858580999
1295106305938591752
1295106228771749889
1295106228528586757
1295106222040010752
1295106202003808256
1295106138195800065
1295106125420007430
1295106039847833604
1295105875468787712
1295105845139709952
1295105763380273159
1295105726118014976
1295105720661180425
1295105717385465857
1295105642810806275
1295105548086648835
1295105407812358146
1295105386706604033
1295105072762937345
1295105067117248513
1295105060473458688
1295105027669983232
1295104991905157122
1295104989279346689
1295104959780761600
1295104951342039041
1295104851224010758
1295104622663593984
1295104609191690241
1295104422058622977
1295104404190908418
1295104402035007488
1295104361375264768
1295104316102135812
1295104310590574592
1295104309739298817
1295104068868665344
1295104022991589378
1295104016834334721
1295104012996485122
1295103942754332672
1295103933241794560
1295103928657379330
1295103924068741121
1295103870373330944
1295103865709264897
1295103826605703168
1295103745513213955
1295103551652237312
1295103546602319872
1295103523861024769
1295103512980926471
1295103269333807104
1295103102056574977
