1294740572197007362
1294740368681054213
1294740364289613824
1294740216478081024
1294740098265894912
1294739936965402627
1294739693960036353
1294739664155193344
1294739657209651200
1294739655741419521
1294739557619871744
1294739513152024576
1294739480579051525
1294739411394080774
1294739366175051776
1294739203708813312
1294739159299420160
1294739048435720194
1294739040692928512
1294739001996435458
1294738929090998274
1294738870127525888
1294738868584013829
1294738775902433284
1294738757707427840
1294738355171872768
1294738295935598592
1294738166314930176
1294738161902510082
1294738123008512000
1294738114221608962
1294738048492736520
1294737981811515392
1294737698876514312
1294737686045978624
1294737676764151810
1294737622569369601
1294737598343032833
1294737540658819072
1294737491237404674
1294737424686256128
1294737382730641408
1294737340192235521
1294737267886567425
1294737226564329472
1294736994535342084
1294736899999969282
1294736847315308547
1294736731409747968
1294736716318867462
1294736709935079427
1294736671867457537
1294736493093822464
1294736422025302018
1294736404413587457
1294736344921579526
1294736287975448576
1294736136800284673
1294735991702528002
1294735909187919873
1294735829093367808
1294735708456775680
1294735549002141698
1294735517829853185
1294735467976568833
1294735435273576455
1294735280860258306
1294735263663620097
1294735184776933377
1294735179202932738
1294735147665887243
1294735119723319296
1294735078774497281
1294734995685281794
1294734979856060418
1294734851673853952
1294734784011415552
1294734776159612929
1294734632231899136
1294734631816708096
1294734601232015364
1294734542247526400
1294734277100228608
1294734245898924034
1294734223736283141
1294734085953380355
1294733950569426944
1294733833825161216
1294733784919801857
1294733593353150464
1294733570792136706
1294733473719123972
1294733379561304075
1294733372070273024
1294733281489977352
1294733268604956672
1294733226351775744
1294733156172443648
1294733075918749696
1294732964593623047
1294732908033449984
1294732866161500160
1294732806443143170
1294732723068624896
1294732701497536518
1294732666772680705
1294732629019889666
1294732588087746562
1294732485696290816
1294732471133786118
1294732462875172864
1294732451550560256
1294732407518580736
1294732275599511552
1294732155910852608
1294732109249220608
1294732031369383941
1294731966236033024
1294731965917265921
1294731937362444289
1294731880638513152
1294731755908472834
1294731567739305984
1294731556708323330
1294731485791096834
1294731398113361923
1294731301979918336
1294731172178800640
1294731101186011141
1294731062212321282
1294731049092579328
1294730944893669376
1294730800961925121
1294730763649404929
1294730751959879683
1294730751829835776
1294730698482483200
1294730632120041472
1294730618870411273
1294730614554279936
1294730568513593348
1294730526415355910
1294730412762312707
1294730379048497152
1294730331770064896
1294730263638016005
1294730217320259585
1294730175746314248
1294730159346589696
1294730146298109955
1294730100517351424
1294730082427310080
1294729988415971328
1294729949727711232
1294729894325293056
1294729865690861569
1294729806211420161
1294729786816962560
1294729714557485057
1294729650846011392
1294729632399360001
1294729621703991298
1294729513465778176
1294729484650852353
1294729331760144386
1294729276022042624
1294729194325377025
1294729168043687936
1294729160213114881
1294729013441822721
1294728913688698882
1294728862983761921
1294728817504731136
1294728690946002947
1294728678220468224
1294728545646903296
1294728508284043270
1294728486108557312
1294728485295063041
1294728473156739074
1294728441040973824
1294728409780805632
1294728359814012933
1294728338624446467
1294728322442764289
1294728221867597825
1294728161285091329
1294728152175042560
1294727951112527874
1294727934364667904
1294727845588107266
1294727833995141120
1294727617044557825
1294727503236534275
1294727414438928384
1294727385128951808
1294727342313615361
1294727316141232129
1294727232892612609
1294727215276609538
1294727212231307265
1294727031670943744
1294727017263321088
1294726986577989632
1294726909801111552
1294726901672448001
1294726872530550784
1294726870198444032
1294726745476730881
1294726602169782272
1294726581181505536
1294726546171793408
1294726303715930112
1294726264377561092
1294726186627731457
1294726078309662721
1294726020847861763
1294725926547148801
1294725880061845507
1294725843609104391
1294725821878489088
1294725781973868545
1294725711924572160
1294725684691181568
1294725659369943040
1294725626914656257
1294725410807320576
1294725390628319232
1294725072108883968
1294725038604574721
1294724990051340289
1294724934409756673
1294724870580785152
1294724722354278401
1294724620373745669
1294724605777674240
1294724605135839232
1294724589659054080
1294724551713198080
1294724511661789186
1294724474336665601
1294724468812787719
1294724440161423360
1294724214788947971
1294724211785625601
1294724164595732480
1294724147214524416
1294724129061515266
1294723976065884160
1294723972072972295
1294723949692035072
1294723933820858369
1294723877688549380
1294723821447127040
1294723741172326402
1294723726362189830
1294723689787817984
1294723689079083008
1294723608498049024
1294723496702967808
1294723495365091328
1294723417149759489
1294723240183685122
1294723189340164097
1294723153449582597
1294723148273901569
1294723041818284033
1294723004468006917
1294722833671692288
1294722713978916864
1294722673478717440
1294722613328175105
1294722526900375553
1294722389645942784
1294722258506780672
1294722247823953927
1294722146615332864
1294722070987890688
1294722067376549889
1294721987378544642
1294721865781596162
1294721815084843009
1294721807618981894
1294721742452281345
1294721579927183361
1294721560201240577
1294721523823960064
1294721505843085314
1294721504442298369
1294721433965170689
1294721356916043777
1294721353401106435
1294721274883780608
1294720959509868547
1294720948004945920
1294720916556062720
1294720909660618753
1294720828614029313
1294720723433521153
1294720663857463296
1294720624561016832
1294720596748701698
1294720569104105473
1294720526175281152
1294720513781059585
1294720504155246595
1294720477538082817
1294720379152412673
1294720363486642176
1294720327625273344
1294720281202708480
1294720208758808581
1294720187296489472
1294720149782556672
1294720134028943360
1294720117566320640
1294720084229926912
1294720060129447937
1294719972632072194
1294719963077500929
1294719946841141248
1294719943850831872
1294719886384680961
1294719834840879106
1294719792054591489
1294719788858531846
1294719736777932801
1294719703269679104
1294719628955070465
1294719582272454658
1294719497086083075
1294719465750503426
1294719436520382464
1294719315195953153
1294719256802865153
1294719233876664320
1294719223990812674
1294719153425833991
1294719123641917441
1294719075827036163
1294718991965892608
1294718969576935424
1294718953084850177
1294718847006707712
1294718814899380225
1294718810117873667
1294718669092802567
1294718638604161024
1294718634393243650
1294718619595804675
1294718442411630592
1294718377810784256
1294718227352817665
1294718127582978049
1294718123539660806
1294717973224214528
1294717911798616067
1294717908808015874
1294717828545875968
1294717703429791744
1294717604674797574
1294717501180448769
1294717498248527873
1294717483681636352
1294717326122606592
1294717324579295233
1294717284460761089
1294717230484250624
1294717211609899012
1294717178726375424
1294717175459131393
1294717167179649024
1294717142793957376
1294717088326533120
1294717059847266306
1294717032819195912
1294717022882988034
1294717012728516609
1294716960132026368
1294716850757144580
1294716839612895233
1294716625657180160
1294716610704539648
1294716606757601280
1294716599199399936
1294716571122884608
1294716570648760320
1294716527103680520
1294716515363827713
1294716449550934016
1294716397176500225
1294716276003217409
1294716182780694528
1294716129294917637
1294716115067772929
1294716059052695553
1294716012630364161
1294715971186429952
1294715969986854912
1294715942174437383
1294715857290104833
1294715796112003073
1294715764130316289
1294715709751283718
1294715628809576450
1294715627836452864
1294715624179064842
1294715575558524928
1294715571997638661
1294715532734640130
1294715509888315392
1294715451289882625
1294715445073846273
1294715398043172876
1294715395186634752
1294715269684686848
1294715201779109888
1294715100939526144
1294715048808587264
1294715035239870464
1294714983977287681
1294714907078701057
1294714863399256064
1294714800119975937
1294714775612661761
1294714770587824128
1294714719316504576
1294714644917940227
1294714576941060096
1294714533001347072
1294714527884468226
1294714515913932800
1294714510725373952
1294714510574411777
1294714444111634432
1294714269368549383
1294714154289422336
1294714052774629379
1294714016065966081
1294713763170603009
1294713752919523328
1294713735802748929
1294713708459864064
1294713667536269312
1294713449059164166
1294713255911395332
1294713244976906240
1294713228266741760
1294713100881367040
1294713025258090497
1294712946816241664
1294712837462544390
1294712721259343872
1294712703278145536
1294712657635835908
1294712655932841984
1294712601839009793
1294712581345677317
1294712525779611648
1294712339430744064
1294712325786734592
1294712251056824320
1294712164398305280
1294712124791562240
1294712122270715904
1294712112502247424
1294712095578247170
1294712029442441217
1294711895484559360
1294711893999980546
1294711873401548800
1294711765671071744
1294711753805193216
1294711745680818177
1294711724277407744
1294711684020482048
1294711658238087173
1294711455443451904
1294711319560482816
1294711309511151616
1294711289239879680
1294711206956146694
1294711194616344578
1294711151138353155
1294711031999078403
1294710982816735234
1294710803514503169
1294710605270650881
1294710524450463744
1294710444331065345
1294710419009855489
1294710303322562560
1294710280954445826
1294710222590824448
1294710220208459777
1294710184737038336
1294710011264823296
1294709968717975556
1294709967824576514
1294709962581716998
1294709933922029570
1294709904725422084
1294709834239971328
1294709734994579459
1294709729357230081
1294709724613550080
1294709720368975881
1294709572796588033
1294709410196062208
1294709343485657090
1294709339400306688
1294709291983740928
1294709282982760448
1294709153382797312
1294709135993446401
1294709120793223170
1294709117404295168
1294709032985350144
1294708994829844481
1294708967160127488
1294708868346449922
1294708657037484040
1294708577614127104
1294708461524135936
1294708435938942976
1294708383367348226
1294708357312520193
1294708303319236608
1294708288702095362
1294708048905121793
1294707966268989440
1294707909159350272
1294707801026166784
1294707629399433216
1294707561783013377
1294707554593849344
1294707515423326208
1294707511618973702
1294707505398980608
1294707491947851784
1294707419814285314
1294707393864126464
1294707363287642113
1294707299810975744
1294707257729355777
1294707212456210442
1294707162065670144
1294707067177930755
1294706895417212930
1294706866774147072
1294706781982273542
1294706775074246661
1294706635693264900
1294706571184922626
1294706516209983488
1294706512124940294
1294706509780320258
1294706502385782784
1294706422354124800
1294706344956530689
1294706321565061122
1294706306809552897
1294706261506904071
1294706160772222976
1294706128845025280
1294706089578168322
1294706052915748866
1294706037770072064
1294706031025676299
1294705864536764416
1294705848523128834
1294705806752059393
1294705777786011650
1294705763827380224
1294705746592927745
1294705713755742209
1294705695154212865
1294705581756780545
1294705536655646721
1294705388479078400
1294705353980907520
1294705129938067456
1294705118068146176
1294705062778933249
1294705060547637248
1294704985767378944
1294704918796873732
1294704904741752836
1294704896646807552
1294704894625144834
1294704838953951232
1294704794867703808
1294704734218092545
1294704730267168770
1294704642149031936
1294704639867105280
1294704628911747072
1294704537996070913
1294704478801793025
1294704340494622721
1294704327815319552
1294704310710870016
1294704273096355843
1294704084436516864
1294704011879251968
1294703853162512384
1294703744806944768
1294703737089466368
1294703606575308803
1294703563763982336
1294703511762944000
1294703504418906117
1294703450564038658
1294703428774625280
1294703383954116608
1294703241855475713
1294703136678899713
1294703079649153024
1294702962971942917
1294702929635663872
1294702913718292481
1294702904620781568
1294702850510139392
1294702826090901504
1294702817987506182
1294702793052176386
1294702788723671046
1294702768800837633
1294702765021650945
1294702646276657152
1294702625267556352
1294702566907891712
1294702546284613632
1294702456115527687
1294702409306996736
1294702376444600320
1294702351069126656
1294702288292835334
1294702194445258753
1294702045199339521
1294702042078949376
1294701948944384002
1294701853108822019
1294701769407123456
1294701737719341061
1294701686620073986
1294701631498596353
1294701592772349952
1294701573721870336
1294701473457029121
1294701466767314945
1294701414040641538
1294701390238031874
1294701386345713664
1294701261992783873
1294701158183903232
1294701119856349184
1294701091767103488
1294701030786117633
1294701017532174339
1294700991376322560
1294700963303837696
1294700908123754497
1294700905116372999
1294700881372311553
1294700816213987328
1294700744680013824
1294700663339974656
1294700649301659654
1294700574659747842
1294700537049382914
1294700399492964352
1294700377225404418
1294700339350863873
1294700277480783883
1294700264537182216
1294700220517765120
1294700187542335488
1294699993090195463
1294699958671683585
1294699958424281088
1294699936299118592
1294699816220594180
1294699789121011713
1294699777511362565
1294699606635188224
1294699552130437121
1294699538788290560
1294699519750189057
1294699426645245953
1294699423214313472
1294699404700639242
1294699397947826177
1294699354729701376
1294699245291950081
1294699190136668160
1294699156183949315
1294699139930955777
1294699117478727680
1294699099422224384
1294699040307904513
1294698939996868608
1294698904651358208
1294698815191232513
1294698681774551040
1294698612014944257
1294698610576293889
1294698509720080384
1294698506108665856
1294698408742137857
1294698356002832385
1294698211739918337
1294698146250006529
1294698138012463104
1294698035297972224
1294698033771249666
1294697982495989761
1294697979341762560
1294697951567048710
1294697940611604480
1294697905123659777
1294697896768667654
1294697856125739008
1294697826325274625
1294697815604695040
1294697752274894850
1294697578743894024
1294697490512596998
1294697177659432963
1294697175331504134
1294697125549428737
1294697061175066624
1294697037745786882
1294696631342899200
1294696619770707969
1294696615354277889
1294696606944591878
1294696463314743301
1294696449981259778
1294696252148523008
1294696231382515718
1294696187732168710
1294696155813564416
1294696117767147520
1294696106065002504
1294695987672276994
1294695783816732673
1294695726153453577
1294695720256188416
1294695709833408512
1294695658646048770
1294695654741155840
1294695652891529218
1294695613364305920
1294695587078692871
1294695544007213057
1294695533295083521
1294695503742087169
1294695491687444480
1294695389321465862
1294695381725478913
1294695354693087232
1294695290843222022
1294695109326524416
1294695103932637184
1294694984420077569
1294694945647992835
1294694872599769089
1294694570681278464
1294694506634383360
1294694259849928705
1294694252581093376
1294694221987885056
1294694186768359427
1294694119965487104
1294694096091611138
1294693919016415232
1294693908862009344
1294693832370597888
1294693827152756736
1294693561494114307
1294693482133692419
1294693232119554056
1294693129640202240
1294693037797289985
1294692979337236481
1294692946881572865
1294692942519689216
1294692929169235974
1294692861724762114
1294692484854013953
1294692448384491523
1294692413508919297
1294692379631419394
1294692376628396032
1294692285637177350
1294692190057373697
1294692176878645253
1294692152337932290
1294691929792360449
1294691925983993858
1294691890412101632
1294691870962888704
1294691782362640386
1294691764553560066
1294691725848358912
1294691680050909185
1294691630432301056
1294691559808446466
1294691536056143873
1294691453168386048
1294691400949420033
1294691320397803520
1294691287581495296
1294691188361048064
1294691185550737409
1294691107117252608
1294691105649438722
1294691092361871362
1294691006567403520
1294691004960911361
1294690937462030337
1294690917362925570
1294690845032144905
1294690750219743233
1294690746440781824
1294690720167505921
1294690682108403713
1294690595202453506
1294690551753842689
1294690524809617413
1294690500549775360
1294690464222806019
1294690430882258944
1294690361739218944
1294690311227052032
1294690279866286081
1294690265383546881
1294690256609042434
1294690232995020808
1294690145090797568
1294690112123490305
1294690035028168711
1294690026442432512
1294690026358439937
1294689915461160961
1294689867574775808
1294689803745652736
1294689744257835009
1294689677488934913
1294689479811268616
1294689467127734272
1294689421418278912
1294689400690016262
1294689361653575685
1294689308587298821
1294689262852378625
1294689197916164096
1294689174960902152
1294689123588947968
1294688978516443140
1294688927849226240
1294688925349367808
1294688911495761922
1294688854222540810
1294688824665288706
1294688790498258945
1294688720017330177
1294688575385227266
1294688518866972672
1294688472201154560
1294688444648763392
1294688192046592001
1294688098853494786
1294688024186556417
1294688020478791682
1294688014107541504
1294687945564270593
1294687887661961216
1294687865612283909
1294687818975854592
1294687799581409280
1294687756518481920
1294687702923714561
1294687512942829568
1294687444521148416
1294687289189310464
1294687204300787713
1294687107710160897
1294687105017417730
1294687088332480514
1294687072746233856
1294687028689461249
1294686997278330882
1294686979486089217
1294686796442415106
1294686734421286926
1294686720022192128
1294686709179809794
1294686684693422081
1294686662673534976
1294686651038470144
1294686634605150208
1294686546000576514
1294686523577651200
1294686519949590528
1294686414559424513
1294686384901353473
1294686377129291777
1294686333592580103
1294686288914927622
1294686254043455489
1294686249945567240
1294686245260599296
1294686240969826305
1294686181544923141
1294686131179552774
1294686109935566848
1294686057754173440
1294685991106686977
1294685956507758592
1294685949427945474
1294685932033982464
1294685918679506944
1294685783278796800
1294685781009801216
1294685774454173696
1294685732238393346
1294685709891186690
1294685692715511810
1294685685509586944
1294685668036116481
1294685619281629184
1294685553695350789
1294685357540126723
1294685305992294400
1294685285838725123
1294685283120635905
1294685247020261376
1294685151549706240
1294685148307288064
1294685137481891843
1294685132616380416
1294684809793622024
1294684787328913410
1294684776033640448
1294684753694785537
1294684747562496000
1294684709876834304
1294684682701770754
1294684623130128384
1294684497552773120
1294684337145884675
1294684290652024832
1294684274713661441
1294684257902895111
1294684199618674688
1294684186523996162
1294684037416615937
1294683945615986688
1294683918021492736
1294683885020872705
1294683875034226688
1294683874320986112
1294683854587002881
1294683700337180672
1294683668196159491
1294683644657668098
1294683602735833097
1294683521575862272
1294683453049331712
1294683338515427330
1294683312582266882
1294683305829380097
1294683293800177669
1294683293305188353
1294683231355207687
1294683177395552256
1294683146445656064
1294683036899049474
1294683002673541122
1294682946138406913
1294682934893580289
1294682908553351171
1294682890924589062
1294682885811650560
1294682877809111041
1294682769554132993
1294682628315111425
1294682539500527616
1294682403022049281
1294682374270324736
1294682370650435584
1294682341378387971
1294682332645847041
1294682332012609536
1294682289662595077
1294682250437525504
1294682244737576960
1294682205621350403
1294682158766800896
1294682128966250496
1294682099794968578
1294682047382867971
1294681993368735745
1294681989149147142
1294681986452328459
1294681939647983616
1294681915790970881
1294681884018929664
1294681879111585792
1294681862447693824
1294681851726983168
1294681810316607489
1294681776565100544
1294681756927483915
1294681648999481344
1294681569811193862
1294681529600237568
1294681527901708295
1294681524701409282
1294681512277942272
1294681434167234561
1294681421668388865
1294681405742514176
1294681400633950218
1294681329691496450
1294681238645755904
1294681126351466496
1294681112434716672
1294681015710097410
1294680929240141824
1294680884587769857
1294680836873175041
1294680822742691842
1294680772025159680
1294680768418066432
1294680698968735744
1294680673811402752
1294680653557108738
1294680632463958016
1294680591913357314
1294680589061300228
1294680542697283585
1294680518848655361
1294680489060470786
1294680433507041286
1294680414339108869
1294680380159586306
1294680370554662912
1294680189088210944
1294680163029000195
1294680113749999617
1294680102975025152
1294680044674088960
1294679974243336195
1294679842621984768
1294679769741758467
1294679731325923328
1294679705732493312
1294679686107156481
1294679636060721152
1294679512223866882
1294679492317736960
1294679492020051968
1294679474987044864
1294679448294309888
1294679435397017601
1294679415113252868
1294679377397944321
1294679375812624390
1294679342082134017
1294679296368414720
1294679292295618560
1294679248427393024
1294679245742981121
1294679215841742848
1294679188327272449
1294679182853775361
1294679134505857024
1294679126088056832
1294679121528860672
1294679031137394691
1294678933967761408
1294678872722755585
1294678772160045056
1294678663624044548
1294678646796541952
1294678635509460999
1294678594787127298
1294678338632646660
1294678258978566149
1294678229110923268
1294678197242441731
1294678146462167043
1294678063582720001
1294678027704598528
1294677971492655104
1294677960507551746
1294677917214158853
1294677903599337475
1294677884737589248
1294677879024832512
1294677811454717952
1294677786226053120
1294677781968760834
1294677767188078592
1294677726671118336
1294677698732789762
1294677655514742785
1294677637529468934
1294677538627878914
1294677468742180864
1294677418008084481
1294677300932489224
1294677256111980544
1294677221219737600
1294677166202843141
1294677154136035328
1294677038473699329
1294677016722063361
1294677010027917312
1294677007888977920
1294676943011328001
1294676897863958529
1294676896022540289
1294676859800522752
1294676837365358592
1294676772101865472
1294676755765051392
1294676743094116353
1294676698743676929
1294676698227781639
1294676693005860864
1294676653512241153
1294676622809927680
1294676621228519424
1294676590065000448
1294676550563045376
1294676437375606784
1294676388432302080
1294676386922115073
1294676350070960128
1294676327572754432
1294676301421268992
1294676233117212673
1294676216792981510
1294676133703712769
1294675978292060160
1294675935065788416
1294675929831297025
1294675929231482882
1294675823425814528
1294675783978332161
1294675731461681152
1294675600783945729
1294675457712037889
1294675397905461248
1294675369375805440
1294675303516614656
1294675289981640706
1294675172667068417
1294675156816732256
1294674908941885441
1294674892563120135
1294674873810378755
1294674664984326144
1294674570167889922
1294674442405076993
1294674381118017536
1294674347479556098
1294674184652509189
1294674132580413441
1294674043774410753
1294674006159892480
1294673980549300226
1294673977198157824
1294673954762784768
1294673940074377217
1294673820553564161
1294673804887826432
1294673765305999361
1294673645978124295
1294673609273860097
1294673520509632512
1294673465123811329
1294673454260781058
1294673404461813760
1294673403991949312
1294673402633035776
1294673399881641984
1294673346764865536
1294673301990772737
1294673146054877184
1294673108809338881
1294673064303767552
1294672977116758016
1294672923500769281
1294672821344514052
1294672810015625219
1294672752314593281
1294672752238981120
1294672749647081472
1294672608944959491
1294672525641822214
1294672423963549701
1294672403759378433
1294672369659912195
1294672323900059650
1294672282590171137
1294672222301364226
1294672186012205056
1294672175018831872
1294672083293802496
1294672052545130497
1294672000191889409
1294671756402319360
1294671649355120647
1294671646956163074
1294671575099281410
1294671460406099970
1294671453015748610
1294671443360268289
1294671441133219842
1294671421109673985
1294671405858996224
1294671249923350528
1294671202145968131
1294671112459055106
1294671100241117185
1294671076996403200
1294670950152040450
1294670942644428800
1294670887724224513
1294670867033657344
1294670800889327616
1294670765468524544
1294670737601699841
1294670611239907328
1294670608509415425
1294670471888359425
1294670423347605505
1294670315872755713
1294670270742093825
1294670258649931777
1294670211589832705
1294670190681063424
1294670175136919554
1294670145038811137
1294670054827732999
1294670029938622465
1294670011416576001
1294669989073629186
1294669932882468869
1294669871767330818
1294669836866396162
1294669718847139841
1294669481625694213
1294669472306012162
1294669433764556802
1294669423169527808
1294669385404121091
1294669009024032769
1294668963977150466
1294668911716311044
1294668871765504001
1294668697395658752
1294668605238509569
1294668580794118145
1294668577958776832
1294668470877970434
1294668420479356932
1294668346428882944
1294668208994050049
1294668036394426379
1294668031508066306
1294667944094466048
1294667925245300738
1294667887865733125
1294667630004109312
1294667602971840516
1294667563335593987
1294667504560807938
1294667494075105286
1294667478325436417
1294667474303098880
1294667385773801472
1294667366383718401
1294667326223245313
1294667305843068928
1294667299375390720
1294667299304230913
1294667142504288257
1294667091195437060
1294667000317382669
1294666962656608256
1294666936429826048
1294666873896701954
1294666826685853696
1294666732251090944
1294666722146955264
1294666589355347968
1294666540953088000
1294666510292508672
1294666357884088320
1294666326489923586
1294666314439630848
1294666304243163138
1294666172173037568
1294666162790264834
1294666161641193473
1294666078682066944
1294666068489834496
1294666005898305538
1294665999405338630
1294665806307979266
1294665695020621826
1294665653844979713
1294665558730747906
1294665519245795328
1294665515236024321
1294665395215806464
1294665390191259655
1294665354120134663
1294665313343148034
1294665241284968449
1294665197609783296
1294665151807926273
1294665124377223173
1294665059906588672
1294664976741945345
1294664858668064769
1294664858554847236
1294664833300914177
1294664683497099270
1294664679600599041
1294664663549054977
1294664654040338434
1294664505302167554
1294664484946993153
1294664465095499783
1294664332815618049
1294664282362109952
1294664189005320192
1294664035128967169
1294664014882983936
1294664000962273286
1294663997573206016
1294663983560105985
1294663975892811776
1294663959065366529
1294663915301871616
1294663863565246464
1294663751719944192
1294663727233544192
1294663667427020802
1294663574384709632
1294663557683044352
1294663534098305025
1294663481183080449
1294663453538496513
1294663311670337536
1294663258079731712
1294663230472806401
1294663224101675010
1294663107667689472
1294662991250485249
1294662855573217283
1294662773788610560
1294662726225137666
1294662626396508160
1294662482984759296
1294662479272845312
1294662395869065219
1294662339329847296
1294662307595710464
1294662291393142785
1294662172044333056
1294662153912418304
1294662063147692039
1294661913947897857
1294661877486645248
1294661868343058432
1294661847245713409
1294661669256179712
1294661657030021120
1294661610103963648
1294661519037218821
1294661437844054019
1294661426980753408
1294661377026658304
1294661353777459202
1294661328456441856
1294661278108024834
1294661241906987008
1294661216724561922
1294661179625758721
1294661143626166272
1294661021185892353
1294660973421162497
1294660929104248833
1294660804785119233
1294660778348421120
1294660778184912901
1294660767732703233
1294660743288193026
1294660693489258497
1294660664955305989
1294660595770257413
1294660568968761345
1294660501272694785
1294660494700294147
1294660398604521472
1294660373493276673
1294660279280840705
1294660206354411522
1294660071687729152
1294660017904222209
1294659912514109442
1294659817072504839
1294659755508629507
1294659712793767936
1294659684167647232
1294659614311690241
1294659557524832259
1294659515934269441
1294659439606108160
1294659308081176576
1294659080854929409
1294659018628018177
1294658866005839874
1294658837526413313
1294658818521985026
1294658684358995970
1294658650095734785
1294658567006498816
1294658522484015108
1294658509028634626
1294658484013760512
1294658474379362304
1294658384818589696
1294658371010752512
1294658273044336642
1294658217524436992
1294658112482234372
1294658055636955138
1294658009352863745
1294658005603057669
1294657867199516672
1294657823050051587
1294657808655421440
1294657754825711618
1294657733174726661
1294657527968407553
1294657360955244544
1294657301459218432
1294657085540634625
1294657061318320129
1294657009833275392
1294656983220461569
1294656840744173569
1294656803373031426
1294656795672272904
1294656784775262208
1294656767788560385
1294656683155881984
1294656677203984385
1294656609419956224
1294656559738490881
1294656442348314625
1294656315193790471
1294656307287347206
1294656258876805120
1294656243957727232
1294656125787406337
1294656072763015168
1294656058275717120
1294656033395290112
1294656003389247488
1294655976369520640
1294655955414716417
1294655873663422464
1294655816772059137
1294655807724892161
1294655742369128450
1294655638782578690
1294655586060177409
1294655574676824066
1294655565981978625
1294655503944110089
1294655381747175426
1294655361689899008
1294655248032845825
1294655130567049217
1294654993048330241
1294654920268881920
1294654725778964480
1294654667461398531
1294654641821691906
1294654541326098435
1294654503392813062
1294654441438748675
1294654436233666562
1294654407653511168
1294654360790736896
1294654206582784008
1294654096213975040
1294654010679611393
1294653967943827456
1294653956472426496
1294653880916213760
1294653791179022339
1294653725689217024
1294653723445039104
1294653529764724737
1294653455978491906
1294653344829579265
1294653335962652674
1294653311812014081
1294653219034079234
1294653206711214085
1294653146443071491
1294653127866621952
1294653114935648256
1294653114360922113
1294653103699042307
1294652979086348294
1294652926263255041
1294652915894956032
1294652888338202624
1294652830343745537
1294652815139315718
1294652814933864454
1294652764635766784
1294652720868098049
1294652569671700488
1294652450276880386
1294652448964050945
1294652393515253762
1294652345364680704
1294652335243710465
1294652260874694657
1294652183984721921
1294652088522346499
1294652085921705986
1294651991851798528
1294651929499521024
1294651925850476546
1294651873425842176
1294651853242851330
1294651764650606598
1294651749375053827
1294651732321017858
1294651455069204481
1294651308172083201
1294651160092057600
1294651063006617602
1294650978650607619
1294650856961216515
1294650836400758785
1294650793723719682
1294650703223242758
1294650679370420225
1294650668565725185
1294650607425523712
1294650564085612545
1294650450780786688
1294650428513300482
1294650359357624320
1294650315527069699
1294650303157923843
1294650288196866049
1294650238473572353
1294650142541455364
1294650106109722630
1294650102662025218
1294650046974234624
1294650003969814528
1294649873099296768
1294649872839315456
1294649858746269701
1294649791956291584
1294649629103935489
1294649499961266176
1294649467560267777
1294649447096492035
1294649317869985793
1294649283308855296
1294649269497008131
1294649239801397248
1294649209635905537
1294649137850449921
1294649120624443392
1294649029742096384
1294648968056647681
1294648952919293953
1294648935521419269
1294648932446941185
1294648912553431042
1294648909760024577
1294648754205679622
1294648727764901888
1294648634865143812
1294648632055136257
1294648622194327553
1294648565420175362
1294648535686754304
1294648457672744961
1294648376059998211
1294648231616544775
1294648227669651456
1294648186485846016
1294648113383329795
1294648037650894849
1294647982231564298
1294647974325362689
1294647903882022913
1294647808654315522
1294647763628679169
1294647760059281412
1294647654744338440
1294647517326520321
1294647492613566470
1294647479166738434
1294647263210463234
1294647196084822026
1294647044825522177
1294647037741477888
1294646780496433152
1294646749865402369
1294646748929957889
1294646659528503296
1294646540577861632
1294646526103486466
1294646481790607365
1294646434919264257
1294646424236244992
1294646389033652224
1294646353390383106
1294646179888848897
1294645838975766528
1294645811146522625
1294645797724868610
1294645781102759944
1294645739340140544
1294645566035701761
1294645550327844864
1294645507126693894
1294645386888519685
1294645377824514051
1294645373886177281
1294645290482503681
1294645286107852801
1294645258504921089
1294645115512913921
1294645084412153859
1294645077680304132
1294645018062393345
1294644992133062658
1294644937435340800
1294644892245856257
1294644865502834689
1294644733466247168
1294644719658688513
1294644695138799617
1294644489844334593
1294644473650012163
1294644468088557568
1294644439063957506
1294644372156358656
1294644056866209793
1294644030354141185
1294643893720375296
1294643892290191361
1294643875424993282
1294643809234624512
1294643775386476545
1294643682822574080
1294643629852631043
1294643429230514176
1294643412914909184
1294643335341256705
1294643286137868290
1294643249294929920
1294643232131801088
1294643143619629057
1294643097364770816
1294643093287964676
1294643074421858305
1294643019916836864
1294642873988767746
1294642753662459906
1294642724411518977
1294642623836291074
1294642513463201798
1294642512179662848
1294642511915302912
1294642503769919490
1294642444504567808
1294642394672095234
1294642236198727682
1294642216422563840
1294642153738600448
1294642134772076544
1294642009068756992
1294641939979964422
1294641933571297280
1294641897277988864
1294641788393861120
1294641682378625025
1294641620277755907
1294641608164614144
1294641527650766848
1294641479244292098
1294641358423175168
1294641311128203265
1294641306468220933
1294641105380585474
1294641050590429185
1294640874807349251
1294640838706962432
1294640835603001344
1294640760684511232
1294640735438999552
1294640690895425537
1294640520824840192
1294640443251032064
1294640442781229056
1294640409004527617
1294640311231295488
1294640256009097218
1294640249516126209
1294640248706617351
1294640232734658560
1294640134621667331
1294640106410782722
1294640061561044992
1294639814386442240
1294639575441309696
1294639535985500161
1294639505941524480
1294639472622149632
1294639461540737024
1294639232753872897
1294639203884527616
1294639088071593984
1294639027501641730
1294639024930295808
1294638734453817344
1294638700375060481
1294638597199536131
1294638590320955393
1294638576995651585
1294638471030681601
1294638437514072071
1294638341711900672
1294638315128229891
1294638257289023489
1294638171989454849
1294638132135165954
1294638083686707203
1294638020113698816
1294637998353481728
1294637772125462529
1294637745751629828
1294637400619130880
1294637386413101056
1294637382348791808
1294637375818211328
1294637365978435584
1294637277633601536
1294637257211731968
1294637232486330373
1294637208469733378
1294637174332194816
1294637141364862976
1294637071663943680
1294637063409676288
1294637008711712768
1294636970413633544
1294636966592430080
1294636939983958019
1294636847503683585
1294636765941313537
1294636184174497794
1294635963348660236
1294635935657852931
1294635836135202822
1294635828833128450
1294635818632581120
1294635673463468034
1294635669931749376
1294635625610727424
1294635620279521283
1294635539044286465
1294635457318457344
1294635296282345472
1294635256071491585
1294635247582183424
1294635220646293504
1294634954329067520
1294634813517893633
1294634678809505794
1294634556650401794
1294634467013820417
1294634393252790273
1294634210163077123
1294634080714121217
1294633940154810368
1294633921989218305
1294633907250331651
1294633896148111362
1294633893086339072
1294633866142121985
1294633835771158528
1294633818796838913
1294633784596406272
1294633714077532160
1294633525317181442
1294633474771562496
1294633423718330370
1294633358312390657
1294633333691998208
1294633283741978625
1294633227748028417
1294633025821716480
1294632980170919937
1294632971052486657
1294632720400883713
1294632686657576972
1294632673936199687
1294632491454783488
1294632469686185984
1294632451281686530
1294632348403798022
1294632295941509123
1294632293936631808
1294632070841610243
1294631746105782272
1294631679525609472
1294631641835540480
1294631641353261058
1294631571572563968
1294631563297251330
1294631348053975040
1294631328751779841
1294631277493198850
1294631235936018432
1294631199667892229
1294631175185670145
1294631158970486785
1294631144269533184
1294631124388450305
1294631094373867521
1294631093187104774
1294631037318901761
1294630753435869184
1294630368033869826
1294630364774674433
1294630267391479809
1294630245644079104
1294630229323833345
1294630139163217922
1294629949228417024
1294629926797217798
1294629908765986816
1294629880483782661
1294629855070478337
1294629791166074885
1294629682017697793
1294629649713115142
1294629567718539265
1294629401779474432
1294629320456056837
1294629219994079234
1294629161064173575
1294629149928304645
1294629070928568322
1294629063500406785
1294628982646808577
1294628971477426176
1294628922915721217
1294628899972714498
1294628789776003072
1294628781169106945
1294628748629643264
1294628635366825989
1294628582900273157
1294628529917788161
1294628524926685185
1294628464633372672
1294628449311760385
1294628443653537797
1294628362103582721
1294628220697010177
1294628179991199744
1294628162492661761
1294628159904780290
1294628101931126786
1294627874368917504
1294627758203576320
1294627729703395334
1294627700632457219
1294627592868212738
1294627494880927749
1294627490606981121
1294627486500892672
1294627428342599682
1294627387238420481
1294627155368763394
1294627135659872256
1294627126080086016
1294627108925222912
1294627103594278914
1294626999030489094
1294626989249368066
1294626918541791232
1294626898312478720
1294626869590065152
1294626840485691393
1294626643307139073
1294626485618106369
1294625959543332866
1294625641564975106
1294625488137224192
1294625458613411840
1294625440783634432
1294625420608827398
1294625304103845893
1294625209719443456
1294625171316375553
1294625076537692160
1294624962251091968
1294624885390467073
1294624871985676289
1294624867132858368
1294624855153876993
1294624765550817286
1294624415754276866
1294624227820216320
1294624142650560513
1294624010798497793
1294623959242219520
1294623911066337280
1294623815356612610
1294623781185638400
1294623776634740736
1294623747199119365
1294623597248618497
1294623563807416323
1294623511504277507
1294623509327618048
1294623454784827392
1294623441358749698
1294623368105189377
1294623227579441154
1294623220197466112
1294622955708788738
1294622913224638464
1294622893872041986
1294622856127512577
1294622785487212545
1294622754604552192
1294622705451507712
1294622689022431233
1294622612887416834
1294622456561328129
1294622028063023105
1294621986757509125
1294621886790369280
1294621820704837634
1294621593466019841
1294621552873369602
1294621381448159233
1294621233166852102
1294621220013580289
1294621023917076491
1294621003780427776
1294620889330397186
1294620821227438081
1294620724158582784
1294620449800847362
1294620374961917952
1294620346167865344
1294620319504728071
1294620295609942018
1294620245051805702
1294620204253827072
1294620191754780672
1294620016072110080
1294619997520756737
1294619934400684033
1294619871343529984
1294619834530045952
1294619655655440384
1294619592464175104
1294619566232858627
1294619348309381120
1294619087201546240
1294618885824675840
1294618787023597568
1294618710427262976
1294618703330451456
1294618693075447810
1294618515211722753
1294618451286384641
1294618382730432512
1294618305093701633
1294618236839919617
1294618226534621185
1294618217613164544
1294618091444416512
1294617882354167808
1294617853652619264
1294617762153861120
1294617721359892480
1294617643656327168
1294617613478383616
1294617561481596929
1294617461774589953
1294617207406759937
1294617160061464579
1294617027299233793
1294616825649455104
1294616815591723008
1294616707798007812
1294616554038915075
1294616425651372034
1294616291525812226
1294616210215014403
1294616130385051648
1294616090593464320
1294616085199814658
1294616013963694080
1294615744093839360
1294615719422853120
1294615527407661063
1294615511494524934
1294615320615886848
1294615248394162178
1294615235429638144
1294615178886238208
1294615126100840448
1294615094324867073
1294615015232806912
1294614944902713344
1294614841185853440
1294614647639744512
1294614574591860739
1294614390377984000
1294614335491379202
1294614266838908928
1294614207803961344
1294614133443383296
1294614087314309120
1294613575777034241
1294613503831994369
1294613477039001600
1294613427948679168
1294613240572502016
1294612863059931136
1294612857821306880
1294612847960510465
1294612690040651776
1294612647095107585
1294612557823696896
1294612425564663809
1294612336125198338
1294612215056732161
1294612077831770112
1294611935862939650
1294611860088590338
1294611633780797440
1294611614461812737
1294611528235339777
1294611184969224193
1294610484117864450
1294610472478609414
1294610281503563776
1294610245579231234
1294610155821244416
1294610016905965569
1294609908164202498
1294609866129104896
1294609722188980225
1294609649577144321
1294609647677177856
1294609441107644416
1294609261708939264
1294609226623418369
1294609138350272512
1294609109535383552
1294608860653789186
1294608854827913216
1294608711604932609
1294608711533592577
1294608676951597056
1294608654713397248
1294608637843976192
1294608562317152257
1294608543526473728
1294608524501069824
1294608463306330112
1294608434806116352
1294608293160083456
1294607965857579009
1294607798651760640
1294607792330989568
1294607634805526530
1294607614634889217
1294607531910877184
1294607320257892357
1294607315770003456
1294607298095206405
1294607213848387584
1294607135905472513
1294607134999617538
1294607098873966596
1294607082038202371
1294606884742336514
1294606859572215809
1294606552574365699
1294606490398064640
1294606448547241989
1294606408789438464
1294606304196132865
1294606243391246336
1294606195936944128
1294606046464442368
1294605869473083399
1294605796668473345
1294605563775430657
1294605545534447616
1294605364403601408
1294604779654729732
1294604616722796544
1294604463366443010
1294604358789877761
1294604328695672832
1294604284290576385
1294603966391693313
1294603661142659073
1294603644122398722
1294603636840988673
1294603623587090432
1294603616188338177
1294603585217585152
1294603299673391104
1294603040402616320
1294602860429103105
1294602663519191040
1294602561123688449
1294602499966398466
1294602494329356290
1294602407226335234
1294602347902119942
1294602285553680384
1294602188594061314
1294601736674566147
1294601587713875969
1294601213405622273
1294601147467128832
1294601099983433735
1294601009461895168
1294600736672604161
1294600456585523200
1294600126636240897
1294600072030715906
1294600027696803841
1294600027269103616
1294599899816718338
1294599857995423745
1294599738789175296
1294599650134175744
1294599472891273217
1294599411960549376
1294599364493447170
1294599363985944576
1294599070498074624
1294598773998522368
1294598711771721729
1294598383894695943
1294598250536861696
1294597969157795840
1294597837619990530
1294597802106986496
1294597559491624960
1294597541229518848
1294597533382189056
1294597495436144640
1294597486607249411
1294597462179618816
1294597136164814848
1294596983047573505
1294596908317659136
1294596824968441856
1294596631007047680
1294596444427444224
1294596415570743297
1294596346079567872
1294596191720820736
1294595694880227329
1294595684243574784
1294595591037542400
1294595520074145792
1294595287483396097
1294594781729955840
1294594781167923200
1294594695595728896
1294594068022849536
1294594057965121537
1294593951073148933
1294593536927715328
1294593457135202305
1294593386847121415
1294593306874322945
1294593185860202498
1294592955098058752
1294592644144799744
1294592505514729478
1294592480948752384
1294592350682001414
1294592336949731328
1294592253181255683
1294592030400811008
1294591855934545920
1294591833104769024
1294591666230190083
1294591644109623296
1294591611087790081
1294591486739324931
1294591197625880579
1294591085839351808
1294591054033883138
1294589988575694848
1294589576460328961
1294589557120229376
1294589408390283266
1294589273769877504
1294588973764018176
1294588919506284544
1294588869938118656
1294588742305447936
1294588626928623617
1294588529264254978
1294588525468319750
1294588486528442368
1294588357767507968
1294588249713803264
1294588175097008129
1294588064078147584
1294587947107352576
1294587919764611075
1294587890140352512
1294587609692348416
1294587221979418624
1294586966835593217
1294586958329589760
1294586839618277376
1294586682084192256
1294586624622374912
1294586574701830144
1294586348788047873
1294586165270474752
1294585705931223043
1294585666056019968
1294585228250488832
1294585054946099201
1294584995407892481
1294584995034652673
1294584965338890242
1294584950084141057
1294584928332472320
1294584878663688192
1294584825874190336
1294584788666515456
1294584493374767104
1294584334393831424
1294584130257260544
1294584086753837056
1294583842045480960
1294583633689411585
1294583488205791234
1294583450381373445
1294583402293792769
1294583350573834242
1294583283855118336
1294583035913019398
1294582959903825921
1294582465965764613
1294582360395063296
1294582222796791808
1294582042051608576
1294582019142201344
1294581773435842562
1294581657517907968
1294581236808048642
1294581141685653504
1294581015814402048
1294580994008387584
1294580818002808832
1294580753968304128
1294580625173704706
1294580538330640384
1294580433657778177
1294580078257541120
1294580020980187136
1294579909210316800
1294579195268542464
1294579097126014977
1294578863503106048
1294578863037538306
1294578736277291011
1294578706976055296
1294578699900248064
1294578639707803649
1294578630815657987
1294578585433452546
1294578569893548033
1294578520400830466
1294578510233821185
1294578491514445825
1294578484283682816
1294578360287236098
1294578348665049091
1294578223695769600
1294578223238455296
1294577942882852864
1294577800184311808
1294577795352281089
1294577761240088576
1294577740490903552
1294577622496743435
1294577441701273602
1294577394213367808
1294577370116964358
1294577264898777088
1294577222687301632
1294576666547609602
1294576623371481088
1294576559995654148
1294576550940008450
1294576254432100352
1294576158512754689
1294576114422226944
1294576000072744960
1294575869340590080
1294575607649632256
1294575507565170695
1294575438501572609
1294575427818848256
1294575241113620480
1294575107483074562
1294575074003972099
1294574847478161409
1294574798559940609
1294574371114229760
1294574218198355970
1294574202843009027
1294573758028619777
1294573501777674240
1294573495326609408
1294573484065140736
1294573407158378496
1294573292435668992
1294573284118409216
1294573215470301184
1294573000369401856
1294572958321643521
1294572707762376704
1294572383949463552
1294572353180098562
1294572324549570561
1294572260523728896
1294572084635500544
1294572083247230976
1294571974015033346
1294571799498362880
1294571784281427968
1294571659765022720
1294571496019562496
1294571441388748801
1294571267618562048
1294570966081830912
1294570904400416768
1294570715610599424
1294570632613711872
1294570612279717888
1294570605103259648
1294570544176812038
1294570535066763265
1294570189418164224
1294570159475228672
1294570039866204160
1294569869824815104
1294569689494908928
1294569660860510209
1294569343473389569
1294568274869522432
1294568056673492992
1294567806864732165
1294567803597598720
1294567715340988416
1294567667433701377
1294566989055143937
1294566662772011008
1294566662709088258
1294566432626233345
1294566373264429056
1294566237557665793
1294566079641956352
1294565996477517825
1294565786640510977
1294565534533476353
1294565505085386754
1294565096090300416
1294565081854828544
1294565002939047936
1294564994961424385
1294564958953504768
1294564894302339079
1294564886924722177
1294564784046669824
1294564661371850753
1294564595898691585
1294564546724671488
1294564399680753664
1294564367569235968
1294564096105316352
1294564042732974080
1294563596115021824
1294563231290273793
1294562958010441728
1294562914137849857
1294562720650530817
1294562713121763329
1294562523165765632
1294562273101479936
1294561773216043008
1294561662498996225
1294561603589873666
1294561595536924672
1294561539870072833
1294561508622557185
1294561246084300800
1294561242334412801
1294561166157643776
1294561056614952960
1294560855514738690
1294560561317974016
1294560480954998786
1294560372553396224
1294559688537776128
1294559374522884097
1294559307955146753
1294559268247666694
1294559233329913858
1294559161162792960
1294559071693991936
1294559044447985664
1294559038739369985
1294558957948866561
1294558870019268608
1294558837077401601
1294558660144893954
1294558369525764097
1294558347757334528
1294558321781940225
1294558293768249344
1294558287610941441
1294558231881285632
1294557676521709569
1294557657894981632
1294557334803537920
1294557284824211456
1294557268407705600
1294557163277492224
1294557162606395393
1294557115479097344
1294557009119854592
1294556742119034882
1294556427034427392
1294556413180751872
1294556130857947139
1294556014411489280
1294555501045350400
1294555253325664258
1294555130927472640
1294554957669171210
1294554934990516224
1294554775632015361
1294554434400161793
1294554399906373632
1294554265323806720
1294554059383484417
1294553932291661824
1294553815442690051
1294553713114263563
1294553472285773824
1294553098145472519
1294552973926961152
1294552769907568641
1294552134713671680
1294551952953466881
1294551718915702784
1294551579580866561
1294551499104817154
1294551415197704193
1294550714673270784
1294550652509515776
1294550648520753152
1294550602693804032
1294550263148113920
1294549791179866112
1294549790785777664
1294549599248678912
1294549062142705664
1294549025048244226
1294548998284443648
1294548992827650048
1294548926364889088
1294548770185555968
1294548754075471872
1294548753844764672
1294548714820743168
1294548515146862592
1294548420376457216
1294548141124059137
1294547856947400705
1294547647366234112
1294547596195901441
1294547208356995072
1294547206104653824
1294547191076446208
1294547184839528448
1294547182033477632
1294547100970053632
1294546936196980736
1294546872053272581
1294546757267881984
1294546585909694469
1294546484721905664
1294546359052378112
1294546317482627072
1294546316010221568
1294546285375225856
1294545944927772674
1294545911167819776
1294545865366024198
1294545684964745216
1294545566874001410
1294545520657149953
1294545445428113410
1294545440394878977
1294545326443986946
1294545142372798466
1294545104338743297
1294545086995456000
1294544720291483648
1294544670001946625
1294544474480099332
1294544080282750976
1294543686471241730
1294543370744807424
1294543242307010560
1294543203975213056
1294542904858488833
1294542869525458944
1294542825946673153
1294542730060800001
1294542517149536262
1294542466842890240
1294542361859469313
1294542245740400640
1294541440178163712
1294541377460555777
1294541136875462656
1294541082546462720
1294541045754138624
1294540112349495297
1294539591236694017
1294539471661211650
1294539075307941889
1294538937420132353
1294538539905036288
1294538483239809027
1294538082184617985
1294537971505520640
1294537456231092224
1294537443442667521
1294537149216444416
1294536635179245568
1294536608000217088
1294536489393483776
1294536440840441856
1294536419625406465
1294536380320808961
1294536363078045698
1294536239253794816
1294535521872601088
1294535380008484865
1294535201524076545
1294535150462742528
1294535054815719426
1294534952336461824
1294534672463134720
1294534481848590337
1294534440685899776
1294534409970909184
1294534400634507275
1294534356640370690
1294534341666594816
1294534325262680065
1294534290311720960
1294534253527609344
1294534175983194114
1294533405007319041
1294533179261554693
1294533055776993286
1294532960759115776
1294532831444525056
1294532790713831424
1294532696576729089
1294532528657719296
1294532419794735105
1294532113815842816
1294531886509969408
1294531832969670656
1294531788539273217
1294531732360790017
1294531296316792832
1294531226959831043
1294531200829120512
1294531174631579648
1294530962441805826
1294530819764215808
1294530717024567296
1294530664717484032
1294530580927963138
1294530573243826176
1294530273133174788
1294530239486464004
1294530237015953411
1294530228870578176
1294530227654111234
1294530098088095744
1294530096309534720
1294529896555872256
1294529855376089090
1294529593542672385
1294529515302146049
1294529506791665666
1294529472226500608
1294529421798449153
1294529290667581443
1294529214708961281
1294529202469761029
1294529163999752192
1294529005706719234
1294528985896849409
1294528744158265344
1294528649098657792
1294528452201250816
1294528422388084737
1294528418617479169
1294528398375759872
1294528383863332864
1294528374774390784
1294528336157380608
1294528301583802373
1294528291190108162
1294527970745307138
1294527883273105411
1294527741681967105
1294527472793395200
1294527197559095296
1294527101845069824
1294526963567091712
1294526928964083718
1294526901403426817
1294526841227796481
1294526794641612801
1294526692954906626
1294526585580605440
1294526503477112832
1294526231686283265
1294526183372140545
1294526061137584129
1294525659457495041
1294525626523635712
1294525582202613761
1294525489332334593
1294525377608585217
1294525178253377536
1294524978369617921
1294524920064438272
1294524890842902529
1294524853249282048
1294524846018183170
1294524614996111361
1294524389824708613
1294524317829664768
1294524119963381761
1294524035511062528
1294523971422105602
1294523903495344129
1294523643096002560
1294523416809111553
1294523406239649792
1294523264354496512
1294523205135134720
1294523195807002624
1294523135648243712
1294522846580940800
1294522482284789760
1294522309626060800
1294522284506525696
1294522147558359045
1294522101072826368
1294522002527707136
1294521999415488514
1294521900442542081
1294521668858249217
1294521621881946115
1294521579087380481
1294521505947295744
1294521205249265665
1294521138505080832
1294521052715012096
1294520941167480832
1294520764188762113
1294520747319341056
1294520713219575808
1294520650455871494
1294520549079527425
1294519590622355458
1294519533001007109
1294519436653846528
1294519434808369153
1294519352956530688
1294519299269419009
1294519269296762880
1294519093404590081
1294519022872981506
1294518667955384325
1294518572727717888
1294518564649656320
1294518536350527488
1294518367118692353
1294518280774750209
1294518174172549120
1294517976935411712
1294517662203154432
1294517613662547968
1294517267393318912
1294517244769124355
1294517121557442560
1294517088627961856
1294517066830163968
1294517031774167040
1294517026283819008
1294516919098368000
1294516844166918144
1294516805327663105
1294516596690411520
1294516444336656384
1294516268926742528
1294516268872024065
1294515987778166785
1294515923991375874
1294515855410176001
1294515747234779137
1294515702959951872
1294515698111328257
1294515512546926593
1294515419538247683
1294515127396392960
1294515052859592705
1294514969124446213
1294514960219824128
1294514921116274688
1294514864254312448
1294514751003713536
1294514712097566720
1294514605075513350
1294514536062492673
1294514413815267328
1294514325986504704
1294514298492862464
1294514061862776832
1294514014458961920
1294513997085995010
1294513917016727558
1294513916005974016
1294513888420036613
1294513878538358784
1294513822926024709
1294513560689704960
1294513549696364544
1294513508537602051
1294513471284023296
1294513393206988800
1294513385195921410
1294513328740618240
1294513059721928705
1294513018617856001
1294513007662436353
1294512987827515395
1294512957011853316
1294512849302126592
1294512839747440640
1294512618242281477
1294512479276429314
1294512295989489666
1294512292743114752
1294512217862307842
1294512182026108928
1294511835593334784
1294511549386838017
1294511538670272513
1294511500434894848
1294511397733359617
1294511270641754114
1294511171576315904
1294511098956324864
1294511093981818881
1294511076474667008
1294511000188674048
1294510936561082368
1294510916071862273
1294510736954339329
1294510638811828224
1294510633770049536
1294510612635103233
1294510579348979712
1294510523778826242
1294510421819322369
1294510093615214593
1294510092977610752
1294509962933096449
1294509955253510147
1294509922160463873
1294509836797800450
1294509835094958082
1294509800827559936
1294509751351439360
1294509708179460096
1294509578327953413
1294509490642079744
1294509451819458561
1294509386774327296
1294509277051199488
1294509262144643072
1294509165365231616
1294509146092343297
1294509131160682496
1294509072625147904
1294508702825738242
1294508390052438016
1294508349120290816
1294508209843998720
1294508205041745920
1294508173194272768
1294508124183728128
1294508032135589889
1294508012887932928
1294507966926852096
1294507863038201861
1294507698168373248
1294507668669898753
1294507644649177089
1294507612474617857
1294507595374497795
1294507562990047238
1294507489543835649
1294507334027313165
1294507182956793856
1294507126371614720
1294506896326459393
1294506887375917056
1294506744916443137
1294506634207588352
1294506484659675137
1294506336550391808
1294506286403522561
1294506151862661120
1294506120527085569
1294505845955256326
1294505636630331397
1294505610084589568
1294505406371430400
1294505370677923840
1294505172182478848
1294505079345754112
1294505041416663040
1294504903423950849
1294504881609306118
1294504746234118144
1294504706371461121
1294504532437872640
1294504521209729024
1294504132292689920
1294503731715805186
1294503538735886336
1294503529323753472
1294503355449069568
1294503324566224898
1294503287996080128
1294503281008369664
1294503256270336000
1294503253145784321
1294503215388479489
1294503164058591232
1294503130369912833
1294503101647351809
1294503069443448832
1294503035050180608
1294503004490489856
1294503003794235397
1294502966683041793
1294502944755404800
1294502932772032512
1294502899234422784
1294502885246394372
1294502865327677440
1294502845052416001
1294502838043676672
1294502689053609984
1294502307288117249
1294502179127009281
1294502133874581505
1294502091600334849
1294502053868212224
1294501986403000320
1294501950269136897
1294501929804943361
1294501909244416002
1294501808132554752
1294501797277634570
1294501721486561280
1294501713609551872
1294501648937689088
1294501642750971904
1294501552741330944
1294501542293393408
1294501432490520578
1294501380846006272
1294501332288598016
1294501293243772928
1294501244619218944
1294501232095055873
1294501191485808640
1294501159588073480
1294501157897994241
1294501136385232896
1294501124653768704
1294501089434165248
1294501056315944960
1294501016868593664
1294500976716472322
1294500967883264000
1294500939621994496
1294500902200422400
1294500893166112768
1294500875684253697
1294500870114217987
1294500864372047877
1294500420555927552
1294500392257163264
1294500291006660609
1294500244651233281
1294500161851277312
1294500074437906432
1294500045543411712
1294500021346263042
1294500017160380416
1294499844044861440
1294499531451760640
1294499527479767043
1294499385854832641
1294499228924825602
1294499069620924416
1294499066173255680
1294499056715276288
1294498959109451778
1294498901324713984
1294498683103322112
1294498600169414657
1294498436318785537
1294498385983045634
1294498210623365120
1294498169238065153
1294498165513543680
1294498115475525634
1294498073100484608
1294498026333978624
1294498005232607235
1294497983959113733
1294497941806125056
1294497889452994560
1294497796612141057
1294497745479380992
1294497689409921026
1294497569146470400
1294497566722154497
1294497564608233472
1294497442893901825
1294497194515615744
1294497157735743490
1294497155390955521
1294496923907272705
1294496793099554816
1294496787927973888
1294496649146822656
1294496522046971904
1294496497132810240
1294496461053296641
1294496398113558528
1294496301300645888
1294496294245818368
1294495996408475649
1294495989106118656
1294495763838500869
1294495612113530880
1294495527548203010
1294495526562361344
1294495516319875072
1294495408094420993
1294495250937913344
1294495220076122112
1294495136290758656
1294495074659627008
1294495062768775169
1294495051096170497
1294494746237448192
1294494642696794112
1294494639882346496
1294494591698137089
1294494587172487168
1294494537528811521
1294494525440892928
1294494206837182464
1294494108547858433
1294494048103862273
1294493973298520069
1294493748659802112
1294493662844301317
1294493606246572032
1294493430110797825
1294493377262583808
1294493358971392000
1294493293649174535
1294493250472960000
1294493103080923138
1294492891633446915
1294492709063778305
1294492526687268866
1294492433846337538
1294492401759731712
1294492328984367105
1294492216358916096
1294492146154778636
1294491877262200832
1294491536198004736
1294491517646585857
1294491512361885696
1294491283583426561
1294491282975289347
1294490916795940865
1294490906540871682
1294490895710998528
1294490895241351171
1294490865751035906
1294490819127382025
1294490815088275457
1294490750919610373
1294490658531446784
1294490593343631361
1294490553141297153
1294490435365113857
1294490176589365248
1294490089318281224
1294490005688156160
1294489977238118400
1294489962629431301
1294489941485871107
1294489837576298496
1294489787320004609
1294489676233895937
1294489600744980480
1294489584898801665
1294489563390509057
1294489429973901313
1294489413200691200
1294489279624695808
1294489264617476096
1294489215359541248
1294489139388194818
1294489042009063431
1294488892830289921
1294488794763350016
1294488699342737410
1294488563430690818
1294488257581875200
1294488211167698947
1294488076488761345
1294488034579222528
1294487777602449408
1294487710229360640
1294487589106282496
1294487463163985921
1294487423167029248
1294487402594140160
1294487379076677635
1294487336290582528
1294487331391512583
1294487303516237824
1294487286462197760
1294487103393300480
1294487090349121536
1294486979875426304
1294486784517185536
1294486707346145281
1294486630372225024
1294486576207212545
1294486491578675200
1294486450415841280
1294486417930956801
1294486416488050688
1294486186090795018
1294486142348271616
1294486075394547714
1294485952841289728
1294485894351683585
1294485869290835975
1294485545125642240
1294485480306642947
1294485175808798722
1294485054496935944
1294485052781453315
1294485050377953284
1294484972426997761
1294484759427653633
1294484457722974209
1294484396335157249
1294484354501091331
1294484274989502464
1294484270862524416
1294484211278045184
1294484044504272896
1294483929509101569
1294483847128797185
1294483840187215872
1294483723631710208
1294483701800284161
1294483629972893697
1294483598830174208
1294483341580746752
1294483156666421249
1294483109665153024
1294483001699704838
1294482977653751811
1294482858430672898
1294482802117926921
1294482789002366976
1294482704562565121
1294482691765579776
1294482633158787074
1294482321664430083
1294482317898133505
1294482250613100545
1294481823645315072
1294481744670781448
1294481646209638400
1294481246110855168
1294481200745250817
1294481199386288128
1294481015281315840
1294480972923244547
1294480954732490752
1294480629648601088
1294480467320868864
1294480430410981381
1294480398345527303
1294480352392679430
1294480152454483968
1294479995633651713
1294479763940077570
1294479740032647168
1294479736186507265
1294479701889753096
1294479653613309952
1294479552358617092
1294479490593230849
1294479458737553408
1294479081589936130
1294479044176744448
1294479014455922688
1294479009355456512
1294479000094609408
1294478905970053120
1294478879499984898
1294478727733284866
1294478681155354624
1294478608405127169
1294478583780573189
1294478561945038852
1294478459884859393
1294478407095508992
1294478208591491073
1294478096050126850
1294478014479323141
1294477887614210048
1294477821939789826
1294477577877250048
1294477540803960834
1294477538081873925
1294477455797956608
1294477389360246785
1294477375053246464
1294477357315653632
1294477349568872454
1294477344967729153
1294477344158003200
1294477343122231298
1294477342224654342
1294477067220914177
1294477049801789440
1294476889130770432
1294476851814051841
1294476812161032192
1294476794066808834
1294476723841622017
1294476707936829442
1294476704510029825
1294476651888349190
1294476631298498563
1294476544228732928
1294476473013866496
1294476394496491523
1294476380080689152
1294476373948432384
1294476350921867265
1294476237751099392
1294476204943249408
1294476184240103424
1294476122357248000
1294476032926416897
1294475964957765632
1294475910465257477
1294475839715893248
1294475759692722178
1294475726624886784
1294475469967036419
1294475446420156416
1294475443035308032
1294475439822569473
1294475245030703111
1294475069360660481
1294475057272631304
1294475034870898689
1294475025416957952
1294474995377176577
1294474821074550785
1294474801684402182
1294474766414254080
1294474731492646912
1294474691105742848
1294474684734607360
1294474540714778624
1294474395092746240
1294474392064397312
1294474281397649408
1294473872629260288
1294473825212563458
1294473708187389952
1294473647248175104
1294473419308687361
1294473378925953024
1294473376090603522
1294473246201520129
1294473184608161792
1294473172868313090
1294472838179676161
1294472767010746377
1294472762145349634
1294472660680953856
1294472542766477312
1294472524768481281
1294472213769400322
1294471995254546432
1294471990565199872
1294471878464208896
1294471724826689536
1294471623869857792
1294471562439954435
1294471548749963264
1294471391354351616
1294471338166571009
1294471291152596992
1294471284747669504
1294471066094632967
1294471040911831040
1294470989666033664
1294470789815767041
1294470755573542912
1294470702414921730
1294470660799045632
1294470640083152896
1294470617337458688
1294470568012587008
1294470317767786496
1294470309471563777
1294470276210720768
1294470203087228929
1294470090491080711
1294470051580477446
1294469886899621888
1294469671174000640
1294469654824595456
1294469618489319424
1294469275164512258
1294469146164387840
1294469129374597121
1294469101436334080
1294468946892976129
1294468828970332163
1294468804861407232
1294468736590594050
1294468710766264322
1294468685482999811
1294468680613470208
1294468616692236288
1294468504238690305
1294468480897433600
1294468428674162689
1294468348709949441
1294468297690292226
1294468282821382144
1294468275678482432
1294468271467401218
1294468243508215808
1294468171181654016
1294468114277478400
1294467794688528386
1294467794554191873
1294467780910219264
1294467746781110274
1294467726275153923
1294467661708038144
1294467658272956417
1294467616086487040
1294467562902654977
1294467546306023424
1294467429398126592
1294467425866526720
1294467142692352003
1294467130486816768
1294467095808401410
1294467075461832705
1294466867801796609
1294466636733390854
1294466573852237834
1294466340309405696
1294466204602703872
1294466034217304064
1294466008221130753
1294465960779354112
1294465617223852032
1294465552824532992
1294465106882048000
1294465089118982144
1294464991924383749
1294464933715992576
1294464918461112320
1294464918260002818
1294464856515543041
1294464854623911936
1294464780594536448
1294464746326908928
1294464299050700801
1294464081190100993
1294463891938762753
1294463615144267777
1294463505379274752
1294463421488996353
1294463341507878914
1294463220279734272
1294463207944454144
1294463055162679298
1294463046878810112
1294463019724963847
1294462956973899777
1294462862346387456
1294462833711865861
1294462801835175936
1294462794289434625
1294462659207639042
1294462658377383942
1294462591155277825
1294462554119507968
1294462398640816128
1294462325999755266
1294462318655332352
1294462226213023745
1294462150703042560
1294462087314407426
1294461977813753858
1294461944393601025
1294461895848714245
1294461674456457216
1294461565618528256
1294461542562504704
1294461472068653057
1294461396235804672
1294461357442715648
1294461192237469696
1294461154849243136
1294461152139923458
1294461113690722304
1294461076348604417
1294461071399333888
1294461061286920192
1294461032962785280
1294460990361341953
1294460987647590400
1294460928457494530
1294460911793692672
1294460774153424901
1294460750971494406
1294460506363764736
1294460445344985089
1294460403351724032
1294460368845144064
1294460221134270464
1294460205036601345
1294460010274140162
1294459989218795522
1294459844213137408
1294459830187577344
1294459706438815745
1294459703381184514
1294459600259829760
1294459568328773632
1294459553602367490
1294459467329748993
1294459461159907329
1294459414037106690
1294459375558569984
1294459371523538944
1294459312681648128
1294458994736508930
1294458688384753665
1294458603223560192
1294458595820568577
1294458512144076800
1294458381445541889
1294458332208488449
1294458267033382912
1294458133721612288
1294458120408829952
1294457863306268673
1294457646452371458
1294457539619323909
1294457471864573952
1294457376569950209
1294457349986541569
1294457266985369601
1294457164787048449
1294457030258958337
1294457027809251329
1294456963179323392
1294456856828502016
1294456845331861504
1294456775916298240
1294456630831124481
1294456547951747073
1294456429533966336
1294456371048570880
1294456329692680193
1294456245747961857
1294455645626933249
1294455569089040384
1294455465708081152
1294455465036771329
1294455429938913280
1294455314327252993
1294455263370473472
1294455253522317316
1294455249793699840
1294455118126030854
1294455073951690752
1294454934159724544
1294454894192140291
1294454751103516672
1294454631230312448
1294454594546827264
1294454505032081408
1294454445301026817
1294454433842069506
1294454326379917315
1294454289520308225
1294454265256325120
1294454154945941505
1294453856747675649
1294453821498744832
1294453817183014913
1294453781149581313
1294453773918588930
1294453576475922433
1294453515289538561
1294453498638196741
1294453463083089921
1294453389473046528
1294453313530822657
1294453307679944704
1294453277560537089
1294453245214175235
1294453229925871616
1294453168508551168
1294453158811508737
1294453062992564225
1294453013663408129
1294452935083077632
1294452872336281602
1294452850471219201
1294452768405585921
1294452690320125954
1294452658548486144
1294452641246990336
1294452615489753088
1294452598175485954
1294452581532610560
1294452508304322562
1294452268859666432
1294452150840569859
1294452100525678597
1294452021874110466
1294451882333741056
1294451861710352385
1294451766206107649
1294451683154526208
1294451652204744706
1294451612652638208
1294451515831103488
1294451462689325056
1294451454774665216
1294451285811396608
1294451270334451713
1294451130966016003
1294450988066062336
1294450970747953159
1294450883590160385
1294450843920609281
1294450818255593473
1294450548482224130
1294450514659282946
1294450392739307534
1294450370798706689
1294450362796126209
1294450280323571712
1294450236711002112
1294450231011160064
1294450225826992132
1294450166368477187
1294450043005665281
1294449931743354881
1294449886793011202
1294449840236244993
1294449825916817409
1294449816324497413
1294449811014455303
1294449774188470273
1294449698963587072
1294449636694831104
1294449535218077697
1294449517794930688
1294449446009409538
1294449226588487680
1294449149857931267
1294449146368155649
1294449040537591814
1294449031779950597
1294449009843736577
1294448931867447298
1294448669631172608
1294448641533448192
1294448606313885696
1294448588228042754
1294448446380879873
1294448348611698688
1294448245557649409
1294448137126342656
1294448061746315264
1294448017504972800
1294448017278476288
1294447939255808000
1294447907962343429
1294447888945225728
1294447632782262272
1294447587689295872
1294447450137088000
1294447389546172416
1294447351801806850
1294447318716960768
1294447261456506880
1294447203151482882
1294447131860893701
1294447005561810944
1294446990122721281
1294446980215836673
1294446859038027777
1294446688640348166
1294446681006645252
1294446631165800448
1294446479285903360
1294446294375763971
1294446213970956288
1294446135814234113
1294445862698004481
1294445848160538624
1294445841105801217
1294445829877567489
1294445811930210305
1294445763477422080
1294445469771341824
1294445454843756545
1294445370215473153
1294445329354354688
1294445316582920192
1294445308156379137
1294445303534256128
1294445247494148097
1294445204217516039
1294445182658785280
1294445109979893761
1294444808891703296
1294444630872793088
1294444559884222464
1294444453164441601
1294444287896166402
1294444171575664640
1294444088180322306
1294444021163495424
1294443761032925186
1294443692925825024
1294443686474862593
1294443662240362496
1294443617700818944
1294443526718193665
1294443389329514496
1294443054657462273
1294443024211222530
1294442859249258496
1294442786352246791
1294442542168264704
1294442524187254786
1294442509805015041
1294442445632155657
1294442405366829057
1294442272201867265
1294442231751901184
1294442229638090752
1294442137187160064
1294442114034565120
1294441866549657601
1294441841706901505
1294441663461494784
1294441471337168897
1294441462327685120
1294441300658331648
1294441282484543489
1294441059963899904
1294440983720067074
1294440926841057281
1294440872541433856
1294440851117150208
1294440820104286209
1294440691658043393
1294440678034989062
1294440655867920385
1294440492881633285
1294440492084559873
1294440448602275840
1294440437877559296
1294440168502390785
1294439904445857793
1294439884501979138
1294439799940452355
1294439796908032000
1294439637545435136
1294439560445747200
1294439323010568204
1294439296733253632
1294439037193707520
1294438861871947782
1294438824462909442
1294438748336291842
1294438652018212867
1294438648662949892
1294438607902580738
1294438522259111939
1294438352498896898
1294438184634314753
1294438179584581633
1294438132989849607
1294438093651619841
1294438037540175879
1294438036235747328
1294437909102243840
1294437710409666568
1294437615693955073
1294437585624997888
1294437496344817664
1294437455987445760
1294437368187871233
1294437283257446401
1294437208053538817
1294437080391495680
1294437068828037120
1294436939777679367
1294436892637896705
1294436879652261888
1294436740959096833
1294436719631138816
1294436634323292161
1294436622927200256
1294436478471159808
1294436304147689475
1294436159595175937
1294436128112615424
1294436071971774466
1294435865016578053
1294435853633282051
1294435752248565760
1294435710724792320
1294435706740170752
1294435644488392704
1294435518600577025
1294435514951430144
1294435472425594881
1294435297271455747
1294435207815274508
1294435183253479425
1294435160524353536
1294435054714839041
1294434884061020160
1294434703764869120
1294434636785790977
1294434500173156352
1294434472826470401
1294434450361573376
1294434343356633088
1294434233541369857
1294434194064420866
1294433848701464576
1294433838664482817
1294433826114899969
1294433817055375360
1294433776400031745
1294433757253033986
1294433668199526400
1294433560519008257
1294433500142219267
1294433444269821955
1294433293958549521
1294433282986258432
1294433244549509121
1294433150165110785
1294433104518676485
1294432644034211841
1294432629496983552
1294432561096269826
1294432507505463297
1294432218044149761
1294432192605515776
1294432135554707456
1294432057196781568
1294431925491437568
1294431899331383296
1294431854142029824
1294431848886497285
1294431811519619072
1294431749813010433
1294431662181416961
1294431657907425281
1294431412435578880
1294431389270581248
1294431245020037121
1294431229824192512
1294431157589880832
1294431147859030017
1294431107593785348
1294430942107512833
1294430897412997121
1294430740130795522
1294430693422923776
1294430680475144192
1294430663588773888
1294430402032017414
1294430389843439616
1294430176760168449
1294430019775639554
1294429886983991296
1294429844881645569
1294429774702694400
1294429735196401666
1294429502748135432
1294429352633880576
1294429318282698753
1294429155707088896
1294429154667040769
1294429153673072640
1294429053856788480
1294429037083996160
1294428997938343937
1294428967802413063
1294428918083198979
1294428684296679424
1294428585059594243
1294428370663550984
1294428243399827456
1294428208230739968
1294428198554472452
1294428166350499842
1294428119072477184
1294428102593044484
1294428008124686338
1294427869372911619
1294427755732512774
1294427664720310272
1294427615495766017
1294427563528527873
1294427268794789888
1294427210498048001
1294427099453956098
1294426969107501058
1294426957816270848
1294426838534631424
1294426716304269313
1294426566173302784
1294426460997005313
1294426396979335171
1294426354293735425
1294426231736283136
1294426192951607296
1294426153361399808
1294426138689695744
1294425774167142402
1294425723814510598
1294425659629076480
1294425565655633920
1294425517102432257
1294425506130034688
1294425500652314625
1294425480095883265
1294425438752735232
1294425407136169984
1294425328358576128
1294425304618827776
1294425268048801797
1294425264274001924
1294425032085602305
1294424398905122816
1294424354629984256
1294424191471464448
1294424179450826753
1294424161776013312
1294424053030072325
1294423931252690944
1294423928706932740
