1295103015091830786
1295102910649573377
1295102881343971329
1295102795171995649
1295102764075356160
1295102648199282688
1295102603861217280
1295102483203796994
1295102417399291905
1295102355504013313
1295102306531385345
1295102297660366848
1295102285899390976
1295102239997071365
1295102187446472704
1295102185697615872
1295102165137186816
1295102051421167620
1295102013953445888
1295101975596597254
1295101969535655937
1295101903341260800
1295101881765814273
1295101868545388545
1295101815151828996
1295101797099540480
1295101784134840320
1295101691906478080
1295101557848113154
1295101538910838785
1295101509332598786
1295101303920553984
1295101200996720641
1295101141064327169
1295101052862238721
1295100770719694848
1295100638951604234
1295100551072555008
1295100481832878091
1295100450551693312
1295100311040716801
1295100120208465920
1295100116270030848
1295100038843174912
1295099856772530177
1295099840574230530
1295099802821120002
1295099778955706368
1295099678623752196
1295099538039078920
1295099348242575363
1295099290134540288
1295099251794546689
1295099206877814785
1295099146190434310
1295098997611192320
1295098953482944512
1295098899858731008
1295098635487780864
1295098593444012038
1295098508505219075
1295098468235583488
1295098454872662016
1295098400640126978
1295098384135548928
1295098378980745216
1295098247229386756
1295098216669732873
1295097924926558209
1295097875068641280
1295097858367029249
1295097822249922566
1295097664476938243
1295097602543964160
1295097564086370304
1295097235638644737
1295097170434109441
1295097082869678081
1295097036711309312
1295096906125844483
1295096859749310464
1295096760772173824
1295096755806179328
1295096734759223299
1295096694598561793
1295096640097996805
1295096614751809537
1295096588398862338
1295096565409804288
1295096480089477125
1295096469024694272
1295096397218426887
1295096347943731200
1295096267870097408
1295096145841213440
1295095868547309568
1295095828378529794
1295095788805259264
1295095701433733123
1295095700183810051
1295095539609088000
1295095397371740162
1295094894667673600
1295094871619928070
1295094741487542273
1295094711980564482
1295094703470256128
1295094583739678726
1295094527200559112
1295094402876993537
1295094402227085317
1295094362473484289
1295094332731666432
1295094187113807874
1295094178452353024
1295094127613235200
1295094007878447104
1295093935648509952
1295093921249337344
1295093898226864129
1295093813141110785
1295093618210934789
1295093438648659978
1295093416553058306
1295093265482555396
1295093256179658753
1295093078114463744
1295093016257073152
1295092740229742592
1295092601109053440
1295092566346498048
1295092540111233024
1295092512122691584
1295092466270470145
1295092240965079042
1295092232211570693
1295092136480825349
1295092049369128960
1295092023389691905
1295091911829663745
1295091887850782722
1295091876580724737
1295091755100987392
1295091712411545602
1295091675845427200
1295091636771401743
1295091620786782208
1295091536624070659
1295091510841495552
1295091400694882305
1295091330314637314
1295091309456154624
1295091076009607168
1295090849127247872
1295090746366627840
1295090687952683008
1295090678230376449
1295090435715522560
1295090433995886592
1295090406066135043
1295090402291261446
1295090346712604673
1295090294514475009
1295090282531356677
1295090254672789506
1295090158673498118
1295090126847004672
1295089969862672387
1295089888971255808
1295089794717044737
1295089787414577152
1295089781425278979
1295089764434169859
1295089689402040320
1295089446841249792
1295089438607978501
1295089350015963136
1295089312355119104
1295089236467748864
1295089138581090306
1295089055286194176
1295089040421785600
1295088963816833024
1295088918593863680
1295088862910459904
1295088825622880257
1295088819201380352
1295088730789810176
1295088667988549634
1295088493102690304
1295088360399175681
1295088317051154432
1295088278153113601
1295088269827420160
1295088220208656384
1295088120510189570
1295088107646263299
1295088063496908800
1295088027526520832
1295087966671351808
1295087951760809988
1295087812572778497
1295087799453069320
1295087726954516484
1295087505465696256
1295087486214057984
1295087399702269952
1295087396556546052
1295087373991149570
1295087306848776192
1295087032096755712
1295086938190315521
1295086918863073280
1295086879654785028
1295086843969626114
1295086826559082497
1295086800751472647
1295086791717007375
1295086770116349959
1295086701853831168
1295086644975075329
1295086468675833857
1295086446110560256
1295086422643351557
1295086258964713472
1295086187145641989
1295086143923511299
1295086112982081543
1295086025715441664
1295086010762756096
1295085908560093184
1295085838393659392
1295085775600713729
1295085756285739008
1295085745720504320
1295085619492708352
1295085598672400387
1295085594645680128
1295085567571623937
1295085455780741121
1295085331180552197
1295085278609264640
1295085081091088387
1295084995120369669
1295084991190269953
1295084976258478080
1295084952682405890
1295084943865913344
1295084909191733261
1295084894641696772
1295084855886336001
1295084644296261643
1295084566244401155
1295084534262837260
1295084358576099330
1295084316360241153
1295084259003301890
1295084190132834305
1295084136294748164
1295084107802841088
1295084098189434887
1295084086818742272
1295083935609823234
1295083717958995969
1295083476257869825
1295083461536108544
1295083336084459522
1295083120090390534
1295083007884263426
1295082951831703552
1295082849322913793
1295082727847452672
1295082648851886080
1295082645270016000
1295082606720098304
1295082579389898752
1295082552466657281
1295082509487738880
1295082484833624064
1295082415870758912
1295082411726970880
1295082378872881152
1295082313391280128
1295082223729770497
1295082217287364614
1295082070411280390
1295082020951846912
1295081968464474114
1295081960604176384
1295081958704156672
1295081958033195009
1295081914181640193
1295081747768578050
1295081626305810432
1295081486438354945
1295081465756213248
1295081450501541890
1295081360722235392
1295081156002680833
1295081152533991425
1295081118648213504
1295081106983792642
1295080920437927936
1295080860526563328
1295080783246393351
1295080782592122882
1295080771758297089
1295080661410250752
1295080610948460545
1295080606712451073
1295080542749302787
1295080484888645633
1295080443805675521
1295080368585019398
1295080341246484485
1295080299529826305
1295080233050218498
1295080175273558017
1295080152037298177
1295080142428090381
1295080140666482690
1295080118080040961
1295080001608523779
1295079955978649601
1295079907123290113
1295079854430457856
1295079825946927110
1295079781029969920
1295079774532984832
1295079614470127617
1295079474816573440
1295079426598801428
1295079395716210701
1295079369665384448
1295079362920939521
1295079094162464769
1295079091759132675
1295079051233656833
1295078973307682816
1295078969348423681
1295078866378199040
1295078766553817089
1295078720785403904
1295078431059845126
1295078424311037953
1295078342903955457
1295078317297668098
1295078263648329728
1295078217586479105
1295078185734815744
1295078082316042241
1295078078788456448
1295078033003601921
1295077980121624576
1295077852782776320
1295077819119284226
1295077786818756608
1295077605536870401
1295077556647915520
1295077454764224515
1295077323662700544
1295077302058049538
1295077298421415937
1295077272097972224
1295077173372563457
1295077168427364352
1295077149100122113
1295077111045160961
1295077086659588096
1295076988831457280
1295076912306544640
1295076895109681152
1295076878865268736
1295076778105438208
1295076671775633408
1295076593593974791
1295076566729457665
1295076461972303872
1295076347061182470
1295076343026262017
1295076275527311363
1295076121919332352
1295076120874942464
1295076080349409281
1295076025974558720
1295075994022240256
1295075935549521921
1295075838375923712
1295075646171799553
1295075643651170306
1295075573803311104
1295075524897734658
1295075301567811584
1295075285621026817
1295075246668685312
1295075204285300739
1295075181006913537
1295075063562211329
1295075051570712581
1295075038098407424
1295075027629596672
1295075013545070597
1295074755717079040
1295074690323619840
1295074677656883208
1295074461876723715
1295074440355753984
1295074252652269569
1295074234658562048
1295074232968400898
1295074097953509376
1295074093017051147
1295074002315157506
1295073916155764742
1295073841828581376
1295073752691224582
1295073614727770114
1295073564882763779
1295073438051246080
1295073367909900289
1295073348167360512
1295073343075422210
1295073305096003584
1295073224921952256
1295073143812272128
1295073143610998784
1295073028536033280
1295073020231417856
1295073016506912768
1295072946348687360
1295072886449819648
1295072868187934726
1295072848277454849
1295072758984974337
1295072735459188743
1295072718572982273
1295072709093793798
1295072705721466880
1295072641355862018
1295072638432231425
1295072454683930624
1295072440863936512
1295072424237641728
1295072315684913158
1295072301462020098
1295072270470098944
1295072254540353541
1295072222327914496
1295072137250664448
1295072087468630017
1295072017415380992
1295071900155158528
1295071757871779840
1295071747918778370
1295071730386587648
1295071696148484098
1295071693019533312
1295071670370209795
1295071622798487561
1295071529022226434
1295071465780457472
1295071405877399553
1295071362801905674
1295071345189851136
1295071339305467923
1295071285387702273
1295071279645511680
1295071224020766724
1295071213371498497
1295071126222077952
1295071059280977920
1295070865097285632
1295070856234795008
1295070467351384064
1295070361936109570
1295070221942890496
1295070217920483331
1295070184701661185
1295070170940149760
1295070070796767232
1295070051846979586
1295070002207428610
1295069989125394434
1295069918770139139
1295069757872525312
1295069754999427077
1295069644169060365
1295069589441634304
1295069553840590848
1295069509540147200
1295069314039656448
1295069313133576193
1295069309887225860
1295069286936064001
1295069263946903552
1295069242765737986
1295069219990704129
1295069171105927168
1295069023764348930
1295069023718133761
1295068975483588609
1295068956491804672
1295068939215609857
1295068923692539905
1295068866947821569
1295068762052468736
1295068739189084160
1295068632289021956
1295068608729690115
1295068524084367361
1295068347185340418
1295068307641569280
1295068216256069632
1295068138028113921
1295068020289789956
1295067983090515968
1295067855579262976
1295067738122010624
1295067609294143488
1295067586036748288
1295067584971313159
1295067434802716672
1295067373481988097
1295067294230609920
1295067263574446082
1295067263238696961
1295067236021936128
1295067189226110976
1295067108955566080
1295067058930167809
1295067055444688897
1295067015779057668
1295066981008314370
1295066931658194945
1295066891770310664
1295066827748499456
1295066808689467392
1295066744889868289
1295066686563876864
1295066552161775616
1295066506754240513
1295066478245556226
1295066446301663232
1295066428840775680
1295066397031235585
1295066306400542720
1295066301983932544
1295066066725613568
1295065922894311424
1295065922181296128
1295065860495687680
1295065753163411462
1295065677036949505
1295065658602946561
1295065602730622982
1295065545616875522
1295065499160780800
1295065432789983233
1295065425684967425
1295065331636088833
1295065248185978880
1295065157736046596
1295065117781110786
1295065057148186625
1295065051930324993
1295064955817832449
1295064847655329792
1295064793938878464
1295064790172348416
1295064786481434629
1295064654281084931
1295064539864670212
1295064526224683008
1295064503965515777
1295064382725074951
1295064322855432194
1295064308259229698
1295064168559648768
1295064130932494336
1295064098674298882
1295063886689837056
1295063835347316738
1295063829026672645
1295063767148040192
1295063764664950784
1295063762265944064
1295063542698303490
1295063469222506496
1295063361240129543
1295063275558899718
1295063231199928327
1295063208970067968
1295063164770324481
1295063103965523968
1295063092511084544
1295063020465512453
1295062977503207424
1295062893302550530
1295062884284657664
1295062810297282561
1295062787912327170
1295062759781130240
1295062575391137792
1295062467366785031
1295062433149726721
1295062365768044544
1295062352132538369
1295062314748706819
1295062184955977729
1295062118597885953
1295062052218830851
1295062019503206400
1295061960313184256
1295061877609893889
1295061859326885891
1295061852796391438
1295061757141147649
1295061670746783755
1295061610197852163
1295061608599699456
1295061564953853952
1295061562105802752
1295061519055630336
1295061518778863617
1295061514420879360
1295061468195573761
1295061398964207616
1295061396787539968
1295061373215338496
1295061338054709249
1295061284061413376
1295061279384666113
1295061228692353024
1295061201949351937
1295061099516252162
1295060966468734976
1295060947762118658
1295060880435163137
1295060815574454272
1295060779423674369
1295060744703098880
1295060548921499651
1295060523814445057
1295060523155742722
1295060330716868608
1295060293056434184
1295060248244310018
1295060211460276224
1295060120389353472
1295060057160404992
1295060033731014656
1295060006929399809
1295059928420421635
1295059921139048453
1295059761994530816
1295059748996501504
1295059723935289344
1295059595950297089
1295059466153590784
1295059405516541952
1295059377796382723
1295059360477896705
1295059295785160704
1295059289778860033
1295059273316274176
1295059273106456576
1295059226658770954
1295059054067359744
1295059051915747328
1295059049478852608
1295059002338865152
1295058953441873928
1295058900706906119
1295058898395828226
1295058876035866625
1295058844142448648
1295058749485461506
1295058719487795206
1295058711300526080
1295058613489278977
1295058535466688512
1295058439161311232
1295058436913131520
1295058357867479041
1295058253861265410
1295058253852717057
1295058142292656128
1295058087552978944
1295058026941034496
1295058003247296512
1295057932644691970
1295057870229106690
1295057846757814275
1295057725756514309
1295057660702851073
1295057633959981058
1295057621049909248
1295057618415714305
1295057609540554752
1295057608299225088
1295057555069136896
1295057546064125952
1295057505593237505
1295057390325440512
1295057325145952256
1295057313556918272
1295057271467040769
1295057260146720768
1295057209345429504
1295057174318780417
1295057086934650882
1295056996681605120
1295056945683013633
1295056931548209154
1295056790925737985
1295056734965207040
1295056719236591619
1295056690534998018
1295056636600623105
1295056612609216512
1295056606049304577
1295056596624707589
1295056592803528709
1295056583819513858
1295056570385039365
1295056538583748609
1295056488076058624
1295056431368900608
1295056422284058624
1295056416210931712
1295056401010745345
1295056398318030848
1295056354692997120
1295056336154238980
1295056316822704128
1295056312124964866
1295056297235185665
1295056256797941761
1295056188640378881
1295056179127816199
1295056107581317120
1295056094797144065
1295056013515776000
1295055966875066370
1295055890404564992
1295055869252698113
1295055863149977600
1295055768660647938
1295055765858693120
1295055730849054720
1295055716169003008
1295055610803888128
1295055605175136257
1295055472962072576
1295055428859170816
1295055365910888448
1295055347162390529
1295055231768760325
1295055220183928832
1295055077414023168
1295055070988505088
1295055056346050561
1295054942307262464
1295054926536638466
1295054897348358145
1295054716129296384
1295054710316179456
1295054661825835010
1295054459249274882
1295054373307822080
1295054359508606976
1295054348213342208
1295054275416997888
1295054245897666560
1295054173000675329
1295054080986030082
1295054062187151364
1295053974207434753
1295053959447678977
1295053922416173058
1295053914941739010
1295053893819174912
1295053802702163968
1295053782523555840
1295053773287694337
1295053731566780416
1295053641296928769
1295053635093594112
1295053571675828225
1295053569490595841
1295053490801111041
1295053370160345090
1295053332868825088
1295053329064554496
1295053294599983104
1295053273636810754
1295053243005972482
1295053234382536705
1295053230544695300
1295053159124078598
1295053138676908033
1295053117428555783
1295053039603257350
1295052998708621313
1295052892630593537
1295052866474786816
1295052724225089536
1295052688548397058
1295052628104224773
1295052626959032320
1295052565332230156
1295052554674540551
1295052546546053120
1295052472679948288
1295052261605945349
1295052218249482242
1295052207813832704
1295052198468939776
1295052198007775233
1295052185949085699
1295052158220500992
1295052139274829824
1295051976393121792
1295051933410041863
1295051885540282369
1295051868922683400
1295051863721521152
1295051809753636866
1295051733740257284
1295051726903377921
1295051580170010625
1295051533348790272
1295051493616254977
1295051467766632453
1295051389647888384
1295051363752316928
1295051293640228869
1295051228997705732
1295051198488248325
1295050968338509824
1295050943571034112
1295050732052156421
1295050710338461697
1295050696249815042
1295050676175810563
1295050506725801985
1295050367579951104
1295050332574121984
1295050303096709122
1295050268988461056
1295050230522683393
1295050178299273218
1295050139191713792
1295050082610544641
1295050063463489547
1295049932349616129
1295049851915337728
1295049793698398208
1295049752074022913
1295049722693132290
1295049618368024577
1295049612193959936
1295049570393698306
1295049517268496384
1295049434603163648
1295049425467760641
1295049226485866496
1295049211965300736
1295049201970225152
1295049139009413120
1295049010286407681
1295049009443360769
1295048973259083776
1295048813690990592
1295048785718996993
1295048594844602368
1295048581905342465
1295048568722653185
1295048539358351360
1295048514821664768
1295048424660885504
1295048414971883520
1295048188353810432
1295048175817031683
1295048133471174656
1295048133051809792
1295048126600888321
1295048067448803329
1295048053041197056
1295048048758980609
1295048005415047170
1295047994635501570
1295047961399812097
1295047942827659266
1295047861596381192
1295047810677485570
1295047794646892546
1295047777798348800
1295047753534287872
1295047743602188292
1295047705647955968
1295047660026474496
1295047653235912704
1295047634160431109
1295047622680444933
1295047594448687110
1295047593416785923
1295047537984856064
1295047520394129411
1295047398549409792
1295047321948844032
1295047316655747072
1295046945724141580
1295046817978159106
1295046732833685504
1295046627766480898
1295046464821960708
1295046448766054400
1295046354461499392
1295046328674705408
1295046295657291777
1295046226187112448
1295046079931719685
1295046044309487620
1295046012176719872
1295045983575904256
1295045834652827649
1295045816655241219
1295045795251716096
1295045657414250496
1295045574497099786
1295045482100797446
1295045448726712325
1295045413037322241
1295045398718029824
1295045383144407040
1295045363947180039
1295045344561180676
1295045314945130499
1295045302215376898
1295045274868633601
1295045259144167425
1295045256900157441
1295045208535642113
1295045154412404743
1295045096921010178
1295044759250116608
1295044759053119488
1295044718557122572
1295044685073985536
1295044673384271873
1295044595512999942
1295044562579271680
1295044491770986500
1295044390226780160
1295044178779480067
1295044176564944896
1295044087209492484
1295044024038879232
1295044005118582784
1295043927335153664
1295043892253847552
1295043809865338886
1295043786016399360
1295043681183870976
1295043667342716928
1295043644450316289
1295043569900716034
1295043512937914370
1295043399070945286
1295043381563981824
1295043281311629313
1295043266321162240
1295043211011006471
1295043176408010755
1295043173065121792
1295043088323432449
1295043049119256579
1295043040835440640
1295042948472754179
1295042946925039616
1295042921402703873
1295042889626660871
1295042875336658944
1295042808571715584
1295042710437416961
1295042671065460737
1295042659048923136
1295042636265349120
1295042618666123269
1295042580359651330
1295042576349716481
1295042499917099014
1295042493285675008
1295042461501358080
1295042440273915904
1295042406002434048
1295042381620940813
1295042369725829120
1295042338654322689
1295042333197717511
1295042326914465793
1295042319435980800
1295042183314186248
1295042161298124800
1295042118994583552
1295042112485052418
1295042076896354305
1295041693255897090
1295041683399245824
1295041656073445376
1295041609352921090
1295041558098608129
1295041484820029441
1295041443371900930
1295041428712837121
1295041408156434435
1295041264098979840
1295041191097049094
1295041109727408128
1295041068203900934
1295041036134363136
1295040987371196418
1295040977300676609
1295040799143583745
1295040722496663552
1295040713235804162
1295040660895129612
1295040606499110912
1295040548584198147
1295040533107216393
1295040382284292099
1295040339472941056
1295040227061489668
1295040179732983809
1295040104810057734
1295040058265948160
1295040008475344903
1295039957937971200
1295039919627415557
1295039885296967680
1295039882243592192
1295039853684379649
1295039844855554054
1295039805110325253
1295039700848312321
1295039611681542144
1295039610293121024
1295039579574198273
1295039577179267074
1295039530886500352
1295039423210336256
1295039391807619072
1295039369158569985
1295039345188012035
1295039336476336128
1295039301164470273
1295039259053891584
1295039176837128193
1295039149167304710
1295039141999255553
1295039140791287808
1295039137834307584
1295039135116406785
1295039092686614530
1295039067600465920
1295039055189729280
1295039042116112385
1295038866395746306
1295038865518899200
1295038836742004736
1295038807553712128
1295038792248758272
1295038757792407552
1295038720295526400
1295038697214287872
1295038670576275458
1295038652201013249
1295038649587896323
1295038599633629185
1295038532868812800
1295038462886850560
1295038417303150592
1295038327746428933
1295038232455860224
1295038224033873929
1295038204001890304
1295038180660350977
1295038142756433921
1295038106538672129
1295038098284388354
1295038056878108673
1295038026196725760
1295037991820259328
1295037881342234626
1295037860714872833
1295037817039585282
1295037728569139207
1295037528639262720
1295037302327181319
1295037256483450883
1295037213684699136
1295037187654901760
1295037172756516864
1295037122735308802
1295037049225920512
1295036919949271042
1295036900881903618
1295036848864100355
1295036775145013248
1295036765674311682
1295036756337754114
1295036707838889985
1295036666940465153
1295036616701026306
1295036573092925441
1295036514129178625
1295036459653750788
1295036276694032392
1295036248948645888
1295036153767366659
1295036027611086849
1295035867942322179
1295035862359711744
1295035764414099457
1295035658361286658
1295035624953716736
1295035500827308032
1295035367339556864
1295035248967811074
1295035192042807297
1295035160216428545
1295035089806655488
1295035086363033603
1295035053219643393
1295034925968695296
1295034815268388864
1295034779583250434
1295034712788996097
1295034704933126144
1295034625559900160
1295034600746442753
1295034578386681857
1295034398509682694
1295034394554572806
1295034365404045313
1295034351306944513
1295034272051470337
1295034247602814982
1295034210315632640
1295034193131581442
1295034061325570049
1295034005419589633
1295033943922814988
1295033906849296393
1295033830529593344
1295033815581298692
1295033791195488256
1295033757938913280
1295033745238630400
1295033726553001984
1295033640112406533
1295033634882084864
1295033612870574081
1295033541215039488
1295033457601462272
1295033411963363328
1295033007024115713
1295032958135480320
1295032896529600512
1295032678518005761
1295032659652104194
1295032646154588163
1295032593394683905
1295032537618812934
1295032505372991489
1295032451312410626
1295032435449700352
1295032327068725248
1295032241077325826
1295032230591553542
1295032175440560129
1295032081031090178
1295031954069319680
1295031952827768832
1295031941134274560
1295031859827679232
1295031856950210562
1295031782794960897
1295031658069012480
1295031639282601986
1295031637135298560
1295031534068604929
1295031485485985792
1295031426279145473
1295031394251530242
1295031255252078592
1295031235840897024
1295031203159052292
1295031099018616837
1295031036930412544
1295030997835116545
1295030945955950601
1295030869858476032
1295030779806912512
1295030775537184771
1295030697149624320
1295030670381797377
1295030620779839490
1295030619609628672
1295030534410842114
1295030357582999553
1295030266533216257
1295030106272993281
1295030104033288193
1295030074979373057
1295029964602048514
1295029963242971136
1295029957132001282
1295029946167865348
1295029922566672387
1295029816345993219
1295029644698288129
1295029310743601153
1295029157240307713
1295029112986206210
1295029093986177025
1295028949756641286
1295028841430364160
1295028826150404101
1295028815924797440
1295028767421878274
1295028708231778307
1295028660920090624
1295028612513447944
1295028569203146764
1295028498214424576
1295028424801693697
1295028379272597504
1295028371295031309
1295028296435073027
1295028259063660546
1295028143502381056
1295028078368952321
1295027994965286913
1295027941714395136
1295027935611686925
1295027879173066754
1295027858511990789
1295027812521381888
1295027755046797312
1295027752584843264
1295027708250828800
1295027696288903169
1295027680400769024
1295027634145984512
1295027524347494402
1295027337788919808
1295027296991051776
1295027200480223234
1295027116984107008
1295027104422277122
1295027096696356866
1295027012306784259
1295026985773801472
1295026770585038850
1295026709218066432
1295026619795607552
1295026591278538753
1295026521132929024
1295026449049673729
1295026443798433792
1295026405475061763
1295026326986821632
1295026280086278144
1295026276252647425
1295026260674920448
1295026201770287112
1295026060950528006
1295025954574626817
1295025837020938241
1295025733425922049
1295025586738311168
1295025543235219463
1295025490336653313
1295025424829829120
1295025421541572613
1295025344743976960
1295025270005669888
1295025131350302720
1295025065013268480
1295025030057938945
1295024983060684800
1295024955147591680
1295024898507767808
1295024877334749185
1295024780157104136
1295024776323502081
1295024769524543488
1295024724603547650
1295024722464452609
1295024708216328192
1295024693800468481
1295024670312366080
1295024550753771522
1295024520739393537
1295024422642802688
1295024407522549760
1295024396575412227
1295024189288701956
1295024184431644683
1295024171454304256
1295024079867650049
1295024048406175744
1295024040848089088
1295023845557100544
1295023773113036801
1295023741605253120
1295023608671145985
1295023561485234177
1295023525183590402
1295023496011997184
1295023253124243456
1295023244819431424
1295023070172917761
1295022901029212161
1295022762004590597
1295022729847017473
1295022635525513216
1295022456323936257
1295022441832620032
1295022425378299906
1295022421142130688
1295022275897380868
1295022182876229633
1295022008049123334
1295021960875970561
1295021910674350080
1295021803216048128
1295021798652878849
1295021712577355777
1295021696475435008
1295021660513476608
1295021527948300291
1295021518095896576
1295021516351049729
1295021504032387081
1295021427373080577
1295021401380986884
1295021291074916352
1295020980465577985
1295020969786998785
1295020932218654720
1295020748483035138
1295020721731772422
1295020627900989440
1295020571202392065
1295020565112201217
1295020553850490882
1295020516793880582
1295020497613271047
1295020378272796674
1295020346664394755
1295020309309820928
1295020268885352452
1295020193429835776
1295020121405231106
1295020059392454659
1295020035732393984
1295019936310595597
1295019924943970304
1295019898989682688
1295019876721946629
1295019847328268290
1295019731108454406
1295019665702506497
1295019312898400257
1295019283047755780
1295019282607218690
1295019280526987266
1295019276366155776
1295019120497496064
1295019113673154560
1295019098716491776
1295018934177914880
1295018905392553986
1295018898857684997
1295018824496889856
1295018716296552448
1295018700127571974
1295018552274157570
1295018531688521729
1295018500055085062
1295018456581120002
1295018449392066569
1295018442253389827
1295018345465622530
1295018262749761537
1295018171494277120
1295018086769319943
1295017920788127744
1295017780291534850
1295017712880504832
1295017678160175120
1295017649517273089
1295017626901647360
1295017572149202944
1295017522434015234
1295017474358992896
1295017459452276739
1295017271597752321
1295017249733070848
1295017172482371585
1295017131235586048
1295017121995423746
1295017045625577473
1295017029318004736
1295017027430764545
1295016978927595521
1295016956865773587
1295016839785873408
1295016812099207170
1295016801575874563
1295016784861499394
1295016710307799040
1295016690946908161
1295016682281467905
1295016594394025985
1295016579244097537
1295016533232513024
1295016436604305408
1295016410960338945
1295016317045612548
1295016282342006786
1295016271763968002
1295016192156094464
1295016121154908161
1295016100263059457
1295016063940386818
1295015824487522304
1295015822751080448
1295015684389457922
1295015648607838209
1295015241093349377
1295015190170185736
1295015182238912515
1295015173300707328
1295015132091867136
1295015112084992007
1295014964281909249
1295014827375628288
1295014803250057216
1295014786116141061
1295014786065784832
1295014767959007233
1295014652473233410
1295014596768604160
1295014590963736583
1295014566674530306
1295014556217966592
1295014392229240832
1295014307277799429
1295014144178114560
1295014110854180874
1295014086560940032
1295013953064574977
1295013949570785281
1295013931090681857
1295013893253795841
1295013885725073410
1295013832713265158
1295013829571760129
1295013820633473027
1295013813968920583
1295013808600240129
1295013725506863104
1295013709782355969
1295013608309633025
1295013587589779458
1295013570179203073
1295013452172398593
1295013434329882625
1295013392927817733
1295013319863144448
1295013260110987265
1295013226162409472
1295013136643305475
1295013073066037250
1295012966409084934
1295012957047394304
1295012931244109825
1295012908347404289
1295012874860011528
1295012839174729728
1295012793230532609
1295012691678048257
1295012559750410242
1295012453961609216
1295012401830666242
1295012370868314114
1295012227062198273
1295012130878631936
1295012078588170240
1295012072019959808
1295011953249837057
1295011901085298694
1295011886480519168
1295011842033680384
1295011841324666880
1295011818411307010
1295011753504444416
1295011707065171969
1295011664534929409
1295011582502678529
1295011385852801026
1295011363211943938
1295011360288342016
1295011354005385216
1295011328395030528
1295011272099069952
1295011248233308163
1295011195720802304
1295011149893828610
1295011126569324545
1295011025973121025
1295010972004835330
1295010911149842432
1295010768362934272
1295010655095971843
1295010618764939266
1295010579447451648
1295010550666100737
1295010538511114242
1295010450606829570
1295010386752630785
1295010376371838976
1295010256800677889
1295010061178359809
1295010060997992448
1295010050478608392
1295009946598117376
1295009895125790720
1295009868537946113
1295009814372921345
1295009688027893760
1295009660341121024
1295009614073798660
1295009421475676163
1295009406250151937
1295009331331698689
1295009286645456896
1295009213341728769
1295009144106180609
1295009143548346368
1295009098736443392
1295009008500322304
1295008954095767553
1295008953798098944
1295008949025021952
1295008863855484929
1295008819999903746
1295008591301181441
1295008500272312320
1295008488209489932
1295008447449178113
1295008191995150346
1295008155685068801
1295008154820935680
1295007931608465411
1295007897961758720
1295007868215754752
1295007848951234562
1295007755347132416
1295007700691034113
1295007542779588608
1295007508457644035
1295007504204693506
1295007487230455808
1295007476459298817
1295007401729560579
1295007164541669376
1295007117288583169
1295007087471276034
1295007040813830146
1295007016289800192
1295006977953878016
1295006933468844032
1295006905442721792
1295006883816898560
1295006801876877319
1295006799855333379
1295006750068953090
1295006723649019905
1295006692242063361
1295006636113895425
1295006568837152770
1295006567843037186
1295006562998792193
1295006420405035008
1295006412012228610
1295006340545470465
1295006277676957702
1295006232374382598
1295006097267404800
1295006012919836675
1295006005122568193
1295005922184462336
1295005883202785281
1295005860289183747
1295005852273905665
1295005720031694854
1295005586682073088
1295005569409925122
1295005520617758720
1295005500334116869
1295005498903846912
1295005343525683201
1295005314698354688
1295005311183577089
1295005294825811968
1295005281135529984
1295005188361781248
1295005169386577921
1295005100956622848
1295004943213043713
1295004900548640770
1295004844978249728
1295004792247353345
1295004684105768961
1295004677545893889
1295004582209294336
1295004576458985472
1295004524344745986
1295004423446581248
1295004400168194049
1295004213144150016
1295004208933015552
1295004156424523777
1295004120450043904
1295004004095860738
1295003904011362304
1295003901587075072
1295003884319051776
1295003827410808832
1295003803968651264
1295003604475150341
1295003596237479937
1295003536523251712
1295003532492505089
1295003346051489792
1295003312094404610
1295003255043432450
1295003093826969600
1295002963916857344
1295002948200738817
1295002913857851392
1295002900205314048
1295002724967362561
1295002577264955398
1295002455697059851
1295002422943809536
1295002368921280512
1295002337044553733
1295002090884837377
1295002063311720451
1295002021725167617
1295001848995356672
1295001831521820678
1295001771039842304
1295001609643134978
1295001587815985154
1295001573022629889
1295001563736338432
1295001517179772929
1295001493494550529
1295001381804412928
1295001306827022337
1295001215529607168
1295001193815642114
1295001188752998400
1295001147355398144
1295001103789182977
1295001091696984065
1295001043563053057
1295001033454882816
1295000854479736832
1295000703270703108
1295000624103337985
1295000552166830082
1295000543056793618
1295000464556281856
1295000332804722688
1295000318644756482
1295000179934785538
1295000125618769920
1295000051534696448
1294999862912704513
1294999855899635713
1294999814728568839
1294999726903963648
1294999706838405120
1294999505910333442
1294999383155650567
1294999088241561600
1294998782166175750
1294998436014706690
1294998422165037057
1294998410735607808
1294998141763121152
1294998125862584320
1294998074302005248
1294998029179789313
1294997976763572226
1294997819854643206
1294997751839838208
1294997553981857792
1294997553952555008
1294997511640428544
1294997493625704448
1294997388671754240
1294997342651785216
1294997185743003649
1294997034764840961
1294997023150702592
1294997018218082304
1294996996105756672
1294996989525065728
1294996940875116544
1294996904204541952
1294996881819471872
1294996867558903808
1294996808377290752
1294996768971776001
1294996684431216640
1294996584359505921
1294996457976717312
1294996443468505088
1294996271112093696
1294996172155887623
1294996139163430912
1294995990332813312
1294995901392523265
1294995849244749826
1294995767610941445
1294995748241760256
1294995745838452738
1294995744580141058
1294995679270535168
1294995674572914693
1294995584265400321
1294995482431938570
1294995479390908417
1294995375724560385
1294995369475145729
1294995315502854144
1294995311656607745
1294995241892818945
1294995239485296645
1294995183768154112
1294995165732433920
1294995076649832448
1294995046329200640
1294994940393672705
1294994908772593668
1294994889990602759
1294994766007087104
1294994764572561409
1294994736185581568
1294994724802056192
1294994716463968258
1294994661283516417
1294994618216517633
1294994612805947392
1294994570174922753
1294994552688959488
1294994527703441408
1294994465644576768
1294994391208271877
1294994341388115968
1294994238955036672
1294994205559918594
1294994195812319233
1294994192213581824
1294994114514018304
1294994096801697792
1294993829167337474
1294993765514514433
1294993710602625024
1294993689870131200
1294993612283895808
1294993569040670722
1294993477579821057
1294993371119919105
1294993207898640385
1294993123433689088
1294993057922846724
1294992768947953665
1294992756260179969
1294992733426376704
1294992705051820039
1294992486063120389
1294992424163475456
1294992386540679168
1294992296182652931
1294992293355757568
1294992265874743296
1294992245985247233
1294992185998401536
1294992102477246464
1294992056494874626
1294991797287104512
1294991590419726337
1294991555007098880
1294991518894301184
1294991517342478336
1294991508412620801
1294991359271743488
1294991327952871425
1294991122025127936
1294990962935173120
1294990934355181570
1294990928285966337
1294990867254607872
1294990797440417793
1294990743233155072
1294990739160674306
1294990711373230081
1294990680188690437
1294990617823424516
1294990581207195654
1294990367713112064
1294990303603101696
1294990296820916228
1294990148871032832
1294990088921915392
1294990024182833153
1294990001294508033
1294989932470194176
1294989830682804225
1294989784251805697
1294989736696664064
1294989733999702016
1294989620707557378
1294989551249821696
1294989527874822144
1294989448913059841
1294989428281298944
1294989308827500551
1294989238317060098
1294989183996616705
1294989129680408577
1294988898272030730
1294988891892543489
1294988802935664640
1294988760246099968
1294988657892438021
1294988634408587264
1294988629195010048
1294988622358249472
1294988592213823488
1294988475234689030
1294988451515752448
1294988379063562241
1294988378656641025
1294988351100116992
1294988310327238659
1294988294640422913
1294988201300566018
1294988146300551168
1294988000938594305
1294988000066142209
1294987966138519552
1294987955078139907
1294987938674159616
1294987891085578240
1294987814778568704
1294987736689135616
1294987729353285639
1294987705684819968
1294987601103818752
1294987539414122496
1294987468622778369
1294987443402416128
1294987428294463493
1294987381456752640
1294987343439572992
1294987218461892609
1294987206931644417
1294987122986819588
1294986822536302593
1294986783961354242
1294986704181440512
1294986622430261248
1294986599042818048
1294986434823192577
1294986241671196672
1294986096993021953
1294985937408098305
1294985679148064769
1294985676631482368
1294985610579648513
1294985601180143616
1294985556179312641
1294985501338931205
1294985384955445250
1294985170974584833
1294984991059980288
1294984839230377985
1294984721252978688
1294984558123929603
1294984339843842050
1294984262224093184
1294984165495013376
1294983951417827330
1294983703484145666
1294983571191595013
1294983539654631424
1294983479734697984
1294983426605490178
1294983377976729600
1294983344086749185
1294983305733931009
1294983287803457538
1294983285366353920
1294983209525170183
1294983204034826240
1294983141828907014
1294982872210837505
1294982871719936000
1294982785862696960
1294982680422092801
1294982664118829056
1294982449856950275
1294982447072006144
1294982293451350016
1294982269531295744
1294982172236021761
1294982047472156672
1294981852202180614
1294981844233068544
1294981722464018438
1294981708299808768
1294981694022328320
1294981450027032576
1294981421325524992
1294981376832397313
1294981248536977413
1294981188759588866
1294981137140523008
1294981124133920769
1294981102566871041
1294981074230087683
1294981043846410241
1294980860484222977
1294980811746422784
1294980801428443143
1294980664052326400
1294980581785137154
1294980516362559489
1294980311089131520
1294980189940785152
1294980162724024321
1294980092486209536
1294980056125767680
1294979777552580608
1294979762432155648
1294979751489175552
1294979738994388992
1294979669905686530
1294979558437990400
1294979502372724741
1294979379240419329
1294979323762442241
1294979281060126722
1294979230489616385
1294979201221693440
1294978992869650434
1294978741295251456
1294978086417702912
1294978016695779328
1294977974593376257
1294977962593472513
1294977947925962760
1294977820427337728
1294977812730990592
1294977774994755585
1294977700415905792
1294977678513242112
1294977648582635524
1294977589883396098
1294977547986296832
1294977509977710592
1294977492311109632
1294977438678581249
1294977403479977984
1294977372068831237
1294977304632975361
1294977286324645891
1294977227935760385
1294977226614673408
1294977200912048132
1294977186902847494
1294977184055123968
1294977144171331584
1294977080094937089
1294977023039873024
1294977017826258944
1294977013191716871
1294976955712864259
1294976923014017027
1294976906522234882
1294976887895121925
1294976822791172096
1294976790897680384
1294976781548752901
1294976752595292161
1294976712795553792
1294976672228356097
1294976616582524929
1294976615005421569
1294976579680911363
1294976537926590466
1294976321542672386
1294976264231501827
1294976213845307394
1294976179418497024
1294976140864442368
1294976117116473344
1294976105217052672
1294976051823558656
1294975992583335939
1294975644682670085
1294975585572343810
1294975457314643969
1294975301395476481
1294975174484336640
1294975093249015813
1294975071057043458
1294974995282657285
1294974855951970305
1294974774863630336
1294974766370246656
1294974759147577344
1294974323908841472
1294974275980603395
1294974224528891904
1294974180073648130
1294974179989544962
1294974137241415683
1294974131172020226
1294974066541989888
1294974066193920001
1294974059923615745
1294974016009035776
1294974015258451969
1294973963546894336
1294973592128692224
1294973544296841217
1294973437212012544
1294973428626268160
1294973402156072963
1294973352222822403
1294973331729453056
1294973246291554306
1294972998823206918
1294972901448396801
1294972802689269761
1294972557049966592
1294972380683669504
1294972329814982656
1294972275758968838
1294972274584387584
1294972115259711489
1294972103112962049
1294971895595642883
1294971890721787904
1294971871193161728
1294971739345215493
1294971662132285440
1294971581018574848
1294971566741020673
1294971417713356801
1294971403163389953
1294971260083019787
1294971056520757252
1294970982386499584
1294970972366200833
1294970561421074433
1294970549198901249
1294970538733928450
1294970507603869696
1294970423822745600
1294970422174404609
1294970406571515904
1294970218595393536
1294970104900456448
1294970095941423105
1294970022054567936
1294969932363505667
1294969924364963840
1294969923832295424
1294969898368548866
1294969772069785600
1294969675290484737
1294969671662342145
1294969650351136768
1294969496483041281
1294969435430813697
1294969407760936961
1294969350139437058
1294969343260975109
1294969262742929408
1294969232606867459
1294968853588512769
1294968818943631360
1294968797850263552
1294968761687191552
1294968524226670592
1294968504207081472
1294968431104712707
1294968361395408897
1294968359948152834
1294968215479767040
1294968175080210432
1294968101310730240
1294968091412234240
1294967989406773248
1294967836805398529
1294967812537057281
1294967777439019013
1294967772166979584
1294967573411495937
1294967521670574091
1294967300777549824
1294967270976839686
1294967150822731777
1294966926041464834
1294966868999049221
1294966579776704513
1294966494653083649
1294966475359485952
1294966142973296640
1294966139391541249
1294966127697653760
1294966122253561856
1294966067236876288
1294966037272834054
1294965998932701184
1294965973146112000
1294965935296655360
1294965910680330243
1294965409867857920
1294965379333324800
1294965276509970433
1294965082066006016
1294965075888005120
1294965041087750145
1294965024834949120
1294965018535002112
1294965003976499203
1294964979758702593
1294964914939985920
1294964856022601729
1294964300830978050
1294964251635916800
1294964214726103040
1294964207289540609
1294964095578337280
1294963951600644099
1294963908374073344
1294963704421920768
1294963557524807680
1294963186718760961
1294963118876098564
1294963114824339458
1294962819507593217
1294962753048895488
1294962603714805761
1294962576762142720
1294962417328427008
1294962371425902592
1294962082224406528
1294961996362907649
1294961919506489344
1294961628325253120
1294961522121363457
1294961416089169920
1294961334241636353
1294961165743915009
1294961060701708289
1294960959065165826
1294960891214139392
1294960844665769985
1294960560677814278
1294960444151664640
1294960127452176390
1294959999895179265
1294959819485454337
1294959714481188864
1294959596977688576
1294959494531706880
1294959399790837760
1294959237894795264
1294959139467091970
1294959085297704961
1294959009502380032
1294958952531128321
1294958790236758017
1294958655121620992
1294958606576529411
1294958520929062912
1294958496597909505
1294958431439216640
1294958414901149696
1294958272668147713
1294958219413127169
1294958190870880258
1294958187523776514
1294958157983293440
1294958127809474562
1294958125389246465
1294958036855947264
1294958034993778689
1294957884984320001
1294957841262866433
1294957814339649542
1294957804927832064
1294957454803886082
1294957393370062850
1294957347564138497
1294957084786790401
1294957069934702592
1294957038347472896
1294957013382963200
1294956798588354562
1294956691134406657
1294956608657727493
1294956469222125570
1294956419893080066
1294956300816625665
1294956189764268032
1294955985874935808
1294955896305418241
1294955836222181377
1294955822804418560
1294955718886400005
1294955706328719360
1294955680143749126
1294955542239158272
1294954974040924160
1294954316068007937
1294954159159021569
1294954153249329152
1294953992758407169
1294953985120632833
1294953932414910466
1294953875066064901
1294953850294751232
1294953838034800640
1294953722288779264
1294953614960668674
1294953525605269509
1294953348844662785
1294953052416487425
1294953017524064257
1294952808102281218
1294952786841534470
1294952689999257602
1294952511418388482
1294952343260209154
1294952278538047489
1294952193951518721
1294951988375908352
1294951753818017792
1294951731743191040
1294951037049229313
1294951002911760389
1294950987556421632
1294950985589305344
1294950954996060160
1294950931973505024
1294950799584432129
1294950629400555520
1294950527617335296
1294950466330038273
1294950455101943808
1294950451117543426
1294950416699084800
1294950047176691712
1294949720926887936
1294949390419988480
1294949359818285056
1294949208886251521
1294949078795681794
1294949064291815426
1294949043504848898
1294948949615353856
1294948886193283072
1294948688544976897
1294948641648652288
1294948584396394498
1294948316560711681
1294948241033830400
1294948166182240256
1294948082719678464
1294947887563112448
1294947804876431360
1294947398356209664
1294947074564382720
1294947053064392705
1294946969765449728
1294946947414085633
1294946509176344576
1294945915288068096
1294945797470126081
1294945553562861569
1294945258921369601
1294945003115085824
1294944827679936517
1294944653620453376
1294944576008908803
1294944507092512769
1294944057085460481
1294944004182704130
1294943916345745408
1294943663303225345
1294943403722125312
1294943362399830016
1294943187748839430
1294943165112254464
1294942996014694400
1294942403078639617
1294942268084883456
1294942257611669505
1294942153911795712
1294942112128086016
1294941857953325057
1294941559599828992
1294941546421395457
1294941504557985792
1294941480688156673
1294941479560007680
1294941171328749570
1294941102022127616
1294941045269069825
1294941040785403906
1294940890385940480
1294940781820747776
1294940764426907654
1294940716301352960
1294940579936247808
1294940500189995015
1294940266542051328
1294940017509335040
1294940016423116801
1294939716396158976
1294939594107101185
1294939497348530176
1294939385889263618
1294939362522738689
1294939162743840768
1294939020179517440
1294938933172801543
1294938822267019264
1294938623964590080
1294938500282884096
1294938157436338177
1294937888828907520
1294937870692737024
1294937851436597250
1294937815453536257
1294937766564773888
1294937355380502528
1294937224312762368
1294937187671310336
1294937180876484608
1294937026693914624
1294936994632675328
1294936930237460481
1294936724792119303
1294936647969079296
1294936312831782914
1294936274369945600
1294936241725566976
1294936085722800128
1294936031129632768
1294935848723591169
1294935810412875776
1294935744142811136
1294935685372301313
1294935652656533506
1294935288238632960
1294935236082466819
1294935165345492993
1294935089088929794
1294934953742999554
1294934772469424128
1294934760792432642
1294934669494870017
1294934580173189121
1294934289491140608
1294933827186569221
1294933821415137281
1294933734173675521
1294933600257765377
1294933463414407169
1294933394674114560
1294933138133712896
1294933111999004673
1294932874303434752
1294932831282647041
1294932669730627584
1294932370160848896
1294932308227760128
1294932178426568705
1294932147996958720
1294932093282267136
1294931821394710529
1294931625109749761
1294931591593111553
1294931589613457408
1294931508789235712
1294931502522720263
1294931320666091520
1294931176319221760
1294930914934489088
1294930894180855808
1294930848488329216
1294930668556677121
1294929985854087171
1294929614696046592
1294929550019723264
1294929514905051137
1294929333795028992
1294929149417619457
1294928892461948930
1294928869296934912
1294928851118759936
1294928674626641920
1294928579755675650
1294928576895213569
1294928351056941056
1294928336691453952
1294927845882380290
1294926994480783360
1294926852679639040
1294926581702504453
1294926295520903169
1294926239182987264
1294926058379079680
1294926054730149888
1294925479875575809
1294925221388890112
1294924862494998531
1294924753468301312
1294924661063430146
1294924331949195264
1294924265058373632
1294924255050829825
1294924087718944770
1294923908211191808
1294923663926583296
1294923623560556550
1294923619924049920
1294923092481826817
1294923015407521792
1294923011053637634
1294923004904964097
1294922998445756418
1294922684954898434
1294922361783934977
1294921927459508224
1294921840943673347
1294921742532530176
1294921674924552193
1294921442073575424
1294921314608742402
1294921303716061185
1294921213735821312
1294921181565313024
1294920983283765253
1294920713841901568
1294920704664666119
1294920674193084416
1294920418730618880
1294920191399215106
1294919989598838785
1294919740914245633
1294919375040872449
1294919338449940487
1294919038678769664
1294918943564587010
1294918579884826624
1294918556094799872
1294917813250011137
1294917705305165824
1294917525197791232
1294917492230352896
1294917406452781057
1294917212164231168
1294917197530165248
1294917184376848384
1294917167519895554
1294917154979053568
1294916998141546496
1294916969146322944
1294916773440086016
1294916456476315648
1294916444681990144
1294916336615927809
1294916101575512069
1294916084840017922
1294916044067237890
1294915906733092864
1294915757495787520
1294915731574988801
1294915657860026369
1294915533813493761
1294915513823506432
1294915494575652866
1294915363528998913
1294915349234634754
1294915285212966913
1294915131764244480
1294915083257225216
1294914576065146880
1294914282031730690
1294913817416290305
1294913710872551424
1294913703318437888
1294913662080098305
1294913464318787586
1294913290737418241
1294913054023589888
1294912976248602624
1294912849488183296
1294912735692513285
1294912725198540804
1294912496185282560
1294912378081927170
1294912156065058816
1294912154227871745
1294911878863491073
1294911865366011906
1294911792653774849
1294911749372686340
1294911584263798786
1294911397264932865
1294911316692410368
1294911316533088256
1294911209171492864
1294911161003982849
1294911025154871296
1294910963431256066
1294910842346057728
1294910750838775808
1294910626465112065
1294910527936835584
1294910363037847552
1294910346583408641
1294910264081559553
1294910097613705216
1294910021084631048
1294909833926324225
1294909631139950594
1294909380333309952
1294909372175273984
1294909056398888961
1294908970952351744
1294908729788256257
1294908642907561985
1294908424396800000
1294908107282423809
1294908104216199169
1294907994984124416
1294907909374181376
1294907688686510082
1294907484654768129
1294907449544044549
1294907367348244480
1294907255637200897
1294906907795365888
1294906744112648192
1294906707030597633
1294906461232009219
1294906230515720192
1294906164384354307
1294905998642208768
1294905730080759810
1294905680558796802
1294905635746844673
1294905618361225216
1294905608294940673
1294905605744996353
1294905148758622208
1294904925567188994
1294904806629400576
1294904777445441538
1294904641151471617
1294904623069835265
1294903779322507265
1294903453890818049
1294903297732640768
1294903192690536448
1294903003854471168
1294902989073707008
1294902903036153857
1294902641118633985
1294902636605509632
1294902621946421248
1294902557525946369
1294902410159124480
1294902382397014017
1294902370468614145
1294902206093651968
1294902103220072448
1294901977629913088
1294901466403082241
1294901460090728448
1294901324878929921
1294901029415399424
1294901012021620736
1294901011799302146
1294900923790024708
1294900762087239680
1294900761143291905
1294900716771741696
1294900645481213952
1294900596877791232
1294900505945214976
1294900505584570368
1294900214487060480
1294899635719462913
1294899618954670080
1294899539036508165
1294899286803652608
1294899005504200709
1294898929524527104
1294898831096721408
1294898723416346626
1294898561247850496
1294898411490152449
1294898130752802817
1294898112486453249
1294898100243488768
1294897755161161729
1294897751222898688
1294897711435587589
1294897490735505408
1294897373815218176
1294897298049294337
1294897276108697602
1294897175739195392
1294896952211980289
1294896829461606400
1294896657230966785
1294896214467645440
1294896042530365441
1294895985647206401
1294895848179077120
1294895504829157377
1294895492023726080
1294895431189704704
1294895346040987648
1294895199966175232
1294895068281741314
1294894638952742912
1294894536204804096
1294894165902233601
1294894054270889984
1294893915124850690
1294893912432115713
1294893673054789633
1294893658345332736
1294893653467439104
1294893504578097152
1294893500379660288
1294893460177055745
1294893127078117376
1294892809514889218
1294892681047547911
1294892672021299201
1294892649732685824
1294892599321468928
1294892595018047489
1294892547664379904
1294892531914878976
1294892509936513026
1294892421436719104
1294892394064891904
1294892333348139009
1294892289924505600
1294892287152062464
1294891879364845569
1294891807763914752
1294891802475073537
1294891725710917632
1294891679435161602
1294891614049984512
1294891568810414080
1294891565807091712
1294891543212331008
1294891357312442373
1294891283090210819
1294891201599078400
1294891195089342464
1294891065191862272
1294891063438503938
1294890789487747072
1294890566375870464
1294890529663016960
1294890329150283778
1294890236346920961
1294889975398375424
1294889902832664576
1294889644820226048
1294889516013150209
1294889383024373760
1294889330444574720
1294889328309448704
1294889211296849921
1294888988226940928
1294888943700324357
1294888827945807872
1294888783108808704
1294888741492973568
1294888721087594501
1294888680742477827
1294888571611099136
1294888503562493953
1294888102692093953
1294888055644413952
1294888035520135169
1294887992012595202
1294887991656112129
1294887780443660289
1294887776463343616
1294887686046494720
1294887609026535426
1294887587086102528
1294887354352562177
1294887109312929792
1294886855037485056
1294886834183577600
1294886795901984768
1294886572148641794
1294886283387588608
1294886280703213568
1294886143779958784
1294885865139863552
1294885752082399235
1294885689733967872
1294885572385943553
1294885491305660416
1294885433747230720
1294885078900801537
1294885009132859392
1294884895827927040
1294884719352569857
1294884710544547842
1294884687773540352
1294884641837465601
1294884430025068544
1294884312743993346
1294883805174665217
1294883714971906048
1294883450655211520
1294883333399224321
1294882979035062274
1294882892414361600
1294882773325492224
1294882626667311104
1294882357678202880
1294882129399209984
1294881853967609858
1294881658944942081
1294881366966808576
1294881296993390592
1294881143125348353
1294881090667188224
1294881067980058624
1294881015958183936
1294880854964080640
1294880832704753665
1294880751675224064
1294880715197251584
1294880467418787840
1294880420165832705
1294880341698793472
1294880254310453249
1294880240049807360
1294880230566440960
1294880149712896002
1294880120621105153
1294879820904636416
1294879539722694657
1294879536828551168
1294879422449881088
1294879188927881216
1294879104534183936
1294879033948123136
1294879000519573506
1294878938087358465
1294878755714981888
1294878719908216832
1294878634092777472
1294878458133319680
1294878396820811777
1294878365543854080
1294878319930798081
1294878280596643840
1294878255762362368
1294878210145038342
1294878156973920256
1294878062387933190
1294877926618529798
1294877855592177664
1294877759534227462
1294877647286292481
1294877414053629952
1294877307274964992
1294877283254140929
1294877223435096064
1294877161141293056
1294877087606530049
1294877054924517377
1294877025996615681
1294876981931237379
1294876899248869376
1294876755598217217
1294876731053154305
1294876595581149184
1294876594251747329
1294876509975351298
1294876346469036034
1294876326361407488
1294876304546955264
1294876271319461889
1294876241229746176
1294876163085565952
1294876060262293505
1294876028926488577
1294876027370364929
1294875931044192256
1294875858524487685
1294875845438341122
1294875637052841984
1294875493909626882
1294875320948932608
1294875311968903168
1294875141776629760
1294874809877188608
1294874653702332421
1294874650791620608
1294874584500432897
1294873938833678337
1294873844751175681
1294873544032022528
1294873441011675136
1294873312238215168
1294873144394735619
1294873104267784193
1294873058818297856
1294873026354270212
1294872886780387330
1294872871391490048
1294872678856187904
1294872661726830598
1294872385628209153
1294872375662710785
1294872201603297282
1294871926418976768
1294871910300495874
1294871594477723649
1294871503692070913
1294871414563102723
1294871133460676608
1294871060555284480
1294871047263653894
1294870788697251840
1294870662230585344
1294870661433786368
1294870638436315137
1294870559029727232
1294870441543131136
1294870120368488448
1294870030467792896
1294869966383185920
1294869962906128385
1294869960842514433
1294869901010563079
1294869861969977344
1294869849827508224
1294869732982583296
1294869594449088512
1294869510290276352
1294869447627292672
1294869324562194432
1294869062766354432
1294868967878778880
1294868933799890946
1294868454504366080
1294868386468356097
1294868366587392000
1294868316847210496
1294868300040552449
1294868244017213441
1294868227973976065
1294868213029724161
1294868207036030977
1294868187121672192
1294868044330577921
1294867949405106176
1294867821206237186
1294867757398286338
1294867668634202112
1294867537432326145
1294867529165414403
1294867493471703043
1294867474542985216
1294867443513516032
1294867284239036422
1294867245873549312
1294867232502108160
1294867211325063169
1294867158745452544
1294867078520942592
1294866951370547202
1294866935646162944
1294866883775098880
1294866836589350912
1294866677335822337
1294866655676432386
1294866642036338693
1294866604497412096
1294866469214392320
1294866173885128706
1294866169367678976
1294866135242829824
1294866081312575488
1294866062727684099
1294865986215182339
1294865949254811653
1294865920079417346
1294865903666987008
1294865880346701829
1294865878954246144
1294865675954135040
1294865534123683844
1294865510195240961
1294865271933399041
1294865228262526976
1294865118824665089
1294865007184875520
1294864723289276417
1294864666934554624
1294864632121827329
1294864569521844225
1294864454887395328
1294864440811229185
1294864427297079298
1294864421299163136
1294864017933185024
1294863968331337728
1294863877306494976
1294863862412521472
1294863775103889411
1294863748172144641
1294863653863292928
1294863370303287296
1294863314971836416
1294863293459451905
1294863266225647616
1294863260777316352
1294863151654199296
1294863040995885056
1294863035090313216
1294862732303323136
1294862646106185729
1294862590506610688
1294862585649537024
1294862584512798720
1294862578146058241
1294862548920078336
1294862344426856448
1294861993346654208
1294861944164249600
1294861931820380161
1294861874224410624
1294861761867210756
1294861740769869826
1294861549987860480
1294861468127711232
1294861346060681217
1294861243614769152
1294861158998892544
1294861143614185473
1294861105387286529
1294860981940752385
1294860965046095873
1294860961933938690
1294860874709184512
1294860650540412928
1294860527903092737
1294860516632989698
1294860447989075968
1294860384881369096
1294860333492899840
1294860316254273536
1294860305986719745
1294860287028408320
1294860276802691072
1294860234289160194
1294860219969929221
1294860209043767296
1294860195777060864
1294860190974705664
1294859957473615874
1294859956038979584
1294859929027674112
1294859901231980545
1294859893783044098
1294859731916525570
1294859713675436035
1294859667542179841
1294859661355577344
1294859517067505671
1294859500923518976
1294859452814970881
1294859451825115137
1294859438088761344
1294859292256935948
1294859239203065856
1294859169829466112
1294859057837142016
1294858924173201408
1294858885715591168
1294858803515658241
1294858667133677573
1294858545427611649
1294858485360922624
1294858445666095105
1294858281656221701
1294857958891778048
1294857691450540033
1294857406678065153
1294857402911567873
1294857387229286400
1294857299815628800
1294857299639652358
1294857293692010496
1294857200024932353
1294857143020064769
1294857127496945664
1294857098329759744
1294856923469119488
1294856836894654466
1294856667855826947
1294856659362295808
1294856647861395457
1294856476721385472
1294856407318028289
1294856375026114560
1294856316989648896
1294856232323473409
1294856154888187904
1294856113234485248
1294856003029217280
1294855944346710023
1294855759092682752
1294855692256342018
1294855664024469504
1294855630742724614
1294855622295293952
1294855418515161088
1294855381202513921
1294855247286996993
1294855245693157376
1294855206618853376
1294855158082482177
1294855146472722432
1294855071780360192
1294854932269391872
1294854931149545474
1294854715046424577
1294854620242522112
1294854610063155202
1294854538860601345
1294854405544501249
1294854361965764608
1294854249067589632
1294854222580596738
1294854176938135554
1294854101440765952
1294854095669321728
1294854033988030464
1294853973728309250
1294853805788594176
1294853768496869377
1294853694387888129
1294853617351090176
1294853570953609216
1294853469732511744
1294853456998604800
1294853386190364672
1294853314757230594
1294853217298284548
1294853211518640128
1294853168413773826
1294853112772145160
1294853006819766273
1294852987958042624
1294852952583213057
1294852784311984129
1294852750489128962
1294852654804471808
1294852613234712576
1294852474617110528
1294852335957508098
1294852275374977024
1294852202356514819
1294852188796260352
1294852054486331392
1294852025428185088
1294852008642523136
1294851783798345728
1294851757814820869
1294851743868649472
1294851727678676993
1294851504336060416
1294851489538531328
1294851464838492161
1294851395430912001
1294851352615682054
1294851293312425985
1294851162340917250
1294851110516162560
1294851066706694145
1294851049820262401
1294850964718063616
1294850949727563776
1294850894643834881
1294850807653732352
1294850795230420992
1294850778482405376
1294850722706726912
1294850717815934976
1294850696303349760
1294850670852550658
1294850610668371968
1294850547615444992
1294850533686034432
1294850525876240384
1294850434071293953
1294850432376897537
1294850274532753409
1294850223328636930
1294850221361569792
1294850180169203717
1294850023427960832
1294849994118139904
1294849937247797249
1294849731852673024
1294849694833598465
1294849658175598593
1294849570661265410
1294849538511994887
1294849441145352196
1294849386783088640
1294849222752251904
1294848979788800001
1294848883949023234
1294848850763669504
1294848821185454080
1294848809688870912
1294848777115729920
1294848734048612353
1294848642159910912
1294848613257031684
1294848605237334016
1294848569778872324
1294848469941792769
1294848466217324546
1294848411422748678
1294848373737103361
1294848275451871235
1294848236734287872
1294848189896351744
1294848092693581824
1294848021675507713
1294847939966271488
1294847877857058816
1294847788178649090
1294847730754490369
1294847718779580417
1294847565767221248
1294847507395219464
1294847307335122944
1294847135364657153
1294847072433319939
1294847012836450305
1294846922482647040
1294846778999738369
1294846706312413185
1294846451269459968
1294846359619555328
1294846334810423297
1294846220725129216
1294846215050256384
1294846214417068032
1294846183995629568
1294846179616817152
1294846166207782919
1294846140580376576
1294846134435815425
1294846033172692992
1294846011576332289
1294845955620175875
1294845898871062529
1294845891866767360
1294845888817373185
1294845885491359744
1294845882135982080
1294845881997578240
1294845774665318400
1294845703789912077
1294845590065557506
1294845584570847232
1294845501947252736
1294845431961157632
1294845296292376576
1294845279804547072
1294845266869268481
1294845262091784193
1294845215380066304
1294845088766529537
1294845070181568513
1294845014657380357
1294844995648749568
1294844884604592128
1294844877088280578
1294844775464566784
1294844769928085509
1294844755906617345
1294844670271459329
1294844651627843584
1294844597890437121
1294844522728480770
1294844088408309767
1294844053926875137
1294843969965195266
1294843863853539328
1294843820568272896
1294843811059961856
1294843760530960384
1294843759117529088
1294843652108357632
1294843633934401536
1294843544352354304
1294843522399567873
1294843478879408128
1294843399112134656
1294843372457230336
1294843347765547009
1294843232917094403
1294842857367404547
1294842839545909249
1294842833610866688
1294842699623800832
1294842659480240129
1294842522171211779
1294842489904476160
1294842464642228225
1294842455360249856
1294842440319295488
1294842430617866241
1294842368764518401
1294842331259174925
1294842242092478464
1294842223444590592
1294842120952406018
1294841986747432960
1294841974030249985
1294841960428118017
1294841903440068609
1294841753636409345
1294841746803888131
1294841559607697408
1294841369845018625
1294841330531799045
1294841316459732992
1294841281399541760
1294840964582912005
1294840919360000000
1294840838128689156
1294840728216956928
1294840725302059009
1294840663318695936
1294840502081052672
1294840472972800001
1294840328688750593
1294840312360181760
1294840272904486914
1294840255980490755
1294840108949151744
1294840092918415366
1294840079081406464
1294840036790173697
1294840035037138944
1294840005718945793
1294839933857865729
1294839915436560384
1294839760385642496
1294839709936414722
1294839502586834944
1294839500712050688
1294839442948202498
1294839161829101573
1294839099342434309
1294839064466726912
1294839062625427462
1294839041972506625
1294839010574172161
1294838903564886017
1294838838531993600
1294838827945730052
1294838784463441920
1294838775760257024
1294838761591681024
1294838485829001219
1294838409874219009
1294838352181694465
1294838341603491840
1294838268278837250
1294838158077591555
1294838059775778818
1294837984760659970
1294837966196609024
1294837947783675905
1294837918855581698
1294837730640355330
1294837686851842048
1294837598217740289
1294837295367876609
1294837169861861376
1294837126006214656
1294837084742721537
1294837055155888131
1294837029306425345
1294836676901187585
1294836535100149760
1294836430649393152
1294836381621948417
1294836345001607169
1294836336675950595
1294836243474182150
1294836237585588224
1294836167049871362
1294836163904143366
1294835940234493955
1294835911855767554
1294835806427910144
1294835440885870593
1294835426675445761
1294835388473737217
1294835229962711040
1294835224447266816
1294835201411932160
1294835199767908352
1294835144038088704
1294835140544339969
1294835109493796865
1294834820166627328
1294834739967393792
1294834689925144576
1294834635566755847
1294834478532169728
1294834416888320000
1294834273493557249
1294834195064410112
1294834136092479493
1294833998091423744
1294833889861464065
1294833855489290244
1294833790481645568
1294833716422832129
1294833615700992008
1294833490631036934
1294833448394166274
1294833333491310597
1294833298468999168
1294833130948440064
1294833091375181828
1294832996281995265
1294832955370532864
1294832935607005186
1294832861380476933
1294832844779356161
1294832730404839424
1294832593054117889
1294832519032889345
1294832349767663616
1294832318289514497
1294832310727188481
1294832297905139714
1294832073304399873
1294831998956113921
1294831982162194433
1294831981776138240
1294831773344337920
1294831674505809920
1294831665555087366
1294831507106746370
1294831458243076097
1294831419881975809
1294831415884779521
1294831354664738816
1294831121260138502
1294831037185499138
1294830865390931969
1294830808889536512
1294830784138878976
1294830736730550272
1294830630019178496
1294830602496217089
1294830584422752258
1294830500897579010
1294830335176462336
1294830320798167040
1294830319674314757
1294830196999233539
1294830196915425280
1294830191206957058
1294830166632550402
1294829957403877376
1294829950785081345
1294829941305954304
1294829861077258240
1294829819926966273
1294829793217859584
1294829717489479681
1294829629132484608
1294829599919046658
1294829511733911552
1294829485892734976
1294829446105427968
1294829373833523201
1294829363364601857
1294829288617844736
1294829285241499650
1294829242501521409
1294829110846529536
1294828978239201280
1294828896202809344
1294828851487322114
1294828824983674880
1294828800199467008
1294828428466647040
1294828417121214464
1294828390948786176
1294828213743554560
1294828177135730690
1294827887099437058
1294827656685522945
1294827485138309120
1294827462103388160
1294827435804913664
1294827384143843333
1294827163468931075
1294827103628582918
1294826804641923072
1294826658466332672
1294826595606319109
1294826518112346112
1294826429188681733
1294826288377626625
1294826090125381633
1294825971623788544
1294825785396609025
1294825743147573248
1294825741138432000
1294825497730232324
1294825438632583169
1294825419770822656
1294825217928253441
1294824992929087488
1294824971789914124
1294824966160965633
1294824901765763072
1294824873932386304
1294824850423517184
1294824835667775494
1294824795163566082
1294824760883388416
1294824706311364611
1294824683922239488
1294824646064443393
1294824580301848576
1294824553902780416
1294824420385730561
1294824283101974529
1294824183306678274
1294824095318769669
1294823996274376706
1294823993304911873
1294823990960230401
1294823786685104128
1294823777201565696
1294823635954184193
1294823518346121218
1294823487010414592
1294823471063666688
1294823432010358784
1294823300493967361
1294823242818031618
1294823212572987394
1294823126811975681
1294823105433460738
1294823070402777120
1294823058121920513
1294822898394267648
1294822886583070720
1294822803594600448
1294822673256550401
1294822519522852864
1294822508953251840
1294822474778136576
1294822473452539904
1294822383539298305
1294822263519358976
1294822177313718272
1294822149048262656
1294822125321281536
1294822049291079680
1294821989807542273
1294821958840918016
1294821957167468544
1294821935512080387
1294821750631407622
1294821555768373251
1294821099885268992
1294820964069527553
1294820937871888384
1294820888055971840
1294820878472159233
1294820718757072896
1294820668735803392
1294820621411639296
1294820382625665025
1294820301805703169
1294820081478897664
1294820065372778497
1294820061744594944
1294820014084820994
1294819836971773953
1294819824108023809
1294819785398554625
1294819701130919939
1294819606440349701
1294819511917395968
1294819410289410050
1294819396192526342
1294819042906083330
1294818642006286337
1294818634917789697
1294818436799856641
1294818045139906560
1294817855016325121
1294817829393293312
1294817523582611458
1294817332796235781
1294817288173096960
1294817249832980482
1294817228433559557
1294817007091712002
1294816931158069248
1294816903647698944
1294816866305626112
1294816738526322690
1294816439195643904
1294816286917230594
1294816252938997761
1294816166490386432
1294816146785525761
1294815889657745408
1294815832522907648
1294815768484380673
1294815701186699264
1294815657280679936
1294815606118608896
1294815540469534726
1294815537596252161
1294815527999766529
1294815522484256768
1294815447360077824
1294815440192118785
1294815381492826112
1294815370256068608
1294815361288871938
1294815210998575104
1294815156128501761
1294815130283368451
1294815089715888129
1294815064164270081
1294815055217856512
1294815016898768897
1294815011718733830
1294814901328805888
1294814896857788417
1294814796219645952
1294814793841250304
1294814775231291393
1294814634575241216
1294814634516463616
1294814382031908864
1294814327493414913
1294814202360524801
1294814200393617408
1294814096655671296
1294814089525342210
1294813938320920578
1294813892888137730
1294813840564256771
1294813824495677441
1294813812298842113
1294813806653091846
1294813765750403072
1294813616319934465
1294813244302012417
1294813128719466499
1294813027053731843
1294812984578113543
1294812916202582017
1294812643925139457
1294812510684684292
1294812430967726084
1294812326982492160
1294812304375087105
1294812265334493184
1294812248137961473
1294812240097562624
1294812172174983168
1294812171709317120
1294812148233842688
1294812090390126593
1294811795920691201
1294811732049879045
1294811650067963906
1294811468026781696
1294811449504739329
1294811351974588416
1294811345049673728
1294811296580489216
1294811156192862218
1294811108709150721
1294811005072158721
1294810936784691202
1294810928362528775
1294810809902796801
1294810726893342720
1294810705229733893
1294810477135040512
1294810347900198912
1294810177884094464
1294810127305003008
1294810095168167938
1294810084703444992
1294809973252329473
1294809900896395266
1294809766934523904
1294809640618856451
1294809624437116928
1294809580405489667
1294809520317689858
1294809366282022914
1294809362075201536
1294809264075112448
1294809166649884683
1294809152095547392
1294809062606077953
1294808720703213569
1294808683923279872
1294808474300428290
1294808463407800323
1294808036280635393
1294808030610173952
1294807886414008320
1294807772010225666
1294807583908405248
1294807502278873088
1294807417046339585
1294807356010708992
1294807297412210689
1294807281788506113
1294807121213693955
1294807096685469697
1294807082219315202
1294806987826487300
1294806629746122753
1294806428495106051
1294806426678784000
1294806414276415488
1294806215898345472
1294806171073773569
1294806155563282433
1294806151792656389
1294806085375627264
1294806047044046848
1294805898825732097
1294805812586721281
1294805690184163328
1294805446805643264
1294805348541440001
1294805325095329792
1294805286058942465
1294805270758121472
1294805159596437504
1294805131473690624
1294805035608502275
1294804886371082240
1294804806104764418
1294804793723035648
1294804695580467200
1294804652383502336
1294804630971600897
1294804592849375233
1294804545747394560
1294804530698354688
1294804515313647616
1294804503544422401
1294804450343870464
1294804412251041793
1294804380777164800
1294804354289905664
1294804069245022209
1294804036546441216
1294803846049312768
1294803809026207746
1294803702222598144
1294803666906554368
1294803592612741125
1294803558681006081
1294803522500927488
1294803519585878017
1294803422680477699
1294803410022207489
1294803232007622657
1294803199061368832
1294803196913713152
1294802910283354112
1294802808034725890
1294802799985700866
1294802797565636609
1294802622847651845
1294802445865037824
1294802348284563461
1294802264914370560
1294802225697628165
1294802187084857345
1294802117513949184
1294801898155831297
1294801889419096064
1294801679553105920
1294801660519288837
1294801606568017920
1294801576507240454
1294801370344820743
1294800957025460226
1294800953393152001
1294800915992440833
1294800855800205312
1294800835956940803
1294800793510588417
1294800597510762497
1294800547816579072
1294800526127837185
1294800496654454785
1294800421341605888
1294800231784165376
1294800202637946881
1294800081451757568
1294800065043795969
1294799947901153280
1294799925780381697
1294799915432869889
1294799878502088706
1294799790610554880
1294799731332456448
1294799666173935619
1294799628383088640
1294799499316125697
1294799413207064576
1294799392092778498
1294799369800220673
1294799369410150400
1294799251143135233
1294799212199149575
1294799154560954368
1294799106016256001
1294799034973028356
1294799002202804225
1294798900642144261
1294798779854589952
1294798565190115328
1294798533263056897
1294798439906066435
1294798393018142721
1294798353176367104
1294798343714017281
1294798201132855297
1294798166139842560
1294798016625377281
1294797969993031681
1294797928473792513
1294797758381973504
1294797520829390850
1294797517784219655
1294797345901563905
1294797342047166464
1294797084910956544
1294797011494080512
1294796922859864066
1294796705708290050
1294796615329492994
1294796589802950656
1294796407472259073
1294796336840216577
1294796312756596736
1294796258146648065
1294796212571459584
1294796008854093826
1294795972828991488
1294795930202509312
1294795834089971718
1294795640707469312
1294795617840123905
1294795605043224581
1294795588165185536
1294795474604634112
1294795460108926977
1294795413820776449
1294795407105523712
1294795322548457472
1294795318085787649
1294795315862736902
1294795189572251655
1294795102892593152
1294795060819697673
1294794907953979392
1294794857152733184
1294794715796307968
1294794713891876865
1294794500133416960
1294794350321438722
1294794318138552320
1294794270176673793
1294794201100619778
1294794167759941632
1294794002563203072
1294793986217881600
1294793906580840449
1294793841644654598
1294793797755379713
1294793793280057344
1294793715723177984
1294793683590684673
1294793658760343553
1294793631828709376
1294793605341732864
1294793446532812800
1294793435136831490
1294793359286915072
1294793281818238976
1294793275438542848
1294793134405070848
1294793104579391489
1294792858004668417
1294792711577440257
1294792626109988866
1294792599102947328
1294792566249009164
1294792565741498368
1294792531968962565
1294792495197388800
1294792359176097793
1294792201185234944
1294792054833201152
1294791971475804160
1294791914319826944
1294791889074491393
1294791759969554432
1294791746417766405
1294791742705868800
1294791535784005633
1294791514565091338
1294791507115773952
1294791242077749248
1294791225145344001
1294791157541679104
1294791089556201474
1294790975802368000
1294790914775437312
1294790908869664768
1294790844915101699
1294790804699897857
1294790615822143489
1294790611246018561
1294790540593045504
1294790369117380609
1294790304843755520
1294790287164940288
1294790236279582720
1294790166289276928
1294790035527565312
1294789924592459778
1294789918783225856
1294789909643964416
1294789872398475264
1294789835853447173
1294789668886794242
1294789644282925062
1294789631859400707
1294789465752428544
1294789379165020160
1294789280238313473
1294789269916016640
1294789107269488647
1294788937001472001
1294788668356427776
1294788580599123968
1294788459585036293
1294788416924614667
1294788349216120838
1294788270010712064
1294788203665399809
1294788161005137920
1294788074870890496
1294787986639540224
1294787982520721414
1294787968914411520
1294787845828349953
1294787644711460864
1294787583176736769
1294787564822581254
1294787482886606848
1294787460631855104
1294787356071952384
1294787139566149632
1294787038600925185
1294786993449205761
1294786988428623872
1294786968631619584
1294786914109857792
1294786753937760257
1294786489780514818
1294786388429135873
1294786362894356481
1294786299262631936
1294786132702568449
1294786132283142144
1294786126436327425
1294786040301940736
1294785948547518465
1294785857451368455
1294785824853241857
1294785804334579712
1294785766271246336
1294785714706616321
1294785698793431042
1294785676483780610
1294785543906050048
1294785539900682242
1294785447898406917
1294785340406812672
1294785297490878464
1294785261797335046
1294785140225236992
1294785111158743042
1294785011128897537
1294784985187065857
1294784960709242880
1294784954476494849
1294784923014897664
1294784912432668672
1294784889699606528
1294784813011017728
1294784778886144001
1294784761710485507
1294784680965705729
1294784610925043712
1294784604965089286
1294784490284425216
1294784489999273984
1294784488287985664
1294784482030030849
1294784356821741568
1294784258444333056
1294784185354289157
1294784177171243008
1294784123102302210
1294783996111593473
1294783936476913664
1294783934996381696
1294783568024141827
1294783486444867586
1294783454081671168
1294783367276363776
1294783330441781248
1294783268563238912
1294783266231332864
1294783262217211904
1294783188045385730
1294783044067328000
1294782812973862912
1294782720942514177
1294782640042598401
1294782353236275205
1294782248076615686
1294781817636216832
1294781697658159105
1294781687507718144
1294781686979235840
1294781666792280064
1294781654066532353
1294781400395251712
1294781119129362432
1294780984773111809
1294780955836600321
1294780797497380866
1294780762802200577
1294780320282226692
1294780311939710976
1294780307787452416
1294780177667502081
1294780111892316160
1294780095580831744
1294780013687054336
1294779905474002947
1294779839392526336
1294779717644509186
1294779707800526848
1294779585243029505
1294779534206816256
1294779361556680705
1294779300818718720
1294779228609818624
1294779215074787332
1294779134925844482
1294778998711492608
1294778940217864193
1294778696616808449
1294778633249345538
1294778421172740097
1294778405691379712
1294778397206470659
1294778392789823488
1294778297562341382
1294778250653097985
1294778203496685568
1294778146131247104
1294778114111758336
1294778100597874689
1294778071338201088
1294778029185654784
1294777985791217664
1294777984361078784
1294777819533205504
1294777748242587648
1294777733843685377
1294777707159461888
1294777649315713024
1294777633222176769
1294777185761259520
1294777121806536704
1294776988952145921
1294776891354820608
1294776845527810048
1294776815882362882
1294776515284987905
1294776477167296513
1294776393247551488
1294776140733861888
1294776137466417152
1294775886991052801
1294775851062398976
1294775814261633024
1294775641938722817
1294775573328273410
1294775432043278341
1294775292557287425
1294775276182867968
1294775212605612035
1294775207081713667
1294775172956852224
1294775146062872576
1294775125657747457
1294775071362473986
1294774977992908801
1294774943666888707
1294774897818980355
1294774796459241472
1294774641131548672
1294774523976458246
1294774492712046592
1294774470431985665
1294774343294005248
1294774239141212162
1294774176109064192
1294774144794603524
1294774096140488704
1294774088121094145
1294774032001167360
1294773976170991616
1294773954796634112
1294773928208957441
1294773923855261696
1294773860034912256
1294773853944774657
1294773707940929536
1294773647987691522
1294773454802243585
1294773421516218373
1294773350200377345
1294773303106650113
1294773290053984256
1294773231207899136
1294773112718811138
1294773056087433217
1294772995085316097
1294772962105741312
1294772906224910338
1294772791129055232
1294772669523648512
1294772556201852929
1294772367777058816
1294772361007435783
1294772233181761536
1294772180811747329
1294772152420491264
1294772093951684609
1294771952733888512
1294771951366537217
1294771626760863745
1294771541347954688
1294771423362158594
1294771376251969542
1294771263475519489
1294771252352122881
1294771217128357889
1294771193656958976
1294771192822484992
1294771088262672384
1294771035284348928
1294771005190176768
1294771001025335298
1294770987548860416
1294770926316331010
1294770888433426432
1294770846876090368
1294770740638748675
1294770710615920641
1294770614826414080
1294770609142956032
1294770502989471744
1294770500661653504
1294770406650503172
1294770361523986432
1294770306205118464
1294770153108975618
1294770145642999811
1294769993981341701
1294769964113698817
1294769878906306562
1294769786241658881
1294769766494765056
1294769756336263168
1294769744906719234
1294769724400771074
1294769723259998209
1294769717421330433
1294769706214273029
1294769701680275456
1294769680113119233
1294769580246802432
1294769525624365057
1294769351103590407
1294769310808838149
1294769291041157121
1294769280463130626
1294769110455328768
1294769028997808128
1294769022920265728
1294768919446577152
1294768825435553794
1294768818145853442
1294768793240117248
1294768311402627075
1294768283313414146
1294768204582195201
1294768195866427394
1294768092288110594
1294768009320562691
1294767862675054597
1294767677253320704
1294767640016297984
1294767586798968833
1294767260515684352
1294767127405027328
1294767032316186626
1294766934664323074
1294766890871644163
1294766875256053760
1294766856893497344
1294766810076778497
1294766636239589377
1294766573492662272
1294766573014487040
1294766107253850112
1294766100530380801
1294766073120559104
1294765977222238211
1294765836423639040
1294765746489307139
1294765739425976321
1294765675521728518
1294765621272555520
1294765577689497606
1294765467777761280
1294765387591163904
1294765268913152000
1294765251238547457
1294765179595448320
1294765142027186176
1294764976037666817
1294764855065554944
1294764765127102465
1294764568590221314
1294764472783921153
1294764456036184065
1294764428806639616
1294764417859584001
1294764409563353095
1294764330957836288
1294764210681974785
1294763782640631808
1294763742501183488
1294763728555081729
1294763701753585665
1294763643020742663
1294763561747722241
1294763551081594881
1294763522782617608
1294763504038227968
1294763376086843392
1294763229978206210
1294763158192582656
1294762885365862402
1294762836082724871
1294762733544538113
1294762659343147010
1294762621128900610
1294762539407081473
1294762457873838080
1294762188985384960
1294762106793885696
1294762022807232512
1294761805911384064
1294761780552577025
1294761761925668871
1294761757811056643
1294761745207222280
1294761732133588994
1294761729663143938
1294761691675332610
1294761636536954880
1294761568538726400
1294761466118184967
1294761440604291072
1294761436283977728
1294761419397722112
1294761330944159744
1294761049292328960
1294761003838853121
1294760964739305472
1294760940274147329
1294760894296137728
1294760752360960003
1294760732802854920
1294760684736196609
1294760680692887554
1294760547041386497
1294760532776554497
1294760407282774016
1294760213757788160
1294760183269269504
1294759952918016000
1294759931728429056
1294759848702353411
1294759840296964097
1294759747359563776
1294759716627845120
1294759707282939905
1294759706519572482
1294759680619819008
1294759534758510593
1294759495147692032
1294759433587888129
1294759408438845440
1294759341103484929
1294759200137138176
1294759123557519362
1294759056733765635
1294759040854237185
1294758999217315842
1294758962370424835
1294758951527968771
1294758939008081922
1294758922964926466
1294758841318551555
1294758735588536321
1294758640889602049
1294758607532306432
1294758586690580480
1294758462765834240
1294758125208244240
1294758099174268929
1294758097374687232
1294757996526960640
1294757960350986242
1294757958946115588
1294757840649957376
1294757714871148550
1294757456674017283
1294757430455341058
1294757255787589632
1294757188725022726
1294757183914233859
1294756989264965633
1294756891520724992
1294756773396656128
1294756753238904833
1294756663006842880
1294756632220467200
1294756578961367041
1294756427995795460
1294756144821481472
1294756085962870787
1294756064240578560
1294755980169928706
1294755841258614786
1294755711826530309
1294755639302987776
1294755633577832448
1294755538702606337
1294755511968116738
1294755369508466688
1294755224561754112
1294755197386809344
1294755171621376000
1294755086103719939
1294755053715193863
1294755047142617088
1294754787687141376
1294754743391096832
1294754717734539264
1294754717092937729
1294754648914567168
1294754614756159494
1294754594740985857
1294754580241297408
1294754567385743361
1294754394857234437
1294754236232802307
1294754197477502976
1294754039876419585
1294754001049681920
1294753623415685122
1294753439789047808
1294753435858939906
1294753319966056449
1294753315247530000
1294753254270590978
1294753241536671744
1294753226126962688
1294753196330692608
1294753149333504000
1294753125337833475
1294752813034004481
1294752407482699778
1294752372632297473
1294752224304869381
1294752177030696960
1294752163151982594
1294752051789012992
1294751980460613634
1294751891834974208
1294751848130379782
1294751754463129601
1294751753490108416
1294751735479590912
1294751704320299010
1294751699446296577
1294751456688590850
1294751434827681792
1294751283996483585
1294751279726637063
1294751210797322240
1294751147606061063
1294751005540847616
1294750972670083074
1294750762837274624
1294750704070832129
1294750689646837760
1294750547992432640
1294750511493795846
1294750441054638080
1294750257805492224
1294750207234711552
1294750112896503808
1294750105967484933
1294750065903501312
1294749992737939456
1294749859824664579
1294749711199543297
1294749686243274752
1294749637383987200
1294749518106365953
1294749477513953286
1294749456886198277
1294749367686094849
1294749338439241729
1294749314170982402
1294749246739156992
1294749116522737664
1294748978899226624
1294748974889541633
1294748931017121792
1294748851463581696
1294748782190571521
1294748705506041856
1294748683456712705
1294748491391152128
1294748441504079879
1294748366224539648
1294748323824402439
1294748322054508553
1294748230102798338
1294748219583299584
1294748135999373312
1294748085118054400
1294747987936239616
1294747850585251840
1294747598297980928
1294747545558749187
1294747502676041728
1294747460355727362
1294747392043089922
1294747381297184776
1294747343296708608
1294747227773186048
1294747140766552067
1294747092745945089
1294747080758624257
1294747022147203072
1294746949061500928
1294746820082622469
1294746627853361152
1294746600930041858
1294746411486109700
1294746394939588608
1294746359182942208
1294746323095138304
1294746279155601408
1294746157252587521
1294746139950972929
1294745953635885062
1294745935810039810
1294745905178882049
1294745903647973376
1294745744910487553
1294745645027397632
1294745625540489216
1294745615751098368
1294745610789191680
1294745382426034177
1294745223080402948
1294745121276166144
1294745076610953216
1294745055736012811
1294744868628172804
1294744827964395523
1294744718086148099
1294744694212108288
1294744691771146240
1294744673567666177
1294744658157993984
1294744562427211776
1294744458504929282
1294744450346950657
1294744435931189248
1294744336337375236
1294744249087471619
1294744231928627202
1294744107487834112
1294744106686545920
1294743933113765888
1294743777853218816
1294743543240589314
1294743522298429440
1294743265082781701
1294743250893443075
1294743220782497795
1294743178562736131
1294743140918865922
1294743129288060929
1294743054876844032
1294742931954454528
1294742922479300609
1294742842297004033
1294742751766962176
1294742489056923655
1294742488910094337
1294742437542363136
1294742427509690371
1294742408656302088
1294742121145077762
1294742075150200832
1294741967859982336
1294741925031849985
1294741892588908544
1294741523590832129
1294741493555445760
1294741477059420160
1294741299950694401
1294741297086058496
1294741229276729347
1294741201246130176
1294741174687797248
1294741174184484864
1294741154819272704
1294741153930248193
1294741124544946179
1294741118098137088
1294740983603703808
1294740967858278403
1294740884865548294
1294740799448477696
1294740672801538048
1294740659979591685
