1281694277085605894
1281693663924572163
1281692948288208897
1281692527960240139
1281691973204815874
1281690596122517507
1281689351517204483
1281689238476664833
1281689152363401216
1281686829926932486
1281679214798704640
1281676153665839106
1281674429400064004
1281674050155147265
1281673274989182980
1281668149750968320
1281667413650571265
1281666542900576256
1281665937343680514
1281665474900692993
1281663139814219779
1281663091038658564
1281662403734904834
1281662264802590720
1281661947533053953
1281661758038573059
1281661705580417024
1281661617814544384
1281661513921593345
1281661411878473728
1281660504813928449
1281659170777903104
1281658274371207176
1281658097275006976
1281657018894426115
1281654746684755969
1281654663171866625
1281653339185270784
1281653027531714561
1281653004379160576
1281652615713968128
1281651432270098433
1281650795461500929
1281650760476954624
1281650726918402054
1281649241958412288
1281647752603217920
1281645094865702924
1281642615654551559
1281640575452745729
1281640408510951425
1281639943874347009
1281638481123573760
1281637021010853888
1281636575840010244
1281636117926883329
1281633935840116736
1281633737424478208
1281633457639174147
1281633052368699393
1281632653792497665
1281632600499593217
1281632530022780929
1281632463450759170
1281632392147599360
1281632347591454722
1281632292004335618
1281632208273526785
1281632171875336198
1281632072600375297
1281631807272824832
1281630544493711360
1281628583157522433
1281626527579484163
1281625401706643456
1281625141269729280
1281622491866095616
1281620845115441153
1281619218014900230
1281617329395240966
1281616493298491392
1281615541229232128
1281615093055324161
1281614967830204417
1281614657615273986
1281613318864740352
1281611155065180160
1281608281316827136
1281607349631946753
1281606574537158658
1281605461561704449
1281604537820872704
1281604056625156097
1281603973133238273
1281603830459715584
1281603351541579776
1281602991183798272
1281602433291030528
1281601669160210432
1281601663967657985
1281601504290516992
1281600493358321664
1281599009392492544
1281598664884928513
1281598599021891588
1281598441311752192
1281597983352553472
1281597675473862656
1281597339283709954
1281596392742551552
1281595956543315968
1281595833046249474
1281595219125788674
1281595176637493249
1281593656101580801
1281593495170342912
1281592108923715595
1281592074769321985
1281591787375570946
1281591671428280322
1281591484244996096
1281590777496379392
1281590697666023426
1281590681086107648
1281590446758789123
1281590040691441664
1281589909308846080
1281589871891505152
1281589093734821888
1281587865965608960
1281587532594020354
1281587226455887873
1281586799748493318
1281586599248232449
1281586389738573831
1281586267264651264
1281586008430047238
1281585814166700033
1281584928677863426
1281584395636191237
1281583997378674688
1281582810860404740
1281582759501131780
1281580930788765696
1281580791022055425
1281580097867255808
1281579915700170752
1281579607838220288
1281578869259038723
1281577846427787264
1281577635378876418
1281577308487180289
1281577270021259270
1281576822031949826
1281576718763831298
1281576715727372288
1281576477469757441
1281576473732800512
1281575875776053254
1281574908468715520
1281574834074345474
1281574809818652673
1281574229821906946
1281574199828643840
1281574070010605568
1281573796164431872
1281573325744070658
1281573127831470080
1281573045082046464
1281572215339843584
1281571988838838272
1281571943490007040
1281570388812591106
1281570340242628610
1281569779057393665
1281569283420684289
1281569245701246981
1281568656028135424
1281568618430570504
1281568122097434624
1281567296897638400
1281566964901707786
1281566464814661633
1281565899758108672
1281565357086564353
1281564703563624451
1281563432534315009
1281563320974225408
1281560605007187968
1281558995434704896
1281558097421406209
1281557630436151296
1281555889254813696
1281555618042503169
1281553971530928128
1281551240909008897
1281546445464711170
1281543976164696064
1281542895141621760
1281542000940990464
1281541617007108097
1281538681799675904
1281535009212502021
1281532066849595393
1281531035616935937
1281527040613642241
1281525670179483649
1281524789232799745
1281524614645121024
1281523891114897409
1281523562764009473
1281518364331053060
1281511352155152384
1281510332259864576
1281507466820251648
1281507425628024832
1281506944537198592
1281505157038080000
1281503646371532802
1281499466483281922
1281498621205078018
1281498443677159427
1281497282488094721
1281496072309932032
1281495673146413057
1281495488836116480
1281495208681668608
1281494112194052096
1281491859249004544
1281490035980853249
1281487588277325824
1281486742512599040
1281485108277649409
1281484569460580354
1281483903468003333
1281480792217018368
1281478967262883840
1281478745824493569
1281478696147185664
1281478182089064448
1281477048184127490
1281476693975130114
1281474449766846465
1281474289481527296
1281474188587470848
1281473935507415040
1281473424641032192
1281473317585682433
1281472720358653954
1281472353231396864
1281471017542656001
1281471012622815232
1281468943505526784
1281468196911030272
1281463149795966976
1281461999952703488
1281460892287164422
1281460602418782208
1281459885155266560
1281458807546077184
1281457559958847488
1281456769324261376
1281454763188445187
1281454742766411779
1281454662030254080
1281452196148772864
1281450914969264132
1281449996945100800
1281449515287867392
1281448969113964545
1281448812494684160
1281448259794407424
1281447734088736768
1281446737404506117
1281446685995130885
1281445914842996736
1281444072578789378
1281441720228622336
1281439008355053568
1281438607497101312
1281434787136311297
1281430658901041153
1281430512922439681
1281429603853062144
1281424898892673025
1281424655568560128
1281424371614179335
1281423988028211200
1281423465883418626
1281422766235779072
1281421917153525760
1281420458810892293
1281419566208421888
1281419544699916288
1281419469781258246
1281418851629006849
1281418413907144705
1281417980031598592
1281416160593027072
1281415579166035968
1281414170194219011
1281411925604261888
1281409912296411136
1281408684296417281
1281407316143886337
1281405259110322176
1281404643390754817
1281400981423394818
1281400075038662657
1281396940698255371
1281395172765429760
1281392630753107975
1281391431857258496
1281389459292876801
1281388064502358017
1281386584424591361
1281384600237830144
1281383874057007104
1281383793648009217
1281383131249950720
1281382200949133313
1281381123788951553
1281381004054167552
1281380973188349952
1281380627334533120
1281380408228065280
1281380263893688320
1281379713894801408
1281379675399270400
1281379431919939584
1281379172317720576
1281378992868569088
1281378917765373952
1281378521571422208
1281378408740450305
1281378326091792385
1281377942518419457
1281377824281174016
1281377734917332992
1281377701413048320
1281377511721455616
1281377351230615553
1281377276932890629
1281377047772712960
1281376853920342016
1281376828192514048
1281375329827749889
1281375215579287553
1281374456573644800
1281373937205522432
1281373675061682176
1281373199297646593
1281372891704111104
1281372747721920512
1281372528775241728
1281371821292621832
1281371664215834624
1281371340705083392
1281371307234467846
1281370629157974016
1281370317361831937
1281370167897972738
1281369774836953095
1281368500611604480
1281368157576364032
1281367946783338496
1281366430869487617
1281366102027558912
1281365933265575936
1281365014859771904
1281364726363168768
1281364647396945921
1281364096634564611
1281363046217052160
1281362443097174018
1281362392375386112
1281362095850881025
1281362040217452544
1281362008970010626
1281361007902724098
1281360796459495425
1281360155930587136
1281360123080761344
1281359308786208768
1281358996226502657
1281358591849410560
1281358116320411648
1281357154843152384
1281357018939498498
1281356556332724224
1281356474669662209
1281356094862852097
1281356050298368002
1281355954374602752
1281355055250182145
1281354770578460672
1281353870078345222
1281353621074874368
1281353202265276416
1281352873750798338
1281351927813386240
1281351413893722112
1281351403194253314
1281349022717018113
1281348971387027456
1281348904072732674
1281348822376091648
1281348748824772610
1281348686346321920
1281348616435752960
1281348544386015233
1281348461917593607
1281348358637072384
1281347763444289541
1281347690257879045
1281347612554264581
1281347550847672327
1281347542421315586
1281347465577463808
1281347403329810435
1281347318676168706
1281347236656549888
1281347163369414657
1281347081475629058
1281347010491187200
1281346937871052801
1281346865448062977
1281346773211131908
1281346667820670976
1281346554545266698
1281346469950369792
1281346449431769095
1281346394561945600
1281346327998337037
1281346252194680834
1281346164915404802
1281346074871988224
1281345997625528322
1281345924065878023
1281345839089287170
1281345759762362374
1281345678883663872
1281345590379651074
1281345513737146368
1281345420611006467
1281345310002839552
1281345281766940676
1281344929441239042
1281343015043264513
1281342644224958464
1281342606916628480
1281342459172343810
1281340824517636098
1281340744314359809
1281340732876500992
1281337839502991363
1281337815859466240
1281335450821701638
1281333859477594112
1281333696830869505
1281333685783060486
