1271909791628058625
1271909340564393988
1271909196066205697
1271908918583627776
1271908873289465857
1271908479804911617
1271908349936914439
1271908150116069376
1271907667716366336
1271907600486019084
1271907393467830275
1271907381329436676
1271907048821673985
1271906767547568128
1271906536831492097
1271906435572609025
1271906342115008512
1271905918720995329
1271905844318416899
1271905685043908611
1271905523856744448
1271905422807642117
1271905344642572289
1271905248395870208
1271904964605067268
1271904892400152578
1271904571099676679
1271904466288009216
1271904090809749504
1271903999344758784
1271903836467150848
1271903833552289792
1271903735044866048
1271903452751294465
1271903405863079936
1271903346559942656
1271903230608281600
1271903174882885632
1271903102866685954
1271902915477663745
1271902811295371265
1271902649781190656
1271902627614334982
1271902593053147136
1271902575219085314
1271902573876916225
1271902429152309248
1271902374672695298
1271902007545065472
1271901397424852992
1271901284933619712
1271900879096918016
1271900783450218501
1271900560367575040
1271900296726413319
1271899948238336000
1271899596986265600
1271899325581479936
1271899307822612480
1271898436904857601
1271898307531431936
1271898164690333698
1271898122076270592
1271897975435001858
1271897806249304064
1271897293654982664
1271897109193785344
1271897037999534080
1271896998229061632
1271896292944277505
1271896239806640128
1271896070595899393
1271895783457972224
1271894993506992128
1271894877429731328
1271894167979847682
1271894017547145217
1271893845781942273
1271893841579323392
1271893831999467520
1271891543486369793
1271891470472163330
1271891455829737473
1271891228921958400
1271891206495186950
1271890653618663424
1271890594189774849
1271890557195784192
1271890521070292992
1271890453550338049
1271890293412057093
1271890157365592066
1271889557064163331
1271889547018805254
1271889500059455488
1271889403632214016
1271889023699648514
1271888873816076288
1271888366150221829
1271888274341191680
1271888155088748550
1271887838439788545
1271887698161262594
1271887589033816066
1271887186707677184
1271887140180246528
1271886895232872448
1271886697190567944
1271885758966759424
1271885583841984513
1271885257214701575
1271885163673399296
1271885114742579209
1271885043754041344
1271884671148793856
1271884163575091200
1271883924353036296
1271883664591392772
1271883548056793089
1271883364782477312
1271883363528380421
1271883221777645568
1271882856776773633
1271882812467994624
1271882555244019715
1271882434729201664
1271882425422012423
1271882332501237761
1271882175151923200
1271882143086477312
1271881731398946816
1271881688549691392
1271881553895919620
1271881263020982274
1271881221044387845
1271881141700583424
1271880822958600193
1271880798459686912
1271880687864483842
1271880553793544199
1271880489536806915
1271879743630192643
1271879369158516736
1271879248291213312
1271879164614914051
1271879148118605825
1271878774611677185
1271878761525448706
1271878700112531459
1271878483942223876
1271878472546336768
1271878377297698816
1271878286201753601
1271878270468927492
1271878014096347136
1271877487836962818
1271877329053200384
1271877290973106176
1271877226158534656
1271877137260318720
1271877117479989249
1271876947535110157
1271876919634640896
1271876833605279745
1271876790609297408
1271876584505585671
1271876534123597831
1271876041913450496
1271875989723729922
1271875734378856453
1271875708122513409
1271875664489197568
1271875596927164416
1271875535241609218
1271875399962824704
1271875343419310082
1271875269629001728
1271875241132711936
1271875181472935936
1271875171213869056
1271874879156031492
1271874601975451648
1271874584887902209
1271874569461260288
1271874553455640576
1271874451173507072
1271874153872683008
1271874096964546560
1271874095152586752
1271873979364581377
1271873931989913605
1271873615085133827
1271873578242367488
1271873343864610818
1271873058631028737
1271873047411245059
1271872635987800071
1271872597488095233
1271872512025153536
1271872443754467329
1271872386976157697
1271872381427089408
1271872306219036674
1271871797508653057
1271870918944534529
1271870673200328709
1271870653440724992
1271870603046330374
1271870413295976448
1271870230533337089
1271870200527249409
1271870183490105344
1271870178280734724
1271870153328717824
1271869728533823488
1271868913769500673
1271868561305329665
1271868318039674880
1271867683290652672
1271867678446292993
1271867585416617990
1271867569830535174
1271867406319673345
1271867404117700608
1271867368566779904
1271867269044301825
1271867217907458054
1271867199632875520
1271867072155463680
1271867058553323527
1271867057144020997
1271866973404594176
1271866937992187904
1271866817695191040
1271866759268704258
1271866677614051329
1271866643409502211
1271866552980320261
1271866189346725894
1271866091959181314
1271865998900002817
1271865887251824640
1271865586025410560
1271865544405405696
1271865366025629696
1271865026274418688
1271864986672025600
1271864528054206468
1271864443023036416
1271864391324008448
1271864367840198656
1271864361884270592
1271864139573530625
1271864090579722242
1271863879719628806
1271863838070243328
1271863651444469760
1271863473882796032
1271863106084335617
1271862337822248965
1271861626023665669
1271861619723849730
1271861561926303750
1271861531089743872
1271861501196939264
1271861412231593984
1271861184560586753
1271861109104967680
1271861077546897408
1271860926837383169
1271860784616878081
1271860666270388225
1271860513064943616
1271860427752738816
1271860147871199233
1271860146432544771
1271859926504288259
1271859765035954178
1271859719985139712
1271859620156289024
1271859429437329409
1271859419953823745
1271859281890021376
1271859193872437248
1271859093679099906
1271859005762265090
1271858959868026880
1271858911319150593
1271858890947338240
1271858853035024394
1271858595055972352
1271858440785268736
1271858344584716288
1271858119157702656
1271858095858253831
1271857944049549313
1271857863649001472
1271857420277555201
1271857372273704963
1271857308365135872
1271857275540582400
1271857263376883713
1271857248273342466
1271857160859774976
1271857152165019653
1271857131495579650
1271857098247282688
1271856964788576256
1271856892600553472
1271856744659107840
1271856500282032128
1271856322913251332
1271856253581561863
1271856214297554946
1271856160665227264
1271856004389625856
1271855983472472064
1271855915017224197
1271855628823048192
1271855526096314374
1271855349646032897
1271855238530678784
1271855140144926726
1271854913153351680
1271854883809918980
1271853927319904257
1271853891915788288
1271853458992201729
1271853057303883777
1271853017852260355
1271852502703628290
1271852334411325443
1271851942155743233
1271851869422288896
1271851863374094336
1271851699821580288
1271851424549404672
1271850666802241537
1271850319199105024
1271850312597270528
1271850255516971008
1271850205256835072
1271849895624925184
1271849888834154497
1271849876033282049
1271849722827980800
1271849396821524481
1271849385039626242
1271849255523749889
1271849226792775680
1271849206035230722
1271849000451411969
1271848833115287552
1271848717759496193
1271848650214445056
1271848420173586432
1271848372324970497
1271847998243459076
1271847932749205505
1271847488752926722
1271847291821781000
1271846963814764544
1271846911646085120
1271846415455547392
1271846205757304835
1271846098198462464
1271846022830936069
1271845974202253313
1271845626314018816
1271845591937462272
1271845502888235008
1271845389709324288
1271845385678450690
1271845367252807680
1271845318007513094
1271845292267233287
1271845275540221954
1271845228547198976
1271844934027563008
1271844570393989121
1271844451669938183
1271844110090076167
1271843950454849536
1271843664604561409
1271843569180061697
1271843420408086536
1271843414330404864
1271843389378609154
1271843010439974912
1271842881431625729
1271842613231058944
1271842316387401729
1271842168458469376
1271842003123343361
1271841687585861635
1271841602084966401
1271841502445080578
1271841260245000193
1271841240762507266
1271840913422254083
1271840129477259264
1271840057939263488
1271840016952590343
1271839939139964930
1271839935947919360
1271839678447022082
1271839394538930176
1271839054540267520
1271838809500549121
1271838553908170753
1271838528738152448
1271838479115268097
1271838055385706496
1271837655609651200
1271836847153479680
1271836760599756800
1271836569998110722
1271836390393892864
1271836358974173184
1271836228502126592
1271836131190083584
1271835922691211266
1271835718554456064
1271835568570335232
1271835464396234752
1271835120840761346
1271834926778912768
1271834792774914053
1271834513895759872
1271834425286852611
1271834164216635392
1271834149070884864
1271834071145078785
1271834029004935168
1271834011183255553
1271834004896038918
1271833687861018624
1271833503009779712
1271833319316086784
1271833197802934276
1271833114990522373
1271833097852592130
1271833001467408385
1271832965148930048
1271832930961125376
1271832553599782913
1271832203220180992
1271832159209299969
1271832063063318529
1271831787686309894
1271831580961636352
1271831524867035137
1271831494554763265
1271831420953116672
1271830690557054984
1271830441448943618
1271830408007757824
1271830211663933440
1271829976145412097
1271829921334091777
1271829422916734976
1271829320349122561
1271829319556333568
1271829097757450241
1271829064307953664
1271828978702016512
1271828923005964298
1271828562413322240
1271828508197650435
1271828480326422533
1271828356888064000
1271828123831721984
1271828028662796289
1271827995401936902
1271827710097199104
1271827543159685120
1271827453250465793
1271827322052763649
1271827291920687104
1271827174136246274
1271827049167159296
1271826983140208642
1271826807743021056
1271826765061611522
1271826710485401611
1271826324479291399
1271826054638796808
1271825938746146822
1271825862812266496
1271825738937667584
1271825720998686720
1271825535530700800
1271825328491524096
1271825207997739010
1271824992737595395
1271824724729856002
1271824636523626497
1271824486900338689
1271824414783356928
1271824328808685569
1271824307648376832
1271824187666169863
1271824172419866624
1271824166518435840
1271823956207697922
1271823917632548869
1271823871239479296
1271823824070344709
1271823322951622660
1271823306090577923
1271823272913653763
1271823076414586880
1271823012162080770
1271822986870353925
1271822954431643648
1271822848500404229
1271822697639510017
1271822453845700615
1271822386422218752
1271822331896266752
1271822261255880705
1271822178523189248
1271822090228895746
1271822086101782528
1271821914466648069
1271821901388709888
1271821894120091648
1271821791137234948
1271821721306267649
1271821477495672833
1271821435548418048
1271821390019248136
1271821389616406528
1271821183621705730
1271821008173965313
1271820996526235648
1271820836408885251
1271820750081658894
1271820730892779521
1271820624101548034
1271820568518516736
1271820525019500544
1271820494325428224
1271820471751847937
1271820456891346944
1271820237504221184
1271819799459328002
1271819761840607232
1271819185065205761
1271819054383316992
1271818983306657799
1271818825797742593
1271818587033010178
1271818326386388997
1271818282035826689
1271818246086447105
1271817940149530624
1271817743793348609
1271817707315478530
1271817363541774336
1271817200853233664
1271817042153426951
1271817007273586688
1271816871633981441
1271816754675748865
1271816482696187907
1271816233080545281
1271816027286863874
1271815967169900544
1271815887759212544
1271815735850012672
1271815586780254208
1271814865129177088
1271814705238196224
1271814654889607168
1271814613173071872
1271814609595502598
1271814495065845761
1271814371367247872
1271814210306048000
1271814136738045959
1271814000435740672
1271813931682672640
1271813906101649409
1271813855811862528
1271813563804520449
1271813460519792642
1271813444640092160
1271813347558797312
1271813314973175808
1271813233255616512
1271812869093568512
1271812625765068804
1271812571570614272
1271812167931580417
1271811986008027137
1271811899634716673
1271811728276258816
1271811719564845059
1271811654964047872
1271811646890090497
1271811391196971011
1271811389796036609
1271811349715341314
1271811009670512646
1271811002221223936
1271810860047126528
1271810783891070977
1271810014211198982
1271809782085804032
1271809758811611138
1271809739224158209
1271809651496103941
1271809371631161350
1271809055762374662
1271809011277586433
1271808486532280322
1271807047307321344
1271806978143260672
1271806673473150976
1271806633593769984
1271806487107600384
1271806301513940994
1271805664998780929
1271805553799573505
1271805380386054144
1271804701927931907
1271804519341608960
1271804335534608384
1271804210879889409
1271804172547928064
1271803798349103104
1271803463668830209
1271803237558038530
1271803227353145347
1271802808166158338
1271802474085695494
1271802412802736129
1271802396264599552
1271802356133478401
1271802302236626946
1271802202185699328
1271802077761732612
1271801808416014337
1271801691747336192
1271801257703817221
1271800611680501760
1271800404192514051
1271799927102996481
1271799847801290753
1271799624429268992
1271799261525610496
1271799213647474693
1271799178386161665
1271799175341096962
1271799012530642946
1271798690856996865
1271798540927479814
1271798497549987842
1271798295204110339
1271798235561066498
1271797447199797248
1271797381244256256
1271797294484996097
1271797245344694273
1271796698487062534
1271796609760858114
1271796598008213511
1271796384182697984
1271796287223054336
1271795197521924096
1271795019217694720
1271794824723812352
1271794684604661760
1271794112493051904
1271794025943707650
1271793865196883968
1271793837674020864
1271793536606900227
1271793532592848897
1271793469887926273
1271793321938206722
1271793106585890818
1271793082523058176
1271792711268524033
1271792208597770242
1271791198433357830
1271790679841296386
1271790607325753344
1271790455685070849
1271790437074792452
1271790261774024704
1271790191532036096
1271790116684460032
1271790040331493378
1271789955942166528
1271789933779390465
1271789898710880256
1271789846491590656
1271789719915868160
1271789647740403712
1271789481599930368
1271789469478289410
1271788645675159563
1271788438925303808
1271788277910188033
1271788048737591296
1271787894169128960
1271787725742649345
1271787643349528576
1271787542996815872
1271787491960512514
1271787419327696896
1271787146173505542
1271786583512006656
1271786493665656833
1271786357942358017
1271786275012558849
1271785859432550400
1271785683481485312
1271785642008162304
1271785604204937218
1271785580393889792
1271785418946641932
1271785070706061312
1271784800169472000
1271784724814532609
1271784660738224129
1271784458639872003
1271784090870710272
1271783625584005124
1271783434948673537
1271783367797878784
1271783211123736576
1271783001286938625
1271782923771904001
1271782870831562752
1271782867924692992
1271782842398322688
1271782593118310401
1271782527569735680
1271782326570278912
1271782284195135489
1271782207993020416
1271782136031436801
1271782001624993795
1271781971803455488
1271781943781228544
1271781844296531968
1271781709000978432
1271781615132381184
1271781481107599360
1271781226219737089
1271781038038175747
1271781027753549824
1271780991896559616
1271780589511860224
1271780455927345152
1271780328978264064
1271780235281870848
1271780034227785729
1271779616152322048
1271779578328109056
1271779458916085760
1271779423662964736
1271779179806298114
1271777644653273089
1271777325571596288
1271777273503416321
1271776807310766080
1271776635503685632
1271776298503942144
1271776144463998976
1271776008019025924
1271775655840055296
1271775650781724677
1271775563410268161
1271775501141659648
1271775469696884736
1271775433676251137
1271775414583799820
1271775399094214662
1271775365908791297
1271775337735749633
1271775319092072450
1271775313211654145
1271775275307671552
1271775206210596865
1271775187516551171
1271775101885788161
1271775075620974594
1271775051545796611
1271775012790337541
1271774986206937088
1271774925603422208
1271774886122459136
1271774811891662850
1271774753515286528
1271774690802044929
1271774632564133888
1271774608346284034
1271774516507742208
1271774445032689664
1271774418675666944
1271774318947635200
1271774262517551104
1271774218749972480
1271774180615180288
1271774109387669509
1271774102689402882
1271773762631827456
1271773748698456068
1271773660655878144
1271773573418569728
1271773568687316993
1271773550916112386
1271773289497735169
1271773055480709120
1271772925297917953
1271772760465907712
1271772642291453955
1271772510435106816
1271772247301251072
1271772171031855109
1271772087359700993
1271771798191902722
1271771725672386560
1271771672044019712
1271771593635704833
1271771453730553862
1271771453361356800
1271771329365250049
1271771202797920256
1271771026964152320
1271770877915521024
1271770447445663744
1271770418832007169
1271770302507188226
1271769763669254147
1271769575294730246
1271769466624512007
1271769421774819328
1271769333274984449
1271769247073611778
1271769145827381248
1271769106107240448
1271768985340719104
1271768838317772800
1271768836795219969
1271768810215727106
1271768694755069952
1271768434217533440
1271768286540320768
1271768250557378560
1271768158680932352
1271768013298163714
1271767964023431173
1271767905747730439
1271767863423045634
1271767760381587456
1271767743004639232
1271767707487211521
1271767598896734208
1271767472056815616
1271767418847756288
1271767219526078466
1271767172633825280
1271767056074014720
1271766977774837762
1271766900419301384
1271766864247558144
1271766715198771201
1271766663029981184
1271766595744997376
1271766406330286080
1271766280845111296
1271766279620309005
1271766226851766273
1271766182987694080
1271766092642504709
1271765991534612480
1271765963881447426
1271765931648258049
1271765876581203968
1271765830381047808
1271765813926563840
1271765717407457280
1271765666903834624
1271765509688737793
1271765506962477056
1271765382035124224
1271765270642733057
1271765214673985537
1271765183246086145
1271765159443300352
1271765143685402630
1271765123271720960
1271765050479558657
1271765010038099970
1271764988802281472
1271764798448046080
1271764761936625666
1271764696824250374
1271764642558287873
1271764629027467265
1271764610006351872
1271764576174891011
1271764531170152448
1271764393240510464
1271764376345772032
1271764335669501958
1271764252244746243
1271764241717043200
1271764218736492544
1271764215762694145
1271764145180901377
1271764075123482625
1271764041271259136
1271763979669471232
1271763925672083457
1271763719131930624
1271763570351628288
1271763511530717184
1271763508208820225
1271763453225635840
1271763383872827392
1271763345280991233
1271763274539970560
1271763205191356423
1271763189479473152
1271763185541005312
1271763106985803781
1271762850948751360
1271762719750991872
1271762673080897536
1271762141129969664
1271761784383385600
1271761747511250945
1271761563792273408
1271761517155942403
1271761055903961088
1271760879961477120
1271760829042524160
1271760753977184256
1271760616387080192
1271760516952842241
1271760126882582528
1271759697037660161
1271759240248647680
1271759218195009536
1271759127904161792
1271759055753670656
1271758625208500224
1271758524171685894
1271758396627259392
1271758219539632128
1271757683041984512
1271757665144897536
1271757555795017730
1271757337619861507
1271755810293637123
1271755626314633216
1271755616088985600
1271755024679555072
1271754338147405825
1271753791235411968
1271753680807755777
1271753297880203264
1271752774561067009
1271751223985627139
1271750632882401280
1271750535876448256
1271750250970021888
1271749258635431936
1271748670174756864
1271748108536254465
1271748052970164224
1271747717501517824
1271747671582220289
1271747571061411842
1271747354576617472
1271747101467086848
1271747036166205440
1271745760359415809
1271745657691418627
1271745290761011200
1271745076025102337
1271744840699711490
1271744656938844161
1271743733868818433
1271743722552729602
1271743359506358272
1271743149728292864
1271742557203034112
1271742170287013888
1271741460820357120
1271741435075837953
1271741326409646081
1271741016505085953
1271740862897303554
1271740678058336257
1271739536930770949
1271739230813855744
1271738511612411904
1271738508772704256
1271738400580800512
1271738379202433024
1271736476439543809
1271736455241453569
1271736190790582273
1271736180288045057
1271736000516063232
1271735869729312769
1271735827475976192
1271735725768290304
1271735051387011073
1271734690483847168
1271734347347963904
1271733628335083521
1271732456601812993
1271732230641995777
1271732215412674560
1271731987900964869
1271731865716690946
1271731784888258560
1271731741636431872
1271731119944155137
1271730529226891264
1271730342009937920
1271729917710028800
1271729851737747457
1271729847694475265
1271729684389085184
1271729136604721154
1271729032338399232
1271728960737550336
1271728750841999360
1271728481877942272
1271728248448147456
1271728222397272065
1271728121142603783
1271727998249525251
1271727697538867208
1271726876449538050
1271726597574295552
1271726341814026241
1271726223505469440
1271726215808913408
1271726033377521666
1271725779055808512
1271725401950355457
1271725350225981445
1271724734808375297
1271724590159585280
1271724482177101826
1271723867061583873
1271723741781864448
1271721983923744768
1271721868106571776
1271721859806101507
1271721743778934784
1271721477373521921
1271721202353086464
1271720142087454720
1271719743351934977
1271718714795311105
1271718275970412544
1271718165383245825
1271717352556474373
1271716759645675520
1271716699146907648
1271716513389690880
1271715973075218432
1271715647370588161
1271715206180343808
1271714823802286080
1271714561943408640
1271714056014004224
1271713882940170252
1271713630648774656
1271713619881984005
1271713386238218240
1271713285759537152
1271712209677291524
1271712054336872449
1271711583907876865
1271711387501293568
1271711237412290561
1271711053181865984
1271710863292956674
1271710771630624768
1271710731583385602
1271710702059900928
1271710142069800960
1271710128937590785
1271710088814706688
1271709654624505856
1271709296913534976
1271709071520006146
1271708855395774464
1271708729898123264
1271708530282823681
1271708511970275334
1271708253236363265
1271707472865058816
1271706979619074048
1271706652832489472
1271705856116011009
1271705837262659585
1271704640308961281
1271703998634942464
1271703684481613824
1271703552499437569
1271703301407604737
1271703172118085632
1271702555610013696
1271702278634962945
1271702199106588676
1271701859623997440
1271700626427252737
1271700588980506624
1271700388979314688
1271700385900556288
1271699182148096000
1271698954644832263
1271698847534854147
1271698543225569280
1271698391660212224
1271698352367964161
1271697785960587266
1271697608621256705
1271697278466580485
1271697195671134208
1271697165405085696
1271697049478590465
1271696858004389888
1271696825150398464
1271696563853766658
1271696466151538689
1271696375965577216
1271696289542086656
1271696252951019521
1271696058255458305
1271696042967224322
1271695965422940160
1271695577361690624
1271695271118823424
1271695243008589824
1271695113215860736
1271694848580628480
1271694379615485957
1271694223897530369
1271694103810473987
1271694041059450885
1271694009790914563
1271693991956803589
1271693504935194625
1271693311133331456
1271693290539069440
1271693257768984576
1271692785767247873
1271692421160529921
1271692281989304320
1271691579921555458
1271690804340371456
1271690712065720320
1271690339145957377
1271690060207972354
1271689874345607169
1271689600033947649
1271688717883699200
1271688593711550468
1271688157516496897
1271688137442504711
1271687898958639104
1271686577111076865
1271686566994300929
1271686214794588161
1271686010922053632
1271685436340146184
1271684385549332486
1271683628477579271
1271683424550637569
1271682956520763393
1271682783446831104
1271681361779228675
1271681320507195392
1271680855404982272
1271680345386233857
1271679628600422400
1271678970698833920
1271678781078540288
1271678436285825024
1271678111210442753
1271677969493307394
1271677518584537088
1271677434438483968
1271677214493421568
1271677185179283459
1271676856887062528
1271676531505586176
1271676431404273664
1271676405508644864
1271676169914474496
1271675827785289728
1271675229102891008
1271673775487094784
1271673762694471681
1271673464609538048
1271673234438721536
1271673100115914752
1271672305362575369
1271672235418423298
1271672040362086400
1271671989338468352
1271671780676173825
1271671711734300674
1271670958256877568
1271670905345802240
1271670790518214657
1271670732775460866
1271670662709620739
1271670295300997120
1271670290917908480
1271670068628373504
1271669599096975360
1271669476920979456
1271669472898592768
1271669184724942853
1271669109650886656
1271669010267078656
1271668859288895488
1271668787289436161
1271668537975660544
1271668017978503168
1271667870276087809
1271667813967511553
1271667678768279553
1271667629162401798
1271667544156487680
1271667534031290369
1271667438917042176
1271667354376769536
1271667124319051779
1271666907444400129
1271666878708985856
1271666838443708418
1271666566627655680
1271666455671537664
1271666357881339905
1271666314910879744
1271666046458462208
1271665834524471297
1271665731415838721
1271665175867715585
1271665027108372480
1271664755506393088
1271664577936269312
1271663908386824192
1271663528068501504
1271663169442848769
1271663133057138690
1271662964513206280
1271662695268270081
1271661969586585600
1271661855581274113
1271660714172661760
1271660588037529601
1271660537101705216
1271660128182374400
1271659962125737986
1271659894404333568
1271659362386350080
1271659302332190724
1271659125638696960
1271658886295158784
1271658315349553154
1271658219660869632
1271657971588587520
1271657967809630208
1271657921726672897
1271657778734497792
1271657355994976257
1271656834613407745
1271656705605206016
1271656671215927297
1271656585740386304
1271656546162716672
1271656273189253122
1271656258458644481
1271656234152755201
1271656211738439680
1271656008314687494
1271655980674060289
1271655967919349760
1271655807655063552
1271655593531641856
1271655494034132992
1271655214907396097
1271655182724718592
1271655139921846272
1271654933067190272
1271654925420752897
1271654661305569281
1271654602467876864
1271654313929183232
1271653771555332097
1271653703783641088
1271653438569320448
1271653322882080768
1271653288144822272
1271653257211834368
1271653238358413313
1271653229747564545
1271653147920920576
1271653136814358530
1271652148103671809
1271652091971481600
1271652003890950146
1271651977022197763
1271651803176804352
1271651618849767425
1271651334094155776
1271651301978333184
1271651235884498946
1271650564909268992
1271650515143835648
1271650393974386689
1271650217155112960
1271650083264700416
1271649971834621953
1271649916717281280
1271649909725229056
1271649898895568899
1271649774228303872
1271649715701104641
1271649530459623424
1271649426113572864
1271649117723414528
1271648996063313920
1271648815179657221
1271648572371619842
1271648555006955521
1271648314656788481
1271648300714717186
1271648222851805189
1271647815752654848
1271647699427704832
1271647630485938176
1271647587175591938
1271647350675501056
1271647088800079872
1271647015269736450
1271646977776848896
1271646971569324033
1271646712516325376
1271646655717052416
1271646522342596608
1271646516663459841
1271646432508866562
1271646383100100613
1271646380679888896
1271646378293440512
1271646375177007106
1271646373075734529
1271646370802401285
1271646369636327424
1271646368550060034
1271646366188609536
1271646363151994881
1271646316133789697
1271646056611225600
1271645958892326915
1271645754449211393
1271645294904479745
1271645169620783104
1271645024325795840
1271644819681615872
1271644760864747520
1271644497391366144
1271644205845078016
1271643940043632641
1271643918044508160
1271643453017821184
1271643303809658881
1271642843669381121
1271642721556389888
1271642643437477888
1271642362079350784
1271642292399624192
1271642223218581504
1271642090670133248
1271641785480237058
1271641558912122881
1271641418583420929
1271641404821762050
1271641267269586944
1271641075971579904
1271641002420211713
1271640913916203009
1271640720307367938
1271640688015183872
1271640511892373504
1271640502375505921
1271640397106692097
1271640315049410560
1271640096161148928
1271639811741241344
1271639597525524480
1271639436720308231
1271639394995204098
1271639327219449856
1271639027234398211
1271638841267417093
1271638729426272256
1271638685587398662
1271638669279952896
1271638053547900928
1271638028495118337
1271637866179936257
1271637863239565313
1271637722537562112
1271637673615265792
1271637492823994370
1271637432153313281
1271637360594374658
1271637314171633664
1271637199352520704
1271637160391618560
1271637120684351488
1271636715778609152
1271636505841156096
1271635795997270017
1271635714531155968
1271635606502690817
1271635597086593031
1271635469718061057
1271634843034464256
1271634320550244352
1271634272458166273
1271633832580542468
1271633736660996098
1271633547342655488
1271633475968233472
1271633280329297932
1271633278680760320
1271633224117043200
1271632798990942208
1271632642400677889
1271632261251608576
1271632142699646979
1271631845847740416
1271631504133820416
1271631415122235392
1271631149148798976
1271631034757509120
1271630992168517632
1271630796743479296
1271630707295522816
1271630619169054722
1271630157338611712
1271629578038120448
1271629404746190848
1271629366003290114
1271629287204941825
1271629255512817665
1271629251750420480
1271629182628487168
1271629142094577664
1271629003191758848
1271628950519701505
1271628855950835715
1271628851806904320
1271628798803378177
1271628701197885442
1271628395542007809
1271628184027422722
1271628004611854336
1271627747182309379
1271627527568662529
1271627360811593729
1271627300354682880
1271627173317586945
1271627062323941377
1271626931771850753
1271626544025415680
1271626391398658051
1271626388865507330
1271626234565234688
1271626072358940678
1271626059587350529
1271625983997681665
1271625867093921792
1271625493259915270
1271625485890449409
1271625310811938816
1271625219883622401
1271625180398354433
1271625020838739968
1271624849362911236
1271624672162058240
1271624627307999232
1271624621784133632
1271624522223939584
1271624481040068611
1271624335032115202
1271624218405482501
1271624194334179329
1271623736681041922
1271623722168758273
1271623616812244995
1271623432908582914
1271623279820726272
1271623109196513282
1271622620639715328
1271622610044940288
1271622473415454720
1271622471372943360
1271622187863007232
1271622132372570113
1271622130900168704
1271622025862238208
1271621992660103168
1271621950297653249
1271621654104272896
1271621591261040641
1271621534621274113
1271621519161077766
1271621365888512002
1271621327313489920
1271621268991700992
1271621173999095808
1271621088355598337
1271620764157034496
1271620762823200768
1271620016513974272
1271619930484379650
1271619852579401729
1271619848221519872
1271619781402046467
1271619767166631936
1271619459824988160
1271619385812111360
1271619241255399424
1271619236209717249
1271619173706170370
1271618958404096001
1271618190569684992
1271618063671197696
1271618040979955714
1271617946285031424
1271617883739549696
1271617428380880901
1271617044115386368
1271616370275475457
1271616106172571649
1271616105509945346
1271615931047792640
1271615410480111618
1271615349566423040
1271615213809184768
1271615050269069315
1271614744655511552
1271614708471091200
1271614367289749506
1271614130508541954
1271613759451095040
1271613518236639232
1271613468584538113
1271613349390778370
1271613264082817024
1271613240263360512
1271613100597395457
1271612737458778112
1271612577236135936
1271612436714381314
1271611823481999360
1271611764426199041
1271611687120986112
1271611463858302977
1271611341610954753
1271611096546361344
1271611046063558657
1271610608383754240
1271610342095810561
1271609595551600640
1271609582381654023
1271609400717795328
1271609100611104770
1271608723551608832
1271608576004546560
1271607774175088642
1271607770475683840
1271607683192258561
1271607321068797952
1271607042550173697
1271606899499130881
1271606497110196227
1271606281128734720
1271606119249506306
1271606100354191360
1271605873002061824
1271605865523613699
1271605670924529665
1271605615693926400
1271605133504401409
1271604967489536000
1271604900426702851
1271604864917766144
1271604846991466496
1271604725427982341
1271604604216553472
1271604592099438592
1271604330307543041
1271604245402398720
1271603516700844032
1271603508538757122
1271603466734129159
1271603445355524097
1271603394742976513
1271603331794735104
1271603245111111680
1271603200509063169
1271603067826450435
1271602807309770752
1271602496587194369
1271602421949587456
1271602398948200448
1271602342073208832
1271602228827058176
1271602124028145664
1271601851302100993
1271601609588514816
1271601604102221824
1271601553607032837
1271601544337616899
1271601328897261569
1271601081777156096
1271601026961989633
1271600511221972992
1271600456955867136
1271600446151389185
1271600349497958401
1271600270326276096
1271600135466881030
1271600074913484800
1271599956420329473
1271599807048691712
1271599771157958659
1271599406190596100
1271598901783605248
1271598718467235840
1271598644458688512
1271598258226429957
1271597765127286784
1271597535048511490
1271597144600805376
1271597088871071744
1271596999213674496
1271596782951292940
1271596721336913920
1271596619587358720
1271596611454423042
1271596504109596672
1271596501924380672
1271596413466456064
1271596190556192769
1271596141113569280
1271596140731850752
1271595994283573249
1271595644646379520
1271595610320171008
1271595606398697473
1271595516502171655
1271595434050551809
1271595246200262658
1271595138288988160
1271594936958193665
1271594342717612033
1271594303786233857
1271594251541811200
1271594185808769025
1271594137372917762
1271593706060201984
1271593590662160384
1271593575604781057
1271593437796720640
1271593183521226752
1271593163355021326
1271592363731738624
1271592330663870464
1271592261596229632
1271592221737959425
1271591737308274689
1271591629690998787
1271591576222027776
1271591466498838529
1271591345858031616
1271590639810084866
1271590440651894785
1271590385899450368
1271590356031868928
1271590303829377024
1271589936874041345
1271589571298541568
1271589440226394112
1271589160923602944
1271588929087533056
1271588609175535619
1271588397954420736
1271588370964082688
1271588229473599490
1271588165669679104
1271587614940966912
1271586860616298497
1271586736427036672
1271586521657810946
1271586395975344128
1271586129851101186
1271586120837599234
1271585803030851584
1271585623007166464
1271585424453050369
1271585413212356608
1271585381494882304
1271585098970869763
1271585045246066695
1271584974861471745
1271584964136624129
1271584489433632768
1271584315927867393
1271584258046464001
1271584233061040129
1271583663751233537
1271583071393939456
1271583066289590274
1271582877696786432
1271582752660471809
1271582605813653504
1271582547156307969
1271582498330460164
1271582459499429888
1271582054866534400
1271582053042212865
1271581783142928394
1271581742617378816
1271581345786052609
1271580964754464769
1271580279472300044
1271580217207816192
1271579913716457481
1271579813506166794
1271579291583688707
1271578622785130496
1271578522977472514
1271578499397103616
1271578397437820928
1271578296761925633
1271578005643702273
1271577765096181763
1271577605469286400
1271577559461961729
1271576995617370112
1271576424969715715
1271576369269530626
1271576340643246080
1271575983037054977
1271575941911724032
1271575940649361408
1271575929165234193
1271575714098225153
1271575396828446720
1271575328276783108
1271574876965535744
1271574755896954883
1271574557409722369
1271574208334741505
1271573443029450752
1271573353430765568
1271573168004702214
1271572747458666498
1271572615270813696
1271572587328319488
1271572574498099200
1271572423528366080
1271571415360081921
1271571404060647424
1271571294681735170
1271571286972444673
1271571204399194117
1271570681608749062
1271570595138768896
1271570489199083522
1271570470815531014
1271569897408126978
1271569885915684864
1271569035767971840
1271568759384346630
1271568340264329222
1271568337185771520
1271568186337566721
1271568128833708034
1271567821059825666
1271567694303813637
1271567357245378560
1271567318066348032
1271567295849156608
1271567172167503877
1271567108204191744
1271566971176271873
1271566941207969793
1271566910405185539
1271566845309530114
1271566614480084992
1271566465544663040
1271566348167102464
1271565242384842752
1271565208746483712
1271565134704586752
1271565093797535744
1271564828482682881
1271564778092126208
1271564468376317953
1271564266353590272
1271564259470737408
1271564170337583109
1271564068734881792
1271563930029129729
1271563865810182144
1271563666354319363
1271563533080240128
1271563439857471488
1271563278871715840
1271563028660719618
1271562979327258627
1271562787488018433
1271562742718238720
1271562730391117827
1271562506062966784
1271562435762192384
1271562330929840128
1271561518484787203
1271561325949472768
1271561011703799810
1271560980430909440
1271560611625926662
1271560184142401540
1271559991657287680
1271559636236136448
1271559531374555140
1271559402550689793
1271559149583728645
1271558879026073600
1271558824743153664
1271558657025736715
1271558362405105664
1271557954496495617
1271557913287503875
1271557895524462592
1271557826851135489
1271557612379598848
1271557568599658496
1271557532994207746
1271557352328695816
1271557317725769730
1271556956981997571
1271556913260646400
1271556804460400640
1271556309377155075
1271556292163833857
1271555786825703426
1271555726314479616
1271555660082282498
1271555468847013890
1271555322180755456
1271555002717396993
1271554880277295105
1271554529683619840
1271554412159197184
1271554345415442432
1271553997082710016
1271553887422439424
1271553863330512900
1271553836226768896
1271553482978398208
1271553365130919938
1271553352539820033
1271553085081448448
1271552925941272576
1271552622588289027
1271552278936391685
1271552195607973888
1271552175605497857
1271552021330616321
1271551861917724672
1271551823531433986
1271551606736199680
1271551506693656576
1271551501685723138
1271551017281294340
1271550866236026884
1271550711201968130
1271550500027002880
1271550470708850688
1271550237266644994
1271550208694841344
1271550165929918464
1271549759682158595
1271549735162335232
1271549705844072453
1271549335667261440
1271548948696772608
1271548873924915201
1271548749140164610
1271548643988967436
1271548599395061761
1271548525516480512
1271548325020434434
1271548321849585670
