1272272498051231745
1272272273706225664
1272272256341667840
1272272129334153217
1272271981342273538
1272271387571433477
1272271330742874113
1272271313982435331
1272271245040648192
1272271019001200641
1272270204467384332
1272269779059879937
1272269686462431237
1272269662672375814
1272269558552936453
1272269419075567618
1272268674410229760
1272268632932978689
1272268603514146821
1272268267134914561
1272266999901622275
1272266897137041408
1272266872298274824
1272266760436187143
1272265541848162304
1272265086766284802
1272264418638913536
1272264207975821312
1272264009656475649
1272263362622164996
1272262855212052480
1272262207536013313
1272261451713933312
1272261348555030528
1272261140949561344
1272260953573220352
1272260952998776838
1272260516350550017
1272260504518623232
1272260307331829762
1272260212347539462
1272259788706123777
1272259646229639168
1272259547697217544
1272259513299722240
1272259394206564355
1272259320030388224
1272259298211565571
1272259285960077313
1272258659314216960
1272257774123130880
1272257557029990400
1272257041126559750
1272256956271484929
1272255725595693058
1272255115769118725
1272254412283617281
1272254409494294528
1272254038097178626
1272253701466411008
1272253578531540993
1272253498336346115
1272253323056418817
1272253146228645888
1272252691935363074
1272252430546169856
1272252120628998144
1272251732077273088
1272251196678561792
1272250478236069888
1272250411349467136
1272250212652847106
1272250185498984449
1272249786486288384
1272249780165652481
1272248887852404736
1272248588941144064
1272248291648925696
1272248272753754113
1272248068772110336
1272247854686494722
1272247811908616192
1272246989699366914
1272246973786198017
1272246960624451585
1272246946250489856
1272246927132897282
1272246804931895297
1272246792013393920
1272246471031693316
1272246342769917952
1272246210187997185
1272246030097137664
1272245894830669824
1272245803160043520
1272245764496990211
1272245578412498944
1272245505154625537
1272245329803350016
1272245020633038854
1272244567325147140
1272244536438185984
1272244535893151748
1272244362785591296
1272244304480796675
1272244152697315336
1272243990075588608
1272243964381237248
1272243160916414465
1272243129819656192
1272243050698457089
1272243001197236226
1272242701203918854
1272242570895085568
1272242522090344448
1272242416473513987
1272242219848613888
1272242213217374208
1272242185983766529
1272242061584916480
1272241962628730880
1272241868391112704
1272241857704017920
1272241839127490561
1272241823998754819
1272241681899782149
1272241652267012096
1272241547459747840
1272241542560747520
1272241485295939584
1272241460457267205
1272241344275070976
1272241273483616259
1272240998664540163
1272240818145775616
1272240741759299584
1272240068946731009
1272240056988848128
1272239835839959048
1272239410617159683
1272238970353651713
1272238222303621122
1272238124152782848
1272238111062470656
1272238010340425732
1272237705376792576
1272237595297304578
1272237333409079296
1272237299003043840
1272237255483146240
1272237105880522752
1272237080173670402
1272237069226688513
1272236929719951366
1272236884442439682
1272235920620691456
1272235868242112512
1272235815087878146
1272235770410041345
1272235407648985090
1272234952151781378
1272234480447733762
1272234164515794945
1272234094039007235
1272233657886015491
1272233550201393152
1272233392415879168
1272232953200865280
1272232925556346880
1272232834095353857
1272232595284246534
1272232568545558528
1272232354363441155
1272231898178293764
1272231730951282693
1272231501938262024
1272231481532796928
1272230937909178369
1272230623520813056
1272230406646104071
1272229911533584385
1272229736261906432
1272229371986706432
1272229151215403022
1272229105786896386
1272229090104205312
1272228435755220992
1272228143189942274
1272227689546616835
1272227320858906625
1272227210913386496
1272227186800377856
1272227072715509760
1272227028998057986
1272227023038144513
1272226996236333056
1272226828820729856
1272226752631373825
1272226744708153344
1272226727582773248
1272226513878802432
1272226249436532736
1272225977767059456
1272225954782306304
1272225929809424385
1272225721428185088
1272225714364755970
1272225695804997632
1272225524526415872
1272225509959593984
1272225429831598080
1272225407459184640
1272225374177542147
1272225373351108608
1272225208544329729
1272225193780318208
1272225173769510912
1272225145667477504
1272225127208349696
1272225109449687040
1272224989219962880
1272224959285387264
1272224923818344448
1272224923507818497
1272224900086853632
1272224807208144903
1272224782436593664
1272224749020540928
1272224727474384896
1272224693949304834
1272224683895767041
1272224660487147520
1272224497920282624
1272224456950165509
1272224448242999298
1272224426084319232
1272224373508763648
1272224291879186433
1272224271176052742
1272224149432393729
1272223798935289861
1272223762214199296
1272223752173076480
1272223707038130179
1272223527022854148
1272223259686326273
1272223227499040768
1272223124126347265
1272222567508697088
1272221413080920064
1272221208956805121
1272221014026403840
1272220714930769921
1272220402375372802
1272220142253064200
1272219719945183237
1272219685107503104
1272219681332453376
1272219474947645445
1272219411135565826
1272218770396770304
1272218022439079937
1272217902444240897
1272217861222735872
1272217357293957122
1272216728932663297
1272216609080381441
1272216134427635713
1272216117369606145
1272215953695141894
1272215539449028608
1272214922118811651
1272214254276378625
1272214216032878594
1272214010092371968
1272213800591085568
1272213670437597184
1272213252831735808
1272213015933399045
1272212966029565953
1272212550269181955
1272212499807391745
1272212442643300359
1272211721411866624
1272211705624276993
1272210974372659200
1272210801567379456
1272210386004201478
1272210288859906050
1272209666626539521
1272209478645985286
1272208228206751745
1272207677662388229
1272207226220851200
1272206865271840768
1272206553123184640
1272206360969699329
1272206000179892226
1272205555742978050
1272205074945593344
1272204514628698114
1272204450019651585
1272204351201775617
1272203823319117826
1272203522453487617
1272203296078356480
1272202834214297608
1272202751116599299
1272202717633622023
1272201872040960000
1272201588547805185
1272201513687871488
1272201335178289153
1272201320645177347
1272201292715155456
1272201248029069313
1272200647589363712
1272200479250870274
1272200390742851584
1272200248677380096
1272200223083896838
1272200161779834881
1272200038609850368
1272199548342013953
1272198488273686528
1272198340902617088
1272198247096909825
1272197985598713857
1272197830132695040
1272197472509743110
1272197244243116033
1272197035786199043
1272196821482442754
1272196158102867968
1272195840812240897
1272195784734322690
1272195772709326848
1272195558124466178
1272195502206078977
1272195485747613696
1272195271972335618
1272194940983021569
1272194452472377348
1272193806130049025
1272193131073527814
1272192872872206336
1272191957100527616
1272190984693198849
1272189752574279680
1272189627617751041
1272189570864513024
1272188554026811394
1272188386531577862
1272188361529151490
1272187981290450944
1272187066798014467
1272186576504791040
1272186080121565184
1272185947661258752
1272185761140367360
1272185476741390336
1272185357228896262
1272185314564505601
1272185259464032257
1272185222860341258
1272184994505453569
1272184824145444866
1272184576044138500
1272184309902966784
1272184286112817152
1272184226503438336
1272184130965590016
1272183733341347841
1272183599463366658
1272183451580579842
1272183247418556418
1272183086369976328
1272183039834062849
1272183020372594690
1272182787584524290
1272182352379346946
1272182135395364864
1272182132958531585
1272182021356498945
1272181357725302787
1272181280726224897
1272181124417060866
1272181002777976833
1272180993223344129
1272180395593928706
1272180219517026304
1272180179771822091
1272180086716928006
1272179751671623687
1272179244286656515
1272179209683656705
1272178969811419138
1272178626822238210
1272178530546331648
1272177989552345090
1272177852599775232
1272177731359236098
1272177682697129987
1272176801968721924
1272176699220856834
1272176677477588992
1272176586243084289
1272176563828621313
1272176260123373568
1272176129906864129
1272175848850952193
1272175837685506048
1272175736611205121
1272175466443571200
1272175463549374464
1272175292103012352
1272175040570617862
1272174541914046465
1272174476734554112
1272174455452827648
1272174069912342528
1272174053848211456
1272173858586611714
1272173325481988096
1272173223740755969
1272173203385995267
1272173161786806284
1272172931951595521
1272172537615536128
1272172474193588225
1272172338184847368
1272172146416947202
1272171840006430720
1272171791348305921
1272171579284221952
1272171516084588550
1272171178925395969
1272171106963726344
1272170556897591299
1272170183394811904
1272169973335506945
1272169734251909126
1272169676760428544
1272168897677070337
1272168873954029569
1272168761613676545
1272168546139766784
1272168129427312641
1272168116685082627
1272167830998396933
1272167733602312196
1272167462776246273
1272167121997320192
1272167107007074304
1272166644194959360
1272166082455891970
1272165894135914496
1272165766150881280
1272165710328930304
1272165278051336194
1272164789159112704
1272164024189431808
1272163575079989248
1272163557682171907
1272162943103389696
1272162560868003841
1272162099016466434
1272161784322035712
1272160690946609154
1272160076934131713
1272159630945181696
1272159490314567681
1272159229269479426
1272159089083027456
1272158924133863424
1272158914662952960
1272158760987815936
1272158670629990400
1272157690354176001
1272157527904403457
1272157445176143872
1272157413920124928
1272156863593775104
1272156859680436225
1272156837933125632
1272156634853203970
1272156411024117760
1272156211555651586
1272155904863956992
1272155884911595520
1272155765369974786
1272155377002397696
1272155158974251008
1272155141425291266
1272155121787588609
1272154999024427010
1272154533209112577
1272154522497036289
1272154501470806032
1272154448781926401
1272154104933101569
1272153995545632768
1272153889270198278
1272153683455889408
1272153393423945729
1272152545834815491
1272152127725592576
1272152018497556480
1272151822287826947
1272151791648604160
1272151670936317953
1272151653488050179
1272151619883479042
1272151468917657600
1272151449271746560
1272151170677567489
1272151160489684992
1272151050930307072
1272150997226459136
1272150506102616064
1272150258575966208
1272150246810947586
1272150208718278658
1272150167706198016
1272150166506811392
1272149946326802437
1272149894187249665
1272149856115720193
1272149854190534657
1272149572719202305
1272149485087600642
1272148977132154882
1272148779093950468
1272148622038228993
1272148405502918656
1272148105094455303
1272147880636116992
1272147498711252992
1272147286580170753
1272146268039626752
1272145834164080642
1272145461391044608
1272145435914838016
1272145324145082372
1272145301831327745
1272144875786432512
1272144853795733512
1272144306984402946
1272143601158537216
1272143391946465286
1272143013251297280
1272142967101259777
1272142813417766913
1272142595074990080
1272142313071017994
1272142111308120064
1272141782197903360
1272141645769854977
1272139901904080897
1272139861210935296
1272139752410669056
1272138370202902530
1272137750846877696
1272137624531197953
1272137559456526336
1272136704665825281
1272136607122980864
1272136587376279552
1272136452814655493
1272136081559912454
1272134428815437829
1272133934944411648
1272133345074229255
1272133021966184452
1272132687940198400
1272132586291236865
1272132503302819841
1272132051202904064
1272131882877104130
1272131010470313984
1272130639010070529
1272130492561842176
1272130112163643392
1272130011391197184
1272129927169609729
1272129256781500416
1272127635024314369
1272126859681992705
1272126723195375616
1272125744475406336
1272125654050496512
1272125582160146432
1272125427385958401
1272124697661014018
1272124464449241088
1272123905642283011
1272123661919457281
1272123514452086786
1272122861336113155
1272120442325577728
1272119794586828800
1272119787347415041
1272119601728372738
1272119523504721921
1272119151298052099
1272118687240196107
1272118549511843846
1272118329717686279
1272118233114374144
1272117373814951938
1272117185511555073
1272116717813030912
1272116366422626304
1272116206028197888
1272115827899277313
1272115562152431616
1272115487615393792
1272115421295017985
1272115412184887297
1272115345868947462
1272115182223982594
1272115178528624641
1272115102708142081
1272114777691615232
1272114587047849984
1272114330188886017
1272114164060827654
1272114004564066306
1272113973752717314
1272113543706562560
1272113344405626883
1272113161278111746
1272113024606900228
1272113002196504582
1272112896290353157
1272112784642203648
1272112656225169408
1272112520753565696
1272112108122054657
1272112027633213443
1272111878915780609
1272111870216794114
1272111220791767040
1272111010762108928
1272110949277659136
1272110692334596096
1272110462545661953
1272110227484102656
1272110147960217601
1272109919374884866
1272109733827280897
1272109567627821057
1272108891480788993
1272108737117876224
1272108504824926215
1272108053295501314
1272107698692096000
1272107464960376832
1272107370823462914
1272107216787714048
1272106843951607808
1272106567127703554
1272105847150141440
1272105428197928965
1272104981806514176
1272104916568272896
1272104654197776385
1272103805472190465
1272103184467668994
1272102662566080515
1272102526599323648
1272102191398965248
1272101741316599810
1272101658961510402
1272101498894168068
1272101335043723264
1272101263233052672
1272100791822749696
1272100638806032386
1272100428772069376
1272099797839863809
1272099424492236801
1272099044991438852
1272097257584766976
1272097041758502914
1272096997701492736
1272096533840715777
1272095617343463426
1272094778096746496
1272094701773033473
1272094670785441799
1272094210624303106
1272094112704016396
1272093880939356162
1272093191735394304
1272092650791829505
1272092535138267136
1272092031892897792
1272091987554926592
1272091942008979458
1272091258073182211
1272091211529170944
1272090358139232256
1272090308847828993
1272090246931341312
1272090089951133697
1272089589059125248
1272089465880817665
1272088967404494849
1272088315936694272
1272088180397707264
1272088111867146241
1272088108192784384
1272088096629129216
1272087043041046529
1272086353501540352
1272085954392584192
1272085279885705221
1272083986655744000
1272082150913794049
1272081924203220993
1272081558476689409
1272081205744349184
1272081005655068672
1272080985681563648
1272080982397476864
1272080854982881280
1272080746392551425
1272080700607328256
1272080621095903232
1272080573683515393
1272080466112217091
1272080438073257985
1272080429265256449
1272080370666598400
1272080366333865984
1272080224608550912
1272080221898858501
1272079307515457538
1272078834171408385
1272078643162804224
1272078390233882625
1272078307249422337
1272078170414436352
1272077915052744704
1272077888724951040
1272077496733835269
1272077470095814656
1272077238993711111
1272076957996314625
1272076726063910912
1272076716366675969
1272076637945774080
1272076568781680644
1272076157513416705
1272076074835378176
1272076023820021760
1272075900675219456
1272075786682380289
1272075739710418944
1272075431882059777
1272075135982264321
1272074786835816448
1272074722755227650
1272074580861964290
1272074464025628672
1272074432895385600
1272074418978787328
1272074404847996929
1272074312187383808
1272074234265665539
1272073970066440192
1272073825497174018
1272073757176156160
1272073524211937281
1272073092517392386
1272073018987036675
1272072886652555265
1272072366529474560
1272071797735739394
1272071185165979651
1272071104325173248
1272071023647690755
1272070953951002625
1272070918341185539
1272070559703207938
1272070333390966784
1272069878694977538
1272069765662560256
1272069211238486018
1272069135069896704
1272069076244783107
1272068803808165888
1272068322352418817
1272067948715241474
1272067930642055170
1272067924350492674
1272067919447355393
1272067767647252481
1272067614588706821
1272067294336659456
1272067280353067008
1272067005139439617
1272066626410741760
1272066584337690624
1272066273116131328
1272065991552323584
1272065955313545216
1272065558469423105
1272065522901737476
1272065399480147969
1272065131480940544
1272064798038032386
1272064102601547777
1272063786363400193
1272063519719141377
1272063395710173185
1272063222275887105
1272063205662056452
1272063183512051712
1272063138435788800
1272062992918761477
1272062946630340609
1272062815625334785
1272062792325951488
1272062747807584258
1272062163817861120
1272062144813494273
1272062133245599744
1272061968300437505
1272061689433743361
1272061686220861441
1272061622001922049
1272061526090772481
1272061449775362049
1272061293063598081
1272061237401026560
1272061212272889858
1272061200625369088
1272061193474072578
1272061066948816901
1272060786962100224
1272060735225499654
1272060596997910533
1272060336158519302
1272060225290289152
1272060163910819840
1272060120634138626
1272060089449320448
1272060036416585728
1272060030968201216
1272059867860066306
1272059811564269570
1272059752076341249
1272059661991194625
1272059646589599744
1272059583373008896
1272059452414234625
1272059449939759104
1272059440426938369
1272059343131869186
1272059322336452609
1272059060075081728
1272059039187378176
1272058962649571329
1272058955099803654
1272058824187314176
1272058532427452417
1272058465062699010
1272058359974440960
1272058329372786690
1272058132240510976
1272058098388054016
1272058038745104386
1272058038472630272
1272057968578539522
1272057785941766145
1272057772406738944
1272057761052930048
1272057724545662983
1272057610980777986
1272057566789394434
1272057497105375234
1272057424669704192
1272057294281302016
1272057217076932609
1272057169878364160
1272057050068135936
1272056740046045186
1272056351578099713
1272056242425352192
1272056202005024771
1272056112322433024
1272056079346569217
1272055671660240896
1272055603528183808
1272055528227651585
1272055525010784256
1272055521856684034
1272055511618183168
1272055472552464384
1272055415996588032
1272055409495257094
1272055304948084742
1272055263105822720
1272055223213645824
1272055184961740801
1272055092997427201
1272054384789086210
1272054371191107584
1272054365595918337
1272054269433090048
1272054191180124161
1272054053376151552
1272053815273897984
1272053437405036544
1272053397676580864
1272053049498968065
1272052473641922560
1272052330817445891
1272052247271059461
1272052175619756037
1272052129570553856
1272051930395586566
1272051929842167811
1272051568259424256
1272051372792385536
1272051319885324289
1272051241711923200
1272051191107612672
1272051090247180288
1272050970269122560
1272050956968972288
1272050683357696000
1272050614688595968
1272050542760480769
1272050285616062466
1272050282634121216
1272050241492054016
1272050175830192128
1272049834485092352
1272049803493388290
1272049622567936001
1272049522370207744
1272049293722095618
1272048957200482304
1272048955216584705
1272048402549751808
1272048169510031360
1272047706656002049
1272047616004550656
1272047424391897089
1272047334898139137
1272047270880579585
1272047015371866113
1272046925185835008
1272046407223070726
1272046341032751104
1272046159083663360
1272045924202606593
1272045823392546818
1272045696758120448
1272045590843514880
1272045432533737472
1272045423918645248
1272045325503455232
1272045290543964160
1272045114240557056
1272045054790709249
1272044987388170245
1272044879703465984
1272044486504448002
1272044243456913409
1272044193431478273
1272044179221340162
1272044115597852672
1272043947120971776
1272043726601216001
1272043636859928576
1272043466403352584
1272042829594779648
1272042810590605317
1272042556126265345
1272042519476547585
1272042118429761538
1272041863097143298
1272041819325575169
1272041446904696837
1272041340335947777
1272041281951170562
1272041253228564482
1272040986403733504
1272040830857957376
1272040809148436481
1272040793776123904
1272039780411256835
1272039561032601600
1272039477926490112
1272039435954094080
1272039086572941312
1272039019367424001
1272038891701235713
1272038500397912064
1272038212710608896
1272038035719434240
1272037915665690624
1272037736170438657
1272037710388027394
1272036571026350082
1272036433650315264
1272036421268844544
1272036266062811138
1272035361699454977
1272035240907640832
1272035029003243521
1272034244672585728
1272033983560216576
1272033917000810496
1272033674318344192
1272033181940756480
1272032942185943040
1272032560843902981
1272032540392472576
1272032278437224448
1272032269901811713
1272031890921291776
1272031816472551424
1272031492374278147
1272030744827670530
1272030343931953153
1272029974367780864
1272029855429939201
1272029714450837505
1272029550419914753
1272029520158093312
1272029512113348608
1272029123502698499
1272029063041806339
1272029022461939713
1272028907126980608
1272028112432267265
1272027839215239170
1272026022125416449
1272025424520867840
1272024751016415232
1272024154582077440
1272023710661296128
1272023541949493248
1272023156618903552
1272022723124846595
1272021449528705024
1272021434051604482
1272020420041093121
1272020089659887616
1272020020797808640
1272019896654675968
1272019881907666949
1272019720494108673
1272019071954018305
1272019045902999553
1272018976634212352
1272018972695760896
1272018840227119109
1272018759146803201
1272018260527996929
1272017773053349889
1272017743928152067
1272017600776527872
1272017212920872962
1272016541869989888
1272016173404585984
1272015878926684160
1272015202590928896
1272014708191776769
1272014624402092034
1272014479140757504
1272014377634455553
1272014204187402241
1272014116064907264
1272013755065536513
1272013431693029376
1272013198137323520
1272013099613040640
1272012485109977088
1272011991587057670
1272011942161342465
1272011905461293056
1272011699965456389
1272011630428205056
1272011626074562562
1272011590393528325
1272011573930766336
1272011530545004544
1272011397866688513
1272011262478745600
1272011175975411713
1272011089685995520
1272011006529564673
1272010590697984001
1272009969987018752
1272009583108603905
1272008762161856512
1272007697215500288
1272007660720750593
1272007571650473984
1272007316989231104
1272006878365614080
1272006660056330241
1272006600698494976
1272006239745191938
1272005527728463873
1272005469268094976
1272004872850886656
1272004851086487553
1272003813197647873
1272003703931887617
1272003651201044481
1272003562403328000
1272002737849479170
1272002484236664833
1272002472094113793
1272000224223870976
1272000176446681089
1272000004849352712
1271999951057252354
1271999849253257217
1271999181725372417
1271998771790934018
1271998289638916097
1271998135477379072
1271997438253989888
1271997073404166145
1271996499531124739
1271995934474297344
1271995910898188290
1271995593108238336
1271995459544813569
1271995362610417665
1271995219685150721
1271995025463730176
1271994370955378689
1271992929914179590
1271992760644653056
1271992368653361153
1271991852711829504
1271990379068272641
1271989654930120707
1271989480707235841
1271989335710216197
1271989318077296640
1271989006402596864
1271988392608198657
1271988263952150528
1271987934455984133
1271987522386759681
1271987418074214400
1271987273660235776
1271987053467705348
1271986993938006019
1271986953391452160
1271986879966015489
1271986635010453504
1271986496992448513
1271986190162579456
1271986102480617473
1271985707830009857
1271985388664631304
1271985233491931137
1271985194447196160
1271984746260844549
1271984709686505473
1271984260052930560
1271984238557093896
1271983866937556994
1271983796150243328
1271983408751706112
1271983085844787201
1271983072909701120
1271983028760264704
1271983015590330375
1271982706746892289
1271982419663450112
1271982212188196864
1271982156257075203
1271981821727772672
1271981814647668738
1271981666165284866
1271981596732776455
1271981466457694208
1271981317643735040
1271981175616106497
1271980991184121856
1271980974843330561
1271980024531316737
1271979804364070912
1271979536784261120
1271979221536161793
1271978937497776128
1271976865683533824
1271976683386613761
1271976654651310080
1271976434148544512
1271975088238342144
1271974842913431553
1271974251952734208
1271974144586813441
1271973701936963585
1271973556650459137
1271973427105103873
1271973279671226368
1271972848760840192
1271972748626202625
1271972578106605569
1271972533646946304
1271972437329154048
1271972417699753984
1271972004682440705
1271971563252994048
1271970332681928706
1271970237890441216
1271970081942016000
1271969745173008385
1271969609852182528
1271969307170271233
1271969194687553538
1271969169127419904
1271968357718405122
1271968302076592129
1271967977286426625
1271967927265345536
1271967904691638272
1271967452402864128
1271967325894385666
1271967310639534080
1271967025464672256
1271966976600977409
1271966958674575363
1271966634253660160
1271965966449049602
1271965926183895040
1271965908991381505
1271964972700991488
1271964897149177859
1271964827259244544
1271964490674946053
1271964389546037249
1271964384500342788
1271964114370387973
1271963865836859392
1271963859192954880
1271963823906459648
1271963534499471360
1271963396322148352
1271963392073297920
1271963327254626310
1271963299983298560
1271963258665046016
1271963150443843584
1271963095519432710
1271963066910101504
1271962990334656517
1271962959053500416
1271962703842639872
1271962591779270656
1271962551190986754
1271962483989741568
1271961516170977281
1271961161278255104
1271960998128365574
1271960605780410368
1271960436041228288
1271960387920048128
1271960362762539009
1271960185108664320
1271960176820551680
1271960159837880320
1271959960688005120
1271959946330959873
1271959480939372544
1271958967053361153
1271958803869810689
1271958754032902144
1271958399182409729
1271958304839925770
1271958242436902912
1271957994809458689
1271957892321640448
1271957865431994371
1271957842644230145
1271957734343110656
1271957731612725248
1271957615103356928
1271957587177734144
1271957286605385729
1271957189423501314
1271956761663152128
1271956611704250369
1271956537603325953
1271956431630032896
1271956359500578816
1271956298939207682
1271956019749572609
1271955980805459980
1271955658019987456
1271955551304462336
1271955069022490625
1271954671582707713
1271954371539087361
1271954283907309568
1271953556837486594
1271953422917332992
1271953091730931712
1271952755792531457
1271952591920889856
1271952525734928384
1271952443627106304
1271952375679381504
1271952365890011136
1271952344771514368
1271951601868079109
1271951547040235520
1271951073973018625
1271950967236440065
1271950801729175553
1271950603418136576
1271950568773357568
1271950228795428864
1271950085996392450
1271949876025311233
1271949407773212673
1271949089970798592
1271948740065136640
1271948549065003014
1271948078522617857
1271947764830818306
1271947626879922176
1271946758382182400
1271946620943372293
1271946301786202112
1271946182642659334
1271945919731167232
1271945805642043392
1271945586334265344
1271945535516061696
1271945494596587520
1271945408508542977
1271945365428695045
1271945355161108485
1271945136658878464
1271944383865257985
1271943959216975873
1271943544849289217
1271943535470809090
1271943131412348928
1271942965137682433
1271942306766209027
1271942257902575618
1271942104361598976
1271941364410912768
1271941145241833472
1271941060969803777
1271940812172124165
1271940762553516034
1271940485343576065
1271940005666095107
1271939933654024193
1271939873570783238
1271939821171245057
1271939809288880128
1271939784127254539
1271939375706836992
1271939165899407363
1271939133666197504
1271939097859428355
1271938906397847552
1271938785341775873
1271938737665126400
1271938468596387845
1271937902579273728
1271937879875489793
1271937669652717574
1271937555563532290
1271937493093490691
1271937299425583104
1271937077580566535
1271936719969873921
1271936604152758276
1271935971442003968
1271935877497917441
1271935535263748096
1271934610960719875
1271934593097060352
1271934503317979136
1271934198891372546
1271934130771509248
1271934023602929664
1271933834116939779
1271933703825035264
1271933355161014273
1271933330553016321
1271933024641286149
1271932250658091008
1271932177631117319
1271932041391726592
1271931780891844609
1271931676667662337
1271931436505812992
1271931208755265537
1271930632571179008
1271930631790919681
1271929994529460225
1271929663082967041
1271929248576659456
1271929177919434752
1271929050244808704
1271928455802900484
1271928294082928641
1271928187598102530
1271927575061946368
1271927190544773120
1271926916455583744
1271926355232317441
1271926338484613120
1271926233702576129
1271926138466496512
1271925022056210432
1271925010337316866
1271924615560990720
1271924521818181632
1271924107454496768
1271924093219155969
1271923954719035392
1271923947433529349
1271923609238417417
1271923590930280449
1271923583711936512
1271923287027671040
1271923233365921793
1271923014205136897
1271922945666015232
1271922937562611712
1271922760063881223
1271922447470772224
1271922399303385088
1271922394073096192
1271922088031338496
1271921743226118144
1271921347237576704
1271921337553113088
1271921270880419840
1271920921759154181
1271920784546705410
1271920732432408578
1271920639666880512
1271920573774356480
1271920130973478912
1271920017064501248
1271919966028095488
1271919330150711297
1271919013157834753
1271919007675961344
1271918942446063616
1271918532926849024
1271917853608833024
1271917716992032770
1271917555364462592
1271917064110759936
1271916273652445184
1271916168765472768
1271915671853686784
1271915667952996352
1271915651368579073
1271915538466451456
1271915036240343040
1271914973707603969
1271914922679701505
1271914739061358592
1271914700792569856
1271914626234580992
1271914524619177985
1271914372483305472
1271914301981425664
1271913717601644546
1271913637461078022
1271913535333949446
1271912968360538113
1271912963100872708
1271912855667904512
1271912760582995980
1271912655477977088
1271912519125422081
1271912222286110721
1271912170327064578
1271911903388938241
1271911444683149315
1271911370108346368
1271911268711108609
1271911093179420688
1271911043359440899
1271911027760758784
1271910961360732160
1271910960819605505
1271910935569952769
1271910925239554054
1271910656690851841
1271910430580015105
1271910303710588928
1271910301202513923
1271910269862547456
