1274083241960538113
1274082683702788096
1274081589681516544
1274079978959835139
1274079614550360066
1274078064394285058
1274077924472258561
1274077651431501824
1274077399639117826
1274077246219857929
1274076872675115009
1274076695239196672
1274076487390560258
1274076274432937986
1274076032006529024
1274075985546285056
1274075765760421888
1274075556410273799
1274075481365676035
1274075298728837120
1274075168349073419
1274075095141662722
1274074875997704204
1274074825913503746
1274074771131641856
1274074753742131202
1274074673572204546
1274074592718528517
1274074413957251073
1274074406042640391
1274074330893291528
1274074267966152704
1274074197044727810
1274074129625427975
1274073708529963008
1274073351984754699
1274073009804980231
1274073003849064448
1274072996001517571
1274072875138514948
1274072164472205312
1274071817653825537
1274071405508931587
1274071135399837697
1274071118278791174
1274070727570964480
1274070697195835395
1274070320635314177
1274070221381386243
1274070113642299399
1274069724981350402
1274069663274672129
1274068911579856900
1274068280894984193
1274068276583305216
1274067775468822529
1274067422530633734
1274067011761569794
1274066835688714240
1274066726074953731
1274066355155881987
1274066295114182656
1274065489778675713
1274065369880309762
1274064937522954246
1274064785508892674
1274064639685537792
1274064326085742592
1274063438889746434
1274062734943039494
1274062668387794944
1274062436505653251
1274062403118956549
1274061832651669506
1274061330350256129
1274061326399275014
1274060734981386240
1274060656162082816
1274060575174209536
1274060538297880579
1274059149102518278
1274058592237293580
1274058507772444672
1274057928379633665
1274057871676911616
1274057754324410369
1274057578260115457
1274057262336741378
1274057087224602624
1274056588547014657
1274056334611116032
1274056021636460545
1274054867666046977
1274054742327595011
1274054596672065544
1274054459878932487
1274053507130232832
1274053383104708610
1274052786456604672
1274052684233027584
1274052550145253378
1274052379755909124
1274052163736657921
1274052136670842881
1274051991023558662
1274051896056086529
1274051824358535168
1274051777424490496
1274051737905659905
1274051126246203392
1274050806665396225
1274050655544651778
1274048849859031040
1274048613937590273
1274048587861655553
1274048003607838721
1274047878378303488
1274047656755703810
1274047641379364864
1274046970064076800
1274046801809739777
1274046122676359169
1274045698116333568
1274045361183576066
1274044942076112898
1274044845426950147
1274044770063511552
1274044050631462913
1274043586057654272
1274043443422134278
1274043374832672768
1274043204048830464
1274042896501612547
1274042406690672640
1274042340634755074
1274041941672501248
1274041907421814786
1274041668275179522
1274041202212589568
1274041177969328128
1274041162333028353
1274041159988457473
1274040923593342977
1274040682844434434
1274040504557211648
1274039683568238592
1274039518233088002
1274039462234914820
1274039366483140609
1274039366336348160
1274039286762012672
1274039189378445313
1274039166100103168
1274039110957535233
1274039075549466625
1274039012186107904
1274038944825573378
1274038898058911744
1274038863862935553
1274038785853067265
1274037585250304001
1274036445326573571
1274036438653259776
1274036377005379584
1274036311876222976
1274036208956346368
1274036148864598017
1274036075325911040
1274035943792504834
1274035699805650945
1274035423988383746
1274035415092101121
1274035089555374080
1274034967442526213
1274034887763378176
1274034841764446210
1274034794418995201
1274034690010144768
1274034647635070977
1274034406076776453
1274034278960168961
1274033567253901312
1274033516825673730
1274032232026402817
1274032047972122630
1274031617229684741
1274031458768781315
1274031387440529409
1274031278715817986
1274030738699100160
1274030242236108800
1274029252468330496
1274029236848902144
1274029128463810562
1274029082276216833
1274028547280179200
1274028232111796225
1274028102264524802
1274027783199612929
1274027322161500160
1274026321350258688
1274026228773556224
1274025546935152640
1274025195620061184
1274025150204141569
1274025059175108608
1274024878782513160
1274024542307000323
1274024517493575686
1274024192539844610
1274023466627407873
1274023278122860546
1274023169523941381
1274022805240188928
1274022422044389378
1274022344265134080
1274021725848711168
1274021220816576513
1274020934744145920
1274020880516100096
1274020814405406722
1274020747695046656
1274020664777805825
1274020593717972997
1274020396849942528
1274020325026652164
1274020251940913152
1274020153911623683
1274020067148169216
1274019963364401152
1274019829268148224
1274019702281510923
1274019468037980167
1274019409649176576
1274019338291490828
1274019263485968385
1274019190672891904
1274018986204807168
1274018909818105856
1274018902280859649
1274018897377845249
1274018829232898049
1274018748207431680
1274018669421637633
1274018146886787072
1274018075071963141
1274017958784913408
1274017849120641025
1274017769613414400
1274017748759326721
1274017684418637825
1274017593427480578
1274017511005212679
1274016787730968578
1274016653412651008
1274016578741428225
1274016455814758401
1274016342912483328
1274016097616965635
1274016039551021056
1274015969573306368
1274015896307216385
1274015825519947777
1274015627871690754
1274015384828510209
1274015083006431232
1274015055496073216
1274014996255641600
1274014758094635008
1274014660837203970
1274014572001796096
1274014494038032384
1274014412660248582
1274014314236727298
1274014241155158016
1274014158686748676
1274014144283410433
1274013507466539010
1274013395390513157
1274013338364715009
1274013320647933953
1274013246727639048
1274013136148979714
1274012983862190087
1274012605925986305
1274012028630454275
1274011717903794177
1274011505252589568
1274011280173608962
1274011064867438592
1274011047075119104
1274010963730214912
1274010832423141376
1274010728597532673
1274010468693078021
1274010426099957760
1274010280524230656
1274010040635207682
1274009713525522433
1274009707443884033
1274009543631085569
1274009227976212481
1274008978595491841
1274008976015810561
1274008695492546560
1274008637426425857
1274008635102965760
1274008095765811202
1274007526422372352
1274007461578637314
1274007366338375680
1274007115691147265
1274007115636641794
1274006912628076552
1274006830507851781
1274006745149554693
1274006574990856194
1274005627921104897
1274005616416231426
1274005606312169472
1274005518110134273
1274004978173001728
1274004911286415360
1274004459287457792
1274004132911673344
1274003411260723200
1274003172122669058
1274003127688183809
1274003069152358405
1274002940689289217
1274002850415329281
1274001514785312773
1274001354063659009
1274001038601748480
1274000318066577409
1274000188584189957
1273999883192668162
1273999204030054406
1273999115366600707
1273999034798276611
1273999016670507010
1273998862806630400
1273998633160105986
1273998472568623105
1273998405178621961
1273998138773254145
1273998037942185985
1273997833033658369
1273997393978155014
1273997162028961800
1273996665091915777
1273996395578626048
1273995908263395330
1273995838528860161
1273995704395055104
1273995671369142272
1273995668911263750
1273995282871713797
1273995260566409216
1273995204849065984
1273995177363935233
1273995133571207169
1273995065099247616
1273994832352960512
1273994546024775680
1273994374792253441
1273994271087984640
1273993228836995072
1273992995419885569
1273992850896752640
1273992264898011138
1273991925629169665
1273991874878062595
1273991453023313920
1273991193890881537
1273991107865710592
1273990931247706114
1273990682739441665
1273990275753480192
1273989432505438208
1273988630319693825
1273987995478171651
1273987622793330695
1273986575198588929
1273986227226710021
1273985990684745731
1273985861491798017
1273985736660918273
1273985441637769217
1273985362201894917
1273985032055672833
1273984959263305729
1273984277206704128
1273984218486444032
1273984193224224768
1273983794291376129
1273983508990623744
1273982670809100289
1273982449706401792
1273981704730865664
1273981250957479944
1273980781203988489
1273979314015547392
1273979298387390466
1273978257264738305
1273978213593747457
1273978053279059968
1273976029946789889
1273975888326123524
1273975402298515456
1273975374083354624
1273975140351643653
1273975124048310273
1273974989562302464
1273974799526551552
1273974063619354625
1273973927715487744
1273973033984802816
1273972696733417472
1273972616609529856
1273972425655554048
1273971835214934023
1273971740385959937
1273971576677990408
1273971543136231424
1273971460361654277
1273971452308578305
1273971235219820545
1273971123177185280
1273970983284740102
1273970836106391553
1273970733681696769
1273970723673919490
1273970127931953153
1273969839242194944
1273969760477290496
1273969063669071874
1273968852397940736
1273968742301601798
1273968715252600832
1273968617768521728
1273968612022169602
1273968566052806656
1273968343540629506
1273967823526588417
1273967526364487683
1273967152991809538
1273966801827901441
1273966341033254913
1273964828160331777
1273964776885039104
1273964646538645507
1273964258993344513
1273964080940883968
1273962627564220416
1273962509339426816
1273962342242553856
1273961510784520193
1273960586838228994
1273959592863490050
1273958796717670400
1273958190770802688
1273957871051517953
1273957540003536897
1273957301922168832
1273956359764131843
1273956276163227648
1273956274888196096
1273955889574219777
1273955231009816576
1273954918345433090
1273954535292035073
1273954107074711552
1273952894979436544
1273952862976999424
1273952829078753280
1273952741249908737
1273952069553176576
1273951727528611841
1273951497269776384
1273951183393210369
1273950550183366656
1273950464300769281
1273950112889417729
1273950043385606145
1273949946140602369
1273949317271678978
1273949255376482304
1273949214544969728
1273949017194541059
1273948971615039493
1273948542747447296
1273945083373649921
1273944255208226816
1273943823136296960
1273943571293503490
1273942693605933056
1273942234837200897
1273942123625267201
1273942120441745408
1273941758779576320
1273941305501069314
1273941295879335942
1273941188308021258
1273940847462137856
1273939067479175168
1273938733021216768
1273938448848732161
1273938232665833473
1273935043543437312
1273934950136512512
1273934828958896128
1273933462278410240
1273932965559496704
1273931028780978177
1273930514718773248
1273929096674725888
1273927867643166722
1273927830829752320
1273927495960715265
1273926066562904069
1273924314484670464
1273923456824942594
1273923290898325505
1273921372004196353
1273920430475264006
1273920010763862016
1273917517212405760
1273917267101790208
1273917124357038082
1273915814257864704
1273915537710551041
1273914227523272705
1273913268277395458
1273913123511193604
1273911960388734976
1273910165398368256
1273909965036621824
1273909560709955585
1273909485585694720
1273908855605391362
1273908642425696256
1273907796518600706
1273907775962329091
1273907598362914818
1273906995779694592
1273906471235760128
1273906360644763648
1273905203960524800
1273904888993415168
1273903907668967432
1273902958351126529
1273901869392412678
1273901180192788482
1273900909395873792
1273900696442744841
1273899810505048065
1273898870985101312
1273898338333741056
1273898182821376001
1273897820798554112
1273895860598792197
1273893912281661440
1273893639152898048
1273890880563245056
1273890538488360961
1273890097121787904
1273889874618150913
1273889597441708032
1273889336862392320
1273888653828222976
1273887786651836416
1273886596220235776
1273884623114629120
1273884387516518402
1273884120569929728
1273883909780987904
1273883331726204930
1273882918364909572
1273882664445964289
1273882614110187520
1273880867727986689
1273880500655063040
1273880185767591936
1273879496727441408
1273879176651702273
1273878578879291396
1273878207914291201
1273878101886291968
1273877926010904576
1273877923015999488
1273877715326623745
1273877643960541184
1273877362057392128
1273877202401034240
1273876723390701568
1273875707383382017
1273875228834312192
1273875189856534528
1273875127340580864
1273875018946973697
1273874967856177152
1273874959216115716
1273874395094822912
1273874268443549696
1273873826540064768
1273873443524472834
1273873435353968640
1273873174074208256
1273872734502572033
1273872374836768768
1273872055994179590
1273870928674295809
1273870887754674176
1273870374153777152
1273870110621528064
1273869862159314944
1273869583221284865
1273869343680376832
1273869190416363521
1273868643315658753
1273868541725466625
1273867080937472007
1273866793346572289
1273865665024327680
1273865083718791169
1273863328201347074
1273862649068077056
1273862368598978561
1273861837688238082
1273858333510823937
1273858321317941248
1273857332011769856
1273856640849076226
1273856020641701888
1273855210671075328
1273855102730883073
1273855073009860614
1273854764082589697
1273854743945736192
1273854131166310401
1273853565497417728
1273853356516073472
1273852546214313985
1273852513519689728
1273852458893053952
1273852012191313920
1273851033869938689
1273850668814462976
1273850627618230272
1273850325313544192
1273848823090044929
1273848665547763712
1273848623726358528
1273848600187944960
1273848527878107138
1273847966369898497
1273847060320534529
1273846846100660230
1273846398971252737
1273845884166406144
1273845491235786757
1273845336969064448
1273845330967175168
1273845244975558656
1273845223660158976
1273845122459824128
1273844787443929090
1273844575312867328
1273844298182787072
1273844245346975745
1273843906409529345
1273843663269793792
1273843357349863426
1273842877722853376
1273842512508010496
1273842304202141696
1273842090666049537
1273841657033764864
1273841564897308673
1273841280938848258
1273841060154753025
1273840630117122048
1273840143468814336
1273839841218707456
1273839363332493314
1273838511733583872
1273838503101677568
1273838498282377217
1273838369462562816
1273838050099986434
1273837716199731200
1273837610809450496
1273837485790035971
1273837314721165314
1273836717678768128
1273836555182829568
1273836386135822336
1273835893690957825
1273835576358133760
1273835009816879106
1273834836596338693
1273834561579839489
1273834007495491585
1273833254362079233
1273833235252838405
1273832591095816192
1273832140749238272
1273831523893084161
1273831154827788288
1273831039241256965
1273830596293296128
1273830471030525952
1273829635118247937
1273828581379059712
1273828045946621952
1273827663791022080
1273827475022381057
1273826356414025728
1273826335841038337
1273825787704197121
1273824865578082304
1273824624917262336
1273824441588486146
1273823007706882048
1273822659533365248
1273822523524673536
1273822446894768128
1273822039925592064
1273821967959941121
1273821956328980482
1273821736321126403
1273821378194444295
1273820217475555328
1273820154028122112
1273819545283649536
1273819394494222338
1273818523320504320
1273818043097866240
1273816622772269056
1273816531302936577
1273816090800357381
1273816020256505857
1273815389982478343
1273814938281103361
1273814529298890757
1273814316651872258
1273814303292813312
1273813790354595840
1273812926739013633
1273811407746805761
1273811291015012355
1273811035456188418
1273810992749776896
1273810381580963841
1273809523182952450
1273808055352819712
1273805400312250369
1273804913114411008
1273804631513104386
1273802680666918914
1273802646609002497
1273802534881288193
1273802393810087936
1273802083498692610
1273800894618972162
1273800562178428928
1273799956755886080
1273799812589158403
1273799779156471809
1273797661003522048
1273797641978044416
1273797637028880391
1273797310003068928
1273797079719174148
1273796750327848961
1273795881255477248
1273795548647227394
1273795058542604290
1273794380285874176
1273793809655099393
1273793733843025920
1273793474727276544
1273793126503612417
1273793048250441730
1273792999315566593
1273792919728582656
1273792338884730880
1273792214460559360
1273792128997449728
1273792121267511296
1273792053005041664
1273791650670743552
1273791206057803776
1273791205520936962
1273791179021258752
1273790922778501120
1273790572545728514
1273790253703159809
1273789994788884480
1273789876014440449
1273789628286406656
1273788925161558016
1273788831158824960
1273788385358831618
1273788128935862272
1273787566953807872
1273787404571336704
1273786768521940993
1273786559913844736
1273786544541876225
1273786366233460737
1273786213795631104
1273784452016009216
1273784140341694465
1273784033751691264
1273784012436320257
1273783875437649920
1273783772845092867
1273782819504812032
1273782282571005952
1273782223905255424
1273781869629198337
1273781447954845698
1273780959440064513
1273780371595943936
1273780078116249601
1273778684395225090
1273778657106878465
1273778617126879233
1273778529864486913
1273778271662923776
1273777514503168001
1273776547112067073
1273776357177208832
1273776133104943104
1273775813750644736
1273775459876999168
1273775284794335232
1273774156111319040
1273774116730961925
1273773931019726848
1273773415661436935
1273773413975437312
1273773365245833217
1273773288397955075
1273773203756707841
1273773073926242304
1273772910734442496
1273772738767978496
1273772682648190981
1273772480407068673
1273772403123015686
1273772333484978178
1273772199728439297
1273772161736400896
1273771954021863425
1273771853899804672
1273771551792353280
1273771534859919361
1273771417297772544
1273771272942436352
1273771009024417792
1273770996760055808
1273770876836753410
1273770348568174593
1273769351993274370
1273769187278651392
1273769077522272264
1273768748013551617
1273768558737195015
1273768438679269377
1273767985438736384
1273767550153682944
1273766463803994113
1273766172400463873
1273764889069334529
1273764655010385924
1273763320906919936
1273763090421690369
1273762894094585857
1273762308175671296
1273761912136667137
1273761719597387777
1273761259058593793
1273759657140641793
1273758079717441538
1273757821079822336
1273756999356801024
1273756945892212741
1273756195581579265
1273755458940162049
1273755334239236100
1273755153951346688
1273754621324992512
1273754288288923648
1273753369027452928
1273752974624522240
1273752330668781570
1273751969656602624
1273751807219699718
1273751641947279367
1273751591154221058
1273751572913238017
1273751513840713728
1273750921118351360
1273750853619507201
1273750772271001602
1273748583154626560
1273748004005003265
1273747711557111808
1273747171624583170
1273746751732822017
1273746211439247361
1273746174160355330
1273746156640665601
1273745768688517121
1273744775305461760
1273743963476897794
1273743175233024002
1273743147248447488
1273742956739133442
1273742344563515392
1273742002660745216
1273741567090540544
1273741369832398848
1273740505268973568
1273740184757174273
1273739797861974017
1273739524149932033
1273738683934441473
1273738525846970368
1273738432804794368
1273738160975929345
1273738011700858880
1273737728845283328
1273737006653284354
1273736085604978688
1273735797615652865
1273735694792437761
1273735268760031232
1273734583784177666
1273734561462054912
1273734486182813697
1273734456466120704
1273733985726877706
1273733887944994818
1273733589138432000
1273733562014019584
1273733408884174855
1273733216202108930
1273732871866343424
1273732476846747649
1273732358076678145
1273732266821206016
1273731786737160194
1273730726853255168
1273730234605584389
1273729779494240262
1273729275816931329
1273728933674926080
1273728507693195268
1273727829847314432
1273727706681823240
1273727337620746240
1273727066945421312
1273725910491987968
1273725414243028992
1273724727413157888
1273723765701165064
1273723088648073216
1273722521544777730
1273722484198477824
1273722155239235584
