1295815719037407236
1295815309224550402
1295813916875010049
1295813854505635844
1295813405098598400
1295812551712874501
1295812337723748353
1295807940398592001
1295806831370145802
1295806105763930112
1295806103880716288
1295805765710753794
1295801804853313541
1295801478381150208
1295801263200903170
1295798883117826049
1295797842674515968
1295797538306560001
1295797409386291202
1295797044179865600
1295796977544892417
1295794267651153921
1295793395235991553
1295791534626013188
1295790559483908096
1295788607580635136
1295785235624407040
1295785070200930304
1295782299804590080
1295782050511888384
1295781560235577346
1295779335006294018
1295778548549132296
1295777440107769857
1295775772372852736
1295773481431453697
1295769201274236928
1295768889515802624
1295768414183723008
1295767605920370689
1295767596097105920
1295766574356402182
1295764992638291968
1295764619466858499
1295763998906949632
1295763658685865984
1295763260571037703
1295762932337344512
1295760913576886273
1295759682636845057
1295759678509637632
1295759354973622272
1295758062662426625
1295757650496573443
1295757370329411585
1295756454759104514
1295755422809255937
1295753743707774977
1295752581705326592
1295748475460689922
1295746153015844867
1295743800845963265
1295743610403598336
1295743590463877124
1295743460444520448
1295742705025384448
1295742484270796809
1295742260039081990
1295742116359004160
1295740844394393600
1295740754539814912
1295740680686403595
1295740599308627968
1295740271163052032
1295739573750960128
1295736899148099585
1295736462260961281
1295735287511805952
1295734859185426434
1295732620815470594
1295732552846774273
1295730678244483072
1295722877111668739
1295722703748509699
1295721939126947840
1295721731265646592
1295721572804722689
1295718962081280003
1295717722035281922
1295712686248951810
1295712129115467778
1295707995683332101
1295707295557574656
1295706928862109697
1295704075435220992
1295700797448126465
1295700164750041088
1295699600507052032
1295697878246027267
1295692849208582147
1295692392981553159
1295692335087583232
1295691369789497345
1295686594410819586
1295685468495937537
1295684922594791424
1295684763789950978
1295684472432541697
1295682357664636931
1295682288089530368
1295679258204024838
1295677216450387971
1295676121766342657
1295671617108848640
1295671536456814592
1295671195610648576
1295664993673842688
1295663382683504641
1295659411969630209
1295653291679002624
1295652034046095362
1295645229161295872
1295644477596418048
1295637108208488449
1295629694759575552
1295624772156620800
1295616411587489792
1295614946340827136
1295604728353755140
1295600822290718722
1295589764415066112
1295589757783879680
1295586590660669440
1295584992513396736
1295580476644753408
1295579961668055040
1295579958421618690
1295579777261281281
1295579588647686149
1295579584209932291
1295576313043062786
1295571774495744000
1295569742124781568
1295567268919877632
1295565464228311040
1295564524603482112
1295563859319717889
1295563410944544769
1295562086957776902
1295560763814240263
1295560340688605184
1295560276121616384
1295560156298838020
1295560015567183872
1295560004154601474
1295559565363286022
1295559162877943809
1295555131375857664
1295554635776892930
1295553532234477574
1295553294413299714
1295552863276609536
1295552395519369216
1295552206368911367
1295552085958811648
1295551384230801408
1295548242147586049
1295547503534845953
1295547226794549248
1295546741517844483
1295546608847925250
1295546574509137920
1295546519735676928
1295546491910737922
1295545472602517504
1295543578031198209
1295543325060022273
1295540875695656966
1295540267026653186
1295539350877270016
1295539233701023745
1295539180521414656
1295538771790827523
1295538610582814720
1295538284379086848
1295536965513670656
1295536603729817601
1295535860272771074
1295535685928181760
1295535590323167232
1295535359506423809
1295535193558851586
1295535132548444165
1295535048620486657
1295534785897680898
1295533359603408898
1295533228267196416
1295532873169227786
1295532459002658817
1295528320008945667
1295528098004373505
1295527722786201601
1295527398826541058
1295525714196930561
1295525544000462853
1295524818062905349
1295524274028056577
1295522969234571266
1295522577490812928
1295522161868840960
1295520825806852097
1295520500022751232
1295520440023228418
1295519610691878912
1295519596963926016
1295519372740624387
1295517557840064513
1295515700736425990
1295515554535571458
1295512768423038979
1295512692543885313
1295512219304841216
1295511805431865350
1295511757570682880
1295511517606141958
1295511062456856578
1295510689470193665
1295510609270890496
1295508680268488706
1295507390318682113
1295506640918151168
1295506513608531973
1295505488239525889
1295502868066250753
1295502387097088000
1295502106586161152
1295501929456558082
1295501852327518209
1295501631782563843
1295501341855485952
1295500735673761798
1295500602332647424
1295500561446588419
1295500237168087044
1295499834498191360
1295499532776726529
1295499525206020098
1295498511904104448
1295496493110108168
1295496453549371392
1295495894796836864
1295495040085757953
1295494344410050560
1295494261090263046
1295494059210006530
1295493853915549702
1295493578429538306
1295493030078709760
1295492543992532992
1295491882072649728
1295491116586893313
1295490816757170179
1295490557368655873
1295490518097461249
1295490515094339589
1295489598231941121
1295489221864689664
1295488095492755456
1295487854316081155
1295485411490295808
1295483228804046849
1295482996225650696
1295482975274987520
1295482677773176835
1295482316828094464
1295481578504716288
1295481573085573121
1295481397717737472
1295479260296155141
1295472004242591745
1295470941670178819
