1283864037764128768
1283863011862577152
1283862823244791808
1283858013124730892
1283857978894974976
1283856665851265024
1283855400807264256
1283854791953670144
1283854588336988160
1283854504958590976
1283853433158512640
1283853238068899840
1283852930232102913
1283852558633598978
1283852179678228480
1283852142684454917
1283852090410807299
1283852020600930307
1283851256264404993
1283851074152079360
1283846881387446272
1283845432192442370
1283844174463340547
1283843472722665479
1283840540073762825
1283840086057132039
1283839897078501376
1283839666794504192
1283837811507040259
1283836342648991744
1283835813004898304
1283835600273993728
1283835048160944128
1283833482628784129
1283832474028703747
1283831790235537409
1283831565416402944
1283830813772132354
1283829989872332800
1283829935916888064
1283829529648168966
1283828696005189636
1283828209025290240
1283827456483504128
1283827400766377985
1283827345833566208
1283827285402025985
1283827215868862464
1283827148734832640
1283827080703152141
1283827006623358979
1283826940139495427
1283826856001703936
1283826774623899650
1283826700204244992
1283826635226193920
1283826562236809222
1283826450580332550
1283826218224234499
1283826081024401411
1283825971418865664
1283825916553170945
1283825853886070787
1283825786714304512
1283825722046525442
1283825656363724800
1283825593067474944
1283825529561505795
1283825427593809920
1283825357079093254
1283825271909625856
1283825200472236033
1283825134831316992
1283825065017118720
1283824987116380161
1283824951296880642
1283824881214402561
1283824807541432322
1283824754831486976
1283824598744784897
1283824089929400320
1283823681295138816
1283823136992038913
1283823035800158208
1283822795101806594
1283822712494800901
1283822593582088192
1283821861453742082
1283821544523931649
1283821500114452480
1283821412965212160
1283821259650854912
1283821043006623744
1283820945338011649
1283820517628293126
1283820422618705921
1283819515776655360
1283819071411113985
1283819061227462656
1283818568207855616
1283818417435205632
1283817913770668032
1283817602209525760
1283817135911952387
1283816830100889601
1283816773784084485
1283816635057475585
1283816614866157568
1283816326658617344
1283816281813200897
1283815894146150400
1283815796096081926
1283815304175312897
1283813719651295236
1283813523995467776
1283810634111627270
1283809113059799040
1283807297198862346
1283806746415370243
1283804028917489667
1283802915380043781
1283802013940224000
1283801390490562560
1283800206224445443
1283800132396503040
1283798555283595266
1283798050125864961
1283797936896262144
1283796952732315651
1283796385855234048
1283796307115745280
1283795440836718592
1283794844540796928
1283793963854565392
1283793759805870081
1283793689500962816
1283793595611451394
1283791638683430914
1283791571100598272
1283790858530115584
1283790808429232129
1283790450009268229
1283790190708846592
1283790067606011906
1283789971091001345
1283789840606064640
1283789471713042435
1283788791342219265
1283788007183507456
1283787609739628545
1283787310996303872
1283786943885570050
1283786532113903616
1283785926292852736
1283785819262611456
1283785123733831682
1283784660233809920
1283784229805977601
1283783445165072385
1283783011629228033
1283782386342219776
1283781728994119686
1283781439322914819
1283781202726416385
1283780828724555777
1283780270706040833
1283779544189722625
1283779448135770116
1283779251435520001
1283778690828996610
1283778187625783297
1283777895152979971
1283777682082160640
1283777552360898560
1283777283228962816
1283776863072968704
1283776514283261953
1283776363086770178
1283776263203647490
1283776233441054723
1283776080600428544
1283775711665246208
1283775536016359424
1283775396962435072
1283774962252144641
1283774682987024386
1283774480477761537
1283774432700444672
1283774280182849537
1283774077312946176
1283774048770486272
1283773788312571904
1283773735498113025
1283773477372063746
1283773371927289857
1283773218944409600
1283773150010970113
1283772858594811905
1283772648925749248
1283772201938776067
1283771722592903169
1283771696156151809
1283771677239697408
1283771354760847361
1283771341372448769
1283771100086730752
1283771026275475456
1283771006914408449
1283770726819016705
1283770718702850054
1283770480256671744
1283769856383315968
1283769583565000705
1283767442993369088
1283767232724471808
1283766619152556042
1283766449283063808
1283766240566079488
1283766123633053697
1283764398264328192
1283764074514268161
1283763738689056768
1283763639078404102
1283763269614764033
1283763128375762944
1283762918845108225
1283762880266076163
1283762596517154816
1283762204085350400
1283761983129608192
1283761770767593473
1283760704957280256
1283760438723907584
1283757092445143041
1283756573995589632
1283755403088715776
1283752644268285952
1283751178598338561
1283750636677484545
1283749584083263492
1283748414270955520
1283747006385709060
1283746156519055362
1283743702998032384
1283742326481752064
1283738164838969346
1283737393791750144
1283736099370786821
1283733268265930757
1283730897464893440
1283729388954099715
1283725172424560641
1283724901409525762
1283724879225925633
1283724831897288704
1283724297664692224
1283723838682017792
1283723126514126848
1283723119186911232
1283722986042712066
1283722833366048768
1283722320985677825
1283722199271182337
1283721892013252611
1283720744984367104
1283718895686352898
1283718446858088448
1283718342734479361
1283718122609025024
1283717549478170625
1283716642426552320
1283716554014830593
1283716470418145283
1283716424192659456
1283716324997378049
1283716308371222534
1283716149348311040
1283716086920339457
1283715981941055489
1283715858213330944
1283715814869344258
1283715687912005632
1283715124969312256
1283713487756197888
1283713235502284800
1283712030604701696
1283710925644730370
1283708931341262848
1283705119314530308
1283705040495169536
1283701299356119040
1283700879951122432
1283700788074893312
1283698920875413506
1283698677744168961
1283697411022413826
1283697109284171777
1283696394226642947
1283696201699782657
1283696000754827264
1283695776774762496
1283694841533095937
1283694605393747968
1283694455132835840
1283694346483535872
1283694106812641280
1283693895050596354
1283693749680238592
1283693615579971586
1283693428010676225
1283693104193662976
1283692949696462848
1283692871422406657
1283692604211658752
1283692364159057920
1283691453349105664
1283691371182698496
1283691169604485120
1283691101937758209
1283690826254565379
1283690365703217153
1283689775782739970
1283689393388060672
1283689175280058368
1283688962528120833
1283688825575796736
1283688652036399106
1283688627055128576
1283688501964271616
1283688256723251201
1283688038153871360
1283687971015671809
1283687853659009025
1283686948402368513
1283686748048908288
1283686214764072960
1283685883246346241
1283685633853022208
1283685529913974785
1283685114837299200
1283685109611126784
1283684955432710144
1283684890148511744
1283684729061928960
1283684336487690241
1283684266988142594
1283681979469377544
1283678609278935040
1283678528408621056
1283678237399416833
1283675836839854081
1283673934739595264
1283673638139506688
1283673422573248513
1283672923207868417
1283672699332591616
1283672320956149763
1283671720516358144
1283671685455962114
1283671363874623488
1283671164670210048
1283670543577866245
1283669753551294464
1283669545106829314
1283669132681117696
1283669067598041088
1283668784247705600
1283668517368340480
1283668230264020992
1283668173925974016
1283667344544473090
1283666910610169857
1283666746298130433
1283665986663575552
1283665496064352256
1283665256708022272
1283664660328091650
1283664149537386497
1283663564033556480
1283663537332617216
1283663110755229701
1283663059865571329
1283660723349069824
1283659458728665088
1283659325542674432
1283658782749290496
1283658471037186048
1283658218053316610
1283656697349726208
1283655728243380224
1283655612220358657
1283655009725370371
1283654886215712768
1283654265072910339
1283654117097865218
1283653074800635906
1283652834207174658
1283651586120712193
1283650691081351170
1283649300401192961
1283647110382907392
1283646770162130944
1283645959373762561
1283645340344713217
1283645036077346826
1283644761492975616
1283644460182564864
1283644235242061825
1283643611561619456
1283643489247539202
1283642789847166976
1283642687539884032
1283642217685549059
1283641906979840000
1283641483405426688
1283641300403642371
1283641223983493123
1283641136997732359
1283640945611665409
1283640558322319360
1283640508145733634
1283640271457013760
1283640176070193152
1283640068318433280
1283639732384133127
1283639599240081408
1283639467618693120
1283639327705100288
1283639218569277443
1283638967405961217
1283638699058589696
1283638154763935745
1283637775686746112
1283636456498401286
1283636298750627841
1283636183491244032
1283635948115251200
1283634633066704898
1283634251833868289
1283633966692495361
1283629587771953155
1283629004243832838
1283628809938522112
1283628520678154241
1283627996100820995
1283627428196171776
1283623259062202368
1283621959843164165
1283618884810084353
1283616506350190594
1283615150591934464
1283614996631482368
1283609894730383360
1283609561384050688
1283608569963786241
1283608283014664192
1283607846869807105
1283604313370251270
1283604027452936192
1283602219237928961
1283599833434066944
1283599174362189832
1283597704715632642
1283597618312953856
1283597120092532736
1283596574900224000
1283596282267746305
1283596213191716864
1283596078739120128
1283595342945161216
1283594886340542464
1283594497717186561
1283591375402008577
1283591369085333505
1283590222413017089
1283584164067971074
1283582886571061249
1283582702235639809
1283581975715086336
1283580498628030474
1283579075341123584
1283575435385647104
1283574795410591745
1283574302302969856
1283571681143984128
1283571426780487680
1283571204792582144
1283570656198696967
1283568509310689280
1283568061434302464
1283568056443088896
1283567524722900993
1283564027218669568
1283563919672565761
1283563186851987457
1283561977969692672
1283559124526137345
1283557643823591429
1283556148440956929
1283556136608833536
1283555842252562439
1283553712246411264
1283552023393296385
1283549783768969216
1283546457916821510
1283546279554023424
1283545236254400513
1283544284055175172
1283543055266648066
1283541548110471168
1283539573788651520
1283539029053411329
1283537366108512260
1283536475481534465
1283535135166652416
1283534902819016705
1283534873890881536
1283533811309924352
1283533526412005377
1283533077285941250
1283533072407973898
1283530120708276224
1283530083332845568
1283529373732278274
1283528795350282245
1283527035126714368
1283526970760986626
1283526522175918080
1283525435603722241
1283524980823785475
1283523882037714944
1283523537681240064
1283523475664252931
1283523242699841536
1283522410822561792
1283522266870042626
1283519435379113984
1283518727716171777
1283518245962563584
1283518112541716481
1283517718419963905
1283517683955232768
1283517598320062464
1283517054817951751
1283516686616809472
1283516286723448832
1283516021370830848
1283515743997431808
1283514653352423424
1283514559978971141
1283514543658790912
1283514106251628545
1283513446261231618
1283511586376822791
1283511522392715271
1283511042056880129
1283509418664046593
1283509023963320320
1283508394784174093
