1292926078558916609
1292924134884868097
1292922932801540097
1292920583177621505
1292920504035102720
1292920398510612480
1292915874563788801
1292915859002990593
1292911666347364352
1292910988035948545
1292910277269258240
1292909481915899905
1292909334402338817
1292908926812356608
1292908513904082944
1292908455959785472
1292908350213038080
1292908082096267264
1292907669490036736
1292907298206052352
1292907147471106048
1292906892772089861
1292906750346051584
1292906724064518145
1292906580900483075
1292906149306490880
1292905742069006336
1292904653865267200
1292903972295057408
1292903497692667904
1292902412353773568
1292901778875453440
1292898766983270400
1292898580546506752
1292898270511996928
1292898199833735168
1292895799593046020
1292894587674124288
1292893926911770624
1292893814382788609
1292893675614158848
1292893065670045696
1292891824843939840
1292891754346078208
1292891669759578112
1292891397486329856
1292891061560332288
1292888271886757890
1292887464273739778
1292884602063904769
1292884499999539200
1292883432058638336
1292883078038380544
1292881725123567617
1292881366053466119
1292880788023914496
1292878567794184193
1292877882340052992
1292875609127845894
1292873997395222529
1292873774421991427
1292873420120698884
1292868520649338880
1292868093811679233
1292867320642117633
1292867021051514881
1292866770890641408
1292863206122074121
1292861377598521344
1292861064330334214
1292861026233458689
1292860810264535046
1292859725185519619
1292859307004919808
1292858382756597760
1292856608947613698
1292853657399173125
1292853390725320704
1292853099552477188
1292851722897854465
1292848952547479552
1292846993887367177
1292845622547095554
1292845216895062020
1292844209662197761
1292844098324316161
1292842498222694400
1292841615741132801
1292841172042489856
1292841085312602112
1292840932786700289
1292840727299469313
1292840672882577415
1292840531702222852
1292840051378991108
1292839648465694720
1292839640429297671
1292839074508808193
1292838929637539846
1292838817586483201
1292838815237730305
1292838706248855553
1292837662609428487
1292837557152047110
1292837516643426305
1292837139273732097
1292836285892059136
1292835868902862849
1292835440597143552
1292835133590917120
1292834820884594689
1292834631167795202
1292833745813241856
1292833045255532544
1292831157982310402
1292831023328309248
1292830847524102145
1292830752120246272
1292830570972504065
1292830324834078720
1292830124858056710
1292830057044381698
1292829854983831558
1292829362505605120
1292829090299277312
1292828965157998593
1292828609804005379
1292828486457942017
1292828267041427463
1292828155607212033
1292827924848996354
1292827572057776129
1292827497436860419
1292827460959182850
1292827209560985603
1292827207275106305
1292827201885413376
1292827191047159808
1292826691144839169
1292826481211604992
1292826356208680960
1292826286491152388
1292826222653632512
1292826095234846721
1292825828527489026
1292825728803835905
1292825369775464449
1292825146432950272
1292825145942241281
1292824812688154624
1292824758371774465
1292824709122461696
1292823944429367302
1292823605865144320
1292823463389007874
1292823118247944192
1292822965609025537
1292822618668580864
1292822107450216448
1292821700921290755
1292821459107057664
1292821418497830915
1292821258883624962
1292820930054336512
1292820040501190664
1292819720094195714
1292819347807694848
1292819039362809861
1292818585581006850
1292818547014602754
1292818279271030787
1292817588565577728
1292817005167300608
1292816404127739909
1292816243297140738
1292815368805785602
1292814994199867393
1292814780898537473
1292813775184125954
1292813750752489474
1292812947283214341
1292811440034897923
1292810796368564224
1292808632040591360
1292808186156781568
1292808163671117824
1292808102950076416
1292808058834427906
1292807894522568704
1292807667166203905
1292807100029194241
1292806748097728514
1292801898303692803
1292800826889691136
1292800379680436224
1292798550397648897
1292798341886218241
1292798302723997696
1292798260902535168
1292798238257545217
1292798192866807809
1292797964004601862
1292797126343143431
1292796957765836800
1292793619741638656
1292793059999088640
1292791013396762629
1292788418636926978
1292787050723323905
1292786960788946945
1292784260122701824
1292781575738925057
1292780101042679808
1292777867730976772
1292777428067274757
1292776936859557889
1292774235614531589
1292773611208491009
1292772900504625152
1292772276136316929
1292771983495585792
1292771076523487234
1292770557432389635
1292770167299047424
1292770030078185472
1292769576963305474
1292768969590415361
1292768111481901058
1292767905243729921
1292767349389570050
1292767321057099776
1292767110452715522
1292766939538890752
1292766926788268032
1292766051189415936
1292765903168258048
1292764921990504449
1292764564082364416
1292763965978624001
1292763442835632129
1292762738947629056
1292762311589994496
1292762279830851586
1292761727793156097
1292761545038893059
1292761325764874240
1292760940685926400
1292760801044910080
1292759320682143744
1292759114301530117
1292757568394207234
1292756790875103232
1292756248182628357
1292752742801342464
1292752679785992194
1292752153795272704
1292750716574953472
1292749734671560705
1292749535102423041
1292748960579248134
1292748444814065664
1292748061786042369
1292747900934594560
1292747690493845505
1292747544980684800
1292747239631269889
1292746709009756160
1292745859235381248
1292745181595230214
1292744230712905738
1292741672942542849
1292740528719577089
1292740004221837313
1292739640198172672
1292738820790554624
1292737904263847936
1292737710013046785
1292737124525944834
1292736802529243136
1292734764688916480
1292733612660383745
1292731682110312448
1292730512642052096
1292728993410687040
1292727998429290498
1292726338265088007
1292724902483464199
1292722458722623489
1292722058695065606
1292719528271462401
1292719039039655937
1292718598293803010
1292717479366664192
1292713385381912577
1292713349482913795
1292710219836018690
1292709588978921474
1292699542043930624
1292698543749120000
1292692506635898882
1292692391636242440
1292690913320460288
1292690898405531648
1292690866134347778
1292690072706232322
1292689361817886720
1292689034440052736
1292688701974183937
1292685852875862018
1292685507034578944
1292680677352243200
1292678483408113664
1292676899550818305
1292675252934389760
1292672039845797888
1292670072406736897
1292667710342606848
1292667512212029440
1292667444188733440
1292666246870085632
1292664132630536193
1292663915940257794
1292663742614794240
1292662189510266881
1292661452960980993
1292659558079488001
1292659326872702976
1292659061557665794
1292659010508926979
1292658732225245186
1292658524217053184
1292655850469744640
1292653415214886912
1292650120765296640
1292650061202063362
1292649667591917569
1292642030288396289
1292640450692562944
1292639372781801473
1292637400036978689
1292635793433878528
1292616780939251712
1292616628329484293
1292615457770479617
1292614705677312010
1292614538181906433
1292613739498348544
1292613586557124611
1292613529648992256
1292613206729469954
1292612237161566209
1292612231486738432
1292610486840647680
1292607926591352838
1292604394916085761
1292604356194426880
1292601124323614720
1292599932206145539
1292595876846866433
1292595848946372616
1292595738980028416
1292595375564623873
1292594827129958402
1292594385524346881
1292593726993371141
1292593531329097728
1292591817733668867
1292589547679866885
1292588997110304770
1292588615403556865
1292585254503383040
1292581915254554626
1292578737003741184
1292577998898491393
1292577741422899200
1292575521197314049
1292575163670835203
1292572804018102273
1292572300873801733
1292572178865467394
1292571430480236551
1292570769394995200
1292569300813914113
1292569200943407116
