1273359752110759936
1273359605570174977
1273358684475715584
1273358512802787328
1273358295764537345
1273358281013108742
1273357374888259584
1273357325412294656
1273357246618091520
1273357209423003650
1273355878322839553
1273355819950592000
1273355752456048640
1273355507441393664
1273355213689114624
1273355081405083649
1273355002266808320
1273354687442415616
1273354303609200640
1273353972691206145
1273353548248440832
1273353405294088193
1273353361362956293
1273353012367351808
1273352888635416576
1273352779730305024
1273352516026146819
1273352387487547392
1273352380797431809
1273352325839507456
1273352220927549441
1273351928911728640
1273351785713786881
1273351406234337285
1273351246796161032
1273350616857948160
1273350598843219968
1273350248581206016
1273349466750402561
1273349109227888640
1273349027199844352
1273348870559465475
1273348740577804288
1273348220987625473
1273348142608629767
1273347933145124868
1273347764789760000
1273346967695843329
1273346868588752903
1273346798149664770
1273346755703320576
1273346707749777409
1273346703001899009
1273346679484428288
1273345892700078083
1273344996888936448
1273344448123068420
1273344243638185986
1273344100645904388
1273344017510662150
1273343850594152448
1273343765068034048
1273343674110431233
1273343665478434816
1273341732684468225
1273341503369129984
1273341447811497984
1273341140452794371
1273340875167404037
1273340700982198274
1273340193257349120
1273339342467948545
1273338854150410240
1273338586562166784
1273338364125753344
1273338362330374144
1273338010290065409
1273337837811720193
1273337555988160513
1273337178320449540
1273336930030088192
1273336714690473986
1273336100338139137
1273334952172519425
1273334872044699656
1273334253175087104
1273334153216483329
1273333648608178180
1273333180498612225
1273332970586333195
1273332874473848837
1273332778562719745
1273332741199691776
1273332412198653958
1273330797978832901
1273330611860787200
1273329800141254656
1273329024337674245
1273329002153938946
1273328757928071168
1273328651329777678
1273328599593033728
1273328517317566468
1273328336710893569
1273328044527190016
1273327188587229185
1273327076066680833
1273326992331603975
1273326745475780613
1273326627368382467
1273326461433372672
1273326322748665857
1273325669250990081
1273324743228358657
1273324608108797952
1273324227039580160
1273324041865236482
1273323271212204034
1273323124558348289
1273323018350190592
1273322732776681472
1273322401305169921
1273322261651611648
1273322213500846080
1273321961720909824
1273321898663915520
1273321508081934341
1273321108461236225
1273321069290631170
1273320792780976128
1273320773298663425
1273320350370185216
1273320212100767750
1273320136418746370
1273319883367907333
1273319388565983234
1273319301840240649
1273319263780999168
1273319098697449472
1273319005114294285
1273318856682078208
1273318606911057920
1273317590174220292
1273317537371967490
1273316845307731968
1273316109719162880
1273315505000951809
1273314976816652290
1273314828149338114
1273314595734601728
1273314269526925318
1273314267203203072
1273313988923686912
1273313800377204737
1273313052507746304
1273312821413990400
1273312408799522817
1273312395000082433
1273312124702318592
1273311795638407169
1273311733684158464
1273311627950129152
1273311281529991170
1273311245060300801
1273310993444208640
1273309724394561536
1273309117604458497
1273308773713616897
1273308447140794369
1273308403641782273
1273308399262765056
1273308344682455040
1273307853378293761
1273307673694539776
1273307079680208896
1273306883311366146
1273306752797171712
1273306690285449216
1273306673663422470
1273306653589266433
1273306647734206465
1273306418322518016
1273306413968711680
1273306405206929409
1273306381156667393
1273306346360889345
1273306125815832581
1273306123475357696
1273305771246153729
1273305596683403264
1273305384380297217
1273305334187098112
1273305276590862336
1273305079206957056
1273304932582490112
1273304719419559941
1273304508655779841
1273304256498499584
1273304239326953473
1273304239280775169
1273304104270356480
1273303983713472513
1273303741207175168
1273303600962265089
1273303585573400576
1273303443138965504
1273303131049295874
1273303084177870849
1273302480621907975
1273301708798451712
1273301548341182464
1273301464329437184
1273301421463461888
1273301365905899521
1273301107704504320
1273300896374378498
1273300692837388288
1273300658062589953
1273300641130168321
1273300636424114178
1273300544430301189
1273300457998319616
1273300275638308865
1273300271276294145
1273300264024334336
1273300007219793920
1273299986617454594
1273299916303953921
1273299782199463942
1273299526799880194
1273299329936175104
1273299009713475584
1273298876666003456
1273298805853532160
1273298696386600965
1273298547786440704
1273298434896920578
1273298030494531584
1273297297607016448
1273296850863284224
1273296740628619264
1273296727232167936
1273296634437201920
1273296287279046656
1273295949012414464
1273295944457555972
1273295868104331265
1273295783559823369
1273295477782376448
1273295101427511296
1273294777321173000
1273294775051882496
1273294539491610624
1273294419051995138
1273294185735393282
1273294176575258626
1273293829756432384
1273293697552015360
1273293528878272515
1273293409311051776
1273293370899791872
1273293189886033921
1273292438489063424
1273292081218404352
1273291883607846913
1273291683354906625
1273291326776242176
1273291279112298497
1273291141018836992
1273291002862698496
1273290983703080960
1273290954083098624
1273290818451718144
1273290291487768576
1273290071119192064
1273289958736818176
1273289839027392513
1273289823743139840
1273289731900669956
1273289368589881345
1273289123923517442
1273288630581092353
1273288019253100544
1273288015486558208
1273287846678401030
1273287825765498882
1273287786142072836
1273287342711865345
1273287297912328193
1273287138457485314
1273287042907152385
1273287021226872833
1273286561367457792
1273286313001627648
1273286135045779462
1273285371305119744
1273285255517163522
1273285056111407106
1273284776129159173
1273284758039134208
1273284716666466304
1273283752769323008
1273283491799740417
1273283048260481024
1273282335484633090
1273282292715266054
1273282126155259905
1273282066235326464
1273282063500746753
1273281973658677250
1273281619307233281
1273281420497235968
1273281374590361600
1273280572576731144
1273280372835524608
1273279537917329408
1273278765938999296
1273276550247579648
1273276019126960128
1273275933563199495
1273274843732021249
1273274738450804737
1273274558926262274
1273274491884523522
1273274172723146753
1273274151201992705
1273273987695607808
1273273892396728320
1273273855319183362
1273273656609824769
1273272297009405952
1273272017794580481
1273271779667128320
1273271084180275206
1273271032162455552
1273270909361623040
1273270246099558400
1273269769370849280
1273269566693453826
1273268898968682496
1273267427531423746
1273266760507101186
1273266287083499525
1273265928923500547
1273265920861863937
1273265919830220801
1273265735855464448
1273265634109992963
1273265503948034051
1273265249550991361
1273265058324180992
1273264823372066820
1273264049585885193
1273263752473989127
1273263375120728064
1273263244724056065
1273262796952817670
1273262485039009796
1273261997140787202
1273261604344418307
1273261536577011713
1273261164580032514
1273261142106914816
1273260245645701120
1273260079299600388
1273259805067509763
1273259768656867328
1273259647709982720
1273259624192507904
1273259444277850113
1273259181898792960
1273259087816536065
1273259049346162688
1273258601847685120
1273258279292960768
1273258122518441984
1273258060610338816
1273257917261602820
1273257839788789760
1273257656149438466
1273257532249817093
1273257460749307904
1273257287466004480
1273257251994664960
1273256985824092162
1273256961883209729
1273256586031575042
1273256514191454208
1273256474110820353
1273256465436827650
1273256446822453248
1273256392992776192
1273256285211787264
1273255791290531840
1273255689163587590
1273255084537896960
1273254965289668608
1273254931731013633
1273254921161158656
1273254731444400131
1273254462258212868
1273254265843302405
1273254205910704129
1273254132816764928
1273254081776291841
1273253935298592768
1273253897872834560
1273253671417999360
1273253450269286400
1273253429968691200
1273253373299568641
1273253292768849921
1273253209990184961
1273253119611359233
1273252839704281089
1273252778001829889
1273252757462491139
1273252293887090688
1273252242049470466
1273252216728686595
1273252062097223680
1273252006468124673
1273251960112558083
1273251922732933120
1273251793233801219
1273251522101555207
1273251449800179713
1273251309919932423
1273251241540202501
1273251153170460674
1273251136456339459
1273250752144666624
1273250391690547202
1273250325923876864
1273249896368308226
1273249764356714497
1273249647365025793
1273249292933722117
1273249199472197632
1273248907087228929
1273248491469406208
1273248272719675395
1273248131157819392
1273248089382551552
1273247857747939330
1273247657452953600
1273247655792009217
1273246732944658434
1273246656344064009
1273245329253695492
1273244341256032256
1273243457625239553
1273243454596939777
1273243424469196800
1273243223729811458
1273242495284019202
1273242285791227904
1273241999399964673
1273241111084097537
1273241100975833088
1273240984881594368
1273240945023160320
1273240652072071168
1273240613404762112
1273240065712545792
1273239859121934337
1273239717073629184
1273239611498790912
1273239035348164608
1273238853923622912
1273238769777475584
1273238755428745218
1273238458832769026
1273238380738838530
1273236912594210816
1273236841190178818
1273236765319593987
1273235849384275969
1273235664310603777
1273235604181000195
1273234846060556290
1273234706222505986
1273234118063599616
1273233974509424641
1273233853948313600
1273233800844251137
1273233355035881473
1273233145513545729
1273232332225470465
1273232126742315009
1273231892976893952
1273231830423044100
1273231567251337216
1273231083291754498
1273230798620106753
1273229020365312000
1273227928495632386
1273227815954141185
1273227562802655232
1273227539117494272
1273226925931200512
1273226628160782336
1273226557838983168
1273226271724617729
1273226168142114819
1273225310222376960
1273224187314933760
1273224060533649408
1273224033149091841
1273223892539228163
1273223852672331776
1273223834204659712
1273223232460673024
1273223042848571393
1273222839701778433
1273222498759262208
1273222277924962306
1273222259080073218
1273222253925109761
1273222219397648389
1273222033363668992
1273221436824604675
1273221001900220421
1273220701055524865
1273220491302637568
1273220489360683009
1273220315359989763
1273220271642640385
1273220248632569856
1273219922865328129
1273219814731939841
1273219776538718208
1273219641624670208
1273219609060093954
1273219551442817024
1273219480911597575
1273219271422808064
1273219244851937281
1273218527676284929
1273218487469522946
1273218397115998211
1273218339163328513
1273218326878019584
1273218253184253954
1273218139774496768
1273218122992898049
1273217982907461632
1273217962154000385
1273217822139625472
1273217713712902144
1273217610910511106
1273217526512545792
1273217277962444800
1273217182814461953
1273217001876422660
1273216645708668928
1273216280674197504
1273215941350961152
1273215656075448323
1273215592086908931
1273215536449503233
1273215331859787781
1273215195259695105
1273214569133961216
1273214560229396481
1273214325461786633
1273214310928375809
1273214306788806656
1273214162710061056
1273213974943760384
1273213321294966785
1273213157910118400
1273212916058263553
1273212505968410625
1273212487207288833
1273212279564238850
1273211741078302722
1273211328929259520
1273211211111415810
1273211167813496834
1273210908194594816
1273210726782566401
1273209949124825094
1273209421649162240
1273209061912133632
1273208957750788096
1273208956324904965
1273208949651787777
1273208917858725888
1273208732592205826
1273208357009137668
1273208348544921600
1273208109289201666
1273207966854811650
1273207767130464256
1273207067638030338
1273206483375632387
1273206290609664001
1273206190034481152
1273206030961262593
1273205798676516864
1273205671475830787
1273205549455142912
1273205429133139970
1273205383671275520
1273205370534625280
1273205027490787329
1273204888059523073
1273204767276191745
1273204318196269056
1273204132388597761
1273202882959949825
1273202547323400192
1273201982518353926
1273201342618755072
1273201260557037568
1273201160409640960
1273199344401948674
1273199187220295681
1273198341317419009
1273197136193056770
1273196535845515264
1273195518198525953
1273195235636654080
1273195027997642753
1273194424680493056
1273192897345548288
1273192278039945227
1273191256483491841
1273190909769900034
1273190042207424512
1273189662853443584
1273189445458489345
1273188314963533826
1273187962625409026
1273187460789370880
1273186684746661888
1273184276457099270
1273183414074650624
1273182979486089217
1273182367662911490
1273181632883810307
1273181312904572928
1273180865414205446
1273179967258603520
1273176935913398285
1273176611878318082
1273170144748015618
1273169972987076608
1273169962148954117
1273167861960388609
1273167367921717251
1273165388356911104
1273165341024288768
1273165246060998656
1273164434765217792
1273164286903422982
1273163719929933824
1273163660790202375
1273163484046528513
1273162659026939904
1273162649627484162
1273162441690615810
1273160440189718528
1273159752131006470
1273157124558815234
1273156919306473472
1273156360281210886
1273155629012713475
1273155525832736768
1273155054200119299
1273154952526016512
1273154890429337601
1273153548285628421
1273153178448601089
1273153051075981314
1273152755377606656
1273152196247511040
1273150372274671618
1273146478572244992
1273144825869721601
1273144456762490882
1273144399170592769
1273141327853694976
1273141239421046787
1273141096084844544
1273141025909944321
1273140747370409986
1273138026303180801
1273136481704513539
1273136087792332801
1273135859055951872
1273135167528452098
1273134508171235328
1273134300570030081
1273134244747976704
1273132372800782337
1273131838387748867
1273131650189275137
1273130970380734465
1273130836553019393
1273130670693519360
1273130347446878209
1273129533630226432
1273129279015006211
1273128908951638018
1273128341718085634
1273128009768349697
1273127801995112449
1273127190134226950
1273124011325751297
1273123635428016130
1273123036259135488
1273122606787543041
1273122083778760706
1273120688178638849
1273118773353033729
1273118352941211648
1273115311810715654
1273115178125713411
1273115016271671298
1273114488565350405
1273113985655676928
1273113413196156929
1273110737754488832
1273110591662628867
1273108916285685760
1273108545337208832
1273108220010168320
1273107145349910534
1273106586081337345
1273105139562352640
1273103756054446088
1273103721568841731
1273103685804048385
1273103443884990465
1273103202871894017
1273102691129077760
1273101207276584961
1273100670426644481
1273100516445302784
1273097612728561669
1273095476842246144
1273095350182653958
1273092133961043968
1273092132895522816
1273091903379169281
1273089847515844608
1273089749822124032
1273089715923795969
1273089528098676737
1273089196165492737
1273088499999215626
1273088108251303937
1273086817651380224
1273086664190185475
1273086404059226112
1273086358672859136
1273086138371190791
1273086053163757568
1273085357752492033
1273084911541465091
1273084513170657285
1273081975155290114
1273081457641238529
1273080626514706432
1273079803474829312
1273078646668959747
1273078481006493696
1273078038352330756
1273077229375959040
1273075837760417792
1273074578261237761
1273074059673305091
1273073157356892160
1273073151249809408
1273071759630180354
1273071505891569664
1273071118388039680
1273070497169674240
1273070400390348800
1273070389866844161
1273070053936656384
1273069976761634816
1273068565671948289
1273068118236188673
1273067739872219137
1273067157623054338
1273066761408012289
1273066369358200833
1273066258246914049
1273065535031279616
1273065190385475584
1273065112920711174
1273065089998958593
1273064820317683712
1273064185518100480
1273063711692017664
1273063325484474368
1273063273236099074
1273063155606777856
1273062986836357120
1273062056200208386
1273060211666780162
1273060071577202688
1273059935476039680
1273059857520717825
1273059330988933120
1273059301976875008
1273058823075332096
1273058575988948997
1273058242768318469
1273057989214126080
1273057518605000704
1273057297112207363
1273056315728785408
1273056199777357825
1273055160256757760
1273055038139703297
1273054889866924032
1273054809466089472
1273054746467659777
1273054691610382337
1273054628414763013
1273054534001029121
1273054458600030208
1273053469767634944
1273052778953240576
1273052246649929729
1273052164458307585
1273052115649343488
1273051846584631297
1273051819191623680
1273051525229604864
1273051370057355265
1273051178004168705
1273050596082421766
1273049429864443911
1273049137488035840
1273048971951443968
1273048913294102528
1273048429111934983
1273047825899814912
1273047534596841473
1273045651690065921
1273045195219591169
1273044617206824960
1273041857174474754
1273041070016868358
1273039759963754496
1273039631299330053
1273039433579757568
1273039398267838464
1273039116884750337
1273039100396711936
1273039001067421698
1273038961842294784
1273038549122596864
1273036370064240640
1273036134151385088
1273036014399954951
1273035714888900608
1273035493152894977
1273035337397346305
1273035233458360323
1273035229519904769
1273035002368806912
1273034571479728129
1273034069144715264
1273032719082061826
1273032091156967428
1273031700168052736
1273031427236540418
1273030893104508931
1273030869587054594
1273030648383627265
1273029680921284613
1273029483331633152
1273027913949024264
1273027736488103938
1273027354894520321
1273027257464950785
1273027064656875520
1273026695642132480
1273026693079457792
1273026420437069825
1273026420168519680
1273026202354151424
1273026073027063808
1273025823092559873
1273023630767611904
1273022922807021569
1273022917614370816
1273022694523572224
1273022673019375617
1273022655805915136
1273022570393219073
1273022102476484609
1273022015302021120
1273021827166715904
1273021800348356610
1273021532659494914
1273021419580993540
1273021322063302656
1273020607635107841
1273020233234763781
1273019663300124673
1273019100348940294
1273018446192803846
1273018374893813763
1273018310389456897
1273018237379391489
1273018187601317891
1273018019631882240
1273017903403720706
1273017215944704002
1273017129420369925
1273016774565539842
1273015983679168514
1273015644334759936
1273015570099851272
1273014935363006464
1273014488870969344
1273013853224415232
1273013668108627973
1273013307683864577
1273012796628914176
1273012660045361152
1273012327747485697
1273011694671851520
1273011166395203584
1273010553695469569
1273010425672728584
1273010105609576448
1273010078073921539
1273009817418780672
1273009652415049729
1273009266492923904
1273008800191123457
1273008614312116224
1273008544665808897
1273008036337061895
1273007602029539339
1273007417941344257
1273007061933137920
1273007007356923908
1273006800426676225
1273006643274489857
1273006291842207746
1273006198678343684
1273005987465768966
1273004922511011840
1273004773474734081
1273004192601214976
1273004096425951233
1273004014498713602
1273003245846302721
1273003076278874112
1273002804702044165
1273002575986655235
1273002555610521601
1273002439990546433
1273002096413954048
1273002051736403968
1273000651249893377
1273000001757679616
1272999107561390080
1272998934894350337
1272998531205218305
1272998490684219392
1272998267467509760
1272998246076555264
1272997782136160256
1272997433539059712
