1279882370900881408
1279882167221436420
1279881985192800261
1279881760034172929
1279881753570742278
1279880106278707201
1279879314016739329
1279879018246885376
1279875672371068929
1279875471321284608
1279874271200768000
1279873500732248064
1279873410353504258
1279870991364231169
1279869827352576003
1279868558772764676
1279867660616912896
1279867578395930625
1279867478907199492
1279864114118967296
1279862751561519106
1279862709241163778
1279859064118349824
1279858510776459267
1279857023832584192
1279855782721437696
1279855372363198464
1279852803134021632
1279851984972132353
1279850695114588160
1279849897244585984
1279848782264512512
1279848764346261505
1279848233502531585
1279847944636608512
1279847362740072449
1279847310340567042
1279847041519226885
1279846383676092417
1279846090968268800
1279845642475499527
1279845501572018178
1279844924905664512
1279843972563730433
1279843851021115393
1279843356781113344
1279843333418946560
1279843111137501186
1279842788163694592
1279842354325684224
1279842020849152000
1279840975033118721
1279840609356804096
1279840293358051330
1279840122867814401
1279839813043212289
1279839590967324673
1279838563236904960
1279838033945276417
1279837941515210752
1279837630956367873
1279836756133675011
1279836533235740673
1279836429703507968
1279836345758711808
1279835870170763264
1279834867379904513
1279834464953290761
1279834242516692993
1279833874277810177
1279833516176404480
1279833049912340481
1279832004423569408
1279829907896483840
1279829303765749761
1279828726629335041
1279828212453965824
1279828179822116864
1279827939845013504
1279827892587958272
1279827456417923074
1279827216671444992
1279827159905898496
1279827100107550727
1279826841528918019
1279826795739492358
1279826735496921088
1279825539419627527
1279825368455753729
1279824926841507840
1279824800999813120
1279824299289960448
1279824228670291968
1279824195199721472
1279824053386252289
1279823983505006592
1279823660493139973
1279823266761322497
1279822931024060416
1279822896550907905
1279822598902370306
1279822487157501952
1279822247268700163
1279822246110887936
1279822243976097794
1279822164443586561
1279822096084893702
1279821949363879936
1279821785672724481
1279821481871060993
1279821437109366786
1279821261619605506
1279821000880738304
1279820850175369216
1279820691684986881
1279820566308900864
1279820362688204801
1279820342953783299
1279820301233250305
1279820144173150213
1279819692501327873
1279819592878047232
1279819331589660672
1279819155642806273
1279819152425811968
1279819062638309379
1279818924758937602
1279818563809882112
1279818372658548738
1279817893396582403
1279817815285850113
1279817713167200257
1279817655088746496
1279817315517755392
1279816958385573889
1279816570902990848
1279816255533461506
1279816205012922368
1279816161182400512
1279815943871320064
1279815873260371971
1279815643391332352
1279815345566552064
1279815167895834627
1279814797014392832
1279814730224300038
1279814449579339776
1279813981771837441
1279813335572242438
1279812957099065345
1279812831316045824
1279811962583613441
1279811538107330563
1279811190193942529
1279811023101284353
1279810862644170759
1279810861192765441
1279810664408576000
1279810569168736256
1279810219481104385
1279810091240140801
1279809684753403904
1279808861340196866
1279808835272585216
1279808393536888834
1279808077491957760
1279807283061538817
1279806916726677504
1279806445542764544
1279805897586479108
1279803501250523136
1279803270047940608
1279802980296994817
1279801960225550336
1279801793959116802
1279800542668218369
1279800282399092738
1279800198244577280
1279799769561530370
1279795051061628928
1279793605872238593
1279792423703625733
1279792345005748224
1279791901541986304
1279790059936350211
1279788574498607107
1279788234416013312
1279787155326410754
1279787104390832130
1279787037730770944
1279786979085803528
1279786974098923522
1279786912031608834
1279786848567603200
1279786773695119362
1279786692120129537
1279786630979751936
1279786526524801030
1279786448884051976
1279786377790570497
1279786300711763968
1279786191617961986
1279786073934172167
1279785658303864833
1279785600179154952
1279785539525378049
1279785467572113409
1279785402870759424
1279785331714383872
1279785266220318721
1279785195894452224
1279785131566391299
1279785122091249666
1279785052705042433
1279785030970224640
1279784969343287297
1279784879601770503
1279784865240616961
1279784748869713920
1279784694477963264
1279784613381115906
1279784532196184064
1279784454924505088
1279784374247010304
1279784292210663425
1279784210136432641
1279784129891098628
1279784014866513920
1279783917378207745
1279783806455644160
1279783530768277505
1279783025174351874
1279782971923402752
1279782887601180678
1279782797142523904
1279782735704440832
1279782667479891971
1279782595581087744
1279782517307031552
1279782449032110081
1279782342542987264
1279782252755464193
1279782186980462592
1279782097557827585
1279781996563234817
1279781918087749633
1279781825716588544
1279781727855087623
1279781652894531584
1279781570770022400
1279781467564933121
1279780758706626562
1279780758673133568
1279780356535791616
1279777455847493632
1279775585364070400
1279775566376456196
1279774609462702081
1279773479441584128
1279772432778375168
1279771324752289793
1279771288727425024
1279769823032094720
1279769200555446272
1279768738632531972
1279767849473650690
1279767348644384771
1279767167135887362
1279766888659238912
1279766588011556864
1279765814686736385
1279765724618084352
1279765646188916736
1279762071392043010
1279756966286548992
1279755954570047488
1279755199209496578
1279753594070339585
1279753545898766348
1279753474369040384
1279753409311186945
1279753342609129473
1279753258022699008
1279753185167540226
1279753125100912643
1279753047485419520
1279752973711745025
1279752899464253440
1279752791913902080
1279751889048023042
1279751243058024453
1279751126879997952
1279748019676688385
1279747967482814465
1279747896242470912
1279747816122920960
1279747744173903872
1279747657326608385
1279747561927122945
1279747510551097345
1279747436534267905
1279747369320329216
1279747296981385221
1279747222796730368
1279747176785227776
1279747171169034241
1279747127527247872
1279746736995459075
1279745512384626696
1279745448752951296
1279745378242486272
1279745306775752705
1279745225213255681
1279745150076497920
1279745075803820032
1279744876905725952
1279744793933946881
1279744721439555584
1279744636303572992
1279744564874665985
1279744477574369280
1279744388588023808
1279742130685202432
1279741504957841409
1279741495659188224
1279741443964309505
1279741380076670976
1279741287151869952
1279741215290920960
1279741142767190017
1279741069828251648
1279740972751097857
1279740871458643968
1279740822917971968
1279740760959713280
1279740691480969216
1279740623076106241
1279740555602399235
1279740460416798720
1279740361540337664
1279739300309942272
1279739169368047616
1279739109255364609
1279739099457388544
1279739050639921153
1279738990023802880
1279738930724843521
1279738864014327809
1279738784272261120
1279738665405747200
1279738610636521472
1279738543053701120
1279738473608511488
1279738391471554561
1279738322798153728
1279738196872630274
1279737377041387521
1279737324264398853
1279737265816731648
1279737200138215424
1279737126817607681
1279737047180247040
1279736889474457600
1279736843047702529
1279736823732940806
1279736778887516160
1279736710084034561
1279736640408358912
1279736546246176770
1279736145090355202
1279735398881792000
1279735352710893568
1279735288403763200
1279735221592653824
1279735151547813888
1279735073701539840
1279735070685831169
1279734992176910336
1279734942268903424
1279734862912651265
1279734746604605441
1279734673581768704
1279734584566046720
1279733828119126016
1279732558121615360
1279732508469403648
1279732501821493253
1279732435291385858
1279732363849801728
1279732296581623808
1279732220450820096
1279732140624818176
1279732085754867718
1279732075764101120
1279732008466427905
1279731932541210625
1279731856284561409
1279731756959256582
1279731140023201792
1279731068543868928
1279730989950959626
1279730920216506368
1279730856362377217
1279730797235392513
1279730729769975812
1279730647322501120
1279730543249293313
1279730492766654464
1279730424584028160
1279730351540178944
1279730278848741381
1279730201468043269
1279730124422864897
1279730016989962272
1279728285593866245
1279728237736865793
1279728171718520832
1279728103011635201
1279728026650120192
1279727962380738561
1279727894307184641
1279727808185544704
1279727729529798656
1279727675855245315
1279727602689851392
1279727523769843712
1279727454614163456
1279727377803853829
1279727289320853504
1279727179820081152
1279726693058441216
1279725847197425669
1279725684579917828
1279725145582518273
1279722632733065218
1279718967876206592
1279718452366729217
1279715957158686721
1279715330454171648
1279715280336441344
1279715216113250304
1279715140989005825
1279715062823911425
1279714992858836997
1279714941713420289
1279714871886651392
1279714802030587904
1279714715493687296
1279713994882912256
1279713939413258240
1279713873906597888
1279713805463937024
1279713729672884224
1279713659791511555
1279713599137644546
1279713528325308416
1279713451514957824
1279713348293201920
1279712934604812288
1279712880653451265
1279712810432372737
1279712746251194368
1279712675270987777
1279712600570421249
1279712529468600320
1279712463357915136
1279712391979241474
1279712308298743808
1279712229164756992
1279712130258927619
1279712086214545409
1279711705082273793
1279711651957215233
1279711592033267714
1279711527998763008
1279711463645552645
1279711385744785410
1279711323648077824
1279711255524245505
1279711185206640640
1279711068168818690
1279710977441832960
1279710915672322048
1279710844239183872
1279710760684457985
1279710685832888321
1279710598503243778
1279710472690958342
1279710390818127873
1279710310853730305
1279710219510185984
1279709861714882565
1279709133197971456
1279709072871342080
1279709006332911619
1279708940536815617
1279708874040369153
1279708805023109120
1279708724555321344
1279708658478329857
1279708596620664834
1279708527540436994
1279708441200791552
1279708352872923136
1279708278071721985
1279708188888240128
1279707545737756674
1279707517740818434
1279707498275115008
1279707433141776384
1279707361687605248
1279707289474170881
1279707221916516352
1279707150714052608
1279707081390673920
1279707017565872129
1279706907490553856
1279706764653613056
1279706707040497666
1279706663763578887
1279706630662258688
1279706557861769216
1279706478232907776
1279706397425512449
1279706283524882433
1279706230240481280
1279706204323950592
1279706100326109184
1279705993635663874
1279705633571430402
1279705319271211013
1279705264015511553
1279705201889497088
1279705137615900672
1279705076802760709
1279705007873499138
1279704926751461376
1279704811001327616
1279704718185500678
1279704608332488704
1279704492448063488
1279704413809119234
1279704340228444161
1279704242966716416
1279703892566011907
1279703251668086786
1279703021933428737
1279702466959941634
1279695393412927488
1279691057609846784
1279690747684327430
1279687993431920640
1279687386948161537
1279687336113188865
1279687268752646144
1279687200884559873
1279687114909761537
1279687030381981697
1279686963977748482
1279686884533374979
1279686798441091072
1279686679700406272
1279684643290218497
1279677883485769730
1279677826820640768
1279677758935875587
1279677689633427462
1279677625120817152
1279677542857871361
1279677455230525441
1279677398447988738
1279677319213395971
1279677276393574401
1279677245544706048
1279677177320087552
1279677161947963392
1279677051650408448
1279674616147931137
1279669194145976321
1279667773891895301
1279667401831874563
1279664149946077189
1279661206198878213
1279656258585292800
1279653835883962368
1279653618384281600
1279653077193076736
1279652933362040833
1279652823307698176
1279652626984873989
1279651164133437440
1279650928866533376
1279647905570271232
1279647397325549569
1279647100301570049
1279645951171461120
1279645458659491843
1279643230041026563
1279641191232012290
1279641161871785989
1279640196200292357
1279639196030898178
1279638009298722817
1279636322186133504
1279635586639204354
1279635401947246592
1279633819583369216
1279633579589480454
1279632112841179136
1279632085750370304
1279631888177602561
1279629975155609601
1279629009622405121
1279627825562222592
1279627172609699842
1279626062381678592
1279625862791548934
1279622001146114048
1279618796152594432
1279618535996751873
1279616586832384000
1279615230071279618
1279615151830958080
1279615106754605056
1279614809919459328
1279613969800417280
1279613891857833985
1279612934637752322
1279612352531496961
1279611700392665088
1279611482200616960
1279611338046631937
1279608321549520897
1279606872908185600
1279604859604332544
1279603491053268992
1279603109111771136
1279602065308815363
1279601685623603200
1279600492499415041
1279597932480802816
1279597889161965570
1279596139776479232
1279594825562587136
1279594691449827329
1279593982826250241
1279593866623139840
1279590578808741888
1279590532558106624
1279588078315864064
1279586890824314881
1279583721474015233
1279581871429390337
1279580678749732866
1279578785763991553
1279577901608742915
1279577568031670278
1279577375165071361
1279577332559249408
1279575585828864000
1279574177951789056
1279572706778927109
1279572382622060544
1279566830701592577
1279566394435264517
1279565131731611650
1279564000771129344
1279562975469359106
1279561518082863104
1279560403165601802
1279560283552223233
1279559820249403392
1279559635272216576
1279558264615653376
1279557431199019009
1279557164261130241
1279556596323024896
1279555363554148353
1279555215021219840
1279553812039073793
1279552319508680704
1279551486557589505
1279550630500036608
1279550553274507264
1279550382193033217
1279549420980166657
1279549381583073280
1279549049528451072
1279547862687203328
1279547016759164928
1279546353786540038
1279546255941799937
1279545974038376454
1279544609589387267
1279544045174493184
1279543965130166272
1279543147840897027
1279542582331179009
1279542181406146567
1279541549731323910
1279541166996946964
1279539245221384195
1279538482394943488
1279537810798714882
1279537710361907200
1279537510020939776
1279536012214091777
1279534874035204108
1279534219610542081
1279534123594452993
1279533103283712000
1279532972215898112
1279532952808980486
1279532539422670848
1279530236896587776
1279528088779599874
1279525778699493376
1279525533232046081
1279525221888782336
1279523836434829317
1279522517175197697
1279520712819191809
