1294015511219462144
1294015175813668865
1294013971012268033
1294013439665246208
1294012943869378560
1294012523365179397
1294011166247673856
1294010629548892160
1294010270017298434
1294010014307319808
1294009984242524160
1294009926818451456
1294009700296478720
1294009593463439362
1294009386264694784
1294008880436064256
1294008504567697409
1294007626561253376
1294007146976247816
1294006512600440832
1294006477523505152
1294006349106483200
1294005293073010688
1294002378316947456
1294001972081614848
1294001094843015168
1294000613525790722
1294000330640748544
1294000131474362370
1293999798270525443
1293999601792372736
1293999109829877760
1293998722729353223
1293998273636831234
1293997694453575680
1293997030503661569
1293995023772483584
1293994797481353216
1293994329497915394
1293993669930827776
1293992315757961216
1293992251975258114
1293991101863428097
1293988812012638210
1293988576024289283
1293986783269535744
1293985649284898816
1293984700818534400
1293984683194085377
1293983461439488000
1293982152636342272
1293979402758270976
1293979280485961729
1293979063720087552
1293978820454649857
1293978690276057089
1293978457190219776
1293978064477499392
1293977235288805381
1293976903666212865
1293976834850222080
1293976653572399105
1293976251024068609
1293975912023695360
1293975894042611712
1293975634801078272
1293975555864276992
1293975428206432256
1293975164707721218
1293973194605461505
1293971029123952642
1293970937487020033
1293970625053114374
1293969577773129728
1293969293374185473
1293969259618381824
1293968782738591744
1293968001583255553
1293967901754396672
1293967365529509888
1293966989090680832
1293966730545569792
1293966584847859713
1293965998643585025
1293963304939843590
1293961704515149825
1293961578077761536
1293961119665729537
1293960692240801792
1293960406344454144
1293960396554952704
1293958912689860608
1293958393418268672
1293958322664517632
1293957830433808384
1293956122366349315
1293955978631753728
1293955541195055104
1293955272633982976
1293954622604939264
1293954459773607939
1293951670385336321
1293950759877267456
1293950639966498817
1293949312603262981
1293949167748943879
1293948500196184064
1293945801870376960
1293943917486907393
1293943886184767489
1293943857009156097
1293943842740133888
1293943194644697089
1293942564991639552
1293942139479416834
1293941940136767490
1293941914186723328
1293941873388781569
1293941387524583424
1293941227532906496
1293941133093953538
1293940910926045187
1293940619111354368
1293940519442083842
1293940401699782656
1293940375250337793
1293940147537371136
1293939789515747335
1293939747706945536
1293939699413909505
1293939557436542978
1293939532925038594
1293939383679070209
1293939217450635266
1293939173049552896
1293938688259428352
1293938360197799936
1293937883460452353
1293937785833832448
1293937702862118915
1293937544065761280
1293936947132424194
1293936386412748800
1293934049409540097
1293933339309748225
1293933129225379843
1293932914321874946
1293932813763444736
1293932663732985856
1293932177235869696
1293931851636183040
1293931693225779205
1293931050826006533
1293929428955799552
1293928976818139136
1293928783746142209
1293928496570363904
1293928171847311360
1293925938007363584
1293925007110832130
1293922786444849153
1293921757661990913
1293918699305472002
1293917383162073088
1293916729718996992
1293915948554924033
1293915133245378560
1293914915556605953
1293913718854565888
1293912756861538306
1293912531195420678
1293912266148990976
1293912151392845824
1293911458997137408
1293911307679277056
1293910040261230593
1293909658982207492
1293903777724915722
1293903491992150021
1293903412208308224
1293900098640973825
1293899370060972033
1293896718820532226
1293895887215706113
1293895388899028993
1293893297065189377
1293892793153159168
1293889806435377161
1293889159472402434
1293888825899409409
1293888357878005762
1293886030299332608
1293884701300719617
1293880000375074816
1293879180053094402
1293878989711454208
1293878052078997506
1293874847915937796
1293871450328141824
1293868432530735104
1293867924906741760
1293867863640547334
1293866367620268032
1293865068510228480
1293864854827282433
1293863212035653632
1293861460762861568
1293860684229468161
1293860001899978753
1293858978875584512
1293858505875525633
1293854194848292865
1293850306795667456
1293850041107599360
1293849787465445376
1293849696318832640
1293845736526815232
1293841814777028609
1293836560975069185
1293833692880699392
1293831825765343232
1293829621146763266
1293829309631692806
1293828761905795072
1293815291210657792
1293811582003224579
1293804562789232645
1293804537636098049
1293802672164937734
1293801303236321280
1293798428552593409
1293797875886039040
1293797395549978626
1293797250573844481
1293797126116278272
1293796539832258560
1293796456906645504
1293796427974336512
1293796257761091585
1293794394399748096
1293794381779017729
1293794259565342720
1293794100630544386
1293792285809758209
1293791932796162049
1293791461675130881
1293791046602637312
1293790787562479616
1293788631342051328
1293787191869616134
1293783067996299264
1293783035234705408
1293782444152430592
1293781351485693952
1293781040826261504
1293780879211245568
1293780401689726976
1293775862064492544
1293774948293435392
1293774233529495553
1293773665583022080
1293772871374954496
1293769615311425539
1293767404548317184
1293766784001032192
1293765088181067776
1293764937269907459
1293759996358877184
1293759844571181056
1293759509945409537
1293758786541252608
1293757403540779008
1293757260141797376
1293757014988869633
1293756797677789184
1293756105584021506
1293754839659208704
1293753846565687296
1293753440321982467
1293752595765370881
1293751839737831424
1293751346525421575
1293750870413172736
1293750749994786816
1293750057888620549
1293749837968490497
1293748712296968192
1293747777034285057
1293747610172309505
1293745605949321216
1293745131527393281
1293744372429668352
1293743840554229762
1293743169239019520
1293742932550287360
1293742909989302272
1293742454273843200
1293741598585438209
1293741303537086464
1293741018697744384
1293740223667429376
1293739516755238912
1293739264493068289
1293739100474757122
1293738466757337088
1293737733182107650
1293737694535852032
1293737676177170434
1293737463987355649
1293736978605674496
1293736341864235008
1293733579835441152
1293733369323196417
1293733129551859718
1293732747253407745
1293732533503492103
1293732118439161856
1293731711339999232
1293731616406339586
1293730697333571585
1293730547458613248
1293729537100902400
1293729497972318208
1293729329822588928
1293729202198413313
1293729059839586304
1293728917094912001
1293728482699034625
1293728019870171138
1293727745055141889
1293727555950764032
1293727416276226048
1293726869485809666
1293724084023386116
1293723762140078080
1293722655707656192
1293722523759071233
1293722151304876034
1293721709606912000
1293721543197913089
1293721476563009536
1293721301530492928
1293721150493569024
1293720940803534849
1293720716005842944
1293720596212330496
1293719901169844225
1293719621506195456
1293719428316532736
1293719369042685954
1293719154625716224
1293718864648220674
1293718711480680449
1293718007697436673
1293717724971974656
1293717419555315714
1293717331126804480
1293716892008366080
1293716768393846784
1293716285600043009
1293716014761259010
1293715685156302855
1293715568978202629
1293715439567085569
1293715287032750080
1293714896018747392
1293714847146770433
1293714768897781760
1293714623112155138
1293714504489066497
1293714331561934849
1293714218412199936
1293714164922216448
1293713957123788800
1293713839536500737
1293713670703165441
1293713528012984322
1293713449181093888
1293713428977266689
1293713329261707265
1293713252749172736
1293713070632529921
1293712964801818624
1293712792508182529
1293712539147108353
1293712380715646976
1293712127149006848
1293709670746652699
1293707946153537539
1293705673713360900
1293705290362298372
1293703578415247367
1293702630116483073
1293702528844967937
1293702472863645696
1293702269393702912
1293701123065425920
1293700322658066432
1293698834904895502
1293697111721213952
1293696428892491783
1293695497920819200
1293695423257776128
1293695073641803777
1293694997599072257
1293693876734230529
1293693156727422976
1293692922785935360
1293692354721910785
1293691233395716100
1293691193516154882
1293690366671990786
1293689771449913346
1293689251117142016
1293688578413932550
1293688418740736000
1293688063827353600
1293687479954862080
1293687329207418881
1293687046410612736
1293686929767067648
1293686740687794176
1293686498328375296
1293686477205860352
1293686356078497793
1293686298176348162
1293685890372366336
1293685443809013760
1293685171682607105
1293685103231553536
1293684771608985602
1293684635948339201
1293684344469336064
1293684207663763456
1293684053393121280
1293683884916264960
1293683436964605952
1293683242629963777
1293683095875366912
1293682807370391552
1293682494143778816
1293681936825647104
1293681713424392192
1293681450621874176
1293681235709947904
1293680988740960257
1293680733303668736
1293680284764745733
1293680134759895042
1293680096587513857
1293679842366382081
1293679732316352514
1293679723407540224
1293679633062195201
1293679142148292608
1293678904171884544
1293678686944731138
1293678518669176833
1293678343569600512
1293678147683016704
1293678092330782721
1293677999464656896
1293677791892787201
1293677675035291648
1293677582144086016
1293677366628122624
1293677306355965954
1293676784961982464
1293676424105271298
1293676376004993029
1293676320304459777
1293676301136560131
1293676218081062918
1293676175496105984
1293675996856680457
1293675961611718656
1293675716970795008
1293675391186427904
1293674565063892993
1293674525465296896
1293672777057271809
1293672307462770690
1293672213275709440
1293671905321394177
1293671755370946567
1293671664647954432
1293671551284449282
1293671519990812673
1293671492304044032
1293671391422607360
1293671289710731264
1293671113256361984
1293671084093394945
1293671016946966534
1293670968913727489
1293670915574599680
1293670849518751745
1293670766316224513
1293670523071733760
1293670386211545088
1293669793527021568
1293669624047861761
1293669623406055425
1293669569727365120
1293669329620221952
1293669196375572480
1293668800353546240
1293668677343043584
1293668286131888128
1293668173045092353
1293668059408867328
1293667895168208896
1293667797097095168
1293667703744532481
1293667629542957056
1293667529928224770
1293667277049659393
1293667154038935553
1293667073214750720
1293666973125992448
1293666735711641600
1293666408732139521
1293665949757763584
1293665551047245824
1293665228195069952
1293665114629877760
1293664513904898049
1293664188456263680
1293664157942784000
1293663849795579904
1293663668693942272
1293663509033521152
1293663312970801152
1293663053737627648
1293662840423768065
1293662670399213568
1293662297567551489
1293662200507191296
1293660353616732160
1293659887180722176
1293659546901069825
