1282781253708783616
1282780766066229248
1282780581584007168
1282780461844983810
1282780352629465088
1282780117966577669
1282779841503408133
1282779733474697216
1282779603124269057
1282779076831383558
1282778977807986688
1282778894832033792
1282778852880777216
1282778524085030912
1282778413279834112
1282778389531762689
1282778285185699840
1282778227094646790
1282777752848957440
1282777613279260672
1282777499986882560
1282777430755663872
1282773971960688641
1282772723111002115
1282771832823664640
1282771678100164610
1282770254800629763
1282769774263635970
1282769745599582208
1282768993615577090
1282768875516567553
1282768589657911303
1282768311844044802
1282768188854292480
1282767589614198784
1282767262462566402
1282767220179963904
1282767093797203969
1282766576132018177
1282766330899369984
1282765654588874753
1282765338329800704
1282765002089181189
1282764840272973824
1282764775810904065
1282762881877016577
1282762567807643648
1282762339742343173
1282762336370143232
1282762333891239937
1282762330665885696
1282762170397122560
1282761703374172164
1282761403397558275
1282760279936266240
1282758973783977984
1282758972777345025
1282756094952169472
1282756025616076801
1282753663044251648
1282753472652345344
1282752713328144386
1282752128751144963
1282750824494620674
1282749281192075265
1282745579139993600
1282744418529935361
1282743408612782082
1282743286143361026
1282742890167402496
1282740552916705284
1282740459757015041
1282740399220686851
1282739923020324865
1282736877238452225
1282735511816278020
1282735245759062018
1282733699470106624
1282733342174003202
1282732006397349888
1282731645771165696
1282731025869635584
1282728072249253889
1282726899328983046
1282726698769932289
1282724796283809793
1282724109844131840
1282723617231515648
1282720357758140418
1282720040412839937
1282719895961038848
1282719413825921024
1282719269428453376
1282717159408402433
1282717120690716672
1282716986703839234
1282716121343291393
1282715644388155393
1282715493250543618
1282715470274138112
1282715076957401088
1282713854049497088
1282713686373793792
1282713671139983360
1282713661195329537
1282712051668803588
1282710702277500944
1282708964522811393
1282708827020943364
1282708597248491521
1282706483730235395
1282704531948818432
1282704297822687232
1282704251047698433
1282702964755439616
1282702837156384771
1282702695225335810
1282702689483264000
1282700464316919813
1282700043225632768
1282699912845692929
1282699495277424640
1282699072751755265
1282697515658178561
1282697459072999425
1282691953969119232
1282690200834121728
1282689322442002434
1282688845994176512
1282687509940625409
1282685700232503298
1282685550730678272
1282683522541649921
1282683178193281024
1282682984970289152
1282681935395868672
1282679474677579776
1282677399801356289
1282676339569422336
1282676168467021824
1282675531364720640
1282675354524508161
1282674397933953025
1282672577253605377
1282672525227503616
1282672316082683905
1282671168080605188
1282671152683454466
1282670165331607552
1282669006621757441
1282668307913547776
1282668287957106688
1282667195206496258
1282666753168818179
1282666659094749184
1282666596893208576
1282665936223268864
1282663821585219585
1282663364682899456
1282663210487693313
1282662931046383616
1282662799823568897
1282661979178467328
1282661763167608835
1282661254256103425
1282661192138477568
1282661134424629248
1282660843616780288
1282660319567937539
1282660101401145345
1282659620784242692
1282659273269325825
1282659218227683329
1282659108462759936
1282658706002501632
1282658586661806080
1282658420399599616
1282658187762597893
1282657804055048192
1282657520562012163
1282657489239056390
1282657123399168000
1282656779109715970
1282656300434767872
1282655923073216512
1282655264110342144
1282654633568043008
1282653786809470976
1282653619146428416
1282653591790948354
1282653522035642369
1282653496983138304
1282652771414618112
1282652429092155393
1282652090570072064
1282652041941262338
1282651657046650880
1282651186059833345
1282650878206304257
1282650099068198912
1282649616194756610
1282649193283112960
1282649053457678336
1282648722061443072
1282648567916552192
1282648294095650816
1282647185469800448
1282647139512750081
1282646094300745729
1282646004387377152
1282645715160711169
1282645230248849408
1282644964824903680
1282644823875313665
1282644635232468992
1282641221165318146
1282641026117775360
1282640612999692290
1282640544678567937
1282639774042320897
1282637675896246273
1282637190388781058
1282636993281703936
1282636641526362115
1282636244548153345
1282636204735893504
1282636086473261056
1282635932638646272
1282635714841075712
1282635690128273411
1282635451090604043
1282633762912776192
1282633756411432960
1282632966699659264
1282631704859951104
1282631552820629505
1282631380711743488
1282631146069614596
1282630959758704641
1282630598180237312
1282630386057654272
1282630247184134145
1282629939187970048
1282629872238465024
1282629786989326336
1282629635142938625
1282629278279127041
1282629259790389248
1282629238412075008
1282629079418593281
1282628979996991488
1282628921884721152
1282627398794543104
1282627123199393793
1282626759641321472
1282626553294151680
1282626475934445568
1282626415381196800
1282626026615365634
1282624675877498880
1282621817568530432
1282619879984701443
1282617404837724160
1282615885698666497
1282614457680695299
1282601202866253825
1282597994840428544
1282596107978182657
1282591327473946625
1282590014510071808
1282588674849484800
1282587893891039232
1282585744532484096
1282580942616436737
1282575677674397697
1282573011099451392
1282573009283362816
1282571318756429825
1282567669531779074
1282562945231265793
1282561535009751042
1282559249680195586
1282557993427406848
1282557859188879360
1282557677126680576
1282555951489351682
1282552545580396544
1282543286587097091
1282540925919559680
1282540913139634176
1282540691617468425
1282539829490638851
1282539674662129664
1282539318951596033
1282539274420785152
1282539125447548928
1282538918466875392
1282538773096497153
1282538714493784073
1282538445382926336
1282538426374524930
1282538363405381633
1282538353699651585
1282538050409525248
1282537944717254656
1282537929789763584
1282537888056406017
1282537885460307968
1282536212419338240
1282536052352184322
1282535496732667904
1282535418408337408
1282535111582339073
1282534691187425282
1282533839563366401
1282532069189591040
1282531982128234497
1282531947089022976
1282531577692553216
1282531515323174913
1282531438265430016
1282531346422722560
1282531261651644417
1282531243679272960
1282531204894322690
1282531030377922560
1282530856670724101
1282530704472051714
1282530355799629824
1282530140166057984
1282530061841768449
1282529892614070277
1282529661885415427
1282529537817894912
1282529198742155264
1282528978557902848
1282528911155494913
1282528815978291200
1282528232449781763
1282528164292382721
1282528071376089088
1282527779477753857
1282527614935216130
1282527586380218369
1282527261329993729
1282527153125376000
1282526868726374400
1282526533236805632
1282526154642137089
1282524965493895168
1282524712183054336
1282524450764644352
1282524290814885888
1282524208992575488
1282523973968789504
1282523780540182528
1282523586943578112
1282522134896574464
1282521791739633664
1282521416118620161
1282521113428467712
1282521095556538370
1282520808879841280
1282520511793131522
1282520288542982144
1282520232569958401
1282520182557159424
1282520170615803904
1282519900876009475
1282519467273011200
1282519465054425089
1282519307969335296
1282518990573768704
1282518863767310337
1282518731550326785
1282518341899268096
1282518274853437441
1282518083538530307
1282518013871370242
1282517702951817216
1282517622001594371
1282517585725140992
1282517521871101958
1282517459228979200
1282517063710289921
1282517053719666688
1282516891215360005
1282515913208725504
1282515861660528640
1282515792546762754
1282515718127390722
1282515374689398784
1282515139300741121
1282514118977748999
1282514025109225474
1282513654055936001
1282513281987551234
1282511327907532800
1282510807981580288
1282510766403354624
1282510467072774149
1282509499291652099
1282509203094081537
1282508798712860673
1282508574011400192
1282507871536558085
1282507766406565888
1282506737820381189
1282506191730597888
1282506080128393217
1282505736954753024
1282504986283278336
1282504276242096128
1282503485431394304
1282502914272100352
1282502656402108417
1282502647283580929
1282502343586717701
1282501618164883456
1282501264996261888
1282500226478211077
1282499878426468352
1282499749971714048
1282498975187316736
1282498945332256775
1282497629847519232
1282496302203502595
1282495307218128896
1282494905634435072
1282494401621553153
1282492710226661378
1282492458115321856
1282491963175051264
1282491530628997120
1282490926632300545
1282490765722042369
1282490567180640257
1282490150161747968
1282489605745336320
1282488839106433037
1282488436352364547
1282488234296172545
1282488077479325698
1282488039948775424
1282487871178407936
1282487776513003520
1282487657465917440
1282487506387087360
1282487498543976449
1282487310563414016
1282487147858034690
1282487048251686912
1282487021731291139
1282486909072269312
1282486841338400769
1282486669476655104
1282486653886566400
1282486581442629633
1282486569669021697
1282486360897511424
1282486278357946368
1282486205108518912
1282486114293432321
1282485935729336320
1282485773783138304
1282485662600445957
1282485283544391680
1282485188627505153
1282485100752654336
1282485031693201408
1282484934192570369
1282484750825881603
1282484393072709632
1282484327855448071
1282484308356235265
1282484287560773633
1282483986535571456
1282483975282458632
1282483559035547648
1282483441552982016
1282482636619825152
1282480777473789953
1282479958800191488
1282479778877132801
1282478660813860870
1282478210035286016
1282476098907967489
1282474250075439104
1282473583323738112
1282473040161517575
1282472851518316545
1282472670404030466
1282472511507173376
1282472112243040259
1282472008916361216
1282466636847435776
1282461464075403271
1282461399529279489
1282460996427284480
1282460901874913281
1282459825985724417
1282459821560811523
1282458963058073602
1282458670912155648
1282458670521974784
1282458134150250499
1282458026650275840
1282455672978919430
1282453246813048833
1282451684862701568
1282451444440981505
1282450381654679552
1282449968251510784
1282448349669490695
1282447189608996864
1282446277259808769
1282446037748191233
1282444988278767616
1282444559100735488
1282443841639903232
1282442430449627142
1282442162114879488
1282440330353278976
1282439730823680003
1282438581269782528
1282438176272003078
1282436408377053186
1282433899323289600
1282432768136232960
1282430896763809793
1282430539505389573
1282429834019442688
1282429427138404352
1282429324310781954
1282428983322259458
1282428735195496448
1282428324296355840
1282428155282755585
1282428107949928448
1282427712817238016
1282427443735924736
1282425866950070273
1282425582857285633
1282425469103534080
1282424892592394241
1282424101093601280
1282424054369021952
1282423752991465472
1282423667742306305
1282420866551287809
1282420269789765633
