1270097915407675397
1270097849687121923
1270097813293187077
1270097803671474178
1270097714076884993
1270097652206710784
1270097651594407937
1270097645999132672
1270097489035579392
1270097477463609346
1270097439807201287
1270097299000012800
1270097191240114178
1270097128992497664
1270096917989556225
1270096917553438720
1270096728516165633
1270096597095940102
1270096555865825280
1270096389071044615
1270096266366763009
1270096167221825539
1270095663787905025
1270095395402719232
1270095352545370112
1270095244965494784
1270095170197950464
1270094990350462981
1270094928811421697
1270094758656880647
1270094637898911744
1270094515177652224
1270094452296527874
1270094405505081345
1270094361695449089
1270094056136282112
1270093816398299137
1270093802993266689
1270093746181464066
1270093609375870976
1270093412641853441
1270093370615042053
1270093219963875332
1270093145284292608
1270093089802256386
1270093027835404288
1270092942858952705
1270092858767192067
1270092821534593024
1270092766186360832
1270092682522697734
1270092670178701315
1270092553388523520
1270092520265932800
1270092461029724161
1270092441438138375
1270092419879415809
1270092326489034752
1270092121895088132
1270092096708456449
1270092095571755009
1270092090865836032
1270092087682269189
1270091947198124032
1270091930991341570
1270091807662039040
1270091793351114752
1270091622840033281
1270091451351871495
1270091435262357508
1270091381357322242
1270090987289956354
1270090918863998976
1270090714945372161
1270090680598134787
1270090453317189633
1270090240653291520
1270090111036936197
1270090085191598084
1270089993889947648
1270089819792834567
1270089623201624065
1270089618361384964
1270089609112928256
1270089529353961473
1270089509145841665
1270089463964860419
1270089448789688320
1270089271572082689
1270089257366011905
1270089208477204487
1270089099756490752
1270088965429669890
1270088960044412931
1270088861570523137
1270088840431140872
1270088782696427521
1270088778095439874
1270088777835393025
1270088734512492550
1270088669202755584
1270088668967874560
1270088539263373319
1270088440030334985
1270088351597711360
1270088311114272769
1270088200665600007
1270088076044296192
1270088046080176128
1270088025989697538
1270088007878619136
1270087936529387520
1270087679380725765
1270087635667750913
1270087546727550977
1270087484123369473
1270087361150550018
1270087140127526912
1270087030710530048
1270086725797281793
1270086624240640003
1270086603000524802
1270086548181188615
1270086539662340097
1270086284237836288
1270085927109566474
1270085728236642304
1270085705473994756
1270085400862883842
1270085374702911490
1270085364863111171
1270085138827939843
1270084996745715713
1270084943360770049
1270084893423185922
1270084871575056384
1270084752066752514
1270084693401022468
1270084691979382785
1270084688875368448
1270084552690720769
1270084494658277376
1270084473347022851
1270084403469799424
1270084329587212289
1270084158002466822
1270084155557261315
1270084105011490816
1270083766137040901
1270083714001842176
1270083460133040128
1270083399009603587
1270083316700585987
1270083154662096897
1270083121082400768
1270083071702904833
1270083003339898883
1270082922075340807
1270082824322891776
1270082697914757128
1270082247593525248
1270082218447306753
1270082184859324416
1270082118794776578
1270082091242467331
1270081992420458496
1270081818847440896
1270081751692517377
1270081656142139392
1270081594624270343
1270081590920728576
1270081505230860289
1270081492979462145
1270081343074992142
1270081310133026816
1270081299496210432
1270081204130213888
1270080948047097859
1270080791280746496
1270080735781613568
1270080661064310784
1270080554226954244
1270080550686973952
1270080517451415553
1270080381421867008
1270080219278446603
1270080191428206598
1270080146016317442
1270080066060517381
1270080046418595840
1270079976583442434
1270079909243871238
1270079804814118920
1270079582121721863
1270079551742382080
1270079542900609025
1270079457198510081
1270079264826601473
1270078892578136066
1270077975078113280
1270077820807417856
1270077773055434755
1270077608332374018
1270077542871871488
1270077417806114819
1270077295466876930
1270077244157898757
1270077148292931590
1270077093846622214
1270077083750821889
1270076880717254657
1270076807534927872
1270076739008499713
1270076669030785026
1270076648843407360
1270076482711220225
1270076378914918400
1270076352465641473
1270076334602059777
1270076269561032704
1270076221901037568
1270076155505381383
1270075996704698368
1270075921496768512
1270075872502923264
1270075832556388352
1270075806702809091
1270075746648653825
1270075496265428992
1270075463235493888
1270075461171924992
1270075422634434560
1270075361498329090
1270075341785018368
1270075228388024320
1270075196842663943
1270075055633059842
1270074905724239872
1270074650656075776
1270074599837966336
1270074559769665536
1270074494221082624
1270074372418568192
1270074366521257984
1270074031924850689
1270073968331022337
1270073893022314499
1270073868061831168
1270073824323735553
1270073743805689861
1270073712906326017
1270073623081037826
1270073607490883589
1270073523684474885
1270073381837246465
1270073110121906178
1270072998331060224
1270072969482690563
1270072770332897280
1270072724312993793
1270072657350926343
1270072554020102144
1270072398398685184
1270072376919719936
1270072363703468033
1270072326885748736
1270072247684943872
1270072202826784771
1270072152843304960
1270072135197679617
1270072122962919424
1270072075139649537
1270072071247323137
1270072003937042432
1270071905584689153
1270071896902709250
1270071804267200520
1270071619369799681
1270071574327103490
1270071562817978370
1270071378251841537
1270071358811066368
1270071250015133696
1270070850243485696
1270070781909688326
1270070591584755719
1270070192660516865
1270070115493646341
1270070042747719680
1270069882684506112
1270069852070240261
1270069592224935937
1270069370815799298
1270069353170567168
1270069346652450816
1270069179740237824
1270069127739105287
1270069103273730051
1270068921161433090
1270068899929866242
1270068840420892674
1270068832871370755
1270068788109758470
1270068698062127105
1270068666923704320
1270068657989828611
1270068520437469184
1270068480088383489
1270068382113595397
1270068268099940353
1270068221178253314
1270068165934866434
1270068082283872261
1270068005326684170
1270067998540193794
1270067962091761664
1270067794399432704
1270067684332285953
1270067539154878464
1270067389762351106
1270067334737047552
1270067243804700675
1270067210246131712
1270067122908073985
1270067120894889989
1270066970747117568
1270066795353759748
1270066588985839619
1270066503925116928
1270066485101281280
1270066377467080713
1270066259355488257
1270066133778006016
1270065828805763078
1270065690284703744
1270065475309854721
1270065475276410881
1270065285249355777
1270065178130829314
1270064496783110144
1270064430911348739
1270064344454356993
1270063303742480385
1270063120271040513
1270063029078470656
1270062965673295873
1270062947411169282
1270062871766945793
1270062840196608000
1270062759791624192
1270062293729058816
1270062261697216512
1270062230114107393
1270062150044643328
1270062143824486407
1270062113994596352
1270061980104060928
1270061977658953730
1270061868573474821
1270061444441219072
1270061237813067776
1270061198671851520
1270061102412566534
1270060937668689921
1270060883193073665
1270060576291651588
1270060561208877057
1270060484306354184
1270060426026536960
1270060060694151171
1270059884927520768
1270059861204561921
1270059645139386368
1270059612922732545
1270059597391413251
1270059517464555521
1270059245199712256
1270059223905267712
1270059197187514369
1270059144880377856
1270059054879014912
1270058494243323906
1270058464941871104
1270058462735523848
1270058310385819650
1270058253993590786
1270058251497820160
1270057937847779329
1270057856331419648
1270057612214562816
1270057405666201601
1270057329828847616
1270057311172608000
1270057299281920000
1270057144746823680
1270056932074614784
1270056922151104512
1270056592038342657
1270056528419205122
1270056502204588034
1270056488933957635
1270056483301064709
1270056300219641858
1270056139812560896
1270056124771860486
1270056098981126145
1270056006555320320
1270055950511005696
1270055910367547393
1270055902079574016
1270055900372365312
1270055495840133120
1270055487938101249
1270055420057382912
1270055264113303552
1270055071372341248
1270054480126652419
1270054456575569922
1270054431162318849
1270054197061271552
1270053934049054720
1270053656973332481
1270053562286891010
1270053483295768579
1270053295952781312
1270053295772532737
1270053286117363712
1270053190315077633
1270053156173393920
1270053119976591360
1270052991022686211
1270052979991695360
1270052791684263936
1270052745823707137
1270052723283636231
1270052594228944898
1270052443490000898
1270052384744640518
1270052298484518914
1270052266796515328
1270052162932846595
1270052121925365760
1270051764662759424
1270051404585959424
1270051362986962944
1270050983570141184
1270050966738538496
1270050954486874113
1270050720675278848
1270050703881523201
1270050570632486912
1270050548193071104
1270050250351243270
1270050239572041731
1270050124228509697
1270049969102368769
1270049869076594704
1270049836285526017
1270049633482543105
1270049546937262082
1270049443820298240
1270049328032354305
1270049306385371136
1270049063526785024
1270048779832418306
1270048735440113669
1270048721674403851
1270048720378347520
1270048656050323456
1270048514362540034
1270048244928782336
1270048238800760832
1270048231993552897
1270048118797721606
1270048103102664709
1270048040292769792
1270047920239214592
1270047880737218561
1270047796092112896
1270047709270102017
1270047523756036096
1270047438137688066
1270047283686649857
1270047214652534785
1270046970560811009
1270046837865541632
1270046588979875840
1270046478078099459
1270046371282853888
1270046228194250753
1270045444509282304
1270045425320542208
1270045189025873920
1270045140657332228
1270044900264902660
1270044746950610946
1270044482495320064
1270044435452215299
1270044296561950721
1270044102483218434
1270044101317210112
1270043891069222920
1270043875323904001
1270043805501325313
1270043520745824257
1270043516236955649
1270043513816842240
1270043491410817024
1270043483093467138
1270043431251800069
1270043406794813444
1270043159263875078
1270043134609637376
1270043092545081349
1270043051910668288
1270042718895591427
1270042592282128384
1270042488154271751
1270042454008438785
1270042372789940225
1270042225510985729
1270042107869265925
1270042035089633289
1270042010229997568
1270041982551961600
1270041946283634690
1270041868089335818
1270041733506703360
1270041618587009024
1270041505319784454
1270041336851423232
1270041281947975681
1270040818578046983
1270040815600046080
1270040755399127040
1270040740442357762
1270040711207907334
1270040588348542976
1270040448883556352
1270040406223454210
1270040025489649665
1270040005604454400
1270039473405997056
1270039191632646144
1270039057347891200
1270038980877332480
1270038923712987136
1270038752547631106
1270038734415724546
1270038708658544640
1270038654673735687
1270038539951104000
1270038525098913796
1270038285616906242
1270038245645193217
1270038035456053249
1270037810167328768
1270037747743494146
1270037408030117892
1270037400992055298
1270037102948802560
1270037097290792961
1270037096049324033
1270037036070662144
1270037027640283139
1270036909281234956
1270036796244553728
1270036595681431552
1270036388520570882
1270036285969793025
1270036006012694528
1270035963759095808
1270035782623883277
1270035748608065541
1270035741683441671
1270035669457534978
1270035632983879683
1270035392985792512
1270035375705206785
1270035372785807360
1270035236571791366
1270034923399909384
1270034854558785536
1270034725164351488
1270034631727906823
1270034620302704641
1270034464928935938
1270034331457724423
1270034249773654024
1270034213207715841
1270034117162405889
1270034004067020802
1270033960723251202
1270033845253963776
1270033760495570945
1270033650592051207
1270033420807258112
1270033313332432905
1270032955386322944
1270032876311019526
1270032778277670912
1270032770048438274
1270032714318647300
1270032641862049794
1270032501189283840
1270032236012802050
1270031936610844676
1270031724831895553
1270031705189969923
1270031533865394176
1270031249957179392
1270031175889948674
1270031104788103168
1270031099360694283
1270030894129168384
1270030566847586304
1270030522069192704
1270030296927416328
1270030292066152449
1270030208108724224
1270030117557985282
1270030048255500288
1270029833234415618
1270029643018616832
1270029568716558337
1270029564048281603
1270029538316226561
1270029452697878530
1270029285735227394
1270029254131146753
1270029147503579141
1270029078373052416
1270028804434599936
1270028686973194242
1270028680513929217
1270028672259538946
1270028601354747908
1270028262270517249
1270028217236234242
1270028146792947721
1270028047379505153
1270027773134938112
1270027731191939073
1270027369848483841
1270027366144921601
1270027222691254272
1270027050305359872
1270026737854877698
1270026315685478402
1270026220147806209
1270026188233289729
1270026044138029056
1270025921202991104
1270025816580161536
1270025769398517772
1270025681951494147
1270025417777438722
1270025392280219651
1270025307928571904
1270025264995749893
1270025169919078401
1270024936963350528
1270024884588961792
1270024879123955713
1270024537615273985
1270024046772617217
1270024025218207744
1270023958654586880
1270023942279966722
1270023931920035840
1270023899472777218
1270023659537735680
1270023567682519042
1270023462917210115
1270023223837626368
1270023167436894212
1270022943536558080
1270022931276615680
1270022889492930560
1270022874301169664
1270022781883703296
1270022580074938370
1270022551184519168
1270022535153946627
1270022361547526147
1270022326755737600
1270022213736038402
1270021939210452993
1270021882356645889
1270021671609446400
1270021505166872577
1270021317316825088
1270021189252022272
1270021085245968387
1270021050873544708
1270021042656948225
1270021028098576384
1270021013879705604
1270020998096699393
1270020928626450433
1270020907818528768
1270020888562479105
1270020793355784192
1270020722887471104
1270020607795531776
1270020596856832000
1270020559028412416
1270020453160157189
1270020308452495360
1270020254475751433
1270020231767789568
1270020183076175874
1270020097017610241
1270020064939573249
1270019874685935619
1270019844004610050
1270019793530302465
1270019389111189508
1270019168264388612
1270019152351236096
1270019026312298496
1270018974340833280
1270018947849519104
1270018828249038848
1270018729150160896
1270018724058275840
1270018690021556230
1270018635290095618
1270018525244030979
1270018506361167873
1270018446277767169
1270018175170752514
1270018147576406016
1270018141242957824
1270018065066065921
1270018034892185600
1270017973978365952
1270017875529457664
1270017847905914886
1270017844890218496
1270017781132558336
1270017773108957186
1270017643739860994
1270017576190558214
1270017505952751617
1270017421991182337
1270017385030967297
1270017273915375617
1270017174330097670
1270017018822037509
1270016873917267970
1270016725925474304
1270016675308621824
1270016516159942657
1270016445200490496
1270016367308111873
1270016364581797888
1270016327642755072
1270016012369506307
1270015963421986816
1270015836519006208
1270015797877002242
1270015711491100672
1270015666125488131
1270015602850246656
1270015446050377728
1270015380833083393
1270015368367661057
1270015336834875400
1270015035302166530
1270015026603200513
1270015021221896193
1270015001005260800
1270014948215672832
1270014833610686466
1270014804858716160
1270014631214493701
1270014507553865729
1270014391371673601
1270014286962626560
1270013890055876608
1270013843343732737
1270013594948730880
1270013492431663106
1270013483946573833
1270013412429332484
1270013364165472256
1270013322939621377
1270013251158519815
1270013250739023874
1270012984660758528
1270012762463170560
1270012065210605570
1270012006821756930
1270011968620040192
1270011926916055045
1270011726004510721
1270011688515809280
1270011672372162561
1270011396215001091
1270010955129393154
1270010837869223939
1270010499200057347
1270010420703776775
1270010296371941378
1270010170815516672
1270009911477485569
1270009814156967938
1270009589593858048
1270009522317176832
1270009516621312001
1270009439186190338
1270009418239873031
1270009252023803905
1270009068464361472
1270009042497425410
1270008959395651585
1270008880014254082
1270008805485576193
1270008621124980737
1270008201090654210
1270008167783686144
1270008131871928320
1270007933082820610
1270007890301116416
1270007834646888448
1270007811183910912
1270007714723364864
1270007621899055105
1270007557747343364
1270007429883998213
1270007380756045824
1270007333867917313
1270007290272403458
1270007286409420800
1270007028254224388
1270007023871111170
1270006975204655105
1270006800507682819
1270006764923244545
1270006711860985856
1270006700251086850
1270006689324953601
1270006616511913991
1270006587319554049
1270006539168948225
1270006506063306752
1270006468541140992
1270006263699521542
1270006008929288192
1270005947771969541
1270005794868690945
1270005690757779456
1270005690246053890
1270005439812362246
1270005130826563586
1270004933643980802
1270004805151285250
1270004420596678659
1270004354226012162
1270004345069809671
1270004241936113664
1270003864935247873
1270003661754765313
1270003637528473601
1270003543215407104
1270003522751344640
1270003470439985162
1270003384788021248
1270003242294968322
1270003188368904192
1270003146098651137
1270002743424450560
1270002707072462849
1270002651359559682
1270002509076201474
1270002374929760257
1270002334366609414
1270002063360000001
1270002060084289538
1270002016622870528
1270001923895197697
1270001914428751873
1270001880530370563
1270001832413233152
1270001824611721222
1270001806408638466
1270001800561569797
1270001743292764160
1270001733268316162
1270001563369648128
1270001371392217088
1270001349330006019
1270001213208223745
1270001155179872256
1270001124246867968
1270001050724990976
1270001034484609025
1270000719123361794
1270000459504324614
1269999947069493248
1269999865142050816
1269999613869686786
1269999528595402755
1269999399603548161
1269999382612422656
1269999287393542144
1269999161748971520
1269999160410898432
1269999140156686336
1269999082598211585
1269998909373513731
1269998536554397696
1269998454438334467
1269998394442997760
1269998267963772929
1269998215924977670
1269998087587508231
1269997883811663874
1269997670459981830
1269997620145065984
1269997598011731968
1269997587710586881
1269997524934369280
1269997374983811077
1269997336358457344
1269997301474476034
1269997126865555460
1269997001627914240
1269996874968301568
1269996850809131008
1269996680616849409
1269996664644870145
1269996544087871488
1269996497887801347
1269996483622973445
1269996449003012097
1269996354035744770
1269996325359235074
1269996228571512832
1269996070064607237
1269995839549825030
1269995759535099904
1269995717067542528
1269995515351044098
1269995424540053505
1269995370026635265
1269995368344727555
1269995314443927552
1269995126266433538
1269995118129557507
1269995035019395074
1269994942945951744
1269994865783382023
1269994805926518784
1269994402568691712
1269994396235304960
1269994389381709824
1269994012884246530
1269993998661423104
1269993951425167361
1269993921733689350
1269993779060072448
1269993727344377856
1269993655445553152
1269993654631845893
1269993612302925824
1269993570188091392
1269993349408264192
1269993095988469760
1269993062928957446
1269992590000168962
1269992587701530625
1269992545666445314
1269992489760497665
1269992275930644482
1269992265197465601
1269991902104829958
1269991753022464002
1269991289812115458
1269991129061232643
1269991026497916937
1269990986400313349
1269990787372154880
1269990552927428611
1269990515346415628
1269990505095614469
1269990452440305669
1269990424040689667
1269990341215752193
1269990165327630337
1269990036927205376
1269990023207751682
1269990014085144579
1269989943058640896
1269989462043496448
1269989359257870339
1269989278487961604
1269989156270280704
1269989124716597248
1269989071625105410
1269988982881783808
1269988873691693057
1269988710206054400
1269988710063443968
1269988578949545987
1269988436284497925
1269988417678516227
1269988279560085504
1269988139759796226
1269987997249912833
1269987487725883392
1269987334583463938
1269987178282717188
1269987103896678400
1269987079259332611
1269987073081192449
1269986942940262401
1269986738950279169
1269986701126049794
1269986682163642368
1269986530782781443
1269986362847084544
1269986340461928448
1269986308102991872
1269986292718350336
1269986267208400896
1269986159146475522
1269985979172925442
1269985656798879744
1269985569930698753
1269985488120819715
1269985432122482688
1269985365231833091
1269985335968235521
1269985206729093120
1269985185828831232
1269985067775885312
1269985043948007424
1269985032120045570
1269984917301137410
1269984646986559493
1269984546847690752
1269984462642741248
1269984311169736705
1269984265275572224
1269984154244046849
1269984138741846017
1269984067497398273
1269984065836453888
1269983967421386752
1269983676743454720
1269983661497212928
1269983400825245697
1269983336933535746
1269983123728740359
1269982957370068993
1269982894065430530
1269982874314444800
1269982526040399872
1269982388597202944
1269982211190796288
1269982196405637121
1269982009381785600
1269981904520073222
1269981887830908928
1269981737842597893
1269981689494884354
1269981630975918080
1269981571974660096
1269981560679337985
1269981492056403971
1269981420535140352
1269981324695265282
1269981249382354944
1269981246395944966
1269981203375022080
1269981094138515456
1269981011791708162
1269980774448730112
1269980602218004480
1269980526452113410
1269980488422342656
1269980486492921857
1269980242443227136
1269980205352804356
1269980196465238016
1269979595228528640
1269979354546737157
1269979297676214272
1269979245092225024
1269979104641552384
1269978989759791105
1269978969669066753
1269978962253557760
1269978802295312385
1269978789725057024
1269978718220492800
1269978670225068033
1269978657616994306
1269978638402846725
1269978562414641154
1269978446106710016
1269978334672433156
1269978181328613377
1269977952953012224
1269977880227971073
1269977594277122048
1269977345844219910
1269977308410056704
1269977300000477185
1269977292140433409
1269977253166944256
1269977166021885952
1269977066256175105
1269976876136742912
1269976511400103939
1269976415266639872
1269976402918617090
1269976211851055105
1269976176774139906
1269976057802784768
1269975933005545472
1269975719129604097
1269975486098296834
1269975346796883969
1269975263141597189
1269975171147931649
1269975037542572033
1269974977748652033
1269974956592553984
1269974906747437056
1269974768524156929
1269974763339988994
1269974396694904833
1269974097645260801
1269974059502039042
1269973942950912000
1269973789095481351
1269973727393046534
1269973545494482944
1269973537692909568
1269973450996641795
1269973447410700289
1269973147589251072
1269973043603857408
1269972942831718401
1269972887525634049
1269972805308874758
1269972452584677376
1269972420397600768
1269972171658534913
1269972147339882496
1269972136413794304
1269972075080540161
1269972045175160832
1269971781747650560
1269971637400514561
1269971570971365377
1269971322341404672
1269971296353427460
1269971221275275264
1269971217307459584
1269971083391897601
1269971072104804352
1269970922905141251
1269970861659795459
1269970819729494018
1269970760224985088
1269970638736887810
1269970543614349312
1269970429441191943
1269970260070817793
1269970257491513346
1269970249727827970
1269969956596256769
1269969701188145153
1269969342088638464
1269969231229190145
1269969114589810691
1269969076639547393
1269968826998886401
1269968825388281857
1269968777732476929
1269968772686897159
1269968617359249410
1269968485750378497
1269968349842341888
1269967946627133440
1269967808626130944
1269967778255077382
1269967535300018176
1269967457558712320
1269966751174926346
1269966650016661504
1269966550209114114
1269966498681901056
1269966485587406848
1269966064655511552
1269966025530978304
1269966017012400128
1269965999270436864
1269965900838580224
1269965629601337344
1269965622915600384
1269965598206734337
1269965570075774976
1269965447291641858
1269965405885550599
1269964488616357890
1269964408714866688
1269964336463859712
1269964301625815040
1269964071836831748
1269964067491516418
1269963921257050112
1269963765866549249
1269963709859852289
1269963629199319041
1269963548790190088
1269963517140107264
1269963498664198146
1269963114121814016
1269963106366578688
1269963023550210048
1269962925822877696
1269962800987803649
1269962713125584900
1269962615872249856
1269962564038995969
1269962534330732550
1269962482669375488
1269962359142932480
1269961985527029766
1269961874659069958
1269961859261771776
1269961636980428800
1269961489546457088
1269961462367219714
1269961449474007049
1269961297245822976
1269961287993159681
1269961176764604422
1269961001165885440
1269960573292290048
1269960399396442118
1269960299702095872
1269959809006047232
1269959795429142528
1269959717700472833
1269959645369679873
1269959408064307201
1269959406365470720
1269959365093732352
1269959358328246272
1269959068963213312
1269958792789123078
1269958502849449985
1269958496071700480
1269958471853768704
1269958337564729345
1269958291209281536
1269958244384092163
1269958211982905348
1269957936924823559
1269957555528359937
1269957407213412352
1269957404525027329
1269957292893573120
1269957211096330242
1269957175033630725
1269956878362185731
1269956777501753344
1269956766319742978
1269956699609346048
1269956600099295232
1269956252437827584
1269956150251925506
1269956059893907457
1269955802888114182
1269955390206357504
1269955350481915904
1269955068809424904
1269954823463383040
1269954779238797312
1269954657478217728
1269954233186607104
1269954143713624064
1269953673112756226
1269953481491841024
1269953466371174402
1269953372976746496
1269953240935907329
1269953042360778753
1269952946956988416
1269952858599895045
1269952075204616194
1269951939841679361
1269951883432603649
1269951653911973888
1269951250918977536
1269951211781763074
1269951206060851200
1269951148573831169
1269951074863140865
1269950848198750213
1269950831748616192
1269950658070937601
1269950355086983168
1269950329849884672
1269950261306556416
1269950147108179968
1269950143522131971
1269949917344280578
1269949854161100800
1269949734464245761
1269949469438513152
1269949320931037188
1269948730041565188
1269948524738691072
1269948490479734786
1269948385483784198
1269948382371557376
1269947683160162307
1269947657742618624
1269947355870244866
1269947272487452676
1269947023165476866
1269946824309313541
1269946807653666816
1269946594733875202
1269946163064532993
1269945820218081280
1269945798185402379
1269945768032505858
1269945524670664705
1269944929452728322
1269944511763034113
1269943915060305920
1269943163730513920
1269943092532047873
1269942694467510272
1269942578532712450
1269942489500311552
1269942348064206850
1269942223543635971
1269942219177222146
1269941988134182913
1269941834542977025
1269941092998434820
1269940909682184193
1269940850701881344
1269940832980725761
1269940742631288832
1269940617318141953
1269940498875252737
1269940038139129857
1269939705577160704
1269939496885329920
1269939121755164672
1269938810768560128
1269938514877018112
1269937655472685056
1269937597406724098
1269937519249981440
1269937436349644800
1269937094681595908
1269937049085317120
1269936776438845440
1269936554660646912
1269936323885924353
1269936023330525184
1269935894741626880
1269935546224136193
1269934987739951105
1269934800216838144
1269934698991620096
1269934641621983232
1269934615457869824
1269934331297841152
1269934126502682625
1269934098891501568
1269933973708451840
1269933750776926209
1269933705210015744
1269933534719942663
1269932523175514113
1269932309718933506
1269932301347106823
1269932179766874112
1269931861754642432
1269931594887892993
1269931480924340224
1269931465686597632
1269931366612951042
1269931282550718464
1269931131186696197
1269930783680221185
1269930497448255490
1269930160305946626
1269930130102722560
1269930078152114177
1269929997839433728
1269929854327115780
1269929746726555649
1269929450596175872
1269929196786073600
1269929196748333056
1269929021598511108
1269928527983329281
1269928483742011392
1269928310114525186
1269928195769303041
1269927958749294593
1269927901509582849
1269927892064010240
1269927764150423558
1269927748199493632
1269927634726682626
1269927582134423552
1269927349669289984
1269927321953112064
1269927222489554944
1269927217674571777
1269927046454575105
1269926693420052481
1269926431703871488
1269926255249354752
1269926049623748613
1269925754256658432
1269925058425864192
1269925008245231617
1269924982592802817
1269924904889131008
1269924851940298752
1269924814107693057
1269924799544987652
1269924544468389889
1269924223209877506
1269924029567246337
1269923740265197569
1269923551286607874
1269923432721985539
1269923397963669505
1269923391970045953
1269923078202630150
1269923020652437504
1269922901727285249
1269922757309083648
1269922722123038729
1269922554866794496
1269922336595234817
1269922054662488064
1269921931949735937
1269921469351497729
1269920928110014467
1269920273400320007
1269920257709346823
1269919704392572930
1269919518786289664
1269919026156834819
1269918939045339137
1269918604843253760
1269918462052306944
1269918299879546880
1269918152370139137
1269918012624248833
1269917671992279040
1269917451082399744
1269917423160963073
1269917365925556224
1269917034516791305
1269916821013979136
1269916745331912705
1269916699492564994
1269916684191772672
1269916579472371712
1269916510165729280
1269916326954512386
1269916146855223298
1269915867254525952
1269915721598984192
1269915697813106689
1269915233394593793
1269915198623756288
1269914957497331712
1269914824600768512
1269914762491691015
1269914647672451072
1269914551002124288
1269914361759510541
1269914301034311682
1269914202317025280
1269913989187694592
1269913762338750464
1269913709033463809
1269913680726175745
1269913663646900224
1269913527080321029
1269913501281079296
1269913434327592962
1269913237992038400
1269913126717227008
1269912993535582208
1269912673799397376
1269912648872796160
1269912519348326400
1269912516920033280
1269912152501923840
1269911735349231622
1269911713102680064
1269911631603130368
1269911569783091200
1269911518201577474
1269911354456125440
1269911319156834304
1269910852242747393
1269909924554969089
1269909699903684608
1269909193026387968
1269909173149589505
1269909169886371840
1269908876222054401
1269908730965110785
1269908653529878529
1269908339129036800
1269908272485552130
1269908032252715008
1269907609022132224
1269907388640792576
1269907068506591234
1269907030036209666
1269906812813185025
1269906781028986880
1269906707527983104
1269906545564807168
1269906157079912448
1269905658138296327
1269905605785014273
1269905604576976898
1269905570250670085
1269905559672836096
1269905541737873408
1269905529192792064
1269905439103184897
1269905318898593793
1269905278788657154
1269905222819893248
1269905187050795008
1269905114438893568
1269905100631412736
1269905080087691265
1269905003747012608
1269904573726146560
1269904214320431104
1269904088369676291
1269903350348181504
1269903243611643905
1269902905537990657
1269902782762496002
1269902760566112256
1269902708187770883
1269902628151910402
1269902289310896128
1269902266070216710
1269902230838284288
1269902054652166146
1269902018589540352
1269901929066291201
1269901840210149376
1269901578909044739
1269901527596052480
1269901315208929281
1269901201635713024
1269900936748597248
1269900753210089472
1269900727167660032
1269900705344651267
1269900696104517632
1269900655361241088
1269900577422499840
1269900522657628161
1269900013968035842
1269899931340292096
1269899918308593664
1269899779347058689
1269899744576446465
1269899586539307010
1269899481207590913
1269899325460660225
1269899268015288320
1269899157852086274
1269899117267845120
1269899013488336896
1269898904545275905
1269898748035043329
1269898562135089153
1269898236099063808
1269898118843084802
1269897984604545024
1269897953507864577
1269897736750432256
1269897469602627584
1269897036482166785
1269896960326205441
1269896766398267394
1269896702670102529
1269896625679470595
1269896581677027328
1269896535036145670
1269896360813367296
1269896339128606720
1269896072307961857
1269895998924632065
1269895872978071557
1269895818204545026
1269895545448886277
1269895134407094272
1269894842718527491
1269894535909261312
1269894448059691008
1269894436953247744
1269894420666609665
1269894166458150913
1269893982378754048
1269893967245533189
1269893737183764483
1269893597354012672
1269893428281778177
1269893423269478400
1269893266826297346
1269893217690017798
1269893139185037313
1269893007320313856
1269892902496481280
1269892891884679168
1269892213716119552
1269891755438157825
1269891641923469313
1269891637267873793
1269891621895778307
1269891196148568064
1269890293131808770
1269890286752337921
1269890262559363073
1269890194112688128
1269890184268701696
1269890158192504834
1269890108913827843
1269889840939765767
1269889373732028416
1269889351040860163
1269889046874066945
1269888875394105348
1269888601929551872
1269888579905433601
1269888557931540480
1269888505678901248
1269888405808140288
1269888309511294977
1269888298790633475
1269888209112236032
1269888151511842816
1269888112194285568
1269888093793837057
1269888023648403456
1269887704621297665
1269887629748776963
1269887509808496640
1269887472177016833
1269887407073214464
1269887333727272960
1269887100515692546
1269887096275243008
1269886912518488064
1269886887243714566
1269886712207020032
1269886339534610432
1269885257702137862
1269885101208481794
1269885090345046017
1269884486377930752
1269884032185221120
1269884029584715777
1269884026673868800
1269883685681139718
1269883252606713856
1269883028756545537
1269882081938563072
1269881928855031808
1269881781903335424
1269880998285783042
1269880753795371008
1269880728549982208
1269880727157403650
1269880724682715136
1269880712892686337
1269880610740461573
1269880521934409739
1269880249002721281
1269879739310891008
1269879716267335686
1269879596826140674
1269879075159638016
1269879013943545856
1269878999335022592
1269878747618054144
1269878742169473024
1269878370747035649
1269877783708262402
1269877329700012032
1269877296975888386
1269877188217778176
1269877125374521344
1269877056797622277
1269877052917731328
1269876836688789509
1269876775686934529
1269876676134973441
1269876606010634240
1269876490507870209
1269876479355047944
1269876385662656512
1269876230293204992
1269875952764416000
1269875740671008769
1269875647335108608
1269875368674164736
1269875344787468288
1269875294988451840
1269875218295648256
1269874908093231104
1269874789700841474
1269874671400321024
1269874547941085184
1269874493855379456
1269874139071987712
1269873902488113152
1269873415579713537
1269873405773430785
1269873383816269827
1269873342347194368
1269873309958705152
1269873145323847680
1269872942671937538
1269872891207847936
1269872785267937281
1269872562504372229
1269872551540322305
1269872525028126721
1269872471571914752
1269872467222249473
1269872458565214208
1269872056121749504
1269871924194299904
1269871920293588993
1269871794808225794
1269871606517596161
1269871578948366336
1269871577278976000
1269871437004693504
1269871320000606209
1269871219320459264
1269871100378243075
1269871069097267202
1269870778981498881
1269870526886842370
1269870458276466688
1269870299056504833
1269870117103349761
1269870039684923392
1269869964313243649
1269869863876661255
1269869712243974144
1269869681415864320
1269869615116480512
1269869573886574593
1269869195170320384
1269869139142688769
1269869056129187841
1269869004832731136
1269868902172905472
1269868898448359424
1269868873215430657
1269868754273533952
1269868579161346049
1269868532529082369
1269868226990575616
1269868216840577026
1269868122623938560
1269868121516584967
1269867988980830208
1269867945393418241
1269867772449677312
1269867709468213248
1269867577905500160
1269867551464419328
1269867282877911040
1269867156092489728
1269866804131708928
1269866747298971648
1269866649026465792
1269866287070613506
1269866036280520705
1269865806159949825
1269865738119999488
1269865683011006470
1269865630225723393
1269865438130946048
1269865358850052097
1269865348033101829
1269865150653304833
1269865111788937216
1269864976270925824
1269864876882767873
1269864782628376576
1269864607537127424
1269864470656028672
1269864218196692993
1269864143848423431
1269863583858466818
1269863478187212800
1269863426844696577
1269863366312501248
1269863305918779393
1269862744506789888
1269862512662507521
1269862173687373824
1269861523326824452
1269861494629339136
1269861352366993408
1269861008773992449
1269860778800185345
1269860759812501506
1269860660730646529
1269860503540523008
1269860453200486401
1269860333956497408
1269860096886087680
1269859975700103169
1269859942833573888
1269859854132244481
1269859637865730048
1269859611760300032
1269859472144568320
1269859282629132288
1269859269941362688
1269859191721779200
1269859109358239746
1269858844869398528
1269858803018694661
1269858739219300352
1269858657132478464
1269858642909474817
1269858421735591936
1269858395076661250
1269858224766775297
1269858061650464769
1269858061612658689
1269857581758963714
1269857221644615682
1269857178401243138
1269856894732165120
1269856745351819265
1269856399695024128
1269856369403928576
1269856322914320386
1269856221361651718
1269856051613937665
1269855950556389377
1269855901491490816
1269855285658685441
1269855055244431360
1269855010302709760
1269854859202670593
1269854859001552897
1269854587873345537
1269854521926324224
1269854161081860096
1269853931150155777
1269853884098347008
1269853825101414400
1269853541176410112
1269853540526194688
1269852860327636992
1269852703179464704
1269852646086569986
1269852448342134790
1269852350564503552
1269852252136669185
1269852187418595328
1269852174865108992
1269852169282428928
1269851959898636288
1269851957944102913
1269851334452359168
1269851263686057985
1269851252684468225
1269851146962771968
1269850671269974016
1269850308299104256
1269850275654832128
1269850060130418690
1269850034432065536
1269850008204926977
1269850007538204672
1269849712825217024
1269849165795909639
1269849019607445504
1269848941916499969
1269848719215607814
1269848672013037568
1269848568824606720
1269848518820323328
1269847988626579456
1269847634442719232
1269847198532943874
1269847097471152128
1269847083693019144
1269847013991968769
1269846462118203392
1269846289384079361
1269846192072073217
1269845638608572416
1269845404901769216
1269845305115021318
1269845272164814848
1269845228841848832
1269845218418995202
1269845062789271553
1269845002005254145
1269844997706338304
1269844910670135296
1269844902835339266
1269844877161922565
1269844640150114304
1269844639017820161
1269843818540605440
1269843811963977729
1269843742258860032
1269843709471756288
1269843206629441536
1269842908166922240
1269842777371807749
1269842714306113536
1269842612934017024
1269842321056636928
1269842100784369664
1269841717903216641
1269841395134525444
1269841349144084482
1269841242889699328
1269840903625232385
1269840796825587712
1269840773966594048
1269840599097753602
1269840296759590912
1269840092966739968
1269840002449432576
1269839594763108353
1269839582226415617
1269839374679568385
1269839364022042625
1269839192051183617
1269838932302106626
1269838814396084224
1269838653880020992
1269838517473030146
1269838493741531137
1269838397226528768
1269838137989009410
1269838133845200896
1269838017839034369
1269837958472822789
1269837813509427201
1269837388064403456
1269837289909186561
1269837063085527041
1269836848265752576
1269836668917501955
1269836480085667840
1269836252985131008
1269836241916383233
1269836236065128448
1269836213336379399
1269835882787373056
1269835274957271040
1269834655018164225
1269834623107969026
1269834523635781634
1269834519764439043
1269834211751612416
1269834102548692993
1269834046651146242
1269833968280416256
1269833798025465856
1269833794418364418
1269833640348966919
1269833637295521795
1269833171685826562
1269833116291645440
1269833086365085697
1269833044774576129
1269832637608333312
1269832558151438337
1269832520218169344
1269832471086018560
1269831719298842624
1269831708599291906
1269831621928247296
1269831422925254661
1269831184957276162
1269830887165825026
1269830429433004032
1269830286642155521
1269830269537787904
1269829825931423744
1269829819879038978
1269829636126629888
1269829469000228864
1269829424297410560
1269829316231278592
1269829255073951744
1269829139759939585
1269829120441159680
1269829027423977472
1269828852810833921
1269828689790787587
1269828620157149185
1269828612569563136
1269828516276822019
1269828479287209985
1269828374861688833
1269828199598493696
1269828033269161992
1269827939270623232
1269827684844085248
1269827520502915074
1269827479465865217
1269827325010608130
1269827246706970624
1269827209058975752
1269827192726396929
1269826933224865798
1269826746909630464
1269826730077892608
1269826723039850496
1269826650239361026
1269826534858264576
1269826433276243970
1269826405401088004
1269826391505137664
1269826294943973377
1269826210651086849
1269826184428294144
1269826129587773443
1269826099841650689
1269826048218128384
1269826043432464384
1269826024876863488
1269826014110257152
1269825907541213184
1269825866323943424
1269825835399286785
1269825786598633473
1269825752847069184
1269825700103479296
1269825651319566336
1269825650652852224
1269825579534004224
1269825309551013890
1269825292488658945
1269824993174720512
1269824837687693316
1269824826786668545
1269824629830569984
1269824477791051776
1269824428168241153
1269824390708879361
1269824309012443138
1269824257799798787
1269824231396663296
1269824205169754112
1269824174597435392
1269824139013115904
1269824089532792832
1269823997564329989
1269823805989453824
1269823728969539586
1269823661546131462
1269823514707705862
1269823309639610368
1269823299594289152
1269823253088002048
1269823245680693248
1269823245613703175
1269822850543882240
1269822835570008068
1269822769778364416
1269822711355842560
1269822699045609472
1269822639570333696
1269822515595051008
1269822497068740609
1269822337425174528
1269822330638868480
1269822057082236928
1269821867264802818
1269821790689296385
1269821467610492931
1269821346646839296
1269821282109067264
1269821253520678912
1269821245182410753
1269821192095125506
1269821155617243146
1269820928743092225
1269820866919124993
1269820807212986369
1269820782739406850
1269820187781586944
1269820153908219905
1269819866804039683
1269819587853520897
1269819249192771584
1269819237536632833
1269819030963195904
1269819010088140807
1269818917612126208
1269818879980822533
1269818844530585600
1269818806303707137
1269818221995196416
1269818010749079553
1269817995045429248
1269817896190033922
1269817808507961344
1269817775058452482
1269817716057214978
1269817621257560064
1269817510829993984
1269817277052051457
1269816736355766274
1269816644584509440
1269816637386919938
1269816388723576832
1269816386592952324
1269816329516843009
1269816280359620608
1269816230522880002
1269816073693642752
1269816012284858371
1269815883834241024
1269815143334137858
1269815128494682113
1269815102368251910
1269814877872361473
1269814649677062149
1269814521528492033
1269814441908076545
1269814405971292161
1269814352523165696
1269814344474406912
1269814089922023432
1269814042513858561
1269813973764972547
1269813607484796928
1269813587385765888
1269813490941919239
1269813061675876353
1269812875624734720
1269812817869156353
1269812765171920896
1269812545273159682
1269812511735513088
1269812381053583363
1269812197062053896
1269812162458869760
1269812011656863746
1269811918879035392
1269811901124554752
1269811717908946944
1269811479966089216
1269811325364043778
1269811263397335040
1269811221001310214
1269811158745321475
1269811073126854658
1269810969057910785
1269810922496970753
1269810868579176453
1269810819010826241
1269810681936822272
1269810600676384770
1269810571899273216
1269810452504162309
1269810351958261760
1269810289349988352
1269810285319081984
1269810277173866497
1269810177458372608
1269810160245014529
1269810118654337026
1269809492516110343
1269809402623787011
1269809260726071296
1269809031268491266
1269808809222049794
1269808778955939846
1269808766725369858
1269808608742649856
1269808382636183552
1269808237806850048
1269808234862436354
1269808232375160834
1269808229938323456
1269808227388194817
1269808213400211456
1269808210342563840
1269808206194323457
1269808203375788035
1269808050057236482
1269807878916931584
1269807840761274368
1269807835560521732
1269807731109699586
1269807700394872834
1269807341442084873
1269807320105656323
1269807237817610240
1269807196008779777
1269807056317485057
1269806845402787841
1269806538044125184
1269806226914893831
1269805792250732550
1269805608846254080
1269805364935000070
1269805311315136512
1269804961266839553
1269804913275650048
1269804912616943616
1269804894170611713
1269804791372279808
1269804787085701120
1269804731679100932
1269804618030002176
1269804607728951297
1269804598706888704
1269804361611264000
1269804286797627392
1269804251385077763
1269804234322489346
1269804158493884416
1269803751033974786
1269803745904189442
1269803487535259648
1269803307167395840
1269803152817246209
1269802914534633473
1269802821639159808
1269802743755128832
1269802677950652417
1269802609881296903
1269802473641979904
1269802116618637314
1269802096985083904
1269801710861647879
1269801497635717120
1269801183440506884
1269801155783266305
1269800691620610049
1269800396190515200
1269800275583221760
1269799324898099200
1269799211261784064
1269799106307698688
1269798896131334144
1269798574025515010
1269798568191238145
1269798562621198336
1269798369435713537
1269798357133860872
1269798259117228032
1269798248245583872
1269798205224517633
1269798195615404036
1269798154070786048
1269798030858911745
1269797934683631618
1269797895412289537
1269797892551610368
1269797676809363458
1269797009000628224
1269796869695135745
1269796662702223367
1269796460557504512
1269796366965862402
1269796346577530881
1269796233276768256
1269795940455657472
1269795879617208320
1269795866220597249
1269795666336706560
1269795510568828928
1269795300887142400
1269795146859778050
1269795140622843905
1269795100940480512
1269794994623320065
1269794606700539904
1269794375359438849
1269794370573807616
1269794334272040960
1269794301506183170
1269794200087859202
1269794121306136577
1269794112141766658
1269794100594671617
1269793977286430723
1269793832092065792
1269793746255839233
1269793696213598208
1269793561773346816
1269793523580252160
1269793521268961280
1269793351173386240
1269793191529758721
1269793127264595974
1269793010184847361
1269792727660662785
1269792496713752576
1269792452707262465
1269792249216409600
1269792228278448129
1269792198842818560
1269792166198599681
1269792129443926016
1269792123848663042
1269792098108260353
1269792063056490498
1269791725964402690
1269791433982185472
1269791317787361281
1269791216876564482
1269790904950325251
1269790767960272897
1269790414573391874
1269790388912562178
1269790096724811777
1269790050767851520
1269789918634655744
1269789409748176897
1269789058923810816
1269789035238744064
1269789025784610816
1269788849300889600
1269788809861922817
1269788742925062144
1269788577426223104
1269788558501568514
1269788160575365120
1269788156515188737
1269788118963666944
1269788024994480128
1269787992568332288
1269787892169220102
1269787857826091009
1269787818584412160
1269787702603456512
1269787680897929222
1269787680725925891
1269787658777231367
1269787649369346053
1269787633477173253
1269787620592189442
1269787601424310272
1269787561020526592
1269787538203521024
1269787481328795649
1269787417952870403
1269787346611953664
1269787192840409090
1269787163908083714
1269786982105972736
1269786875050577921
1269786839436722182
1269786757215780865
1269786697027313666
1269786536272375808
1269786464419819522
1269786446401019907
1269786200887513094
1269786165323931648
1269786162455068676
1269786134323879936
1269786073380593664
1269785886549520386
1269785774188306435
1269785764944060418
1269785727887433729
1269785471586099201
1269785391764254720
1269785148561768448
1269784943292329984
1269784884899348485
1269784825474347010
1269784821234110465
1269784765214928896
1269784711943073793
1269784679022026759
1269784675435905030
1269784535975297024
1269784421693042694
1269784348523483138
1269784333327437824
1269784327438643201
1269784219250831360
1269784113801768962
1269784042595065856
1269784035066351617
1269783916250095616
1269783757881577472
1269783693171843074
1269783483125301250
1269783406432391171
1269783355886895104
1269783322235977728
1269783268162965508
1269783250857349120
1269783226538655745
1269783223325859841
1269783130451345408
1269783129977507841
1269782991133425664
1269782818760032265
1269782705304039426
1269782566111936515
1269782256895381504
1269782160233377792
1269781886836113408
1269781566235922432
1269781470043762689
1269781446748667904
1269781438330810369
1269781412414214144
1269781302150082561
1269781231400599558
1269781198009663488
1269781144368603136
1269781128828706816
1269781120591237120
1269781041838821377
1269780927821078528
1269780827220647936
1269780683922128896
1269780468091797512
1269780433602064385
1269780281893900288
1269780276898603017
1269780166504521734
1269780071700738050
1269779867006046209
1269779741130833923
1269779614060216324
1269779410636492801
1269779388855451651
1269779387030921217
1269779173289218049
1269778989570195457
1269778978455379974
1269778785626447873
1269778680412205057
1269778676150751232
1269778668026552324
1269778612498108416
1269778586854187008
1269778546181931010
1269778335996862464
1269778232678608897
1269778168153427968
1269777940843130880
1269777766272118784
1269777609581375489
1269777449421803520
1269777230562914304
1269777210719834114
1269776682711465985
1269776417669156866
1269776382969733120
1269776343165571072
1269776248596828162
1269776229672116225
1269776145114857472
1269776089838206976
1269775968492650496
1269775960754155521
1269775917934620674
1269775833809518599
1269775740523941894
1269775657212534784
1269775631501451266
1269775630322802697
1269775570512023552
1269775450684960769
1269775390970490880
1269775353175818251
1269775314785144832
1269775271818862592
1269775269042294785
1269775147822694400
1269775139291496448
1269775077135904771
1269775047453028353
1269775042092523520
1269775004142632967
1269774958064013312
1269774942700175360
1269774918826295297
1269774855165161475
1269774669214867456
1269774406328422401
1269774342293991425
1269774283980574720
1269774233116176385
1269774155588571136
1269774081009876992
1269774010281230347
1269773971240521729
1269773758543339521
1269773720542945283
1269773668793692160
1269773607061815296
1269773606369755137
1269773431052042248
1269773307219451906
1269773192551436289
1269773140349128706
1269773108136853506
1269772983200972800
1269772967665217536
1269772916473729024
1269772839080558593
1269772722483142659
1269772664220061698
1269772614559465473
1269772462008532992
1269772457600262146
1269772354432925697
1269772184035221504
1269772142603759616
1269772062626807819
1269772053042868224
1269772042158485504
1269771985418100736
1269771786939490304
1269771768635547651
1269771741045223424
1269771654525222919
1269771610451595264
1269771531531325440
1269771436945596416
1269771247317106688
1269771191977304064
1269771132602683394
1269771064499937283
1269771061748432896
1269771020833087494
1269770963354365956
1269770811528921090
1269770733967695874
1269770665890131969
1269770641403772928
1269770607425617922
1269770581349720064
1269770561510674432
1269770462143356930
1269770439875649537
1269770313644101636
1269770304022294529
1269770276071407616
1269770182756651008
1269770159830466566
1269770106445246464
1269769899263406082
1269769839851319296
1269769837112430597
1269769713816604677
1269769694447153155
1269769691439992834
1269769669382156288
1269769623341355011
1269769421838594053
1269769245660860416
1269769026630291456
1269768969726066689
1269768919784525824
1269768911836372992
1269768844421160961
1269768783737925638
1269768525738115073
1269768482708733953
1269768150398074880
1269768002846720001
1269767900518330370
1269767868322848772
1269767825847181314
1269767774991245314
1269767767990796288
1269767593763565568
1269767548993585153
1269767507201732610
1269767318252519425
1269767259636903936
1269766961057148929
1269766902831812608
1269766506230935552
1269766440292421632
1269766314186493952
1269766288521547777
1269766192576765957
1269766168899969025
1269766150440792067
1269766105372848128
1269766069323005959
1269766056924647424
1269765977727619074
1269765683711283201
1269765670046068736
1269765636521168896
1269765353481084930
1269765317435068416
1269765188183445505
1269765163978088449
1269765162099073024
1269765140121038848
1269765080956186624
1269764968662040579
1269764789670219776
1269764574850531328
1269764530978140165
1269764467988054020
1269764448153145349
1269764421389299712
1269764321334214656
1269764233484537857
1269764224860864513
1269764084171505667
1269764039648788481
1269763967343374337
1269763854646546434
1269763789399851008
1269763772316557312
1269763719996698624
1269763471349932034
1269763408586510339
1269763392232816640
1269763309533872129
1269763137085091849
1269763049830875136
1269762988451549187
1269762926874894336
1269762894457122816
1269762883082125315
1269762870042152965
1269762797405167624
1269762636314365953
1269762555725205504
1269762528348975104
1269762386585702400
1269762304410824711
1269762245891940353
1269761998402850822
1269761767363706881
1269761712774885377
1269761679937634304
1269761659654070273
1269761583229603852
1269761495308685318
1269761399628185606
1269761347228753923
1269761335086080000
1269761008597381120
1269760995305684995
1269760841349566465
1269760810802221057
1269760809229594624
1269760483109638144
1269760422229377024
1269760286740840454
1269760232324038662
1269760120126271489
1269760117500764160
1269760047208435712
1269760001549230084
1269759841532174338
1269759833059856384
1269759774058598402
1269759663073042433
1269759623462105089
1269759586140971009
1269759484345417728
1269759444684062722
1269759386777354241
1269759213888249857
1269759155625222144
1269759100235198466
1269759011047395328
1269758809758711809
1269758803748233218
1269758713814036481
1269758677159993345
1269758645635407873
1269758641986367488
1269758577268441090
1269758376893915143
1269758294568009728
1269758198690578432
1269758118759501824
1269758010156597260
1269757870054260737
1269757857572020225
1269757843563036675
1269757777422905344
1269757669855944704
1269757575840530436
1269757390083293185
1269757213515620352
1269757172893835269
1269756856639148033
1269756805132976128
1269756725701246979
1269756705014939648
1269756598877999104
1269756545698533376
1269756433391812611
1269756423577141249
1269756331013091328
1269756302957273093
1269756252831330304
1269756014938726402
1269755903697465352
1269755752870117376
1269755740241178625
1269755578869563392
1269755279513653251
1269755254339403779
1269755185037017088
1269755172642750464
1269755142116478976
1269755127033987072
1269755106993614848
1269755007206699008
1269754785579831297
1269754784950759425
1269754654902104068
1269754540628365318
1269754534320111616
1269754485448093696
1269754352907857920
1269754321467514880
1269754259261870081
1269754159093493760
1269754054558744576
1269753990583066624
1269753970928558085
1269753946886864896
1269753838585573376
1269753739101044743
1269753703868895232
1269753703160053761
1269753661393113089
1269753419754926080
1269753261936050178
1269753252876337158
1269752891365097474
1269752830895800323
1269752782170488832
1269752730098249728
1269752664696541189
1269752635416031240
1269752519745515521
1269752264245346305
1269752047634485249
1269752024192729089
1269751934149365766
1269751812330053635
1269751771934711808
1269751760391979009
1269751514056273920
1269751373777829888
1269751263392157696
1269751252872724483
1269751198325673984
1269751191723900928
1269751131804258305
1269751041609916416
1269751032927498240
1269750930443919365
1269750858557743104
1269750752739643392
1269750732917542915
1269750719860670466
1269750718652653568
1269750664982171649
1269750639019491328
1269750568412577792
1269750394361692160
1269750376103804934
1269750072167641088
1269750046171381761
1269749830055858177
1269749750569590790
1269749694944739328
1269749578078838791
1269749551822405633
1269749422965096448
1269749304584896512
1269749278143942656
1269749258632060928
1269749019322068992
1269748867882463236
1269748835661811713
1269748815281696769
1269748700081016842
1269748336019603456
1269748101356695555
1269748064547471361
1269748060025950215
1269747981399490560
1269747892694155265
1269747787656318979
1269747674871402497
1269747624355213319
1269747573121847298
1269747554222211072
1269747497624170496
1269747333144743936
1269747263519068162
1269746925202538496
1269746809498451979
1269746795116199937
1269746632653975557
1269746603478392832
1269746596184559616
1269746480677564417
1269746474126118913
1269746248321511425
1269746218864869377
1269746134945234946
1269746097406140418
1269745971912683527
1269745926202986496
1269745879105392641
1269745841763258368
1269745769462054912
1269745691858841601
1269744942852616192
1269744786870861825
1269744426106195973
1269744425548361728
1269744344346570752
1269744335337078785
1269744282480660483
1269744155628101633
1269744131942887427
1269744087936241665
1269743852212162561
1269743836533751811
1269743370492051460
1269743275025391616
1269743180309835776
1269743171023572992
1269743161879998464
1269743107165376513
1269742815430553605
1269742737034743809
1269742698921107468
1269742636178554895
1269742435661275136
1269742289158639616
1269742165090922497
1269742105607495680
1269741976188063746
1269741926221148160
1269741922048004097
1269741869459820546
1269741868734205953
1269741592421773314
1269741585081806849
1269741439971233793
1269741438314692611
1269741431330988032
1269741141160796160
1269741061275934720
1269740980879667201
1269740944653500420
1269740933907505152
1269740897203257344
1269740856191389699
1269740798175739906
1269740446277828608
1269740399825952771
1269740307110719488
1269740189611679747
1269740128341241857
1269739971428134913
1269739744168161280
1269739731664986117
1269739640321241088
1269739452513038338
1269739409030516737
1269739338570620929
1269739276729757702
1269739119858638855
1269738897778581506
1269738798625292288
1269738795668140032
1269738779851489286
1269738753037393921
1269738748180381697
1269738622862848002
1269738540759474177
1269738489400229896
1269738332814262272
1269738266669887489
1269738137204461568
1269738072956174338
1269738072511361026
1269737927652884481
1269737753593278465
1269737673985527809
1269737668562374658
1269737654515531776
1269737654121369601
1269737602111778816
1269737390047805440
1269737107376963584
1269737081397444608
1269736999851683840
1269736836001398786
1269736834445324289
1269736760696864768
1269736687258619904
1269736654979371009
1269736621349445634
1269736588809875456
1269736467120750592
1269736422354882561
1269736413261492224
1269736370609799168
1269736303823896577
1269736291631013888
1269736277110214657
1269736131068862468
