1282419227253710851
1282418166103244801
1282417975753158662
1282417578720350209
1282417575318753280
1282417431412183044
1282416835485487104
1282416588436779010
1282416240577769472
1282416190544138247
1282415940462956546
1282415854546636800
1282415767921852419
1282415734350643200
1282415664297324546
1282415441319608320
1282415415981821952
1282415332032839680
1282415221798141952
1282415186817748995
1282414986459922432
1282414883905167365
1282413939377266695
1282413937573744642
1282413875489574914
1282413770095112197
1282413377348763648
1282413024301641728
1282412720021630976
1282412507454410753
1282412244723101696
1282412203803586561
1282412032629903365
1282411978170892291
1282411951767687168
1282411932113186816
1282411888740048896
1282411821891297281
1282411730669203457
1282411729025040385
1282411575840837634
1282411094905102336
1282410987069386752
1282410945197662208
1282410827924946944
1282410755434991622
1282410686115491842
1282410565776871428
1282410059960446976
1282409926988410882
1282409701548781568
1282409322455068672
1282409285675343872
1282409205614252033
1282409080326287360
1282409009543286785
1282408711655284736
1282408548576550912
1282408214626091008
1282408111937126401
1282407777772515334
1282407762056577025
1282407397600800768
1282407275177472000
1282407219418587141
1282407034105651201
1282406934486880257
1282406870624243712
1282406654445854721
1282406649714470912
1282406454683594752
1282406306234548224
1282406223212503041
1282406217625866241
1282406195668701184
1282405913546993664
1282405753429450752
1282405665911107584
1282405600475914240
1282405495865634816
1282405395680628737
1282405379280973829
1282405034152456192
1282405003492077569
1282404729385963522
1282404713367875584
1282404680342147072
1282404620975865862
1282404610917822464
1282404574297546753
1282404554034704385
1282404502558179329
1282404373851758592
1282404165348712454
1282403968883126274
1282403967637622786
1282403590640984075
1282403574664720384
1282403500089995264
1282403431886422017
1282403187052470272
1282403122485264387
1282403047939780609
1282402892289175552
1282402804720635904
1282402684218126336
1282402314943266817
1282402156071415808
1282401946595463169
1282401904363016194
1282401687576227840
1282401422529765380
1282400976284954624
1282400890981281792
1282400497186435072
1282400236090998786
1282400155816214529
1282400079140188160
1282398201350443008
1282397659995664384
1282396764184522753
1282396449003601922
1282396313548738563
1282396302706237440
1282396298205974529
1282395821372104704
1282395462377472001
1282395351643639808
1282394789074415616
1282394482277785601
1282393927287545856
1282393437858181120
1282393276167811072
1282392687937597440
1282392042543493120
1282392002215079936
1282391578565398528
1282390932445261824
1282389374588653568
1282388958819885057
1282388153844805632
1282387959925346305
1282387489538355200
1282387298794057729
1282386738682494983
1282386688103157762
1282386540157636610
1282385446635368453
1282384824666394624
1282384365377314816
1282384182220673024
1282382843977568258
1282382034141405187
1282382028848066560
1282382004269584386
1282382000448368645
1282381914804858880
1282381862409605120
1282381198531063808
1282380257140641792
1282379544058449925
1282379364525436928
1282379133025050624
1282379013986463744
1282376970614046721
1282376940993818626
1282376382975270913
1282375891197349890
1282375253319188480
1282375122691792896
1282375088193433601
1282374679349678088
1282374432934121472
1282374353783599104
1282371308966174720
1282369472154632192
1282369283914436608
1282367503159746561
1282367473593933824
1282367220614598656
1282366444945244162
1282366262497234946
1282365671859421185
1282365120631287809
1282365104365993984
1282364463216295937
1282363882917552129
1282362445621874688
1282362384032559104
1282362086736236544
1282361726202085377
1282361719956942848
1282361416876347392
1282360955469537280
1282358326806712320
1282358213111877639
1282358036141502464
1282357903408664577
1282357724651520000
1282357487627382790
1282357232949133312
1282357082901999617
1282357022449598465
1282356656899162114
1282356519074291712
1282356281416663040
1282356074612436992
1282355580263206912
1282355407613071362
1282355337786466305
1282354968599490560
1282354617628545024
1282354410614595586
1282354259980214272
1282353838331133953
1282353292744503299
1282353101345677312
1282352868113223680
1282352278146514944
1282352262459916290
1282351942241591304
1282351744169771013
1282351649533698049
1282351646996144130
1282351472890396673
1282351388010389506
1282350459018194949
1282350429569982464
1282350118142906370
1282350006075359232
1282349294209519616
1282349083672313857
1282348778553516032
1282348765781921792
1282348687549579265
1282348642028978177
1282348133041582081
1282347793831596033
1282347550268366849
1282347180129476608
1282346423552364545
1282345936765759488
1282345730615709697
1282345309130100737
1282344482499895296
1282344295710810112
1282344060284436485
1282343986208755713
1282343699725332480
1282342993282859013
1282342926601916416
1282342540079853569
1282341730185027584
1282341678792179713
1282339398240043015
1282339267004555265
1282336920278835202
1282335054476214276
1282333950606794752
1282332832531197952
1282332586384060417
1282332390468321280
1282331811016736769
1282331432241770501
1282330146091999232
1282329748014858240
1282329442715656192
1282328092367900677
1282327058618748929
1282327013521489924
1282325774264147969
1282325370344103941
1282325285845626881
1282323732342677506
1282323688893878274
1282323334823387137
1282323025732546560
1282322065702494216
1282321840497549313
1282321679583186944
1282321200056860672
1282320795780423681
1282319238040940544
1282319161037905922
1282319046533419008
1282318654428905472
1282318497264041989
1282318497213829122
1282318481887813634
1282317992509034498
1282317033225388032
1282316854816645121
1282316407657705473
1282316010440228864
1282315737936408576
1282314990645645313
1282314691390431233
1282314272119443456
1282313713521963011
1282313445929553920
1282313202827747328
1282312958358327299
1282310814376972291
1282310615164485633
1282310530590547968
1282308137417138176
1282307779538178050
1282307516337131521
1282307467335159809
1282306497859526656
1282305351354851334
1282305069875068935
1282305038434664453
1282304957790801921
1282304952178810882
1282304794682707968
1282304566541922304
1282304421888536577
1282304355337744385
1282303698501283841
1282303189820354560
1282302717029949440
1282300521051590656
1282300388989964288
1282299996164050944
1282299221278961666
1282298768671436801
1282298693870325761
1282298044189376512
1282293467453038593
1282292537399619585
1282291885793566720
1282291657547948033
1282291640560828416
1282290103143018496
1282288912644427776
1282288523899555840
1282287543732645889
1282287338685558784
1282287238454239239
1282287142027161602
1282286913861283840
1282286671749251079
1282286525506482176
1282286119149682689
1282285320332083202
1282283786420604930
1282282986835255297
1282280753565499395
1282280139590516736
1282277054399107072
1282276156738347009
1282275481933545472
1282274994844835840
1282273886189637635
1282272439507001346
1282268674653597701
1282267181733093378
1282264393330372613
1282263025072984064
1282258986952261633
1282258435808079878
1282255224468656128
1282253810707107845
1282250586180788224
1282249010485624832
1282248759422877698
1282244021075795969
1282242482403713024
1282241988822208513
1282240016891158528
1282238529263869953
1282235257580920832
1282234522092867584
1282233751750270976
1282232108623200256
1282231054888296448
1282228303357779968
1282222778024955907
1282218230581465088
1282216216489127936
1282214606186913800
1282212539309449217
1282211145487532032
1282209767805423616
1282204288748523521
1282203625851363329
1282203507056087040
1282201349225152512
1282200901416038403
1282200528848642049
1282199960570798081
1282193427900268544
1282191839085293568
1282190492936085505
1282190347259478018
1282185425000509441
1282184765676883968
1282182081276268546
1282181781291249666
1282176033270239232
1282175956677877760
1282175891649392643
1282174835221823488
1282173808191971328
1282173338576715777
1282173205742891008
1282172905103728641
1282170052276416513
1282168998365298689
1282168506587332608
1282168391659171841
1282167611829051397
1282165107389276162
1282163546852397057
1282162105181859840
1282160984023588865
1282160099423916032
1282159068589809664
1282158483329019904
1282157158755229696
1282155962338553857
1282155311546208256
1282154451386548226
1282154164164988930
1282153261458354183
1282151595095003137
1282151106685153285
1282149974394966016
1282148714920861696
1282148408497778688
1282148149692375040
1282145601996460032
1282144688997269504
1282141908983324673
1282140876915961856
1282140830178906113
1282139450420551681
1282139180924055552
1282137952492023808
1282137891989270528
1282137689840594945
1282136350687256576
1282136321117622273
1282135445153906690
1282134557974835206
1282133012344381443
1282132362969575425
1282132340945428491
1282132238272888832
1282130614863507457
1282129632528076805
1282128224638636032
1282126787149828096
1282125120396550144
1282124975046975488
1282124929161363456
1282124669236076546
1282124101440675842
1282123044551524352
1282122589478019072
1282120821775822848
1282119987046621184
1282118846783074304
1282117963064250368
1282116734560768000
1282116209723478017
1282116039434743808
1282115632008503296
1282113801601511424
1282113783872188416
1282113608823046144
1282113526031503361
1282113039022518274
1282112762475208706
1282112570472706048
1282110991723970560
1282110075864322048
1282109285963423744
1282108713470492673
1282108158777929728
1282107085812047873
1282105316080058368
1282104912101294080
1282104825140871170
1282101247814717440
1282101191141449732
1282099454619922435
1282098759875297286
1282098275005411328
1282097494596493314
1282096576886788096
1282094869536739328
1282092754554613760
1282091869246230534
1282091284782448640
1282090854715232258
1282088754681909250
1282085318171267073
1282084756734177280
1282079831698616321
1282079717940776960
1282078347447750658
1282077431168413698
1282075209445658627
1282068399229722624
1282066999607267328
1282066391424733184
1282066209266192385
1282065895154577408
1282065412088184832
1282064341404180480
1282063116612714496
1282063077362540544
1282062463878549510
1282062188367220736
1282061944346816514
1282061689236537345
1282061513692377088
1282061496156139520
1282061108753252353
1282060227953561600
1282060178351742976
1282059016047394817
1282057946986426369
1282057535189471232
1282057381359136768
1282057312396472321
1282057132800487424
