1273722016076451840
1273721839353688065
1273721733183188993
1273721558331207683
1273721286519255040
1273721121481818114
1273720733521281025
1273720162307497987
1273719883960709120
1273719474345185282
1273719062518829056
1273718923192459264
1273718850283069440
1273718755370008576
1273718532228788227
1273718202875301888
1273717381773262848
1273717261916934145
1273716370211930112
1273716082713358336
1273715174629933056
1273714842294030336
1273714729127534593
1273713576574844928
1273711271888793621
1273710331395584001
1273710243076169729
1273710088046489611
1273710034531373056
1273709944911671298
1273708146398310409
1273707962867920903
1273707658130755584
1273707551641743363
1273707221327675396
1273707056076402690
1273706700927897602
1273706504206479360
1273705176587816960
1273705097340628992
1273705089434181632
1273705080936640514
1273704882365743105
1273704644389203973
1273704052480708609
1273703746896355334
1273702892504068096
1273702559992053761
1273702060836499460
1273701950685507584
1273701889779986434
1273701429618905091
1273701113984724992
1273701062008946688
1273700956094382080
1273699956537257984
1273699519750782976
1273699421826330625
1273699374166663170
1273699344634441728
1273699202262941697
1273698659486449665
1273698208607281152
1273697836773728256
1273697800866291712
1273697548168048640
1273697451136831488
1273697237952892928
1273697197716983809
1273697183980716034
1273697132881428485
1273696086239166466
1273696050973298688
1273695901442334721
1273695609992683525
1273695539536805893
1273694879718178818
1273694527400947713
1273694123262750720
1273693474991345665
1273692574931464192
1273691924902354951
1273691879641624579
1273691161878769664
1273691144069799936
1273690752002871296
1273690714447187969
1273690537674014721
1273690380584783872
1273690281603284992
1273690254021623809
1273688302227505152
1273687734163554304
1273687229429362689
1273687053985873931
1273687041046450178
1273686931642122241
1273686887530663938
1273686672987881479
1273686637604671488
1273686513952284673
1273685684705005571
1273685581273284609
1273685333679525888
1273685176632164352
1273685004611211269
1273684667137474560
1273684555648561152
1273683648579899392
1273683300431745024
1273683150061912065
1273682524066189323
1273682392235073537
1273682331610439682
1273682221618958336
1273681999840997376
1273681876679606272
1273681739098054656
1273681665634648065
1273681447493263360
1273681406506360834
1273681373136670721
1273681324994265089
1273681292622802945
1273681164805554177
1273680994533597184
1273680945690882050
1273680830515339265
1273680784214372359
1273680522934456324
1273680439425806337
1273680297087959041
1273680023413829634
1273679601332518914
1273679355236024326
1273679100251721732
1273679089908486145
1273678746822692866
1273678715646619649
1273678707006287872
1273678525866954755
1273678484087300096
1273678475388305408
1273678368773300229
1273678214024646659
1273678207124815872
1273678075423834117
1273677955563225089
1273677929164279816
1273677882078846977
1273677004110540800
1273676884182740995
1273676858899476480
1273676757007122433
1273676508159193089
1273675882998034432
1273675711501516800
1273675294805614592
1273675098986184705
1273675025321619456
1273674507765547011
1273674031707811840
1273673894944096257
1273673890150170625
1273673565682819072
1273673277110706176
1273672858963791873
1273672461167583232
1273672002880978946
1273671629642567682
1273670832653504513
1273670800768266243
1273670782640484354
1273670645755215872
1273670451915522048
1273670435465551873
1273670418818367488
1273670261846339584
1273670032220880897
1273669902981873665
1273669851345752065
1273669474655318019
1273669305629134848
1273669281037848577
1273669201979269121
1273668923641167880
1273668912341815304
1273668835388698626
1273668778673356801
1273668642811506690
1273668236916035585
1273668006753611777
1273667883957026816
1273667674023682048
1273667427616858118
1273667379688587264
1273667378115563520
1273667321286897664
1273667091954982914
1273667023780839424
1273666928691871745
1273666799683252224
1273666564043141121
1273666198388060161
1273665919336644608
1273665860423618560
1273665551869423617
1273665548300288003
1273665448878342144
1273665435540557825
1273664909222567936
1273664875311427584
1273664831124410368
1273664752611241984
1273664492589551616
1273664205556641792
1273664085524168705
1273663974408667137
1273663916405481473
1273663590462107649
1273663525513199616
1273663514104623109
1273663449575362562
1273663395519066113
1273663126530076672
1273663122998321152
1273662959646986241
1273662633640464384
1273662539423903744
1273662274645958661
1273661785812369411
1273661736109785088
1273661595374125056
1273661474041466880
1273661438645530624
1273661163037847555
1273660391109713920
1273660094375358464
1273660070316785664
1273660008291418119
1273659948560334849
1273659840297144321
1273659735829393409
1273659689243250695
1273659623971516417
1273659475686076416
1273658871521832960
1273658688407048194
1273658624246714369
1273658377147539456
1273658154446979072
1273658108586323968
1273658012335407106
1273657907289174020
1273657815425355777
1273657610391224321
1273657530242134017
1273657439884210176
1273657259319595015
1273657207536697346
1273657191849881601
1273656548770930694
1273656349641957376
1273655846376013830
1273655674526822400
1273655369848545283
1273655170421809152
1273654718833754117
1273654525899894784
1273654239747641344
1273654204310093825
1273653970699870210
1273653864185593856
1273653810167046144
1273653627840856069
1273652926913765376
1273652661372379143
1273652521827876866
1273652504509550592
1273652262087405568
1273651507041271808
1273651398870274049
1273651273561227265
1273651044883496960
1273650956241186818
1273650567554822144
1273649993908437000
1273649665955844096
1273649205672845312
1273649165831192577
1273648910473584640
1273648418020380674
1273648180853424129
1273648162796736512
1273648147991011329
1273648029334212615
1273647131526602755
1273646987263574017
1273646745898094593
1273646609700700161
1273645803786121217
1273645678741401602
1273644536078766080
1273644052081266688
1273644002479419393
1273643192760426497
1273642874048000001
1273642457293520897
1273642315878449158
1273641635931439107
1273640879861968900
1273640536881033218
1273640393624543232
1273640101017341952
1273639604852154374
1273639564889001984
1273639107256705024
1273638852327071744
1273637538725535744
1273637491556462595
1273637373654548480
1273637279551102977
1273636415616757760
1273636188147126277
1273635867370885123
1273635605675757569
1273635116263378945
1273634411599273985
1273634338857508865
1273634178521800705
1273634142312443917
1273633996518424577
1273633987756462080
1273633892524834819
1273633843795369986
1273633663448690689
1273633079232475136
1273632492428365825
1273631778683514880
1273631557262077953
1273631003152654337
1273630819010203654
1273630565116280833
1273630475098226688
1273629101513945096
1273628613347336198
1273628595274031107
1273628432228847619
1273628394475999232
1273627528532504576
1273627439290187778
1273626777076805632
1273626667538239488
1273626248732786688
1273626198275436544
1273626168017682433
1273625546287710208
1273625122868473858
1273625061413416965
1273624869821911054
1273624400252801024
1273624239191527428
1273623703566323719
1273623107958439936
1273623071694430218
1273622505429893121
1273622125375631362
1273621423907627010
1273621036857245698
1273620562074427395
1273620555619430400
1273620538313912321
1273620132217204739
1273619978332274692
1273619958497509376
1273619932010418177
1273618549051805698
1273618535516909569
1273618187486199808
1273618165382209538
1273618154284032000
1273618054744887300
1273618021261750272
1273617808086179841
1273617760912891904
1273617066218737670
1273616457004396544
1273615701375193089
1273615685109727233
1273614971482431488
1273614970022957056
1273614715449720832
1273614686924070912
1273614303791321089
1273614050727825410
1273613970327457792
1273613915289780229
1273613094254567425
1273613067625082888
1273613050352939008
1273612749071736834
1273611125314158593
1273611026949443589
1273611004123836417
1273609861981487105
1273608176844357634
1273608117180235776
1273608019826311168
1273607692402274304
1273607609052848128
1273607049541271555
1273606310454611968
1273606108008124423
1273606035186413568
1273605782647590913
1273605197810618371
1273604871581769729
1273604238610960385
1273604115491442690
1273603452753641474
1273602952025030656
1273602670956347392
1273602615226572803
1273602474419589121
1273602381352177664
1273601794321477632
1273600719879364610
1273600154281619456
1273599766333657091
1273598324621348864
1273595112094928898
1273594934684274689
1273592656166187009
1273592481754431489
1273591812003938306
1273591156102713344
1273590730313871360
1273588225903378432
1273588162514817026
1273588052896686080
1273587851175870465
1273587622661681155
1273587042023346177
1273586854378561537
1273586538593517569
1273586484688367617
1273585670745919488
1273584185878343680
1273583324695539717
1273582882490069002
1273581946912886784
1273581477360361473
1273581218601336832
1273579476807487490
1273578946001600512
1273578870692864001
1273578238535761922
1273576577239048192
1273576471492100097
1273576120382681090
1273575905403834373
1273575563186208768
1273574734165237761
1273572828953161728
1273572494025396226
1273571382153142272
1273570144502022144
1273569954856685568
1273569814066466817
1273569545412915200
1273569520955691009
1273568974442299394
1273568124202352641
1273565962076291074
1273565414291918849
1273565393697849355
1273565193294004224
1273564184329019392
1273563429630996480
1273560984385236994
1273560417579814913
1273559725762895872
1273559315752812546
1273559215181910017
1273559074815148034
1273559037087539203
1273558622874656769
1273558172091813888
1273558163933949953
1273557937504399361
1273557166272794624
1273556872839208961
1273555209864781828
1273554250065309696
1273553761336729600
1273552415158005763
1273551170221436929
1273550981817667590
1273550926964457472
1273549642878406659
1273549199250829313
1273547466906853376
1273547261767811078
1273546145550090241
1273545818532745217
1273544788428468224
1273544148583243776
1273543807448035328
1273543647171096577
1273543317679222791
1273543310884257792
1273543199815016448
1273543038443196416
1273542986308042752
1273542536330530817
1273541039173832704
1273540643189596160
1273540591834419202
1273540224052838404
1273539917566468098
1273538961474908160
1273538765072416768
1273538681987620865
1273537379421138947
1273536950222426112
1273535194717466624
1273535025070305280
1273531047247044608
1273530714022125568
1273530672553111552
1273530494165147651
1273530311905853441
1273530146893463554
1273529999648227328
1273529797528952839
1273529618310537216
1273529419492208640
1273529166470807555
1273527316870807552
1273526493340217345
1273525065271980033
1273524075936337921
1273521143975116800
1273518608325410816
1273518265352900608
1273518199028330497
1273518035349852161
1273517841862426632
1273517825785815042
1273517774174855168
1273517696659775489
1273517605433868288
1273517535669952513
1273517517848236033
1273516996924108800
1273516888023326725
1273516698293977088
1273516484736634885
1273516347385712647
1273515027421511680
1273514191446577152
1273514077365710853
1273512760299728896
1273512466899591168
1273511657705095168
1273510649822195714
1273509969518870528
1273509879815311360
1273509806712782849
1273509462301536256
1273509174530506757
1273509141349359616
1273508608949583872
1273508599336038400
1273508296322887680
1273508117511356416
1273507941224779776
1273507890586775552
1273506580659687424
1273506297665765376
1273505692620599296
1273503568218087424
1273503482012676099
1273503038959808512
1273502629767704578
1273502513908637696
1273502009522520064
1273501678742929410
1273501239351836672
1273500441373036545
1273500054301683712
1273499591229366272
1273498676694900744
1273497853097201664
1273496378140962817
1273495778456043520
1273495720688078849
1273495659707064320
1273494712268328960
1273494565601841152
1273493665839812608
1273493449401122825
1273493442509844480
1273493092453109760
1273492709425270784
1273492115411152896
1273491707129036800
1273486429717516288
1273485026433196033
1273484705548177410
1273482295974879232
1273481295973117952
1273479247860924416
1273479047989911561
1273478872160493569
1273478810407600128
1273477104370421763
1273477093674844166
1273477016956870658
1273476982274170881
1273476937105768448
1273476669853110275
1273476316558430208
1273475876777148416
1273475251242967040
1273474361458962432
1273473950400512001
1273473389513056257
1273473099707478016
1273472961744429059
1273470758803484672
1273469910228729857
1273466717247692800
1273466573605363713
1273466162022506496
1273465773764288514
1273465190764490752
1273465160506593282
1273464671908093953
1273463490972463110
1273463125530906624
1273463040281894912
1273461725136736256
1273461724822114304
1273461724549505024
1273461664168448000
1273461088336482307
1273460162313908226
1273459281652666368
1273459077801107456
1273458886603935745
1273458599495208960
1273457556896256000
1273457335990697984
1273457182634377218
1273456797903454208
1273456514326462465
1273455403154710529
1273455146102657028
1273453620571205632
1273453465159847946
1273453104172691457
1273452596704030722
1273451740642381824
1273451474622861313
1273450810186350592
1273448248284524545
1273447120410824704
1273446842466996225
1273445729642729473
1273445380311486465
1273444277549281280
1273444257928482816
1273442732682461185
1273442348635164678
1273442185363382273
1273442039942742016
1273441607250071554
1273441229166964737
1273440688873619457
1273439818790420480
1273439571448156162
1273439370582736896
1273438308249395200
1273438099457159171
1273437958691930112
1273437269836402689
1273436668469678081
1273436611020091393
1273435887074869248
1273435631281041409
1273435236479598592
1273434170338021376
1273434079451426819
1273433095606321152
1273432633989648384
1273432113585565697
1273432010871025665
1273430807827361792
1273430801334636545
1273430591573278723
1273430506076434432
1273429972846284801
1273429504992718851
1273429289648693248
1273429282413596675
1273427784174407680
1273427438022717441
1273426693462601735
1273425330733268993
1273424912800251908
1273424615302238208
1273424608734015488
1273424022680637446
1273422147315253248
1273422086720163840
1273422012711686150
1273421933560938497
1273421870793015296
1273421830485880839
1273421769865523200
1273420420600016902
1273420185886736384
1273420163207970816
1273419069991972864
1273418703695200256
1273418648007380993
1273418633088135168
1273418618437541889
1273417679165173767
1273417678993133568
1273417595551731712
1273416946021736455
1273415791023554561
1273414947410784262
1273414284098355202
1273414061997330437
1273413609574424577
1273412362280689666
1273412354231857153
1273412027126616067
1273411773081804801
1273411596933619719
1273410590225154048
1273409871711547393
1273408611583176705
1273408046274760704
1273407742187679746
1273407334081949697
1273406638007808000
1273406273107587074
1273405462994735109
1273405405205540867
1273405292831600645
1273405205443489794
1273405196186652672
1273405121397997570
1273405106919268354
1273405091190640654
1273404789586489349
1273404534618906624
1273404386480254976
1273404196197404672
1273403179753975810
1273402880456785921
1273402861779668995
1273402810156146689
1273402782662320129
1273402689632813058
1273402655088443392
1273402573458997255
1273402522946985984
1273402441698959360
1273402305853845504
1273402295993188363
1273402239848235010
1273402147082842114
1273401917025239040
1273401790663258112
1273401613110194177
1273401582957268992
1273401463214129152
1273401338336960517
1273401161442365440
1273401116340912128
1273401034422042625
1273400913261146112
1273400871699779584
1273400844474560516
1273400785351716864
1273400703642370049
1273400660671836160
1273400626530091011
1273400580636057600
1273400555331862529
1273400433864777728
1273400378722267136
1273400238372462593
1273400218797641733
1273400112748859393
1273400091135574016
1273400084747767810
1273400077613101056
1273400062748569601
1273400024454647808
1273399979760107527
1273399902404513800
1273399880678064128
1273399859769479173
1273399828425461760
1273399799719608321
1273399777993142272
1273399755612323840
1273399641812406273
1273399615354802177
1273399602063052802
1273399536501825542
1273399504369332225
1273399427986841609
1273399383875301377
1273399361247076355
1273399310563098626
1273397984504483847
1273397007323787264
1273396506788270090
1273396442485440512
1273396362613272578
1273394991520497664
1273394017930301441
1273393861642072065
1273393625137897475
1273393481965350919
1273393441754341376
1273393091723100160
1273393057342222336
1273393022768734215
1273392796330790917
1273392548107730945
1273392509230538752
1273392496995758080
1273392139708379136
1273391739269787654
1273391669195522050
1273391610043289601
1273391548311494656
1273391416123756545
1273390790882934784
1273390683366146048
1273390364595048453
1273389883470594048
1273388769216016386
1273388459454013441
1273388046956679168
1273387767003860995
1273387480356491265
1273387246700412928
1273387026193276928
1273386734097698818
1273386321860538368
1273385652156071944
1273385484077731842
1273385331337900039
1273385264031821824
1273385226660532226
1273384965246349312
1273384171453513728
1273383105513099271
1273382517677195264
1273382047491346432
1273381570699649025
1273381471172980736
1273380719742586881
1273380715158220801
1273379222090899456
1273379053639102464
1273378946109726720
1273378171421773824
1273377698346201088
1273377547917692929
1273377482834468864
1273377199928688640
1273377105422594048
1273376984102363137
1273376918667059200
1273376845140865024
1273376518941609984
1273376363781648384
1273375747697188865
1273375619414462469
1273375318649249793
1273374031434088448
1273373697378668545
1273372864876609541
1273372688136810496
1273372616695386112
1273372586492276736
1273371854955253761
1273371226220748802
1273369783329841153
1273368951469342720
1273368492725678080
1273368216035868677
1273367691529793540
1273367678984630279
1273367548923449344
1273367402244263936
1273367148388405252
1273367120223617024
1273367067828211713
1273363973249908739
1273363939544436739
1273363203653865473
1273363096556339200
1273362637364092928
1273362551888211968
1273362349655756805
1273362077072195587
1273362004288458757
1273361973087002625
1273361872062824448
1273361728248504320
1273361221513695232
1273361188034768897
1273360790872035328
1273360740418650112
1273360413711884296
1273360134677450753
1273359836311367685
