1294378108200448000
1294377502215827456
1294376539404906496
1294376289328136193
1294376252099440643
1294375600333914115
1294375056395526144
1294374556044423168
1294374458464100354
1294372665201852416
1294372539653791745
1294371879730339841
1294370546671656962
1294370173328097280
1294369695911440384
1294369591129407488
1294369452910424064
1294368823496204294
1294368361208414208
1294366899623489536
1294364396949569537
1294362623862026240
1294360882982658050
1294360436800806913
1294359955278123010
1294358610705879040
1294358609799680000
1294358446289059842
1294355566463266818
1294355421629538305
1294355207262842881
1294352418600366080
1294352381702897664
1294348762450522113
1294348685929660416
1294346394816438272
1294345924693512192
1294345742807478274
1294343866590666752
1294343610628837377
1294342342229364737
1294341807611019265
1294341175319511040
1294340938660102144
1294340714898194433
1294340627287556096
1294340598820872192
1294340537391222785
1294340203340017664
1294339790767296514
1294337976512786432
1294337876633714688
1294336825604149248
1294334758667685889
1294332769884086279
1294332234607013891
1294332074002911232
1294330861966557186
1294327529558482945
1294327211353190400
1294327110731886592
1294326592223809536
1294326117474529280
1294325868542586880
1294325843100160000
1294325398885429248
1294325145889169409
1294324918709096448
1294324306038710273
1294324163470008322
1294323505345867776
1294323278794891265
1294323208028483587
1294323063324938241
1294322852611543041
1294322705395625985
1294322246245179392
1294322076036210689
1294321959073972231
1294321656895123456
1294321468109619202
1294321323288809473
1294321321883496448
1294321033026011136
1294320916256526336
1294320728024604672
1294320695032393730
1294320635309629440
1294320309881802752
1294319708901007363
1294319620388614154
1294319537664352257
1294319345628151809
1294319074114068481
1294318872376483840
1294318828403318785
1294318801593364482
1294318764125753344
1294318681069989889
1294318540393271297
1294318182895951872
1294318163157540864
1294318150024982531
1294317980315254784
1294317947213811712
1294317780746067969
1294317747178885120
1294317674491781123
1294317602047774727
1294317426637590528
1294317412083531778
1294317265773461505
1294317100094259207
1294316918711566336
1294316819218538496
1294316817775722497
1294316773064482816
1294316745650368512
1294316655913435137
1294316517786562560
1294316392414498816
1294316337741922304
1294316281450000384
1294316084007337985
1294315965635796993
1294315804196888578
1294315686462857217
1294315573841670146
1294315468447076354
1294315378756247552
1294315292940619776
1294315075768000518
1294314738751397889
1294314402749935618
1294314344323231744
1294314028899041281
1294313719418064902
1294313427242901511
1294313067128295430
1294312569382080517
1294312491250380802
1294312332097736705
1294312068389064704
1294311972058669057
1294311938495623168
1294311064872468480
1294310903505068032
1294310898346143744
1294310407302270976
1294309929419853824
1294309865695797248
1294309682169778176
1294309471938732032
1294309387448791040
1294308958971330561
1294308751109808128
1294308488630243329
1294308421316104192
1294308330836353024
1294308053836345347
1294307896524591104
1294307642051985409
1294307365819310081
1294307101079044097
1294306946863058945
1294306793007517697
1294306698098692097
1294306503768170498
1294306055271276544
1294305897364291592
1294304744467570688
1294304390124195847
1294303577393881090
1294303272690257921
1294303188833665024
1294303022596538368
1294302922621124609
1294302911112126472
1294302759185838086
1294302008749338626
1294301733288640512
1294301581769412609
1294301521962655744
1294301341011996675
1294301220035792897
1294301176465223681
1294301007216705536
1294300929215229952
1294300713959346177
1294300257510203392
1294300077775757312
1294299964030386180
1294299772413554688
1294299469282971649
1294299127946211328
1294299006860894209
1294298736978325504
1294298461869809664
1294298335835115520
1294298168683708416
1294297744782184448
1294297467953885185
1294297212269207552
1294297036142059521
1294296939249504264
1294296856625733638
1294296803232243713
1294296710643163136
1294296470695419904
1294296464043147264
1294296420653178880
1294296362297819143
1294295005746606081
1294294782039089152
1294294506414604288
1294294328567767042
1294294184061353985
1294293875373137921
1294293473034723328
1294293327920209921
1294293278808924162
1294293209758105600
1294292974990286849
1294291642187423746
1294288373675368450
1294285998382252036
1294285082094690304
1294280532763660288
1294279881711390720
1294272126111842306
1294271749245337601
1294271172608229377
1294271044933435392
1294269122621198336
1294265925072560133
1294265523761483777
1294265449493008384
1294265116838572033
1294265041882152960
1294264914501152769
1294262462024474625
1294261773877600261
1294261297333370881
1294258894970204161
1294258164486082562
1294258158148505601
1294257763061727234
1294257379601715200
1294254781633048577
1294254549612539904
1294253370941812736
1294252729934786562
1294251429868306432
1294250972286316544
1294248937596096512
1294247460970217472
1294246672671760385
1294244640061706240
1294244357076287488
1294243161083174914
1294243009228406784
1294242914395017216
1294242659687686144
1294242617245433856
1294242533107732480
1294241906562662400
1294239584885317634
1294238914270466050
1294238653338673153
1294238411880927232
1294236755613417476
1294234815823216640
1294233126793670657
1294232367473647621
1294231271749513217
1294229346689978368
1294228932485681152
1294228280170688513
1294227438063570944
1294225726867046400
1294222963370332160
1294219926123745281
1294219169454411776
1294218309211054082
1294217996471132160
1294217621538140160
1294216635184746496
1294216040554135552
1294214812101091329
1294212964132651008
1294212300874715137
1294211679203426305
1294211498886094849
1294211064138067970
1294210765667344384
1294210595567177730
1294209792613978114
1294209328757391363
1294208762035818496
1294208061557673984
1294208056134455298
1294207900076789760
1294205668195307520
1294204840189366272
1294204374642819073
1294204170245828608
1294203687007449088
1294202949175070720
1294202488053145600
1294201754653847552
1294201509681364993
1294201370459938816
1294201221754941440
1294201027982290945
1294200393392480256
1294200277499670529
1294199952550240256
1294199091606564867
1294198274304303104
1294197932451864577
1294197830320414721
1294197367462178816
1294196572838694912
1294196248178593792
1294196190381187072
1294195279147618306
1294195199506145281
1294195036809093120
1294194585250304000
1294194359131242497
1294194087709388800
1294194070026256384
1294193945337987073
1294193888194789376
1294193836646731776
1294193616659681280
1294193040589033472
1294192642935250944
1294191931816210433
1294190844556111873
1294190559695757314
1294190358067154944
1294190024448045056
1294188160868421637
1294187769246265345
1294186635282673665
1294186149708087301
1294186034561867777
1294184497068400640
1294183828085383169
1294179185800478720
1294178922649788417
1294171770593910784
1294162821291233281
1294161938553995264
1294159528653545473
1294159438006243328
1294159317587972101
1294158777566912512
1294158229673512960
1294156259336187904
1294154140591853568
1294153110089281539
1294148974786621441
1294147707993493504
1294146679218868226
1294145090684846080
1294141605146849280
1294137523195621379
1294136795181887488
1294133997111373825
1294132917107482625
1294132867828609037
1294132715369844736
1294130618394202113
1294130200029147136
1294130171835043841
1294129862777753601
1294129438972674048
1294125494435115008
1294124498611056642
1294124217181634561
1294122238531104769
1294121673793441796
1294119205353279491
1294118517076135936
1294115519159828481
1294114042278281217
1294113833452216320
1294113658033917953
1294111102863912960
1294110761174945794
1294109444331233280
1294109434784841728
1294108888153825281
1294104909906837505
1294104316899463169
1294103711787212800
1294102877796016130
1294102857071853579
1294102314593193985
1294101268873412608
1294099368614780933
1294098255354032129
1294090365608144896
1294090256543698944
1294088976035446784
1294086877402800129
1294086416570490887
1294084244847726598
1294079524926365697
1294079490788921348
1294078363666128897
1294077868536999936
1294076480599633920
1294074609331924997
1294071441877602304
1294070801260580868
1294068757552336897
1294068510365306880
1294067735807365120
1294066361761701889
1294065654497251328
1294064943239704578
1294064768882548736
1294064491802644480
1294061515125882880
1294060746461057029
1294058780930572288
1294058359876919296
1294058269158375429
1294058071409532928
1294057439827042307
1294057337607643136
1294054241930227713
1294050682371076097
1294050045130502144
1294049590384005120
1294049361677041666
1294049188133474304
1294048902211985408
1294047746056282113
1294047556163444736
1294046465195565057
1294046026584621056
1294045564498145280
1294045397145382913
1294044851453882368
1294044003562921985
1294043760381190145
1294043659571277824
1294043245782212612
1294042751298727936
1294041626977812480
1294041290108211201
1294041235217408000
1294040331290198016
1294039928989335552
1294039894713671680
1294039576143515651
1294038589630812161
1294037478786174976
1294037202121289729
1294037010982699008
1294036715078729728
1294036285871386624
1294035854625845253
1294035717186711552
1294035406850158592
1294035400978096128
1294034902111969280
1294034769852817408
1294034364578369537
1294034122080305158
1294033760464195585
1294033626569596928
1294033546789740546
1294033384243691521
1294032649229484032
1294032418433712128
1294032262640488448
1294031850805977094
1294031561969430528
1294031065707769856
1294030913030909952
1294030382774378496
1294029365785722884
1294029232289517569
1294029164731760640
1294029048981549056
1294028409685843968
1294028170782539784
1294028124368146432
1294027909519364097
1294027657558937600
1294027575610601472
1294025835087663104
1294025764111876099
1294025725272625152
1294025680091578368
1294025584368971776
1294025271188901889
1294024464133283840
1294023357999054849
1294022700839710720
1294020921657831424
1294020169350742017
1294019813845512193
1294019813749280775
1294019808242040832
1294017881391288320
1294017284403494918
1294016047738056704
