1283142725894725632
1283142711394963457
1283141910975086593
1283140077313568770
1283139755333562368
1283136810420404224
1283136667101073413
1283136562801209344
1283136201533165568
1283135855067095042
1283135673029980160
1283135636489285632
1283135554683641863
1283135477017489408
1283135359543435264
1283134760148140033
1283134692032688131
1283134222140612608
1283132933486850050
1283132829094875139
1283132614732201984
1283132068717686784
1283131656031760384
1283131518286626816
1283131409016610816
1283131188220133379
1283131000298459136
1283129918210166784
1283129720545124357
1283129660105261058
1283129475862089732
1283129207225294848
1283128347522994177
1283128163237756929
1283126538586615808
1283126347095834624
1283125681119883264
1283125462961512448
1283124326590484482
1283123730357448704
1283123229373149186
1283119989239754754
1283119167785390080
1283118308686872576
1283117070843031552
1283116341243850756
1283116155423666177
1283115070126424064
1283114809018523649
1283114411935191042
1283112891101728769
1283112847669682176
1283111523091652610
1283111197282381824
1283109836989902853
1283108777047339008
1283107702009298945
1283107506365984768
1283107179214536707
1283106903002775552
1283106815597674497
1283106512198463490
1283106275782524929
1283105861913571328
1283105799397535744
1283105536980824064
1283105111896739840
1283105078715600897
1283104909773148163
1283103828674371584
1283103450272641025
1283103430198923264
1283103380450299905
1283103298707488774
1283103064363167745
1283102731993878528
1283102577119260672
1283100975025225731
1283099485002887168
1283098347264450561
1283097841267695616
1283096482573430786
1283096059934388226
1283094506724904963
1283094482246864898
1283091885658120192
1283091437165281283
1283091082562027531
1283089653805924352
1283087221919285248
1283085620806586370
1283084574789193736
1283082528614645760
1283082290252386304
1283081951461744641
1283081670980251649
1283081651124346883
1283081492575526913
1283081073535197184
1283078813614632960
1283078528674627584
1283078257747750913
1283077968873443328
1283076923837411333
1283075959374123016
1283074382311706628
1283074017939697665
1283073380682534912
1283071844715769859
1283071677576839168
1283068817091055617
1283068802968760322
1283067837008019464
1283067826580922370
1283066838809808896
1283065972698513408
1283065820432576514
1283064866954076160
1283064698129141760
1283063784635084807
1283063677273419776
1283063623653433344
1283062427958083585
1283062389974458368
1283062221694590982
1283061972280508416
1283060453690814466
1283059809487671298
1283058695455350785
1283058458636378113
1283058130704896000
1283057835119714304
1283056723670913025
1283055059509673985
1283054883642511361
1283054488119652353
1283054071314812930
1283054001550962688
1283053255988260869
1283051597526896641
1283050739653279744
1283050411285512194
1283050318109061124
1283048647119327238
1283046276490240009
1283045238626451463
1283044559900024835
1283044293951840256
1283041888409391111
1283041616769556483
1283039587477184517
1283037762120232973
1283037384217591808
1283036445779865600
1283035668172726272
1283035030680469504
1283034886408998914
1283034441896677376
1283033199942275076
1283032849701117955
1283031536544231424
1283031281186422784
1283028769192570882
1283027709678018561
1283026187044950016
1283025976415453184
1283025189136203776
1283024987922866182
1283024956931153920
1283024855168954368
1283024301650845704
1283023548165095425
1283022947054170112
1283022071983796225
1283020320983732225
1283017852828647429
1283017606564380673
1283017366608261120
1283017239252406272
1283017119529971712
1283015985570537472
1283015908428877825
1283015115818721282
1283014536656834561
1283012532366708737
1283011824535908352
1283011313787174912
1283010861657923584
1283010400146149379
1283009310319091712
1283009295542628352
1283008701855604736
1283007791205167111
1282999471752839173
1282999143192055808
1282998149003513861
1282997445123665920
1282997413591101440
1282996665515937793
1282996281611366400
1282995900093063169
1282995872612188160
1282993454621106176
1282991210894852098
1282991044490072064
1282989706502909952
1282984200598151169
1282984003654615040
1282983476040368128
1282982404265738240
1282982201479565312
1282981838768791555
1282976666814263296
1282972369410306048
1282971570546171904
1282969191180460032
1282968492812013568
1282960457729544192
1282956902452932613
1282956662865891330
1282953163167825920
1282952241054396417
1282951824580866049
1282951483340750848
1282950301302038528
1282948833056620545
1282946206897811457
1282937747301335042
1282928730541830145
1282927611367260160
1282921582525124608
1282920643491553280
1282918825810247681
1282918152263761928
1282917821748518914
1282917767503507456
1282917138601086977
1282915642388037632
1282913926846599168
1282911456686755841
1282906719664795648
1282905516914679813
1282902446285697024
1282897255100555272
1282896553431060480
1282895249912856576
1282892279750053889
1282891845865963520
1282891309108416512
1282890969654976513
1282890591739813890
1282889777126178817
1282888107277221888
1282887612123025413
1282885459786563584
1282883031074832385
1282882196852879360
1282881764663451649
1282879019227271170
1282878667975163905
1282877709136400385
1282873158945533955
1282873053370671110
1282872972659712000
1282872899699867653
1282872391434227712
1282872034406653956
1282870497009688582
1282870199109156869
1282868909213978624
1282868744004554756
1282867167470346240
1282866441268727808
1282865773938081792
1282865067093041152
1282864439650390018
1282863790611144704
1282862290933395457
1282862040432828416
1282861863072661504
1282861747292893184
1282860235955331072
1282859887689695233
1282859397434220546
1282857934083493889
1282857675403833344
1282856720650440705
1282856239232217090
1282856122655727616
1282855948961357825
1282850945467142146
1282848736150982656
1282848734079000576
1282847353125429249
1282846439383728128
1282843517614784512
1282843057210093569
1282842913257541638
1282840143196348416
1282839619055173633
1282836254715809794
1282836243072483329
1282835871796953089
1282835570541170689
1282834191999262720
1282831898369093634
1282831202928545792
1282828491596025857
1282828080612962304
1282826760699219974
1282826410751594498
1282826337493762048
1282825913210753026
1282824727698927616
1282823617777106947
1282822282415611906
1282821118001319942
1282820233481379842
1282820206406950912
1282819598438596614
1282816453306126342
1282815177772216322
1282812821726781440
1282810978900439041
1282809924758765568
1282806812832673793
1282806768565796865
1282806603893190656
1282806344077193216
1282806308496801792
1282806215215587331
1282804663083925505
1282804555844116482
1282803681793060865
1282800100427747328
1282799929346322432
1282799882177314818
1282799629797556226
1282799164640944130
1282798897568636931
1282798816555565056
1282797907796787203
1282797750460047361
1282796890405261312
1282796297620160514
1282796048725839872
1282795403361083394
1282794741747396615
1282794386728742912
1282794372354969606
1282793392821469190
1282793300303458305
1282793202706198530
1282792723267936261
1282792314214195202
1282792262880174081
1282792092075323392
1282790848065765376
1282790487590502400
1282790091866411009
1282789895597993986
1282789772231012353
1282789683475312640
1282788954002071552
1282788881616773120
1282788501558304768
1282788264290799616
1282787926775136257
1282787108944568324
1282786939205292034
1282786787169951744
1282786711722835968
1282786528847003649
1282786382490923008
1282786255655198721
1282785516509900803
1282785452588761090
1282785309776904193
1282785239350353923
1282784643486384128
1282784537815080960
1282784063867293704
1282784027087220737
