1280969871254335488
1280968866315866115
1280968470683955202
1280967908345081857
1280967080179675136
1280967013456703490
1280965761121558529
1280965746676207616
1280965644528177153
1280965504467898370
1280964804560199690
1280963811202281473
1280960649812721668
1280960597547528192
1280959891465781250
1280959237011709953
1280957737501745152
1280957598523486208
1280957417199595520
1280957318440484864
1280955191827800065
1280955023355240457
1280952249351618563
1280947497259741184
1280947367689154560
1280946464580042752
1280946358594265091
1280946098077458432
1280945221916921862
1280945203461971970
1280944858497081345
1280944144077053953
1280944115509792768
1280941599766253568
1280941567876923397
1280941550479040516
1280941480203386887
1280941401426087936
1280941322556379141
1280941255418171392
1280941170978414602
1280941105312301059
1280941036089606144
1280940960377999360
1280940888261373952
1280940702931787782
1280940459699953664
1280940400526704641
1280940323225636865
1280940243370328066
1280940157789704197
1280940060347641856
1280940044216340486
1280940029209128962
1280939971357130758
1280939875282411520
1280939793917054976
1280939715756163073
1280939627508117508
1280939543944990721
1280939445223636993
1280939251992072192
1280939092826447874
1280938846125912065
1280938308344983552
1280938244243423233
1280938225293352960
1280938173187665921
1280938102173900802
1280938082129281026
1280938028366782464
1280937945726431235
1280937840394809351
1280937773449568256
1280937734765449217
1280937689169235968
1280937603420901377
1280937504275861504
1280937383769313283
1280937347526176769
1280937284767023107
1280937178697064449
1280936341551951873
1280935405601226752
1280934893187297281
1280934751642112000
1280934687096127489
1280933346491523072
1280932697867718666
1280931964048924672
1280929573610442763
1280928130027282433
1280927086278873091
1280926701279682561
1280926298332737536
1280926250228473863
1280926069302804480
1280926057378582531
1280925628313882629
1280924943207858178
1280922703319273477
1280922016552452096
1280921143898243073
1280920601264156673
1280920271080132608
1280917328188837888
1280917290553409536
1280916415340523522
1280916360277757953
1280916271153000449
1280916191683530752
1280916120585854977
1280916044329242629
1280915977635598341
1280915891132211203
1280915798387802114
1280915687305818114
1280915600294981636
1280915523837079552
1280915423328960512
1280915423039553538
1280915349207220226
1280915263341420545
1280915176615751681
1280915052174942212
1280914935099375618
1280912869861851137
1280910291245477888
1280908638333341696
1280908058672037895
1280905655503781889
1280903955464073218
1280903232538251267
1280902289734004736
1280902044166107136
1280901978571378688
1280901911936405504
1280901844362039301
1280901796324691971
1280901758932463618
1280901674966679554
1280901591965581313
1280901443311013889
1280901362344214528
1280901278500032512
1280901276532948993
1280901185818460161
1280901027189927936
1280901020487307264
1280900963256217600
1280900812508672001
1280900773098987526
1280900736608538626
1280900652655415297
1280900560196116484
1280900474082861058
1280900391987748864
1280900301650829314
1280900199649607680
1280900068862832641
1280899622962069506
1280899578557018112
1280899512609972224
1280899446251966469
1280899373338112002
1280899298264301568
1280899136246681600
1280899075366420484
1280898989026619395
1280898897909514242
1280898876933902336
1280898753168318464
1280898644225544192
1280898143538876416
1280897789715775490
1280897674938429442
1280896874287968262
1280896416039215105
1280896390571450369
1280896111046209538
1280896049419255808
1280895954477101057
1280895727582040065
1280895654877954049
1280895530588135424
1280895263780081664
1280895180158185476
1280895109559660548
1280895074054873088
1280895012155404294
1280894972124856329
1280894927241707520
1280894921361129472
1280894778259972098
1280894728083509248
1280894598404100103
1280894427305848833
1280894367448825856
1280892932736929794
1280890784095625216
1280890484064428032
1280890429412724736
1280890359820750849
1280890292888109057
1280890222117621763
1280890150944415745
1280890055217893376
1280889917791444992
1280889855451553792
1280889776216965120
1280889630267715584
1280889629806338050
1280889554581454848
1280889471186108422
1280889365842014210
1280888770091528193
1280888706438778891
1280888640688750592
1280888554059640834
1280888478398636032
1280888399793131520
1280888312295809026
1280888223611445249
1280888162378813441
1280888081458122752
1280887997286748163
1280887912612204546
1280887817137205248
1280887696962007040
1280887257994612737
1280886361881526279
1280886062626340864
1280885748410056705
1280885683742052354
1280885637240049664
1280885607036792835
1280885535523975169
1280885485829849088
1280885462568222721
1280885412513353729
1280885390816280576
1280885312944779266
1280885239687131138
1280885165561126914
1280885062062481409
1280884979451428868
1280884891039805441
1280884809670299649
1280884715470434304
1280884550638333953
1280884390520856576
1280884331767046145
1280884247658627079
1280884166926700544
1280884071971905538
1280883981043535873
1280883938202841089
1280883829339807746
1280883736268193792
1280883640046665729
1280883505606557696
1280883423876390912
1280883421607321600
1280883322785333250
1280883211329994754
1280883099895836675
1280882969591402496
1280882502379454464
1280880893221933056
1280879475924758528
1280879214749601798
1280879180289368064
1280879046486667266
1280879015503384577
1280878799068950532
1280878383757324288
1280878180438401025
1280878136020762630
1280877572046360576
1280877507571523584
1280877439628034048
1280877400314613762
1280877358040440832
1280877279049113600
1280877206567354370
1280877156172775430
1280877109473357825
1280877037218119681
1280877026212302850
1280877009657192451
1280876970050498560
1280876884478353408
1280876833886494720
1280876813758214144
1280876746850459648
1280876730291564544
1280876641317781504
1280876636821323778
1280876579082682368
1280876449596137474
1280876392310136838
1280876317806751745
1280876164999856128
1280876008321630210
1280875924385226752
1280875866738679808
1280875759855378435
1280875733175242752
1280875705480499201
1280875626770116608
1280875550064750594
1280875509706973184
1280875479361359872
1280875477377224704
1280875415167516672
1280875340383105029
1280875237983367168
1280875217221324801
1280875051680583680
1280874844121333760
1280874796373258240
1280874712764223495
1280874650524962816
1280874618547388417
1280874528869158914
1280874432375017472
1280874335637405696
1280874328817651712
1280874243782332416
1280874083966738433
1280873911652057095
1280873233177141249
1280872952431443968
1280872803990769665
1280871699454414848
1280871502708006913
1280871455283048450
1280871401659006978
1280871313020723201
1280871245391826944
1280871167352504324
1280871154094309376
1280871102017867780
1280871022418448384
1280871002319118341
1280870917229420546
1280870877471469570
1280870210006732800
1280870140230299651
1280869019772260352
1280868725227470850
1280867860961652736
1280867307581960193
1280867246143922181
1280867166166843392
1280867148060123136
1280867090321362944
1280866996926775296
1280866983760650241
1280866912927469568
1280866825878806528
1280866718785691649
1280866350181699585
1280866150386069504
1280866031834103811
1280865972585402369
1280865905895972864
1280865829911965700
1280865751285600258
1280865684503908359
1280865602614235136
1280865591079743490
1280865528546865159
1280865527515185155
1280865465322135553
1280865344178065410
1280865257905364993
1280865182345027585
1280865153622269952
1280865094293950476
1280864880887828481
1280864741221490688
1280864682572566528
1280864484773359616
1280864267940491264
1280864246234931206
1280863994199150592
1280863813835747329
1280863774287835136
1280863751336386560
1280863740498493440
1280863690112172039
1280863536437026816
1280863495823605761
1280863347819175939
1280863276142718977
1280863179338158080
1280863082059673601
1280863020692803585
1280862943563808769
1280862919412969472
1280862611987259392
1280862574133694464
1280862516260646914
1280862200748539906
1280862180221452291
1280862135317417984
1280862065796751366
1280862022259765248
1280861994510422016
1280861956744847362
1280861932954750977
1280861926638194688
1280861856131960832
1280861787441725440
1280861706651140097
1280861669288075264
1280861621460570112
1280861544817909761
1280861477696651265
1280861404552183808
1280861317553958914
1280861290483900416
1280861211236749312
1280861157998440449
1280861125584793600
1280861036539764737
1280860940351746053
1280860922169315329
1280860834395291648
1280860703012925440
1280860096625618944
1280857674741997570
1280857569427361793
1280857446773411840
1280857339411775490
1280857212647288832
1280857092937715714
1280856970598236160
1280856851970654211
1280856698018816003
1280856548516990977
1280856418694946818
1280856115828477953
1280855983905013760
1280855974610382856
1280855843232198657
1280855718074212352
1280855588969349121
1280855451865878528
1280855284370608133
1280855143672668162
1280854921793941505
1280854881461514240
1280854678461448192
1280854662149738498
1280854485028438018
1280854071080034304
1280853921091719168
1280853894567006210
1280852962378686469
1280852218904752130
1280852031025098752
1280850896893677568
1280850760574566401
1280850444798099456
1280849300759760896
1280848054233337856
1280847373783236608
1280847055724802048
1280846703663484932
1280846648969699331
1280846582641045506
1280846512369668098
1280846510410928129
1280846436012302337
1280846295909969922
1280846162094968835
1280846093773832194
1280846015650824193
1280845928073740289
1280845834385534977
1280845618815160320
1280839947088465920
1280839006738055168
1280838351688331264
1280838221870530560
1280835987296227329
1280835762360115201
1280834373147910144
1280832693928955905
1280831033869467650
1280830321282465795
1280829678748602370
1280829639947141129
1280829326964011009
1280829273922768896
1280829195229237249
1280829119706607624
1280829049418498048
1280828979230973952
1280828895080693760
1280828823857254403
1280828747785154562
1280828667921342464
1280828575889924100
1280828480419172352
1280828419710889985
1280828298554216448
1280828204664655872
1280828091317829633
1280828016877240323
1280827937269440512
1280827932995473415
1280827797209059329
1280827705840328704
1280827627339747329
1280827536172335104
1280827312515276801
1280826505371713536
1280826403383017472
1280825101299187714
1280824537639157764
1280821702113595392
1280820352839548928
1280818987325104128
1280812935560876032
1280811528686632960
1280811467449798656
1280810148441849858
1280808471257067521
1280807860318998528
1280804710245642240
1280804655321276418
1280804542947430402
1280804466560819201
1280804395618271232
1280804324709367810
1280804253339127813
1280804229612023808
1280804141087035393
1280804042147422208
1280803940708298753
1280803869371633664
1280803752639897602
1280803723502116869
1280803666413465600
1280803576252633088
1280803490776985601
1280803363433730049
1280803279660859393
1280803131778097153
1280796604052705280
1280796507101413376
1280796250225295360
1280793009811062788
1280790899677556737
1280790847005605889
1280788519749730305
1280788112612999169
1280784082855550976
1280781998924193792
1280780168500359168
1280774077305589760
1280772734293852160
1280769536854241280
1280768397475631104
1280767679519997952
1280766328467591168
1280765855022960641
1280765049481674752
1280762033261207557
1280758529830408192
1280753070197084161
1280751951572086784
1280746471030226950
1280745757654552577
1280742165975650306
1280741318986280961
1280739887277314048
1280739656703848449
1280737842885468160
1280735705216385024
1280731092698488832
1280729051959906305
1280727709585457152
1280720402545872897
1280720025574428673
1280717541854208000
1280716981637804033
1280716003954118662
1280714818979323905
1280713919972159489
1280713268911357954
1280712092899610624
1280711953908822017
1280710506748301313
1280706941250088960
1280705076886003713
1280703821207961603
1280701592589795328
1280701506551832576
1280700399239008256
1280700396332371968
1280700393215967233
1280699310384877570
1280698842913144832
1280698395120644097
1280698261804900360
1280698015737696256
1280695696128180224
1280694672713756672
1280692313786847232
1280692227543457792
1280691497176666112
1280690751526129665
1280689825859895297
1280688789317353475
1280687931129290752
1280686682501607425
1280685486323970048
1280685268341854209
1280683576808390657
1280683078562660355
1280682698269437952
1280681271258230785
1280681209467736065
1280678703635345408
1280677627372670977
1280677447005097984
1280676396881321984
1280675927383556096
1280674552817709056
1280674162080714753
1280672542924079104
1280671994921529344
1280671432075145216
1280670176833404930
1280669752072048641
1280669565085716480
1280667004366655488
1280665762299031557
1280664291432001537
1280664160460832769
1280663716971769868
1280659599805353984
1280659479458131968
1280658389236944899
1280657463256076288
1280657170338656258
1280655883886829570
1280654875072831488
1280654529864687622
1280651796168531973
1280651340331413504
1280649548034170882
1280649227807358984
1280647921608863745
1280647729853550592
1280646295871541249
1280645960406794241
1280645886385651713
1280644518560149504
1280642095158562816
1280641997154521088
1280641392956649472
1280641159350693888
1280640288957087749
1280640275812167681
1280639843031285760
1280637644041449473
1280637182965882882
1280635432313774081
1280634841755721728
1280633927124877314
1280633167569801216
1280632927869718529
1280632041583923201
1280630636961824769
1280630179690414084
1280629332159979520
1280626191997730817
1280626155482157056
1280625654770339840
1280625060680794113
1280624009130897408
1280623219523743744
1280622899422887936
1280622608082276352
1280621405323829248
1280618623417978880
1280617475533688833
1280615842779213827
1280615228783439872
1280612554125873152
1280610566307024896
1280609083314356230
1280608289219280897
1280607993252458497
