1293650910464204800
1293650909398933505
1293647542434115584
1293644076252909575
1293640383419813891
1293638145385218048
1293637459918561280
1293637046255443969
1293627082853855232
1293626492061208578
1293626378538168321
1293624750066077696
1293623795748610062
1293623548800651266
1293620615627321346
1293620515698024448
1293619450885951492
1293618928837701632
1293618228032180224
1293617978471112710
1293617976969695236
1293617897906954240
1293616439237251073
1293616385319477250
1293616007865483264
1293615858443366400
1293615424089681920
1293615328660922369
1293615004751556608
1293614961982345223
1293614878523920387
1293614775046299648
1293614398443937793
1293614220391649293
1293614215559819265
1293614190280810497
1293614115378704384
1293613976094298112
1293613971212140544
1293613747412459522
1293613642395471875
1293613438753583104
1293612795460804609
1293612586613780480
1293612424130527232
1293612240906489857
1293612203011125256
1293611969908416512
1293611959531769856
1293611946072145920
1293611489777991687
1293611270965547009
1293611197355323392
1293611007823110145
1293610978043666433
1293610774145847302
1293610675034419202
1293610604582694912
1293610481777745926
1293610450429440000
1293610396335714309
1293610354014973952
1293610310570475521
1293610179297267712
1293610177107763202
1293610125589196809
1293609995053875203
1293609835125252104
1293609627079200768
1293609598100807680
1293609461219758081
1293609451065241601
1293609359398772737
1293609348040519680
1293609102451437568
1293608816693530624
1293608754815016968
1293608391034642433
1293607925680726017
1293607919079088134
1293607664476229632
1293607557454430209
1293607500856532992
1293607216956596224
1293607072559374336
1293606839196643328
1293606743935574016
1293606358378582020
1293606350635692032
1293606232813481985
1293605820446339073
1293605759284989952
1293605482993790978
1293605322829885440
1293605268937420804
1293605248032899072
1293604848332689412
1293604842116493312
1293604721870045184
1293604664189939717
1293604659458760704
1293604513492819968
1293604448111976448
1293604328565911553
1293604263520694272
1293603941217796096
1293603867599372288
1293603563952730112
1293602937759870976
1293602747422392320
1293602419822063617
1293602329569030144
1293602328096907269
1293602089151524865
1293601909018746880
1293601799161733120
1293601742815297537
1293601526242373632
1293601140299325440
1293601003078443008
1293600470028578816
1293600394833039360
1293600265891807232
1293599852186624001
1293599657776406529
1293599467636027393
1293599395225710592
1293599328360046592
1293599224383201281
1293599075384795137
1293598685322829824
1293598513452834817
1293598502723837952
1293598338785280000
1293598089282904064
1293597923926630402
1293597871363694592
1293597733526204416
1293597513862148096
1293597277525651456
1293597150828326913
1293597134843912194
1293597131035389952
1293597071828639744
1293596979386150912
1293596645540519936
1293596444260089856
1293595937315549184
1293595802305142785
1293595776782753794
1293595443687899137
1293594880598347776
1293594587001286656
1293594320331657217
1293594200244551680
1293594008212643848
1293594001623351298
1293593877522157568
1293593635619893248
1293592457460908034
1293592001812799489
1293591890537848833
1293591715215941632
1293591545547878400
1293591273337524224
1293590948438347776
1293590845828952064
1293590810768924676
1293590587334168579
1293590385164337154
1293590250468421634
1293590133871001602
1293590044469583872
1293589938789736449
1293589611260702721
1293589216656371712
1293588963504959488
1293588593399668736
1293587996948615173
1293587655809097728
1293587528092512257
1293587312845025282
1293587162097565701
1293586690976735238
1293586679979102208
1293586540510101504
1293586204131094528
1293586031703257088
1293585755965595648
1293585584422711296
1293585143681044480
1293584943495303168
1293584510722875392
1293584393710129152
1293584067334565888
1293582816962322432
1293582144967569408
1293581783812907008
1293581480199745536
1293580530437378048
1293580430617133056
1293580158197043202
1293580005784526848
1293579479764176898
1293579324226904065
1293578232051240961
1293577657112641537
1293577053191667713
1293576127936516102
1293575524061601792
1293568861955076098
1293568364573593606
1293568162508701696
1293567815593721857
1293567565952843776
1293567286582882304
1293566399496028161
1293563986127069186
1293563875208683532
1293563419900047363
1293561617846865924
1293559070755041282
1293558966266613760
1293558690088398848
1293557927865913344
1293555565864648704
1293555522516529153
1293555404161650690
1293552958496481281
1293551579275112450
1293551388547571712
1293551273355010048
1293551132673896448
1293550700660772865
1293550342672531456
1293550207049711616
1293549919157071873
1293549541010968577
1293549391568019456
1293549155621593089
1293548814750498817
1293548592498540546
1293548136984502273
1293547525668888577
1293547085141172224
1293546790755524608
1293546503097720833
1293546340983508992
1293545978977386497
1293545607353626625
1293545279564599297
1293544949611245568
1293544789699305474
1293544620110929921
1293544578281160706
1293544166387933184
1293544069742956555
1293543757673926656
1293543485555933184
1293543351669555200
1293543136208142341
1293542323897286656
1293541874825748480
1293541750439464963
1293541494171852800
1293541333261402112
1293540567830282241
1293539868962729985
1293539820384317442
1293539750826192896
1293539647809699841
1293538398448230401
1293538058231373825
1293537500791808001
1293537393505599488
1293537234625257473
1293537020493459456
1293536597787332608
1293536197608763393
1293535767617298437
1293535529749737472
1293535245493395457
1293534948515819521
1293534943566471168
1293534682710065158
1293534209131175936
1293534140671963136
1293533378449477632
1293532990396444672
1293532915733630976
1293532873857929216
1293532710158266373
1293532605279682561
1293532458948784129
1293532446558842887
1293532282725101569
1293532111886929920
1293532111761108995
1293532042492145664
1293531790234140673
1293531787843350530
1293531613737807873
1293531478236831747
1293531416207044608
1293531330282524672
1293531277522374657
1293531229740908545
1293531129840984064
1293531002871009281
1293530438661595138
1293530220138438661
1293530171031449600
1293530079050571776
1293529998469423105
1293529717828546561
1293529421308145664
1293529331621273600
1293529086128660481
1293528925688086530
1293528798818787328
1293528728891318273
1293528576218652672
1293528369137516549
1293528337315328000
1293528260530204672
1293528181014581248
1293527815720071169
1293527566028926977
1293527557938110464
1293527415763894273
1293527093406347269
1293527054399369216
1293526966562299905
1293526924808003585
1293526819468001283
1293526753315418112
1293526575451840514
1293526466152423425
1293526030662037504
1293525912583954434
1293525882896883714
1293525785840513024
1293525517493080064
1293525433804181504
1293525343882575879
1293525287817289728
1293525218074300416
1293525108754018304
1293525000406757379
1293524958325272578
1293524691416567811
1293524413455822854
1293524208484364288
1293524121066696705
1293524045783171072
1293523869999828992
1293523860654964736
1293523420492136449
1293523282046656512
1293523000470335490
1293522830848454657
1293522529680646144
1293522023423991811
1293521906251882498
1293521788605837313
1293521700164907009
1293521415182774272
1293520848578461699
1293520658928816134
1293520589311770624
1293520468251557888
1293520118404616194
1293518988337713153
1293518605108166656
1293518333334056960
1293518200303484929
1293518161933828096
1293517877270548480
1293517749319110659
1293517746068750337
1293517330178289664
1293517210908913664
1293516997465014272
1293516543184183299
1293515641169666048
1293515490116034561
1293515089937461248
1293514665092198400
1293513358025428997
1293513098259599360
1293512605865148418
1293512439586201600
1293512428987338754
1293512284459868161
1293511683860643840
1293511083723042817
1293510415285182465
1293510367096627205
1293509790245609472
1293508685847769088
1293508104634605568
1293502710642348032
1293500013432262657
1293499297485467649
1293498323157102593
1293498167640678405
1293496300240084992
1293496260427747329
1293491413414535168
1293487578503475203
1293486509660618754
1293486433664004097
1293477035415875586
1293470116152320000
1293469727939899392
1293467930412437505
1293467359643082753
1293463473817411584
1293462319360401408
1293461989159628801
1293461701166211075
1293456369220280321
1293456133856821248
1293450134966153219
1293449544882098176
1293442171216039936
1293437584228589568
1293437165964148736
1293436849193545729
1293435589996343297
1293433488000061441
1293427674090573830
1293426029776650240
1293419173448757248
1293415684643397632
1293408971064086528
1293406187065466880
1293405056696492032
1293402710126006272
1293402552227311617
1293401970921943042
1293400589209145344
1293397188236763136
1293395175432048641
1293392126823153669
1293390220323196928
1293389639319867392
1293388301039071232
1293387413620834306
1293387361204592640
1293387258498752515
1293386936372011009
1293386594724900865
1293386459936768001
1293386010508660737
1293385761996156929
1293385542776680448
1293382364345724928
1293381346350391296
1293380987510902785
1293380845135261697
1293380225166843906
1293379763944316928
1293379661179711492
1293379562638737408
1293379176976863232
1293378808129523712
1293378677808537601
1293378658061565952
1293378651694813185
1293378611920207872
1293377843313799169
1293377647112622080
1293377515952603138
1293376787490017281
1293374741961674752
1293374610163945473
1293374421986508800
1293373617024180224
1293372555332468737
1293371862659940354
1293371710905806850
1293371286698131456
1293369872991129600
1293369822714007553
1293369744972746754
1293369653348061185
1293369516559228928
1293369361395118080
1293368526166568960
1293368313544761344
1293367637691392000
1293367528534794241
1293367325723250688
1293366896469798912
1293366785987641346
1293366688356818950
1293366270058852352
1293366195480035328
1293366047068872704
1293365772203352064
1293365607744724992
1293365286662356993
1293364863129944064
1293364752475799552
1293364273909911552
1293364112248848384
1293363439612465152
1293363333324660736
1293363185320222720
1293362625544196097
1293362561757245440
1293362264976658432
1293362131803369472
1293361616642174976
1293361009252372480
1293360549355380737
1293360269637238789
1293360143933927424
1293359781478973440
1293359478176243713
1293359310903209984
1293359030090440706
1293358806995472384
1293358447086301185
1293357731202514944
1293357641163407360
1293357365115248640
1293357332534108166
1293357033769467904
1293356917130051584
1293356243780657152
1293356216316436482
1293355957846597634
1293355655030427649
1293355388192997378
1293354978761773056
1293354881911160832
1293354844036767745
1293354573344542720
1293353972057509888
1293353786887610374
1293353706675560448
1293349804542582786
1293348234157600774
1293347903801524224
1293347684984721408
1293346605005967360
1293345917249171458
1293344885404323846
1293344085709852673
1293343971746492419
1293343890074996750
1293343834298966016
1293343771057364992
1293343664647950338
1293343565800767488
1293343479251206146
1293343385370218497
1293343279262642176
1293341699603746817
1293341294912139264
1293340569557762048
1293339347316424705
1293338309897392129
1293337945374699520
1293337556285665280
1293336366449864710
1293336061553254401
1293335263465349121
1293335033936097281
1293334882823938048
1293332743208570880
1293332121080094721
1293331759036162048
1293331629117603840
1293331458140987393
1293331346706726913
1293331100534632448
1293330754567512064
1293330296637554695
1293327914692313088
1293327559023685633
1293326823414067202
1293326568333488128
1293324823280705539
1293324335743000577
1293323263125274625
1293320464056619009
1293319144360701954
1293318687865204736
1293318034241679360
1293317002753388544
1293316577132072960
1293316460954046465
1293316445028388865
1293315112422584321
1293314654673022977
1293313840793485313
1293313728730083329
1293313296490278912
1293313025185730560
1293312879102287873
1293312388775714818
1293311874981859331
1293311660044587008
1293311493560123394
1293308329759047681
1293308224960110592
1293307878204272640
1293307278653882368
1293306237409353728
1293305525292081152
1293304634572824577
1293303828155109379
1293303633954496512
1293303521979191297
1293302129453436928
1293301906832588802
1293300825343762432
1293298536998567937
1293298101894217728
1293298025398296576
1293297561885749248
1293296266911375363
1293296171486593026
1293296107464691713
1293294451624796160
1293294072904515586
1293293304453324800
1293292864034582529
1293292128315949056
