1280244541845573633
1280243887878086657
1280243540874924032
1280243290688811009
1280243280043749378
1280243087806103552
1280242423277293568
1280242349755465729
1280242116027797504
1280242001309569028
1280241973685821441
1280241308024688653
1280239797445947392
1280239766970216448
1280239311909277704
1280238682000076800
1280238590375714816
1280238254457946112
1280237742849273856
1280237601669230592
1280237294780157952
1280237025212289024
1280236168668299266
1280235593658580992
1280235034977288193
1280234305114050563
1280234303847186432
1280234193876746240
1280233806998335489
1280233026383802368
1280232854178467840
1280232818702979073
1280232721718013952
1280231816222380032
1280231699616370688
1280231169607430144
1280230156783796226
1280228076434030592
1280227378430525440
1280226993448116226
1280226753378582528
1280226728414253056
1280224586798374912
1280223700344868864
1280223061481046022
1280222496009175041
1280221575468290048
1280219757606850560
1280218827431780354
1280218683097460736
1280217566212960257
1280215958188175360
1280215220028235776
1280214280906964998
1280214107136933891
1280211867781251073
1280211865193320448
1280211862668423174
1280211090878717952
1280210840038322176
1280210745473597442
1280210696127385600
1280210692923109379
1280210627546529794
1280210609687191554
1280210562924924929
1280210529534033922
1280210495912501248
1280210424911269888
1280210377322778624
1280210345827729408
1280210332355571712
1280210255541161987
1280210228127162368
1280210200432201733
1280210188713160706
1280210126960558092
1280210122699091968
1280210036271263745
1280209952959860738
1280209945728876544
1280209856364974090
1280209746356813830
1280209651943030785
1280209518798897152
1280208838537482241
1280208107059253254
1280207660936241157
1280205322108502022
1280205270094938112
1280205195708948481
1280205132773371912
1280205072752934912
1280205002766798856
1280204938606501889
1280204859296362496
1280204764542885891
1280204695353556993
1280204647920263168
1280204590990925825
1280204516185583616
1280204435822718978
1280204360996335624
1280204265236152322
1280204193601662976
1280204099141713920
1280203981692813313
1280203025865478147
1280202994034839553
1280202341120126977
1280201358520602624
1280201292565172226
1280201233001742336
1280201172620582912
1280201113665486851
1280201050155356160
1280200988981420034
1280200925416751110
1280200856948924416
1280200788485255170
1280200721179324416
1280200635418279939
1280200553713238018
1280200474852044802
1280200370820702208
1280200132219351041
1280200062723862530
1280199995803742209
1280199905886253057
1280199832704032770
1280199757307293696
1280199684418686976
1280199597059641344
1280199572078227457
1280199518164844550
1280199431011303424
1280199333376385030
1280199252673794048
1280199153394552832
1280199040681095168
1280198474378723329
1280198361115701248
1280198310301745153
1280198227799793664
1280198145029410818
1280198072862212098
1280197976259014656
1280197835611308033
1280197778472423424
1280197703344029697
1280197625556451332
1280197541863272453
1280197443548860416
1280196526795624448
1280196227787902976
1280195385772949505
1280194284277432321
1280193264805691393
1280191528506449921
1280190675141775360
1280188876364091394
1280188737847037953
1280188604120272904
1280188557227724801
1280188165970526208
1280187949720592386
1280187360571949064
1280186678666309632
1280186619706908672
1280186035599794176
1280185981606531073
1280185916926107648
1280185847007137792
1280185784331624451
1280185709324898305
1280185702664351744
1280185642853511170
1280185554886373376
1280185532946014215
1280185483381878790
1280185426351984640
1280185350556717057
1280185333506666497
1280185284613849088
1280185210257145857
1280185124978667522
1280185046352064514
1280184946523549697
1280184844555702273
1280184452992266240
1280184322536792064
1280184230631309316
1280184150629072896
1280184059168264200
1280184013270011911
1280183950653227014
1280183878448185349
1280183811444178945
1280183746512269312
1280183654661185536
1280183297197445121
1280183241467666433
1280183158089154560
1280183049800409088
1280182972696727557
1280182952807325698
1280182889393635328
1280182831386411011
1280182787841064960
1280182577165479936
1280180631213944833
1280180216313282563
1280179385509703687
1280177713160925185
1280177444918444034
1280177043964137474
1280176978478284824
1280176707903688706
1280175891717525504
1280174141396697090
1280173724281569282
1280173140430241792
1280171829567643649
1280171641046097922
1280171551900532736
1280171396530749441
1280170519698997249
1280169830239232001
1280169646952534017
1280169460846952450
1280169393436209154
1280168910604689410
1280168598531530752
1280167740691689472
1280167561464893441
1280167548403605504
1280165889141288961
1280165741443125249
1280164753948602368
1280164726261964801
1280164591146844163
1280164310594002944
1280163968351457281
1280163918728609794
1280163848008368135
1280163762864095232
1280163691955093505
1280163613836218369
1280163608547037185
1280163521385435136
1280163434009636865
1280163371577479174
1280163299867443200
1280163216505569287
1280163137833091073
1280163041666052097
1280162803077136388
1280162451317612544
1280162308602433538
1280162159104626688
1280161635642953729
1280161479853895680
1280161409582592000
1280161060821975040
1280160167464710147
1280160120056483840
1280160054860185600
1280159996563554307
1280159912929234951
1280159852422103042
1280159787779526664
1280159719332687874
1280159654354567169
1280159565762514950
1280159370744135681
1280159309742178306
1280159195451592709
1280159143026814977
1280159126077702146
1280159081500676097
1280159045874319360
1280158970922110978
1280158890991276032
1280158819352547328
1280158723848179712
1280158620047605766
1280157996195155969
1280157989111037955
1280157947587375109
1280157883175501825
1280157822437769216
1280157729349394432
1280157660634132480
1280157573887545344
1280157450457485313
1280157387840724992
1280157203698266114
1280157148488634373
1280157069753155584
1280156992875696128
1280156907492212739
1280156816668856320
1280156757520719876
1280156729599197185
1280156604990709765
1280156431048638464
1280156388577153024
1280156015581958150
1280155922736742401
1280155498432659456
1280154711677472771
1280154602814476289
1280154594434322440
1280154518618017793
1280154374283681793
1280154167957434368
1280153755594391552
1280152690430021632
1280152639729254402
1280152576042962944
1280152491036946432
1280152425744211970
1280152335327604736
1280152265211490304
1280152187327447040
1280152094364913666
1280151981395501056
1280151927037349893
1280151841712586752
1280151768605786112
1280151692361826304
1280151596652007425
1280151483099615232
1280151400299802625
1280151289243086849
1280149656111063040
1280149099040272385
1280148426785796097
1280148091539087369
1280147640945180673
1280146065962999808
1280145243992711168
1280144946608189440
1280144432084500480
1280144312483921920
1280142602017349633
1280142534627463168
1280142478163742720
1280142408903254022
1280142333498011649
1280142264564617217
1280142194511314945
1280142127725453315
1280142049430437891
1280141958917341186
1280141843536191491
1280141778772000768
1280141707347136514
1280141629249204224
1280141628083245056
1280141544083935235
1280141459266637825
1280141374822723586
1280141288797503489
1280141177589772288
1280140240825380864
1280139476405190657
1280139471548121094
1280138632469282824
1280138181640364033
1280137933924765696
1280137895744069632
1280137862596440064
1280137840173690881
1280137759857020928
1280137685303201793
1280137575643086850
1280137529547685891
1280137484748369922
1280137452359872512
1280137386236809218
1280137173031956480
1280136324503220224
1280135194549370882
1280134000124649472
1280132466012049408
1280131088371908609
1280130746586447872
1280130682463846403
1280130616776892418
1280130515912339456
1280130408902995972
1280130336714874881
1280130268301594625
1280130184902049793
1280130111333961729
1280130040492183554
1280129972955426816
1280129901639671808
1280129820941312001
1280129630289215494
1280129544431771652
1280129453641826305
1280129012493422592
1280128958814658562
1280128883937939456
1280128813238714369
1280128740853506048
1280128644208353281
1280128550989967361
1280128548389433350
1280128494643687430
1280128422468075521
1280128363936518145
1280128351760506881
1280128280046288896
1280128168582676480
1280126701247356928
1280126642699014145
1280126576160575491
1280126510859501568
1280126439761813504
1280126353149497347
1280126340130385922
1280126246077239301
1280126190934687747
1280126115659632646
1280126045396533258
1280125964035543045
1280125859844829185
1280125750671224832
1280124421781573635
1280124416681181184
1280124254479147009
1280123782535888897
1280123461252403201
1280123020741410816
1280122284636856321
1280121616337440768
1280119984455376896
1280119363622879232
1280119342949109761
1280118912009547776
1280118355018612737
1280118284789186560
1280118213972500482
1280118126223515655
1280118060620361730
1280117986913910785
1280117915312947202
1280117801345339393
1280117755132420098
1280117542661419008
1280117433915838464
1280117386344005632
1280117314524938241
1280117242890420226
1280117177287356416
1280117093405523971
1280117005534867456
1280116932495183873
1280116858553880576
1280116833740341250
1280116777817686017
1280116702102130688
1280116622427066371
1280116507570249728
1280115198758662145
1280113785483735043
1280113552850812929
1280113351385919488
1280112988763181057
1280110850385145857
1280109571151986689
1280109438662111233
1280109323880812544
1280106562321858561
1280106091054084096
1280105931687288832
1280105689017249792
1280105411719331843
1280105369830854657
1280105363254267904
1280105338109399041
1280105212552769537
1280105090662174720
1280104387717861376
1280101827799855109
1280101571116838912
1280101555715420160
1280101490330402816
1280101187807842307
1280100103806746624
1280098629672415232
1280097992557629440
1280097709496709120
1280097515896012802
1280096001186058243
1280095705030369281
1280095051620724741
1280094512447135745
1280093871242911744
1280093829450907649
1280093780167753728
1280091720940687364
1280089562883207168
1280088169556447232
1280087092043771906
1280085125745774592
1280085075779092482
1280084999891554309
1280084925987860480
1280084852692226048
1280084768852520966
1280084697331036161
1280084617685581825
1280084542976655360
1280084469148516353
1280084381449715713
1280084311895674880
1280084202126553088
1280084166940545024
1280084126784270336
1280084057498570752
1280083948886994944
1280083667633700874
1280083633936592897
1280083606715523072
1280083537178353668
1280083458245767169
1280083372572839937
1280083247335120897
1280083115499827206
1280083024722436096
1280082924885377024
1280082843075559425
1280082753653026816
1280082648568922114
1280082560006197248
1280082544860561411
1280082460651503619
1280082360881602560
1280081730121150465
1280077990458798080
1280077938487148544
1280077876386299904
1280077815430463489
1280077753983909888
1280077686552002560
1280077619988439041
1280077550295924736
1280077453965344768
1280077331957235713
1280077267549540353
1280077187153047552
1280077100456779783
1280077019083137026
1280076934257541122
1280076834034647041
1280076740124082179
1280073828476096512
1280073388950781954
1280073336937238528
1280073273041190912
1280073200915841025
1280073120351748098
1280073055260344323
1280072993251758080
1280072921323573248
1280072851920470019
1280072776058109952
1280072678792212481
1280072368929546240
1280072318379855872
1280072249064783874
1280072152109264897
1280072071842803712
1280071992062992384
1280071904699834369
1280071819446431744
1280071751783911424
1280071735954608133
1280071646003572738
1280071543213764608
1280071232474365952
1280070476694511616
1280070428422287360
1280070355575541761
1280070291859943424
1280070218992291840
1280070154811068416
1280070083868491777
1280070079665836032
1280070065904369664
1280070010732523520
1280069941463572480
1280069804536344576
1280069723611373573
1280069642787184640
1280069638265675777
1280069396258525184
1280069334686208000
1280069247767633920
1280069170613432321
1280069068373004288
1280068973946720258
1280068920733392896
1280068899082579968
1280068801514569729
1280068713149083648
1280068621549649921
1280068517606408194
1280068352006860802
1280065910271811584
1280065575419551744
1280065494121234432
1280064208248475648
1280063980057366529
1280061683306655744
1280061427609460736
1280058990274240513
1280057173012213767
1280056146632589313
1280056088675655680
1280055200712142849
1280054007298437120
1280053672999890945
1280052486284496897
1280052457645670400
1280052389307977729
1280052321016336384
1280052241957883905
1280052170012966912
1280052092091203589
1280051996180066304
1280051922171502592
1280051845965250564
1280051747512373248
1280051594093002752
1280051519178637313
1280051440694833154
1280051427315011584
1280051342736863232
1280051230258102274
1280051142903369728
1280050970727198723
1280048515918462979
1280047846713028609
1280044645175656449
1280044173165551617
1280042752558931969
1280041957658628099
1280040168628641793
1280039367361191943
1280039346154942465
1280039291834568705
1280039054093017094
1280038962225127424
1280038851508125701
1280038361156239360
1280038289555304449
1280037891838746624
1280036324205101058
1280032065677713408
1280031436851097600
1280029759842353160
1280028645709340672
1280028147598143489
1280027573100183553
1280024601989222400
1280022391163441152
1280020124414681088
1280018210436284417
1280016530156249094
1280016267588616203
1280014074152132608
1280012444769927168
1280012101671518208
1280011356478091265
1280011312404127745
1280006613039026176
1279999624581795840
1279998930617597953
1279997316993294338
1279996689345122305
1279991226230546433
1279988771149287425
1279984951094415360
1279984663038050304
1279983093332561920
1279982953221808130
1279981304809955329
1279978046179520513
1279976657777016837
1279975189573505024
1279973243017932803
1279972324951769088
1279971457297256453
1279970253187846145
1279970137588723718
1279969261914656768
1279968710263005184
1279968254832848898
1279968080383311873
1279967879387996160
1279967463690498049
1279966388711546881
1279964718812106752
1279963777505439744
1279962726232494080
1279961399813459968
1279959217215070210
1279959030031515650
1279958680604041216
1279958133289385986
1279957862802849792
1279957707609391104
1279956870426439684
1279956737710272514
1279956108551942146
1279955899059015680
1279955067810902021
1279954575919738881
1279953545064779777
1279953446666452992
1279952722373103616
1279951778440794113
1279948565431742464
1279948260187095041
1279948070252187648
1279946006428176384
1279945393782968320
1279945031193964551
1279944998067286017
1279943557931888640
1279943478068121600
1279943451371503617
1279942985476476929
1279940649865875457
1279939862171398144
1279938853734961154
1279938007374725120
1279937878181720070
1279937087614189568
1279936204704792578
1279935336081059841
1279934330782048261
1279933080539725826
1279931736756031493
1279930588724637696
1279929312523812868
1279929122983157762
1279928472270368768
1279927399551889408
1279926988937900033
1279922891832819712
1279919244843421696
1279919235679039489
1279919075213275136
1279918854567677954
1279918774171217921
1279917622276939776
1279916356687638528
1279915369587781634
1279915344472223744
1279915316756328454
1279914740492275712
1279912601137426435
1279912202703638530
1279911439923318786
1279911162935742469
1279910491863822336
1279909081558290432
1279907843559260165
1279906688246611969
1279905405871808512
1279904577823879174
1279903351824478208
1279900994537697280
1279897324827955200
1279897148650409984
1279895602214641665
1279894231151259648
1279893065105367043
1279892739715297281
1279892328916942851
1279891209876627459
1279888017453268992
1279885073458827264
1279883680731803648
1279883559264759811
1279882747776024578
