1293291067236847616
1293289613159796746
1293289523309412357
1293288305102999552
1293287923161485317
1293287858393026560
1293287852772450304
1293287238181281792
1293287159198355456
1293286526931984384
1293286140435300352
1293285986026369026
1293285881055387649
1293285738033774592
1293285207110381568
1293284350071627776
1293283534442885120
1293282437238226955
1293282424684605441
1293282188176195585
1293282186527834113
1293280501810098177
1293279216922849280
1293278428938952704
1293277187206975488
1293276893064511490
1293274270412357632
1293273952098217985
1293273788835074048
1293273280514670593
1293272594230030337
1293272199734779904
1293272032080093184
1293271766068912133
1293271429971091456
1293271149812412417
1293271133236547585
1293271015892463616
1293270714435305474
1293270566711857152
1293270186636673024
1293270066050543619
1293269161125097472
1293268884972158977
1293268163690283008
1293267873679343616
1293267781224402944
1293267776862208002
1293264543196385280
1293263860393181185
1293263529424740352
1293261466129375232
1293260849541505026
1293259815045623808
1293258561544486914
1293257755189547011
1293255762211463168
1293255303975198720
1293254834632572929
1293253436377632769
1293248404781498368
1293245807165153288
1293245279534284801
1293244543500877824
1293244205754712072
1293243829680840705
1293242468054511616
1293237059428155393
1293237043527479297
1293235662951522306
1293233579346939904
1293232785059196929
1293228073861734400
1293227182085607424
1293226263159726081
1293225275111563266
1293225185525596161
1293223614074912769
1293223565395816454
1293223437356249090
1293223044287041538
1293221860457369601
1293221373758902272
1293216991487000577
1293216890844782593
1293215635363823616
1293214974198689795
1293214876429475841
1293214872398786562
1293213196275392513
1293209324983132162
1293208869305561090
1293203715571298310
1293202563282513920
1293200861024247808
1293200783224328193
1293200395242627072
1293200258193743872
1293200021899431938
1293199816336592896
1293199570285916163
1293198658498973696
1293197511218221057
1293196842705068033
1293195125527543812
1293193560204943360
1293192752264445953
1293192500128002054
1293191578094202881
1293191382098739200
1293189453155106817
1293187840981909509
1293186745278664704
1293185229448818690
1293184899864657928
1293184227639345152
1293183524938240002
1293177183607746560
1293176950031175681
1293175310003757057
1293174003390128128
1293171342905192449
1293170356900057091
1293169720892379137
1293169620262596609
1293168034979487748
1293167953664454656
1293166269311537154
1293165839718289413
1293164722456612865
1293160994999607296
1293160937365688320
1293160197825933312
1293160099909754880
1293159173006536709
1293156604339032064
1293155835967950853
1293155682271793153
1293155263495757824
1293155184814829570
1293155179785621511
1293155003973005312
1293153340830834688
1293150852912418817
1293150804291940354
1293150127616659461
1293148773623840768
1293148761858990080
1293146003835629568
1293145884562042881
1293144494251159552
1293144365255122944
1293144180781453317
1293143692430082055
1293142090440781827
1293141307708383233
1293141072017797122
1293140880237514752
1293140234499166208
1293138955559297024
1293138908079960064
1293138845261869057
1293138671596482560
1293138272240115713
1293138056426520576
1293138031977926656
1293137838872113153
1293137792537632769
1293137360100589569
1293137210259251200
1293137122359152641
1293137037562974208
1293136732121190403
1293136599031701504
1293136556254003205
1293136336300339201
1293136107257737216
1293135924780400642
1293135886037598209
1293135506260123658
1293135073152077824
1293134656234123264
1293134176850341888
1293133601928880128
1293133275289079808
1293131920172371969
1293129985314742272
1293129927059939328
1293129493712797701
1293129371411034112
1293129149263933442
1293129016472297475
1293128508680495105
1293128339880849409
1293128210096336902
1293128145806094336
1293127720059072512
1293127281439735816
1293126684472774656
1293126399297896448
1293126352896315394
1293125917661749249
1293125431034445825
1293124931400523777
1293124285687504898
1293123925526736897
1293123426819772416
1293123093368463360
1293122546120810497
1293122271188402176
1293121563772907526
1293120227362795526
1293119510422020096
1293119233929306112
1293118928659476482
1293118503738724352
1293118326529355776
1293118233151590400
1293117792342835200
1293117529108299777
1293116782992142336
1293116305961365504
1293115901298917376
1293115633744269312
1293114220221890560
1293113870752468995
1293113399069425670
1293112952325672960
1293112311566053376
1293112153352761344
1293111633552666625
1293110574608338944
1293109198343921664
1293107974962118656
1293106082798120961
1293093806213038081
1293093536267735040
1293093072981708800
1293090412727599104
1293089658897866752
1293081355493023744
1293077979220721664
1293076882855006215
1293072595848495105
1293072311751344128
1293071720396607489
1293069404687814656
1293065599099310080
1293064285241802752
1293063532922036225
1293062258143059968
1293058365581438978
1293057356159320065
1293055299377479684
1293054581551665153
1293053849129717760
1293053802497470465
1293053147129114624
1293052762486431745
1293051051780616192
1293049618490486785
1293049446901534722
1293048656136826880
1293045307232661505
1293043544337178624
1293043395317792768
1293042568670846977
1293042338810429440
1293042134086488065
1293041017139036160
1293040888604585984
1293040518998290433
1293040362726948864
1293039627289260032
1293039556103557121
1293038841368989697
1293038582332973057
1293038380687663104
1293038144619548672
1293038023647477761
1293037976285409280
1293037791035547650
1293036961838505984
1293036680321159170
1293036593952043008
1293035854953361411
1293035442124869632
1293033842618404869
1293032981544595457
1293032908953812992
1293032717756637190
1293032267896385537
1293032000186703872
1293030929439563776
1293030316949544960
1293028708123652096
1293027518589440000
1293025467428003842
1293021917327298560
1293021098657759232
1293016303658250241
1293011195985670145
1293010518450438145
1293009955037962241
1293009934540574726
1293009609490194432
1293009587839348736
1293009493433884672
1293009164864598016
1293008747405570048
1293008571068592129
1293008012894846976
1293007932880113666
1293006561145573376
1293006402810777603
1293006318823972864
1293006269649948676
1293006059083268097
1293005900735746053
1293005781303009280
1293005650205855745
1293005387281633281
1293005064798429186
1293005043994681345
1293004888629293060
1293004832853258240
1293004808983425024
1293004447078125571
1293003551506149377
1293003077851570176
1293002614809006085
1293002509133389825
1293001116255387649
1293000839397662720
1293000545557307392
1293000541728116741
1293000173493329923
1292999614115741696
1292996654652485632
1292994510968909824
1292994431365181440
1292994219448184833
1292993852895191041
1292993851989331970
1292993321233571840
1292992745179451393
1292992326684549120
1292992296288505858
1292991849934868486
1292991359301890048
1292991102903922688
1292991011854065664
1292990948306087936
1292990725626507265
1292990406154690563
1292990152617254919
1292988693989543937
1292988546328879105
1292987526928465920
1292987127303557120
1292985697511419904
1292985444464881664
1292985256018980864
1292984884835696642
1292984029638082562
1292983691606724610
1292983137706881024
1292983021956603904
1292982683732078596
1292982401958731776
1292981915394494466
1292981496710443010
1292981397141905408
1292981324492320768
1292981231856971776
1292980808488087552
1292980274318340096
1292980115341598721
1292980008185524224
1292979671961726976
1292979448648577024
1292979402708414464
1292979204967915520
1292979200933212160
1292978927263256576
1292978880219770880
1292978723298385921
1292978628783935488
1292978396088029185
1292978371576475648
1292978360608526336
1292978066348576769
1292977795228995584
1292977747371782144
1292977605092679680
1292977144843374597
1292977121308979200
1292977028577337344
1292976851980136449
1292976651203158019
1292976420524896261
1292975918126903298
1292975615608360960
1292975381096443905
1292975193908969472
1292975184522047488
1292975033766146048
1292975022848593921
1292974835774238726
1292974637039706112
1292974601199210496
1292974594014339077
1292974355765514242
1292974349561946112
1292974138395508737
1292974077733289985
1292973824569352192
1292973823848075272
1292973669925310464
1292973436893933568
1292973423421992960
1292973139220025344
1292973135814246400
1292972969057071105
1292972834298290177
1292972787422953474
1292972741004365824
1292972726408433667
1292972501010653184
1292972477954445313
1292972383570137088
1292972383452585984
1292972120020934656
1292972115503861767
1292972093668077569
1292971944082583555
1292971921487695872
1292971761424691202
1292971495786983427
1292971184527572993
1292971181708988416
1292971066701185024
1292970857262985217
1292970673556652035
1292970591935373312
1292970479276322816
1292970319960068098
1292970241572483072
1292970237457989632
1292970183984734208
1292970082528706560
1292970007576449024
1292969923078164485
1292969688922599429
1292969611164626946
1292969484559384576
1292969408130777088
1292969191516119041
1292969071298977792
1292969020254302210
1292968963786252288
1292968961030656010
1292968782395314176
1292968773729701888
1292968654414344193
1292968549359681538
1292968535971381248
1292968102833950720
1292967993467498496
1292967670027972608
1292967652399472640
1292967612842938371
1292967396005703680
1292967146918739969
1292966981419835393
1292966917255213057
1292966856764952577
1292966807242973188
1292966720466894848
1292966379780481029
1292966194455052288
1292966104227131392
1292966012908974080
1292965910588751873
1292965802010914816
1292965732322553856
1292965627410309122
1292965532027650048
1292965387563413507
1292965245305016320
1292965048084656128
1292964604499259393
1292964421078114304
1292964190601089026
1292963730515349505
1292963715256430592
1292963355687186434
1292962351579193344
1292961854046625792
1292961816725745664
1292961778976960512
1292961397815443456
1292961068231168001
1292960909770362880
1292960689280045057
1292960551459368960
1292960194771681283
1292960145257852928
1292959934271770625
1292959807264063488
1292959773319557120
1292959087181799424
1292959006571376641
1292958620276015104
1292958129324355584
1292957787832500225
1292957675269967874
1292957384386785282
1292957177574039553
1292955346772713472
1292954465629343747
1292954413745598465
1292953106712469504
1292952381408317441
1292951563837878274
1292951439774539776
1292951434179166209
1292951124698451969
1292950735903227905
1292950020694646788
1292949405671120896
1292948868099760128
1292948658657169411
1292948123791134720
1292947937215930369
1292946414251601920
1292946113687764992
1292946027029225474
1292945948855816192
1292945500467949568
1292945499427831810
1292945135274266635
1292944495772925953
1292944302088155136
1292943399822090240
1292943098780123137
1292942311811239937
1292942000434511874
1292941705260474368
1292940324331859968
1292939270261559299
1292939180423749632
1292939159527657474
1292937277837053955
1292935479898275840
1292933293365768192
1292931795260866561
1292931749396111360
1292929620472406017
1292929546849853445
1292929414796324864
1292929091650441230
