1283506200915529728
1283504923116699648
1283502815957008384
1283502414562078722
1283502372212355073
1283501928861896704
1283501610073612288
1283501530868523013
1283501177452163074
1283500379817140224
1283500087511937029
1283500035771179015
1283499818623655943
1283499440666374144
1283498709892775936
1283498481768894475
1283497380952727552
1283497185493958657
1283497103868616705
1283496873471303682
1283496717527072768
1283496556281225216
1283496450429612032
1283495236510023687
1283494305496100864
1283493753731387398
1283493582377086976
1283492899158622209
1283492444357586945
1283492152685686784
1283491999467876353
1283491980131987456
1283491765903855622
1283491707972014080
1283491616200683520
1283491491621384193
1283491376311734273
1283491170300166145
1283490869929144320
1283490706569474050
1283490686873079812
1283490492790059016
1283490398535475201
1283490109988405250
1283489968955023361
1283489934863728640
1283489777308729344
1283489265813458952
1283489158309146626
1283487664293871616
1283487592361660416
1283486954907205634
1283486894966353929
1283486866248007680
1283486436822405120
1283486003219456000
1283485965047267328
1283485807127322625
1283485308198297600
1283485001175236611
1283484756672499712
1283484581656694785
1283484039224020994
1283483948698480640
1283483935918321664
1283483738488205312
1283483665515913223
1283483435940450305
1283483159984734212
1283482958092013574
1283482692311449605
1283482231936253961
1283482162164117504
1283480737510043648
1283480310785736710
1283479341121363971
1283479110199783426
1283478868209422343
1283478324858236929
1283477908900777986
1283477784178950145
1283477460517031941
1283477031586594818
1283476619005431811
1283476300070555648
1283476031169421312
1283475401466155008
1283475275796250624
1283474710009913347
1283474565574819840
1283474317444026369
1283472872501948416
1283472674803646467
1283472593123635200
1283472027165380609
1283471880708554753
1283471861578260481
1283471777109209088
1283471156012617728
1283469586608934912
1283468798188634112
1283467218597158912
1283466517896671235
1283465753191227392
1283465285232664577
1283464545579696128
1283462696814497799
1283462323793915905
1283461769206390785
1283460999719407622
1283460691588870145
1283459742698844160
1283459172521189388
1283458960411045895
1283458177392979968
1283458076612472832
1283457627758964737
1283457469562454019
1283457200149733379
1283456936713879557
1283455761650257921
1283455394984189954
1283454916820860929
1283454842049105924
1283454119680905221
1283453400642969600
1283452758155317249
1283452052438384642
1283451400933060608
1283451076486864897
1283450731337580544
1283450598818488325
1283450295687749632
1283449802341126144
1283449745948762112
1283449580236025860
1283449407220985858
1283448886418440194
1283448226406965248
1283448094915538945
1283447823766364161
1283447495624929285
1283447351995248640
1283447190275457024
1283447100626305024
1283447021622501377
1283442165692215303
1283439730760138752
1283439727807365121
1283438918130470912
1283438777940111360
1283438635220492288
1283438447676530688
1283438018116845574
1283436760748482563
1283436566149361664
1283436254957391877
1283435057865199616
1283434939610836992
1283434734572277760
1283434681850044420
1283434144676999169
1283433858537533440
1283433473013940230
1283432759482957824
1283432411481571329
1283431376147144706
1283431207775199235
1283431120873250816
1283430951163322369
1283430926802804736
1283430298068238336
1283430178367012864
1283429832118824960
1283429164113166336
1283429083011903489
1283429050246029318
1283428643167969285
1283428570770087936
1283428342985719808
1283428270357147648
1283428005218418688
1283427319680430081
1283426084671938562
1283425308192858112
1283425104190484480
1283424946857947138
1283424600949264384
1283424557651701760
1283424506145648643
1283424080209879040
1283423710272040960
1283423348270096385
1283422893842419712
1283422683011485699
1283421957715832832
1283420411657547777
1283420000615792640
1283419644766892032
1283418807655190529
1283418646325403649
1283418277805465601
1283417903883116544
1283417024727638016
1283416724637798401
1283416518831804416
1283414986719731713
1283414933380763650
1283413725630869504
1283413637353406464
1283413601974452224
1283412682176110599
1283411303017652224
1283411016857124865
1283403548668002307
1283403041358721024
1283401103829282816
1283398615206113280
1283398459077337091
1283398234203807745
1283397424569036802
1283396819180032012
1283395860861202434
1283395319779045377
1283394468251602947
1283393148908077058
1283392743423836160
1283392232968663040
1283391628627963904
1283391526471479296
1283391405205983237
1283391363409514498
1283391123109502977
1283391093090983936
1283390679066927104
1283390461357350912
1283390284638957568
1283390220600139781
1283389923752583173
1283389917175808001
1283389378677489667
1283389010375659520
1283388681286324225
1283388422598676481
1283388236920950784
1283388027931291650
1283387748561240064
1283387307328827394
1283386918546427904
1283386836207890434
1283386737964851200
1283386503591153664
1283386343507111936
1283386159003873280
1283386158706233345
1283386105589567491
1283386090204930048
1283386064585895936
1283385771718774784
1283385622300897281
1283385603887775744
1283385477303656448
1283385308222906369
1283385003934539777
1283384975102967811
1283384625599885312
1283384336448843776
1283384013286019072
1283382290647617536
1283382008492646400
1283381751633465351
1283381719001956354
1283381492643590146
1283380989432135680
1283380708036300803
1283380073853095937
1283379199349329920
1283378195182481409
1283378157031227392
1283376410392961025
1283376066099318784
1283375717712105475
1283375652301758465
1283375359589744641
1283374876267548678
1283371947313725446
1283371540864794626
1283371014794162176
1283369792775303168
1283365282191466498
1283365186494226450
1283363179960193025
1283362070474502144
1283360404966645761
1283359386887499776
1283358721637326848
1283358564518682625
1283358201526837254
1283357068066459649
1283355794201817088
1283354703359770624
1283352616223870978
1283351189246095361
1283350629579186176
1283350570267545601
1283350528924299264
1283349482021642240
1283349462828498944
1283345710264406016
1283345607600623617
1283345100278575104
1283344740830924800
1283344389230809089
1283344128856649729
1283343462163603456
1283343324372332544
1283342971413450753
1283341016737566720
1283340398996402176
1283339884753833984
1283338880519823360
1283338828606877696
1283338246089347072
1283338138337804289
1283337843574620160
1283337697319284736
1283336997289914369
1283334565713653762
1283332289305309185
1283325750091759616
1283323456575152128
1283321001162551303
1283320026267869184
1283319111930519555
1283315522659143684
1283309517644550145
1283308944727904257
1283306990111002624
1283302842351054848
1283296773507776512
1283295817445412869
1283294363339108353
1283293591473987584
1283288492882030592
1283288438582710272
1283287539021803520
1283285964954251264
1283285094875029504
1283282412223508482
1283278353147891714
1283278081554186242
1283277905967976448
1283277682180943872
1283277068625534976
1283276364922134533
1283268605254291456
1283268318216900610
1283262795904098304
1283261871521271808
1283260948736815106
1283259600112885760
1283258583652737024
1283257491019780109
1283256654323212288
1283250523999571969
1283248037251256321
1283246985072517122
1283246249324343297
1283245594606137345
1283241172626857984
1283238269199646722
1283235013610352648
1283230501873029125
1283230153158676481
1283227747393863681
1283226651204124679
1283223740009111553
1283223214001463296
1283221750780702723
1283220873881595904
1283220712421912577
1283220583602253830
1283220370900676608
1283220010861842432
1283218711919431682
1283217703378063361
1283217158596698122
1283216794581372928
1283216661949161473
1283216015791476738
1283215404555358210
1283214977990418432
1283212962287812611
1283212000265265152
1283208639868698626
1283205682968264704
1283205281027993600
1283205198127624193
1283203432459853825
1283201939594006530
1283200004107177984
1283196123218231297
1283194950126047238
1283194894266380288
1283189971898294274
1283189838171316228
1283189536995115013
1283187453658980353
1283186362582134784
1283186200279306240
1283185016655273984
1283183595130167296
1283182571724177410
1283182427939241985
1283182152369098752
1283181088681144321
1283180604088094722
1283180425280716802
1283178254308978690
1283177064435154951
1283176009618120705
1283175590049325061
1283173790986330112
1283173727518306305
1283173231223091200
1283170711767482371
1283169231840980994
1283166917012922369
1283164761488793601
1283163079019290630
1283161179121086464
1283160616958656515
1283160107447197696
1283160024672600065
1283157962199117824
1283156224826118146
1283155296102342656
1283153986535796742
1283153472226025472
1283153175579508736
1283152197300060160
1283150503090589696
1283149951292149760
1283149899400265729
1283149510122901505
1283149330841509889
1283148366403297286
1283148349844213760
1283147335334232065
1283146987748175873
1283146918831575041
1283146018268356608
1283145555435302914
1283145511726395395
1283145383053598721
1283144342648094720
