1275533424032468998
1275533218528333826
1275533107601371137
1275532153531641860
1275532063702212608
1275531728212369408
1275530721273274375
1275530237095411712
1275529533345525760
1275529447240798208
1275529320052617216
1275529000752840705
1275528910877458432
1275528907270340611
1275528588918263808
1275528383024074752
1275528149728522240
1275527971663523840
1275527737076183040
1275527614841516032
1275527256413286400
1275527230282760194
1275527114364579840
1275526996966158339
1275526809417691136
1275526518983319552
1275526442869235712
1275525909034999808
1275524851822997506
1275524616472145920
1275524550793613320
1275524458841849856
1275524308224421890
1275523897300062208
1275523642579918859
1275523428867543041
1275521434870140928
1275520925358792706
1275519766476791811
1275519639280386051
1275519222156648448
1275519166775209986
1275519120210100226
1275518972067274752
1275518881159929857
1275518506356916225
1275517705433595906
1275516468210421761
1275516354016219139
1275515556670701568
1275515319889489920
1275514866002993154
1275514165390716928
1275514099452035073
1275513279847239685
1275512746583474177
1275512239752085506
1275512166263775233
1275512037204873216
1275511679539912704
1275511070589890561
1275511058732441601
1275510832667881473
1275510745460027398
1275510258224504839
1275509640722186241
1275509464838418432
1275509223380656128
1275509031512051716
1275508758592933888
1275508525658247168
1275508434914250754
1275508208249868288
1275508070374871041
1275508017123885056
1275507838522032129
1275507670225530880
1275506735462129666
1275506437444317185
1275506189619658752
1275505300288581632
1275505221796429824
1275504464380616704
1275501816843649025
1275501555115077633
1275501308120674304
1275500938380247041
1275500934773329927
1275500847707779072
1275500803302752256
1275500778749378561
1275500654299983873
1275500458027573248
1275500390339862528
1275500369062301697
1275500278276517888
1275499584467263488
1275499400626950151
1275499366803881984
1275499316619038720
1275499305751605251
1275498960472477696
1275498860178112517
1275498749075349506
1275498143950528513
1275497499965313025
1275497218431049730
1275496923026374658
1275496814704287745
1275496618775711744
1275496599305834498
1275496247974080512
1275495921577385984
1275495095584743424
1275494762511040513
1275494607250284544
1275494446482821121
1275493822311608321
1275493396795346944
1275493185330921479
1275492846997581830
1275492187757830147
1275492084313513985
1275491124430417927
1275490736415412232
1275490347536330752
1275489413540257799
1275488981350780934
1275488795350237184
1275488793189994496
1275488547861073920
1275487956460068864
1275487921919766528
1275487563931766785
1275487376073093120
1275487062305562624
1275486321390137345
1275486092939022337
1275485783235932161
1275485723588788225
1275485411033231361
1275485274525577223
1275485245408546818
1275485109940973570
1275484866403074050
1275484696403574794
1275484532049879042
1275484472314478592
1275484428496764929
1275483951478407169
1275483735165743110
1275483614793220097
1275483543813095426
1275483457037070337
1275483288983891968
1275483131232083968
1275483060079820802
1275482997890838528
1275482976395112448
1275482741333651457
1275482576799633414
1275482563314761728
1275482212880666626
1275482078071513088
1275481738773291008
1275481488927027202
1275481372828798976
1275481279450869761
1275481271515222016
1275480692881649666
1275480597545332736
1275480583406264322
1275480429970075648
1275480133449551872
1275479799289569282
1275479766561435648
1275479765508435968
1275479707216080897
1275479679638450176
1275479572343996418
1275479138372026369
1275479137298321409
1275479117559992321
1275478966854451200
1275478950001561600
1275478502830039040
1275478319128023040
1275477961030791174
1275477889467559937
1275477843871502337
1275477745577848832
1275477678771101698
1275477318580854791
1275477103308230662
1275476727406321664
1275476205429379072
1275475849634918400
1275475811630567425
1275475545170432004
1275475539944329217
1275475312625586183
1275475218467680257
1275474992117972994
1275474961193287681
1275473224114081799
1275473221320454146
1275473044236939264
1275471798721589249
1275470775236071424
1275470190529003520
1275469013653446656
1275468970330484737
1275468625260933120
1275468318347067396
1275468252454346754
1275468011365822465
1275467027935719424
1275466768929210368
1275466680202924034
1275466187355246593
1275466144833470465
1275465027714084864
1275464805797765124
1275464608501784576
1275464438917840896
1275463845058957313
1275463838691966977
1275463694822961152
1275462875461623810
1275461787400302598
1275461642260746242
1275460706012286979
1275460617483300864
1275460329368162310
1275460127034880005
1275459892170506241
1275458607572643843
1275458575935012864
1275458289820549120
1275457881513459714
1275457046104600576
1275456834120282112
1275456705749372929
1275456644004974592
1275456576740941825
1275456406334799872
1275456209785675776
1275455994009497602
1275455973847560193
1275455253928742914
1275454058162085890
1275453348016033798
1275452904850157569
1275452844414390273
1275452200605478922
1275451163312140289
1275451149219360770
1275451024702976002
1275450964015644673
1275450369871499265
1275450075464925186
1275450033085624320
1275449491747778571
1275448865487900672
1275447820674150407
1275447725253775360
1275447590327205889
1275447530315149314
1275447511667191808
1275447351348346880
1275447133059969025
1275447125451567106
1275447124981805056
1275446954252632074
1275446415422980096
1275445683386892288
1275445252766134272
1275445108511399936
1275443656447549441
1275443565930229761
1275443141458321417
1275443072566878208
1275441853781794818
1275441665675718660
1275441300947431424
1275440663660650497
1275439869561462784
1275437985798873088
1275437400949272578
1275437159021871106
1275436936744689666
1275436823271976968
1275436341984034818
1275435954644213762
1275435834032807938
1275434888141746176
1275434446016012288
1275433766060613637
1275433309590507520
1275433160826707968
1275433124445540352
1275432082924204038
1275432021083348992
1275431274019033089
1275430900860252160
1275430852671889408
1275430218967085061
1275430170296414209
1275429854423343104
1275429101625540610
1275429043471634433
1275428719633432582
1275428616382197766
1275428580684476416
1275427917359534080
1275427808945172486
1275427586122735616
1275427479813976064
1275427333340450816
1275427218781396992
1275427009221455873
1275426761430503426
1275426383942934528
1275426013686542343
1275425605899522050
1275424610507296769
1275424236878860289
1275424069232418817
1275423898771705856
1275423703816265728
1275423482483036161
1275423276257251329
1275422574613164036
1275422342345179141
1275422272489230337
1275421960873193473
1275421914433851399
1275421907534221312
1275421264551841793
1275421191079997441
1275420849256804353
1275420834522206209
1275420727563497472
1275420585359634432
1275420433664237568
1275420267590778882
1275420070051602438
1275420049889787904
1275419595411558401
1275419399751491584
1275419389349658625
1275418570034479110
1275418224893595649
1275418143553249281
1275417946005753857
1275417833640349697
1275417833351139330
1275417755706146817
1275417633215483905
1275417150652465155
1275417031408418817
1275416858326253572
1275416753707704321
1275416108338606081
1275415648621875201
1275415572608626688
1275415432669696002
1275415371005087745
1275414527522136067
1275414222390820866
1275414193512968196
1275413975685980160
1275413939841454080
1275413315150323713
1275413137366409216
1275412398048854016
1275412271670288384
1275412231228993543
1275412164707151872
1275412097136877569
1275412043160367104
1275411878299099141
1275411708765503488
1275411651047677953
1275411308071002112
1275411212713385984
1275411082325053440
1275411003866562562
1275410843912429569
1275410366869041153
1275410011217227779
1275409573872992256
1275409488015552514
1275409364338130945
1275409186902298629
1275409024507412480
1275408909168074753
1275408876628701184
1275408355033407489
1275408239354474497
1275408021015781379
1275407854590136321
1275407745991110659
1275407568073097218
1275407410996244481
1275407328460693504
1275407180775034882
1275407088169086978
1275406225908264961
1275405995515101185
1275405530174050306
1275405335642230784
1275404649185632256
1275404412815462405
1275404049580535808
1275403554518433793
1275402989352611840
1275402765443805184
1275402289944002561
1275402019805650947
1275401938482257920
1275401678116667392
1275401463364063232
1275401263094599680
1275399364144324609
1275399149823893506
1275399133864443904
1275398834806349824
1275398561275039744
1275398436855009280
1275398356118822913
1275398290276847616
1275398132658892800
1275397659616894976
1275397652256088064
1275397580965285889
1275397500397027329
1275397309807788034
1275397118929190912
1275396942231633920
1275396816981372928
1275396491188846592
1275395842678104064
1275395389311594496
1275395388791500806
1275394938147045376
1275393299512254465
1275392480230486016
1275392050146525192
1275391076136869888
1275390862474821632
1275390166300057601
1275390010615836672
1275389952898093056
1275388596233605120
1275386869270876172
1275386686315229184
1275386077549940738
1275385996532682758
1275385970150563844
1275385605984342017
1275385261292236805
1275383806334324736
1275383368373489667
1275380991268458496
1275380454581911552
1275380407962415104
1275379895934337025
1275378830480416773
1275378794094891008
1275377459022770176
1275374911637409793
1275374828762079237
1275373911576887297
1275373304661016586
1275370262368784389
1275368006290472960
1275367779386847233
1275367640245157890
1275366931386839040
1275360761867464704
1275360050404614150
1275359688801091584
1275358495886450688
1275356693824602113
1275354599725993987
1275353937307148290
1275352285623836673
1275351977426329601
1275350329354268672
1275346700329078789
1275345500821127173
1275341164510674944
1275340923308736513
1275339557077164033
1275338216250499072
1275337715584774145
1275335974583709696
1275334937932161027
1275334237261103104
1275333564679303168
1275332582394257408
1275332223160459264
1275331877880999937
1275329854431469569
1275328197366874112
1275327477678665728
1275327082608787456
1275326831957356545
1275326617691336704
1275326178400915457
1275326085018730500
1275325731816345602
1275323363498614785
1275322701113110529
1275321806493298690
1275321244917927936
1275320046068412416
1275319332671807488
1275318928181473281
1275318609103867905
1275318095436034048
1275316961254100992
1275316692638248960
1275316178596933634
1275315613787803648
1275314254741209091
1275314027833389056
1275313293695938561
1275312812730941440
1275312197858521088
1275311346113019904
1275311238721998850
1275307999255334912
1275306237966585856
1275305613594103808
1275305277492006912
1275303882009325569
1275303528236568576
1275301676795265024
1275301555839930368
1275301386041864192
1275301216264892416
1275300803620663296
1275300779629244416
1275297747369852928
1275297470088650752
1275297048812834816
1275294568964067328
1275293550561726465
1275292785034182656
1275291748529512448
1275290386294923265
1275289736580608000
1275289423966466049
1275289075767865344
1275288947896221696
1275288387088515072
1275287822723878927
1275287330559909888
1275286323780149249
1275284758000545793
1275283882460377091
1275283506994741248
1275283356876279808
1275283206992953345
1275282899621773312
1275282676463792128
1275282323307524097
1275281995510112256
1275281652122607616
1275281135375912960
1275280432263647237
1275280339984736262
1275280046660489219
1275279918041927680
1275279589267271681
1275279470900006913
1275279404021583873
1275278521087062019
1275278372210216960
1275277984748802048
1275277768209530880
1275277624344891393
1275277356345831431
1275276194435473408
1275274912635158533
1275274419485552641
1275274035203649543
1275273930085789697
1275273283932430336
1275273264755957760
1275272511656083456
1275272165667901442
1275271839653097472
1275271338563760130
1275271109080842240
1275270986904952833
1275270866150907908
1275270859943489537
1275270513066045442
1275270398137913346
1275270113885896705
1275269669604126720
1275269473759490050
1275269417249632257
1275269416658313217
1275269346542055424
1275269317832011779
1275269141994147840
1275268944811753473
1275268775919538178
1275268549649432576
1275268448226930688
1275268359928475648
1275268175668539392
1275267870625128448
1275267608120406018
1275267396282900480
1275267322492510208
1275266735940055042
1275266708262072321
1275265904662593537
1275265878733606912
1275265712295043073
1275265508363755521
1275265231384530945
1275265081950044166
1275264592889798656
1275263053995446272
1275262967211163648
1275262825816973312
1275262519096094722
1275262463605440512
1275262427639078912
1275262288635719685
1275262183530586112
1275262130703306752
1275262045760352256
1275261884527079424
1275260637166268417
1275260497357660161
1275259935874404353
1275259741845905410
1275259665698480130
1275259509846372352
1275258791404199936
1275258344429826054
1275255949008220161
1275255808134184960
1275255192456433666
1275254621380980741
1275252799815561216
1275252628029497344
1275251413967425538
1275249623096078338
1275249293901824001
1275249243905617921
1275249030704979970
1275248701183856640
1275248616706203650
1275248524205178880
1275248410799550470
1275248165050961921
1275248047946170368
1275247388970618880
1275246016963342336
1275245194074456066
1275245176261275648
1275244273668108288
1275244145875881986
1275243694380273664
1275243640630030336
1275242947735203840
1275242501994156036
1275242167200477184
1275242041287610368
1275241797141364743
1275241664731213824
1275241028576935936
1275238463445643264
1275235557183029248
1275235532499451904
1275234346862104577
1275233973334048768
1275233802533531648
1275233297136672768
1275232871553175553
1275231428704219136
1275230669866774530
1275230019007262729
1275229340234444802
1275229189772210176
1275229071136473094
1275228866429235200
1275228859550466048
1275228651794190336
1275228360646393856
1275228160372563968
1275227885121400832
1275227092880199681
1275226723005501440
1275226528931098625
1275226232943046656
1275226121378893824
1275226089896341504
1275225866587435008
1275225051546046464
1275225025591693312
1275225021502324737
1275224647009615872
1275224406084608001
1275224287033450496
1275224011174273024
1275223708051763200
1275223583795666944
1275223535762518018
1275223467462451208
1275223402341527553
1275223188499075072
1275219255152254976
1275217266288754690
1275216789778108417
1275216644713918464
1275214658274824194
1275214655040786432
1275214497934905352
1275214314324951040
1275214108627890181
1275213293871906822
1275213209566244864
1275212405681860609
1275211758173515776
1275211525494575105
1275211100489801728
1275210659479707650
1275208897792442368
1275208706473558022
1275208556074106880
1275207886407208960
1275207359825014784
1275207165318320128
1275207158141980677
1275206636592742400
1275206441234829312
1275206237823438849
1275205506370420737
1275204774758100992
1275204582797217792
1275204467520991232
1275204039991492619
1275203969397096449
1275203709425848320
1275203186798858244
1275203145308745729
1275202495695007744
1275202435074494465
1275202350769008644
1275201933272178688
1275201851433127940
1275201663037403138
1275201238116818945
1275201041525399552
1275200849380327425
1275200736331051008
1275200449503789057
1275200416699961349
1275200397838372864
1275198986257862656
1275197982196011015
1275197855603589122
1275197841787564038
1275197784136617985
1275197121113751558
1275197107557654529
1275197011050938368
1275196905283293186
1275196752748924929
1275196726463418374
1275195855784427520
1275195256284352513
1275194878364794880
1275194505659023360
1275194293800652801
1275194209503330304
1275194181099683854
1275194119510466562
1275193815339581441
1275193497843359751
1275193406868934658
1275193268733698049
1275193257530724354
1275192658340777987
1275192452165431297
1275192411828805632
1275192393587814400
1275192140683898880
1275191726483922949
1275191237688070144
1275190818756636672
1275189973394681856
1275189779467046912
1275189432396611586
1275189242273034241
1275188802986934274
1275188323074469889
1275188186822479872
1275187640262934529
1275187197499437056
1275186525488025600
1275185515059445767
1275184228779601920
1275183606282047491
1275183359354789888
1275183042374574082
1275182924502007808
1275181401424396290
1275181359510835203
1275181268142080000
1275181241243926528
1275180777148473344
1275180745150119946
1275180654741913602
1275180622714208258
1275180523640565768
1275180126511169542
1275179852555882496
1275179676571320320
1275179655067246594
1275179472464023554
1275179434417455105
1275179307351015425
1275178932732604421
1275178404791418885
1275178286918836224
1275177696125952002
1275177604216238082
1275177531520385024
1275177056184274944
1275176956074397696
1275175412662861824
1275174604500172800
1275174493456138242
1275174410085752832
1275174018136469505
1275173313531133952
1275173189744832517
