1288216776120184833
1288216556749512704
1288216365241790464
1288213777155084289
1288213761594015745
1288213599077273602
1288212837618159617
1288212751282659328
1288212741912633345
1288212349401341952
1288211975575666690
1288211937231282176
1288211215118893060
1288210807927394311
1288210484307456001
1288210361967992833
1288210119537225729
1288209939526164480
1288209553339764736
1288208544853000193
1288208401252548608
1288208292599267329
1288208257350238208
1288208249590865921
1288208191915012096
1288208179109617664
1288208131126898689
1288208068229169154
1288207993901854727
1288207941619900419
1288207894199128065
1288207846312570880
1288207845989769217
1288207791287676930
1288207738443632641
1288207682734784512
1288207629102338058
1288207576258220034
1288207523162595338
1288207466052943873
1288207404417646592
1288207351036682241
1288207300591837185
1288207245772312576
1288207190541643777
1288207133402714112
1288207123592237056
1288207068982370306
1288207012921249793
1288206959645204485
1288206901755482113
1288206845513957376
1288206785476788228
1288206732276244480
1288206676001267712
1288206596460470272
1288206591469203456
1288206535907213313
1288206473084964865
1288206414033367042
1288206360312713216
1288206301827407872
1288206212375490560
1288206155194535936
1288206096520417281
1288206094041456640
1288206033115131915
1288205973761425409
1288205886196940801
1288205823416705025
1288205776830509058
1288205722359037955
1288205666570711040
1288205605233217538
1288205544982040585
1288205482679848969
1288205428594282500
1288205373774671874
1288205316648304641
1288205259018506240
1288205196171055107
1288205143343857664
1288205077547712515
1288205015585296384
1288204954549837824
1288204880935608321
1288204776497389571
1288204709292015617
1288204686215053312
1288204639566016512
1288204563431002115
1288204504668737541
1288204448041447431
1288204383520464896
1288204326620606464
1288204268688814081
1288204177492135937
1288204034856419330
1288203975494377475
1288203915910164486
1288203850529243136
1288203793470021632
1288203729913524224
1288203656786042881
1288203593506594816
1288203530361352192
1288203426262917120
1288203363138576387
1288203295920721920
1288203229751369728
1288203187523145728
1288203160457285632
1288203081549860871
1288198807105282050
1288198789266907136
1288197169560735744
1288196489295081479
1288195423782543362
1288195380035727360
1288194771844915200
1288194712864804864
1288194677607477251
1288194646598852608
1288194522791342080
1288194344302804995
1288194127146909702
1288193941544882176
1288193625906610176
1288193458251788288
1288193428904456194
1288193160510832641
1288192953542823936
1288192688580304896
1288192471856345089
1288191264383434759
1288190784341250049
1288190783783342086
1288190604019748866
1288190423903739904
1288190093619077133
1288189320348631040
1288189283673800707
1288189118430629888
1288188623586643968
1288188459178274817
1288188235332558848
1288187417539809281
1288186952748072961
1288186854894743552
1288186806828019712
1288186311140970496
1288185811553251328
1288185001654329352
1288184946113355776
1288184218728542208
1288184050369232896
1288183484851265538
1288183065001394176
1288182147589664768
1288181806303449089
1288181773382201344
1288181319113924608
1288181254542618624
1288181075630600192
1288180681277759490
1288180206864420866
1288180033744379906
1288179681326444545
1288179470231310339
1288179289666576384
1288179263456198656
1288179195550371841
1288178891593601024
1288178529301958657
1288178052078411776
1288177311859249152
1288177191021412352
1288176985349468166
1288176892688904192
1288176870853185536
1288176428085739520
1288176346468741125
1288176214134456320
1288175981044400130
1288175824428916737
1288175665611567106
1288174945340493827
1288174869218304003
1288173508594405381
1288172871060205568
1288172020069539841
1288171894513041409
1288171799604105216
1288171482724446208
1288171286301114370
1288170876140216320
1288170651614875649
1288169735201357824
1288168380915159040
1288168119085731842
1288166312481640450
1288164555194073088
1288163606232784897
1288163337658933248
1288162645736972288
1288162623268282368
1288161931946319872
1288160830329167872
1288160792286617600
1288160370360819714
1288159228138414086
1288156658250776580
1288156607805829121
1288156552562696193
1288156502486913024
1288156450091667456
1288156393271427072
1288156337214566403
1288156281220595712
1288156227755704321
1288156176782434304
1288156122902401031
1288156068082782208
1288156011140964352
1288155951682523136
1288155892983181312
1288155839807856645
1288155781058134017
1288155719204839424
1288155633829675010
1288155579320606732
1288155515701387265
1288155460881784837
1288155398252441600
1288155253616017408
1288155183529238528
1288155111349538816
1288155060862582784
1288155010593894400
1288154948178518017
1288154888820666373
1288154858076479488
1288154837453090817
1288154779546509312
1288154717634342914
1288154666593812481
1288154616539090946
1288154557063868418
1288154504777682944
1288154455293206528
1288154404697321474
1288154352260132864
1288154304570961920
1288154252674727938
1288154199209971712
1288154143350169600
1288154083128496129
1288154028602527744
1288153969316057088
1288153941663010816
1288153907651379205
1288153844095029249
1288153758552281089
1288153576749985793
1288153099933286406
1288152545819594754
1288152375086080000
1288152147134001152
1288152120667979776
1288152071913398274
1288151873627676672
1288151833274281989
1288151755667079169
1288151658195816450
1288151611710332930
1288151559839387649
1288151559067652096
1288151507506954242
1288151451173294081
1288151398119616515
1288151338124279810
1288151284109934594
1288151236253036545
1288151172948336640
1288151120741904386
1288151068086546432
1288151050608771073
1288151002961641472
1288150940147765249
1288150888176115712
1288150847403122688
1288150807389626369
1288150767489097734
1288150752431669249
1288150729211944967
1288150697431703552
1288150644680003585
1288150594100879361
1288150578019934208
1288150540770316295
1288150503092822016
1288150483266404352
1288150461212753920
1288150404262440967
1288150370460418049
1288150329314488323
1288150290034765831
1288150224779841539
1288150164381798401
1288150108253691904
1288150087005343745
1288150054168133632
1288150053840982017
1288149983816974339
1288149983703621633
1288149903164792834
1288149847544147973
1288149795421532161
1288149730103566337
1288149671618150400
1288149569168187395
1288149514482835456
1288149456425291777
1288149385080184832
1288149086093402112
1288148803980341256
1288148783050690562
1288148743116791808
1288148653589364736
1288148583347257344
1288148539734990852
1288148522831884289
1288148430402052096
1288148177661632513
1288148034950279168
1288147696868626433
1288147641923117056
1288147484531986434
1288147394425577472
1288147321570463744
1288147168885452800
1288147135855116288
1288146988584841217
1288146959157456898
1288146950425063426
1288146869252689921
1288146814114213888
1288146755624853505
1288146494776696832
1288146453643374602
1288146303764045824
1288146238114861056
1288145861076082688
1288145739713875969
1288145683103354882
1288145629106057218
1288145529549930497
1288145522876809216
1288145142302482432
1288144949439913984
1288144638600126467
1288144391811391488
1288144387013320707
1288144167202250752
1288144027825537024
1288143954790293506
1288143612593618944
1288143567333072896
1288143017149255680
1288142922735468545
1288142881740304384
1288142836458807298
1288142455762636804
1288142303970959361
1288141838226923520
1288141674531569664
1288141470134927366
1288141423896858626
1288141366548148226
1288141317172867082
1288141252748337157
1288141200646692864
1288141145185427457
1288141088537153536
1288141036401958914
1288140980416327682
1288140938166980608
1288140924762152967
1288140867576958985
1288140813868904455
1288140760068521984
1288140696227061760
1288140673971965953
1288140641365561350
1288140581881905152
1288140521907658752
1288140466630922246
1288140407285702656
1288140405272244225
1288140353342758913
1288140299768942595
1288140254831026177
1288140241744867328
1288140185365028871
1288140122156867587
1288140052619460609
1288139963285020674
1288139919248904192
1288139724469739520
1288139672816943104
1288139644442312705
1288139620300009472
1288139566424170497
1288139499302789120
1288139423322968071
1288139370814484481
1288139314472333313
1288139258197422080
1288139197623173124
1288139144871411714
1288139094967693314
1288139039716057088
1288138984468742145
1288138928395038721
1288138911995138051
1288138869230243842
1288138807661998081
1288138750497882117
1288138680868143112
1288138627109859330
1288138565520588800
1288138496838950913
1288138450835734528
1288138433618219008
1288138373912305664
1288138306736263170
1288138245814071298
1288138149349208067
1288138051777044480
1288137248974598144
1288136816424435712
1288136796807680000
1288136697402851328
1288136653371056128
1288136589051228161
1288136029531070464
1288135955443060736
1288135619005288448
1288135448678760448
1288135419926687744
1288135308999966721
1288135184190078976
1288134590519894018
1288134457023696897
1288133992068218881
1288133866214043648
1288133492363218944
1288133298020134922
1288133066351767560
1288132066006056962
1288131812586188800
1288131144861573125
1288130612805529600
1288130505007755264
1288130194461478913
1288129871244193793
1288129600053108737
1288129394565771269
1288129242404753409
1288129049584312320
1288128708125982726
1288128611124355072
1288128321075777537
1288128268613242880
1288128082562359296
1288127882724691968
1288127847358271488
1288127406776020998
1288126808395624449
1288126314042363912
1288125768975831040
1288125590441091073
1288125416738234369
1288125084775809027
1288124920984084484
1288124526530670602
1288124049214730241
1288121817870213120
1288121763675570179
1288121509198745601
1288121353485160448
1288120355651903488
1288119894366539778
1288119621468397574
1288118605419225089
1288118250807554048
1288118180330631176
1288118143731167240
1288118127239208964
1288118074135031808
1288118019332272139
1288117967448707075
1288117908673925120
1288117853468540929
1288117786368073730
1288117694747697154
1288117655627390978
1288117602544361472
1288117547250794497
1288117484726280192
1288117410071842820
1288117358133878787
1288117301401669633
1288117254089891841
1288117236054466561
1288117151916646401
1288113813812703235
1288113606807060481
1288112877191090177
1288112850901151746
1288111314242478080
1288109901076602880
1288108108389036034
1288108069973446659
1288108020988182530
1288107964880965634
1288107912989040641
1288107861248110593
1288107804356575233
1288107707568799748
1288107636810854407
1288107576912035843
1288107496096194578
1288107335018135554
1288107263748538373
1288107202721456130
1288107109297451020
1288106932805332992
1288105678943350784
1288105640125034496
1288105583669678090
1288105529798062082
1288105472185139202
1288105419806658565
1288105367348469764
1288105312558309378
1288105257155756035
1288105197458227200
1288105115488890884
1288105057016115202
1288104992172253186
1288104932604669954
1288104849666723840
1288102696143204352
1288101563559317504
1288101198277439490
1288098661356859392
1288097188913000449
1288096983002079236
1288094200760803334
1288094042094526464
1288093941955321857
1288087647504793601
1288087523349204995
1288086990865305600
1288085105773293568
1288084787442393088
1288082275058552836
1288081836019777537
1288081492883668993
1288080963940089858
1288080828992565249
1288080344919547911
1288079274520596482
1288079235270225920
1288079154013929473
1288079099949395969
1288079039060750339
1288078949847912448
1288078894055268352
1288078839558680577
1288078783900266496
1288078723368005632
1288078625850503178
1288078567230799877
1288078494971371520
1288078289026920448
1288078193593856001
1288078128846438401
1288078052862435328
1288077993689206789
1288077938521497602
1288077880447172610
1288077821336846336
1288077746472656896
1288077685701345281
1288077624108101633
1288077558605545478
1288077465559212033
1288073295238135808
1288072163401052162
1288072015627329537
1288069643240984576
1288069274867654656
1288068695621763073
1288068651707445249
1288068633390809089
1288068577816322049
1288068520765321216
1288068503963148288
1288068446161383428
1288068375919439874
1288068303399931911
1288068247754072065
1288068194146693121
1288068121715265539
1288068045596962816
1288067973903777797
1288067928940838915
1288067873991270404
1288067812918009856
1288067757347672064
1288067696387665920
1288067644734791680
1288067571934273536
1288067521011224576
1288067466627895296
1288067379075977216
1288066883837624320
1288065902416506882
1288065547880603659
1288063977319100417
1288063815045640192
1288060882505719809
1288060465390612480
1288059969284083712
1288059576869244928
1288059322899955712
1288059208055828480
1288059162958663680
1288059120503918593
1288059109246468096
1288059053718069248
1288059019819532288
1288058998181236745
1288058937405833216
1288058880283607040
1288058309401092101
1288058070556389380
1288058056685662208
1288057892655050752
1288057825063706625
1288057577620647937
1288057472180199426
1288057213269897217
1288053278723448832
1288053222960177152
1288053066814705665
1288053009050722304
1288052953849442304
1288052870483509248
1288050560525099009
1288050508347965440
1288050457936625664
1288050452123267073
1288050410360655872
1288050359613771776
1288050305209446400
1288050256337424386
1288050206676791298
1288050153585344514
1288050104881090560
1288050052863275008
1288049990649229313
1288049935812833280
1288049859602386946
1288049793097519106
1288049738764427264
1288049685928779776
1288049621512736771
1288049571348844545
1288049506580389888
1288049450708013056
1288049385314684929
1288049329903673344
1288049272366206976
1288049218905673730
1288049157266178049
1288049092522803202
1288049008787755008
1288046390933741568
1288046150184886280
1288044873300541441
1288044456772399106
1288039281257254912
1288038642242457601
1288035319615545347
1288033489447579650
1288032583138254850
1288031837953101825
1288030856150278145
1288030263457579008
1288030214317051904
1288030159740850176
1288030105537847299
1288030053180342272
1288029994871029760
1288029944107405313
1288029885345271809
1288029826281017345
1288029773881647104
1288029719825440769
1288029666264207361
1288029611608150016
1288029548332933121
1288029494159319041
1288029452463534085
1288029442200047617
1288029398554247169
1288029341092372480
1288029262839152640
1288029189061345280
1288029135009452032
1288029082576396288
1288029027660369920
1288028970089422848
1288028916175835137
1288028859464548352
1288028801495191552
1288028713435701250
1288028395759185921
1288028359025397760
1288028306487554048
1288028241387761664
1288028186522144768
1288028132847517697
1288028076371255298
1288028020788334592
1288027941805400065
1288027869063634944
1288027826634076163
1288027776000327682
1288027718093864960
1288027666478759936
1288027612951044101
1288027556638330880
1288027494835269633
1288027411171495936
1288021571295047680
1288020300475428864
1288018284898443265
1288015041560748032
1288007109590814722
1287995561170423811
1287994826479136768
1287993976557940736
1287993859952312320
1287993484578680832
1287993288809525249
1287992879898488833
1287992260508807168
1287991505374736385
1287991086904823808
1287990516924051459
1287989915553271808
1287986637352263681
1287986461602529280
1287986071880441856
1287985406286290944
1287981454597611520
1287979863333318656
1287979297081180160
1287976218214637568
1287975912785326081
1287975259824513024
1287974598504456192
1287974499975983104
1287974117379989504
1287973757244514304
1287973691033190401
1287973640542158853
1287973563505377280
1287973017889337344
1287972943935311872
1287972778830749698
1287972689370652672
1287972612711170048
1287972562077511681
1287972348293869570
1287972182178410498
1287972050691174402
1287971845115981824
1287971776840884226
1287971500977352708
1287971187646238720
1287971104351350784
1287970803489931264
1287970625672249345
1287969021665644545
1287964764401012737
1287963365839532032
1287963116156801024
1287962563003572227
1287962414655266816
1287962345033981954
1287961852811460610
1287961408013889537
1287961088122789889
1287957236824723456
1287953255532642304
1287952785728839682
1287952686583750656
1287951255655112706
1287951224860479493
1287949506089086976
1287948125668245504
1287946618260480001
1287946434424143872
1287945816976564224
1287943301316988928
1287943055610388481
1287942575479914496
1287941741828608001
1287941526480400384
1287941351670243328
1287939843926958080
1287939818995871744
1287939735386836996
1287937466671013888
1287937297552375809
1287936911827378176
1287936640489578496
1287936180831621122
1287933536910147584
1287932699848695810
1287932417748217861
1287932207315726336
1287930802446258176
1287930038608752641
1287929029840920576
1287928739750322176
1287928644770435077
1287927436240355328
1287926598344142856
1287926238800224259
1287925973984391168
1287925551995461634
1287925405475774464
1287924473082122241
1287923957887188993
1287923588931170305
1287922389477556224
1287920277008113664
1287919278600212481
1287919260749180928
1287918800474648582
1287918556215222273
1287918308767997955
1287917816209866753
1287917791706845185
1287915133931585536
1287914281737101313
1287914188057251840
1287913113728233472
1287912612215304192
1287911792329601024
1287909661211910144
1287908851912761345
1287908477621305346
1287908173601550336
1287907519239729152
1287906631007768576
1287906551852761088
1287906395640279042
1287905391402086400
1287905042029256710
1287904886680690688
1287903930781970432
1287900704443641858
1287900700886867969
1287900697594396678
1287900694821965825
1287900690581344256
1287900686341021706
1287900682104770560
1287900677801480194
1287900673242214400
1287900569756209153
1287900084601008131
1287899005058392066
1287898162938683392
1287897540176863234
1287897146046525448
1287895709379952641
1287895181396762625
1287895140900564992
1287894274164625408
1287893439636365315
1287893414516625409
1287893335936389120
1287893021673979904
1287892456348909568
1287892450615406592
1287891375980240897
1287890503313367040
1287889161610055681
1287888204524335106
1287887651497029632
1287887416187973634
1287887060649619457
1287886538001588224
1287886223764336642
1287886006302040064
1287885807705968641
1287885690617946112
1287885319652569089
1287884466476572672
1287884009481973762
1287882457954439168
1287881651100344321
1287881421084737537
1287879561271681024
1287879205967937536
1287878000831164418
1287877615701725185
1287877412655513600
1287877312805892096
1287877224855564288
1287876718624030721
1287876525560180737
1287876461026619394
1287876293493526528
1287876069639348226
1287875817599508481
1287875366422343680
1287874260174663680
1287873931207036930
1287873264010723329
1287873043654569985
1287871904611618818
1287871766283472897
1287871164203675648
1287870624765898753
1287870513826553857
1287870272813404162
1287870003404877824
1287869544833277952
1287869166586716160
1287868649517092865
1287867870467088384
1287867341104013313
1287864501107228674
1287862885553766401
1287862740153966597
1287859817852186624
1287855940398710784
1287855581164744704
