1279516405210193922
1279516401191907328
1279516162829811716
1279514354552123393
1279512720757448705
1279511765563342851
1279510897304666112
1279509844651884550
1279509763982688256
1279508882038181889
1279508471512104961
1279506525082525696
1279505600599080960
1279505409355558913
1279505368855523329
1279505036406427649
1279504584843513857
1279504479310643200
1279503899750105088
1279503704710733824
1279503313931653120
1279502906119634947
1279501107601932288
1279500678654656512
1279500605048774658
1279500363305848833
1279500275431153665
1279499782357123079
1279499150464356354
1279498666953211904
1279497874519347200
1279497773319163904
1279496635920388096
1279495444129775616
1279494673061556230
1279494034973753344
1279493490443870208
1279493068803235847
1279492883041509376
1279492707853799424
1279492192180924417
1279491843902697477
1279491562523832321
1279490661171859457
1279490507199184902
1279490375917289473
1279490256375406592
1279490063529701377
1279490034433798145
1279489748256489472
1279489588021596160
1279489570682179584
1279489339404288002
1279489114912354304
1279489079332212739
1279489002328911873
1279488830689562624
1279488352719261696
1279488116475047937
1279488113451114496
1279487950623928320
1279487894659317760
1279487799859781634
1279487793631162369
1279487385852497920
1279487288351703040
1279487081937383424
1279486063698837504
1279485937504804864
1279485214360657920
1279484747681370113
1279484557520105478
1279484129856245760
1279483956543590403
1279483759910248448
1279483209604935681
1279482711497773056
1279482703075819521
1279482406802620416
1279482300443643906
1279482228536311808
1279482094113091584
1279482061485600774
1279481867058601985
1279481674137550857
1279481388530573314
1279480706696175619
1279480456380125184
1279480196807172097
1279479980175613957
1279478983550070784
1279478724816240648
1279478551335452672
1279476822392967168
1279476041275277312
1279474766664040455
1279474751094874115
1279473364084551680
1279473288448638977
1279472940942127105
1279472864039583751
1279472844896944133
1279472728269967360
1279472561978368001
1279472550788173832
1279472319069433856
1279472211728855041
1279472208742670336
1279471931255861248
1279471204286357506
1279471094538235904
1279470549689827330
1279470506983317504
1279470312137031680
1279470088823832576
1279470015138299904
1279469999393050625
1279469600338399232
1279469304380088320
1279469291776196614
1279468605105598464
1279468174245867522
1279468040430772226
1279468036488155136
1279467790651383808
1279467635701239808
1279467499185004544
1279467178392076288
1279467109592915970
1279466911223263237
1279465764718706688
1279465706090893317
1279464970867048448
1279464585540644865
1279464050670415872
1279463635610468353
1279462534085521408
1279462428527525888
1279462378590134272
1279462299087122437
1279462229184831488
1279462134934581248
1279462056522104832
1279462001878511617
1279461687905734664
1279461475879288832
1279461470745567233
1279461077760147458
1279461022378496000
1279460937175457792
1279460864651923466
1279460706144841730
1279460600062631943
1279460536522960896
1279460519120793607
1279460455979921408
1279460389378568192
1279460127427395584
1279459264570982400
1279458926866640896
1279458436086927360
1279457947177807873
1279457924872577024
1279457106572312577
1279456306093535232
1279456274254647297
1279456157812297730
1279455737874284544
1279455411192713216
1279455357308268544
1279454818520707072
1279454769610973185
1279454706679644160
1279454630481735681
1279454547862327296
1279454476219408384
1279454453977034753
1279454391960043522
1279454295562301440
1279452091921182721
1279451591133794305
1279449320987779078
1279448780065079296
1279448704706109444
1279448490028957696
1279447265317445639
1279447120177762306
1279445318480859136
1279445073927663616
1279445049005277186
1279445001093754880
1279444902556897281
1279444886383706113
1279443963682971656
1279443359413616640
1279442676274757632
1279441689732677633
1279439097400967168
1279439072772141056
1279438415252127744
1279438362248646657
1279437046080249858
1279435458527793154
1279434930657939459
1279434909233397761
1279432865621696512
1279432703029452800
1279431604243329024
1279431292245798915
1279431206799622144
1279430830973222912
1279430713612423168
1279430654237855746
1279430582783614977
1279430478597099521
1279430416701808640
1279430352239542272
1279430272086421504
1279430203257827328
1279430124862083074
1279430053252775936
1279429982176055298
1279429915113394181
1279429890018807809
1279429803276369923
1279429703590346756
1279428304106409984
1279427028308111371
1279426972599365633
1279426884636422144
1279426819469475840
1279426751114940418
1279426680587784192
1279426614686822400
1279426526413496320
1279426085294411779
1279425926829428736
1279425303098658824
1279425232554594305
1279425149356380160
1279425004422062080
1279424994351747073
1279424928127897601
1279424881172647936
1279424817977077760
1279424753313464320
1279424685332205569
1279424616117735425
1279424544827203586
1279424442763001858
1279423980596682752
1279423931703672832
1279423860291461120
1279423582242734080
1279423431029788672
1279422921572667393
1279422811480547329
1279422642450305025
1279422605057904643
1279422541606633473
1279422313612537856
1279422106531270657
1279421771821662209
1279421508016844800
1279421317628825605
1279421243725414400
1279421185390862339
1279421148426469376
1279421065232412672
1279420825909768194
1279420624155185152
1279420460044660736
1279420381627953152
1279420265672237056
1279420189264580610
1279420042329849856
1279419825530552320
1279419825345957890
1279419602083053569
1279419536358309890
1279419399737356289
1279419147839995906
1279419106744303616
1279419071671554048
1279418948522586113
1279417827133284353
1279417598459822081
1279417545519325184
1279417427386761217
1279417395279540224
1279417054282432512
1279416668788310018
1279416591420141569
1279416551377195008
1279416495068635142
1279416441561890816
1279416386440265738
1279416331708715009
1279416329485930497
1279416264188932097
1279416199361843201
1279416174216802304
1279416138527641603
1279416121276289024
1279416067706814465
1279416003483652097
1279415913926799361
1279415845400088577
1279415808230404096
1279415763024187395
1279415693507792899
1279415676382457860
1279415608816406528
1279415535583854592
1279415472501534722
1279415393153683456
1279415385142378499
1279415327668023301
1279415246969585670
1279415152656424963
1279415138332876800
1279415061203824641
1279414961538830336
1279414945952616448
1279414784853598211
1279414464903647233
1279414116285726721
1279414046161133569
1279413763754475522
1279413688735129602
1279413288112013312
1279413124320440324
1279412957395300352
1279412835391434754
1279412692248223744
1279412304862314499
1279412255164112896
1279412037274271746
1279411905627652099
1279411793782362114
1279411564731383808
1279411561208176640
1279411489380671494
1279411473849212929
1279411340973674500
1279411089587961857
1279410973410017281
1279410785224179714
1279410435465400320
1279410342238576642
1279410239293571072
1279409752200679424
1279409413435113474
1279409398629179400
1279409278584066048
1279408771484340224
1279408525777797120
1279408280469671938
1279408181622509569
1279407954937221125
1279407774133293056
1279407713672364032
1279407497019904001
1279407300458012674
1279407136267816962
1279406903534202882
1279406766107889664
1279406709749035008
1279406537530847237
1279406484334555136
1279406157099040770
1279406115005095936
1279405864374472705
1279405779540377605
1279405543724105730
1279405490024452100
1279405431262232577
1279405258838597632
1279405171009871872
1279404745808064512
1279404376944230401
1279404106889732099
1279404047519358979
1279403939289497600
1279403589782450176
1279403376258809857
1279403311469416449
1279403084884488193
1279402931465396231
1279402557606150144
1279402157666697222
1279402088401907712
1279401057265889282
1279400732958089218
1279400504225927169
1279400288877547521
1279399865680908289
1279399844289884160
1279398742320349184
1279398700280885249
1279398646514147328
1279398587751960576
1279398533087592448
1279398458609348612
1279398380842749959
1279398334160125952
1279398236323807233
1279398167948091393
1279398092853456896
1279397992139718656
1279397552618721285
1279397027483435011
1279396948571815938
1279396890262614017
1279396823896133637
1279396630282866688
1279396579426865152
1279396512448069635
1279396410690019328
1279395822522818560
1279395368145498112
1279393737165041664
1279392703135059971
1279392001545375744
1279391992380882944
1279391942242111488
1279391883194753024
1279391799249944576
1279391738281570304
1279391663283228672
1279391581255225344
1279391482772893697
1279391423452844032
1279391327713722369
1279391260751605760
1279391176492290050
1279391088596443136
1279390984833466370
1279388029031981057
1279387434342584321
1279384559436664833
1279384539471773696
1279384372399861761
1279381336831209474
1279381207701225472
1279381166676684800
1279381099769200640
1279381043766845441
1279380977207382016
1279380890502791169
1279380802036469760
1279380751226753024
1279380692401602565
1279380626962034689
1279380559211487232
1279380465317752832
1279380003940171782
1279379957152702464
1279379919848574977
1279379855386255362
1279379797932736518
1279379729850793985
1279379644177879040
1279379594294984705
1279379526926184448
1279379454972829696
1279379375142641669
1279378027554705410
1279378020407672833
1279377577359089664
1279377205240397824
1279376400949153803
1279376360742551554
1279376296410329089
1279376227590176768
1279376155590692864
1279376066965114880
1279375861100183553
1279375804774985729
1279375680350949377
1279375618522693632
1279375528567463937
1279375447747428352
1279374681435406338
1279374625928097792
1279374563906924544
1279374464136941575
1279374395937632256
1279374327906029568
1279374232305238017
1279374138793242624
1279374092982988800
1279374031154810881
1279373964083593218
1279373864435400704
1279373794952478720
1279373715998941184
1279372830497480704
1279372753850728449
1279371728700018690
1279371109469769729
1279370240992972801
1279369983194169344
1279369418850607104
1279369092525363201
1279369053275119617
1279368981003018245
1279368923545247744
1279368855706644481
1279368781337411584
1279368700911550464
1279368654619054080
1279368590043553792
1279368531017170945
1279368463648243713
1279368379833384962
1279367995446476800
1279367950596743170
1279367891058597890
1279367824008450051
1279367765867081728
1279367749790322688
1279367004584062977
1279366952247603204
1279366901098057729
1279366843778699265
1279366779723296769
1279366707858063360
1279366630640889856
1279366544112451585
1279366500554616832
1279366444199940096
1279366362910072832
1279366286301106176
1279366240373530625
1279366179153498117
1279366118759641088
1279366053403992064
1279366025922908163
1279365984768442369
1279365922906652672
1279365852647866368
1279365761715392513
1279365381958840322
1279365332621234176
1279365265306853380
1279365203164004352
1279365135392522240
1279365053632954369
1279364969201577984
1279364915589980160
1279364852671221760
1279364776318193664
1279364682915221504
1279364670688841728
1279364597150081024
1279363597597061120
1279363557709266949
1279363503904698368
1279363480739610624
1279363441736798210
1279363382165090304
1279363298761285632
1279363213436628992
1279363130389336065
1279363084902174721
1279363021417177089
1279362942597816321
1279362869872689156
1279362734308708352
1279362652096081922
1279362053233348608
1279362010115911680
1279361937730686976
1279361861570326529
1279361794658775040
1279361734579556352
1279361670297649152
1279361655038717952
1279361644586577920
1279361538269339654
1279361534414725122
1279361435756302336
1279361389547708418
1279361328998727681
1279361272631492609
1279361213546233856
1279361136052383744
1279361070054936576
1279360990778470400
1279360883702075392
1279360449272659968
1279360040051367936
1279359829983846406
1279359550790000646
1279357796186808321
1279356585559625730
1279356541083287552
1279356484950921216
1279356419796500480
1279356339119181824
1279356259578322944
1279356192666587138
1279356093035163648
1279356013469224960
1279355920779223040
1279355207537786882
1279355156837158912
1279355112834637824
1279355043561517058
1279354735942721543
1279354697443409920
1279354640694480897
1279354570628628480
1279354554484690944
1279354499937812482
1279354418228596739
1279354311558995970
1279354241274875904
1279353958243459072
1279353799946244102
1279353748784066561
1279353675832532992
1279353598195961856
1279353516432199682
1279353439601004544
1279353323280310272
1279353295925108737
1279353105424044032
1279353102769029122
1279351073996705798
1279351011212177409
1279350936624943105
1279350857486733312
1279350769423200257
1279350662422282247
1279350592981405696
1279350515860746240
1279350434252062720
1279350190302990336
1279350132920762369
1279350053723877376
1279349969045131264
1279349885674938373
1279349801809858560
1279349712886341632
1279349622952132608
1279349497823363072
1279348844766035968
1279348787060891648
1279348720920920065
1279348649726803968
1279348533791985664
1279348446114336769
1279348367429165056
1279348273346686983
1279348197283020800
1279348104588820480
1279347879509995521
1279347054389743617
1279346704861577216
1279346653779111936
1279346589191016448
1279346526037446656
1279346456269332480
1279346371582144515
1279346276086267906
1279346187536076802
1279346114974691329
1279346011392049152
1279345906429710336
1279345819309744129
1279345760371380225
1279345665139671041
1279345546373857280
1279345051781513216
1279344994780938242
1279344886039351296
1279344782981173250
1279344696725209088
1279344599782350848
1279344530244939777
1279344450305753088
1279344284760760320
1279344158810013696
1279343433723686913
1279343028063227904
1279340423258034176
1279339872830935040
1279337446937853953
1279337397742972928
1279337335491002368
1279337274577125376
1279337189424476160
1279337112769355778
1279337026148540416
1279336934066851840
1279336875103334401
1279336854865817600
1279336802936070145
1279336732756979713
1279336648094949377
1279336507787051008
1279336409929854979
1279336266560143360
1279335460213571584
1279335407075954689
1279335332358623232
1279335269905432576
1279335189311873024
1279335103941029890
1279334970541199360
1279334911762194433
1279334832733138946
1279334725774172160
1279334644606013440
1279334519414415360
1279333037994643456
1279332918758969344
1279332045181812736
1279329209467301889
1279328930508312576
1279327720019640320
1279325794041507845
1279323095015108608
1279321874351091712
1279319836225462273
1279319786812403712
1279318863344091142
1279318322266419200
1279318313546379272
1279318292495204353
1279317649768370177
1279317223379615745
1279317023512686594
1279315950215426048
1279315704316125184
1279315603979825153
1279314535761850368
1279313607537246209
1279312869272596480
1279312755158212608
1279312549570244614
1279311506908184576
1279309520301371392
1279309129039953922
1279304177496154113
1279303624980492288
1279302178696335363
1279302105803735040
1279298469421887489
1279298224084398080
1279298113795239936
1279297813038448640
1279295876377108480
1279294320596496384
1279293096166129664
1279289170809294848
1279288837932539904
1279288246694899713
1279287972987371520
1279287929064448001
1279287595495653377
1279287463794573313
1279287210005557249
1279286845210112000
1279286322398543877
1279286143746334728
1279285744733949952
1279285546565562369
1279285351412936705
1279285310610866177
1279285246228217856
1279285232177422341
1279285175977943040
1279285082881048576
1279284878194794499
1279284552800677888
1279284366531854336
1279283247000805376
1279281630910259201
1279281576812175361
1279280940829872130
1279280919937867776
1279280786450022401
1279280631227310081
1279280563317125120
1279280457004265472
1279280216360144898
1279279771147546624
1279279767527862272
1279278209083809795
1279278153060540417
1279276203984158733
1279275690525941760
1279274933361704969
1279274427398541312
1279274388387508224
1279273120432611328
1279272785823571972
1279272744161591296
1279272576792121346
1279272201250840576
1279271872836907008
1279270550754467846
1279269930580480001
1279269541680492545
1279269465364955137
1279269077509459968
1279268354696642562
1279267697566445568
1279267666495254531
1279267290639450112
1279266980789354496
1279266433453535237
1279266268432957440
1279265865222049792
1279265758900629505
1279264981620490241
1279264285693284353
1279264265191534592
1279263741184376832
1279263738508517376
1279263693214269441
1279263143819202565
1279262559116259328
1279261533118185472
1279261166649344006
1279259918013521921
1279259770348863493
1279259266163994624
1279259089042919424
1279258996659101696
1279258883878518786
1279256555939147784
1279252426864750598
1279250729555779586
1279244800705867776
1279244168921939968
1279244165969252352
1279243792323756033
1279242151751270400
1279242017529376776
1279241900705419267
1279241069255774208
1279241035110133761
1279239621587668993
1279238172774404098
1279237246575685632
1279236900344266757
1279235821044981760
1279234821802229766
1279233884161478656
1279230150996103168
1279229353281359874
1279228710990811138
1279225133337653251
1279224318497603585
1279223204591079432
1279222032924893185
1279218511693451268
1279218422333702144
1279216517679218688
1279216360363622403
1279215678482939906
1279215222260207616
1279214342651678721
1279213853952393216
1279211645504454656
1279211636973174784
1279211424791900162
1279211124559355908
1279210435540062212
1279210272213872642
1279210220552585218
1279208589970849793
1279206859547820032
1279206763485675525
1279206429182906372
1279205964391030786
1279205947571929090
1279204005600808961
1279204002987683840
1279202988700114945
1279200057124937734
1279199206725599232
1279199003192832005
1279198414090039301
1279198220980273153
1279197681424969728
1279196620505088006
1279195718998089728
1279195549049257984
1279195332115603457
1279195219511119874
1279188962272112641
1279186634085486594
1279185957506256896
1279184957487943680
1279184197505048580
1279183740309254145
1279182637324742657
1279181842172739585
1279181243389788161
1279180896189526017
1279180698876870656
1279180374816559104
1279180033823834112
1279178613963681792
1279177310801985544
1279176478559698951
1279175565132488704
1279175419485282304
1279174427650011136
1279169521807273984
1279169102309986304
1279168599018614784
1279167541613678595
1279167262595956738
1279166820004564992
1279166276192133121
1279166262002814978
1279164839282139136
1279162659057938438
1279162225379475456
1279161804707500032
1279157974561222656
