1277704549956894720
1277703872816001031
1277703683619381250
1277702893412507648
1277702269354401794
1277701779363332098
1277701164646248449
1277701007468683265
1277700960517840903
1277700765625221121
1277700587765678080
1277700007169163264
1277699672736509952
1277698693186158594
1277698597505699840
1277698308631343104
1277698233960022016
1277697529577115654
1277697152664440840
1277697141948002305
1277696671003095040
1277695065465466880
1277694726855110667
1277692506050887682
1277691787277189122
1277691411144589312
1277690316624220161
1277689550593298437
1277689471173984257
1277688489044107266
1277686512029761536
1277685926995456000
1277685769507762177
1277685339273023488
1277685100033921024
1277684271168155649
1277683596518551552
1277683443808317442
1277683224492281857
1277683157077233667
1277683125745790981
1277682917091667969
1277681771778322433
1277681562310586368
1277680808053092358
1277680474970828801
1277680346776117249
1277679750522245121
1277679556149891084
1277679380110532608
1277679110676856832
1277678938958041088
1277678505300504576
1277678483250921473
1277678467996192768
1277677757372133376
1277677501683085312
1277677490820046848
1277677151899148288
1277677029740199936
1277676996307283968
1277676688415977473
1277675313166716930
1277674895460036608
1277674614743851010
1277674577729130496
1277674515019919361
1277674150270730241
1277673823190618112
1277673670098313216
1277673623298412544
1277673603048210432
1277673272943861760
1277673254048747520
1277673179788574721
1277673170980360192
1277672773863669760
1277672758223175680
1277672497157009408
1277672265887305728
1277671873271214083
1277671769613037568
1277671653736976384
1277671652545794048
1277671639430369282
1277670976491327491
1277670671712059392
1277669986706874368
1277669695278071813
1277669212270411777
1277669091780648960
1277668843519971328
1277668014037643270
1277667981233983489
1277667969003327494
1277667956617601036
1277667940926660608
1277667926749794304
1277667914099888130
1277667902179749892
1277667875059314689
1277667864674172929
1277667627599626240
1277667554127994881
1277667493918597121
1277667244563038208
1277667080003878913
1277666909882683392
1277666572157349888
1277666491563794434
1277666002688335872
1277665751311224838
1277665693576593414
1277665626920804355
1277665554367754240
1277665475380609024
1277665110769704960
1277664907014606848
1277664223456227329
1277663633074421761
1277663633032523776
1277663586299641859
1277663527105421316
1277663473472806912
1277663468108361730
1277663460461965312
1277663452060962817
1277662880788332545
1277662787158839297
1277662317086269440
1277662293455749121
1277662095442673664
1277661802147590148
1277661738515734528
1277661575944552455
1277661389499314179
1277661207370125316
1277660525980274691
1277660465976442883
1277660399500955650
1277660324875960320
1277660252406718466
1277660172261953542
1277660076547989506
1277659617162600450
1277659573969616898
1277658128860024837
1277657858826555392
1277657794720731137
1277657691415027712
1277657620225175561
1277657545121857536
1277657455288299521
1277657335956008961
1277656706483236864
1277656671360364550
1277655762072793088
1277655338867621890
1277654800948178947
1277653635908931590
1277653615499513857
1277653563699875841
1277653518036410371
1277653475871076352
1277653409697599488
1277653336762855424
1277653267678474240
1277653179803590661
1277653100413812744
1277652985015828481
1277652956918226945
1277652539484237825
1277651777278656512
1277651700225105924
1277651630926770183
1277651557320929282
1277651465516060684
1277650823376404480
1277650529661968393
1277650475458977793
1277650404189372418
1277650328427606022
1277650251843764231
1277650160177291270
1277649196342865922
1277648867853467648
1277648061238587392
1277647589450698752
1277646757275619334
1277646311798366208
1277646073339809794
1277645923619753990
1277645506961948672
1277645095471382528
1277644511162884097
1277644431118659584
1277643753671581697
1277642768232222721
1277642415944409088
1277642223140720640
1277640930057752576
1277640093696696321
1277639254211014656
1277637112301568000
1277636577334878213
1277636540101951490
1277636477401419776
1277636034294099971
1277635938240335872
1277635901443715073
1277635786687594496
1277634228256149504
1277632948108431360
1277632832135806976
1277632753094311944
1277632728863633408
1277632623033176065
1277632413217091585
1277631960840617984
1277631160806338562
1277631137171542020
1277631062450077697
1277631048868745217
1277630942601809920
1277630680126509057
1277630235664510976
1277630069742149633
1277630000821235713
1277629981170917379
1277629856973418496
1277629702308413441
1277629461953777664
1277629406828097537
1277629002405076992
1277628815267659776
1277628524375896064
1277628429429379072
1277628337654050816
1277628216014802946
1277628132271575043
1277628056740474881
1277627992659783686
1277627865853558785
1277627697431113728
1277627687649939457
1277627491591610373
1277627485568397314
1277627445148037122
1277627236019920896
1277627176582434816
1277627091157164032
1277627031665037312
1277626981463490561
1277626811141156864
1277626755583442944
1277626141205909504
1277626066400468993
1277625907797090305
1277625817753718784
1277625750145732614
1277625650506063874
1277625510110134274
1277625476534558721
1277625430145630211
1277625390719090688
1277625339880095744
1277625337774575617
1277625123638370304
1277625082534338561
1277625016016932864
1277624959322386433
1277624886328881153
1277624668623704064
1277624628924624901
1277624598444404737
1277624591867928580
1277624509705654273
1277624462821584896
1277624278758772739
1277624051570053120
1277624048114171907
1277624018212880384
1277623885899288577
1277623667170533381
1277623145512476674
1277622702241509381
1277622500533235712
1277622298736902149
1277622213466677248
1277622179937439744
1277621521733652485
1277621317777321984
1277621312505221120
1277621184784265216
1277621008204099585
1277620919549267970
1277620805493350402
1277620737902350337
1277620639327756288
1277620614933753857
1277620603177099265
1277620590044565504
1277620420708007936
1277620320627654657
1277620232409034752
1277620214570446848
1277620151182143488
1277619884294385664
1277619803554033664
1277619768766402560
1277619687472455680
1277619563925028865
1277618732169232385
1277618600723886085
1277618484550217728
1277618359350198272
1277618234280329216
1277617815734935554
1277616643770851328
1277616213753987074
1277615870664216577
1277615188313849856
1277615034517073920
1277614359947214848
1277613934518898690
1277612972832063488
1277612929219727361
1277612780623978503
1277612601078407168
1277611807994253314
1277611376509440004
1277610149331341312
1277609878094090240
1277609872373231618
1277609733025824768
1277609485817634817
1277609214991532035
1277609183177736195
1277609140802580482
1277609032333750274
1277608380631101440
1277608054960381953
1277608030322831360
1277607422740369409
1277607249888768002
1277606900704501760
1277606220229038082
1277605670448070656
1277604627387682825
1277604317860524033
1277603999638712325
1277603726375567361
1277603681932914688
1277603539313848321
1277603499958820866
1277603461085839369
1277603411962269696
1277603232064258050
1277602957077479424
1277602916627595265
1277602912278065153
1277602861917052928
1277602783299022855
1277602763682316288
1277602712998367233
1277602678919462915
1277602647286177800
1277602573692928000
1277602479010656260
1277602134318559232
1277601621124345856
1277601575360331778
1277601446809264130
1277601413904941057
1277601386226692096
1277601279494283264
1277601206882492416
1277601145419169792
1277601083091816448
1277601017681653760
1277600919060971523
1277599804365791232
1277599114180456449
1277598563149594624
1277597504763318272
1277596107191828487
1277596059196362752
1277595993186414592
1277595929747566593
1277595861183332353
1277595774487068672
1277595733437399040
1277594851153006595
1277594803564412928
1277594730549796871
1277594589893996547
1277594515315003397
1277594440702537728
1277594366442377217
1277594290437394433
1277594160351121409
1277594135055069184
1277594096375398400
1277594076976746497
1277592934565765125
1277592869231046657
1277592803980214272
1277592737118916610
1277592642331856897
1277592038142169089
1277590779972726784
1277590709487505409
1277590315826909184
1277589546222395393
1277589393381953536
1277589172593864704
1277588980209500160
1277588093529468928
1277587974977466374
1277587897651167233
1277587716545433600
1277587707632459780
1277587525968834561
1277587396100571136
1277587114872516608
1277586441468628996
1277585829175721984
1277585768509321216
1277585705699610624
1277585637034598400
1277585569309233152
1277585500434509836
1277585424962158594
1277585356792246273
1277585279503777793
1277585172507082753
1277585100247576577
1277585080068780032
1277585026130087942
1277584917254352900
1277584732490838026
1277583279680557058
1277582375908769793
1277582251212111872
1277582233017122817
1277582214713298949
1277581025502203905
1277580971055951872
1277580951137198080
1277580891439628290
1277580862834511872
1277580820396507138
1277580740579004416
1277580669116440577
1277580660476166144
1277580583305084929
1277580574534905856
1277580478019702784
1277579896550830082
1277579836995727370
1277578415370092544
1277577475522994176
1277577296120070144
1277577207364419584
1277577142830862336
1277577075289980928
1277576972781092865
1277576509440421888
1277575935982735362
1277575922602987520
1277575877317005312
1277575862964162567
1277575770475581440
1277575697142353920
1277575620961148928
1277575541810487296
1277575517869420545
1277574324795379713
1277573521565257731
1277573462211604483
1277573380074602501
1277573313192177665
1277573285425942528
1277573283349696514
1277573239582097409
1277573159877738498
1277573015228813314
1277572532862955520
1277572383507795968
1277572294878138369
1277571337805090816
1277571279126700032
1277571192824700930
1277571114856742915
1277571024788303872
1277570904768249856
1277569682359410694
1277569606383738882
1277569539551768576
1277569458823987202
1277569384769302528
1277569298328944640
1277569220184813569
1277569122197536768
1277569027037151232
1277568893645717504
1277568498940743681
1277568427067138050
1277566459095519232
1277566422563110912
1277565676446789632
1277565259751002114
1277565057598136322
1277564987972689920
1277564919370657792
1277564847593590784
1277564774344208385
1277564696472834048
1277564618936848384
1277564593007722496
1277564535365341185
1277564459515592707
1277564368335577089
1277564357367431168
1277564276237127680
1277564150823161858
1277563755543420928
1277558256328728576
1277557739514990592
1277555858470207488
1277555803185127425
1277555729478701061
1277555653821767680
1277555599019048960
1277555565624020993
1277555459705225218
1277555349977997314
1277554017279725568
1277553952335302658
1277552616927461377
1277551985386909696
1277551953824878593
1277551814913609728
1277551267959779328
1277548899956330496
1277547743456768009
1277547669028732934
1277547586430406658
1277547503399903235
1277547393077186562
1277546614215675906
1277543758968639488
1277543454172688391
1277543220004524033
1277543038663954433
1277542521242083330
1277542069955944448
1277540973371887616
1277540819562565635
1277540141976805376
1277538411432284160
1277535184615665664
1277533963461046272
1277532487225430022
1277531777825796096
1277526700012658688
1277526651832807424
1277525906060427264
1277525828683759617
1277525356522516480
1277525125072650240
1277522315593388032
1277521659361210368
1277520635586109441
1277519917374484485
1277519736230891520
1277519526930890753
1277519374820073472
1277518554661822464
1277516710808092672
1277516363758661632
1277514601882501120
1277511543345815552
1277511526513954818
1277510918751076353
1277509699974451206
1277507700004474883
1277507471372890112
1277503806683656192
1277503123867570176
1277502285262831618
1277500462594490368
1277497336969588736
1277497027899863040
1277494122065117184
1277491687229657088
1277490550871068675
1277489364113584128
1277488423616622593
1277487471081558016
1277487160539545600
1277486916431237124
1277486863712792576
1277486328020533248
1277485812930629632
1277485543866003461
1277485481748426754
1277484983326699522
1277484800387907586
1277483522425585666
1277483109450051584
1277482526315970569
1277482100350992384
1277481876475674624
1277481548409761792
1277481447935311874
1277481424178819072
1277481278665748481
1277481101217284099
1277480534785081345
1277478580386254849
1277478148616134661
1277476893613121536
1277476592655237121
1277476407677874176
1277475571988074496
1277475568213086210
1277475424835112960
1277474981601918976
1277470822777552896
1277470249487654913
1277466848271851520
1277466383312457728
1277465964192206848
1277464784422744064
1277464670782119942
1277464196888879104
1277464125019500546
1277464027262844933
1277463429263970304
1277459722602459140
1277459644575649792
1277457861614936069
1277456468552253440
1277455826479755264
1277455040572252160
1277453572355964928
1277452239217422337
1277450841826267137
1277450375201648640
1277449217162633216
1277448844259680257
1277447813043896321
1277447623083876352
1277447398781050881
1277446269108015104
1277445405081509894
1277445351138455553
1277445169839816706
1277444590983737345
1277443223963787270
1277443097425612802
1277442511863152642
1277442421111107584
1277442078012854274
1277441646842400769
1277440846183297027
1277440602372632577
1277440499968733191
1277440447565180928
1277440177535934464
1277440045176115200
1277439794834886657
1277439517843050496
1277439446154203136
1277438960076292096
1277438882007486464
1277438879616753665
1277438644148514816
1277438235136806916
1277437938863726592
1277437752758267905
1277437587125395456
1277436574423105537
1277435185340936192
1277434926455914496
1277434578991341570
1277434527372070917
1277434390277054464
1277434235784056832
1277433936465891328
1277433795533131776
1277433701526155265
1277433523779952640
1277433003006803968
1277432204017221638
1277431888651653121
1277431786415329281
1277431525429194754
1277431326098853888
1277428406725074946
1277427982622130176
1277426193843851264
1277426032388132865
1277425878755139584
1277424907727429632
1277424455799603200
1277424352460505089
1277424303168819200
1277423824477327360
1277423582449225728
1277421934616051717
1277421873274531842
1277421660098920452
1277419301843107846
1277419282771705856
1277417761103323137
1277416515524952065
1277414989683281920
1277414393907642368
1277413778901131264
1277411983113895938
1277411294296055809
1277410521847717889
1277409795880808453
1277409539831132160
1277409187530551297
1277409181071486976
1277409154429116416
1277408021727961090
1277406824820441088
1277404827983556608
1277404717774069760
1277403922383220736
1277403838354358272
1277403591813337088
1277403274962845696
1277403206948139008
1277403175666872320
1277402676372750336
1277402191754493952
1277400821676666880
1277400648246534144
1277400526351560705
1277400389676003329
1277399526416871425
1277399212414472192
1277399115937116162
1277398305526464512
1277398052056096768
1277397931385974784
1277397705132666880
1277397243092512770
1277397118282534912
1277396480643473408
1277396193002295297
1277396149851295747
1277395885337370624
1277395786599464962
1277395728705478662
1277395686296711168
1277395442586619904
1277394939085590528
1277393970176409600
1277393579455938562
1277393253072023553
1277393198575427585
1277392290298773506
1277391507654422534
1277391395381280770
1277391352754507776
1277390592360640512
1277390495916818434
1277390388274147328
1277390241880346625
1277389952867643392
1277389611531206659
1277389603419250688
1277389544577359872
1277389514646990849
1277389315740401665
1277389181896048640
1277389128535953415
1277388707750768640
1277388510329057281
1277388371355189248
1277388249640697859
1277387947252371462
1277387835222274051
1277387567701221376
1277387041714700288
1277386914803449858
1277386451261349888
1277385487762591744
1277385159738712065
1277384848869449729
1277384251156172800
1277383666411474946
1277383591186571264
1277382158143746048
1277381936038567937
1277381879365136384
1277381424199458819
1277381343480090634
1277381086058876935
1277379276757590017
1277379264136900608
1277379189969055744
1277378946221223937
1277378614686711809
1277378549100482562
1277378378316738560
1277378056483532800
1277377988170932224
1277377882185060352
1277377808600162305
1277377806075215873
1277377782318694400
1277377564147724288
1277377505511366657
1277377401148723202
1277377123120844800
1277377122512691200
1277377054468530176
1277377007710539776
1277376852768653312
1277376791674404867
1277376557116354561
1277376486228574209
1277376484122873857
1277376359468118016
1277376238248656900
1277376191356260353
1277376148197060609
1277376008564412418
1277375909759119360
1277375474222510081
1277375357499236352
1277375140087468032
1277374926308155399
1277374903738683393
1277374844397477888
1277374687501144065
1277374342171525120
1277374214610120704
1277374127444127744
1277373984472850432
1277373885156077568
1277373252751351808
1277372959833968642
1277372725359554560
1277372620640382977
1277372532228624384
1277372379098824705
1277372283980361728
1277372131089829889
1277372045437829120
1277370690090532866
1277370579872440320
1277369921538715649
1277368714111959042
1277368442954416131
1277367047173922816
1277366549091889153
1277366421052370946
1277365722172145666
1277365409105285122
1277365356772769792
1277365153583919104
1277364889174990848
1277364788469760001
1277364565555032064
1277362588553265152
1277362034057904129
1277361224443822080
1277361161831407616
1277361019493335040
1277360888178237446
1277360717318852608
1277360086399299584
1277359697117564931
1277359041195282432
1277358486892867584
1277358276078952450
1277358069236850689
1277357926072508417
1277357579455193089
1277357305546207233
1277356322024030209
1277356171557343232
1277355736704614402
1277355620048310275
1277355547545591808
1277355330972733440
1277355135908245505
1277354889425768448
1277354795477528576
1277354455634259973
1277354264503947265
1277353226040377345
1277352941494710273
1277352598056681474
1277352374722592771
1277352083629445121
1277351766343004161
1277351632582225921
1277351590874267649
1277351302893146112
1277350974747742208
1277350150361538566
1277349763466301440
1277349041526001664
1277348590294269952
1277348469410275328
1277348401974333440
1277347878818775042
1277347503533445120
1277346661388427264
1277346335432364033
