1276983582142222339
1276983443285393408
1276983226200805376
1276982893613473792
1276982622481244162
1276982473440636929
1276982080182710274
1276981934363639810
1276981630289145856
1276981597208625153
1276981443340627968
1276981242978656256
1276981203803860992
1276980971959541760
1276980734046027776
1276979052860112906
1276978667818594304
1276977809014108161
1276977692441747457
1276977628650577920
1276976574743687170
1276976326407151616
1276975579443707907
1276975519368708098
1276975141214289923
1276975138475520000
1276974465159749635
1276974116914860032
1276973610544984064
1276973150199136256
1276972932489596928
1276972794983485440
1276972552821202944
1276971879798943744
1276971593122500608
1276971459450228747
1276971115806511104
1276970972701061120
1276970630928269312
1276970270616514561
1276969747167408128
1276969529382514689
1276968932067274757
1276968292947603457
1276968175733784577
1276968047832494080
1276967681741033472
1276967548374806528
1276967096497438720
1276966119727747073
1276965859727044608
1276964737444691970
1276964622981951488
1276964095523053568
1276964084882313218
1276964054251249664
1276963636615843840
1276963557872218114
1276963319161581568
1276963111053000704
1276963087497584641
1276962935525347328
1276962872388542464
1276962660760694784
1276962456414203904
1276962124741447681
1276962105694973953
1276962085658902535
1276961937411248128
1276961867592654848
1276961862576295936
1276961670573641728
1276961533256482817
1276961527925338112
1276960968774504448
1276960963493720064
1276960777971200000
1276960459627716610
1276960442615656448
1276960378816286721
1276960360994443264
1276960052973154304
1276960003723837441
1276959854611935232
1276959611514261504
1276959582477152256
1276959561295908864
1276959527196393472
1276959359109660672
1276959257229799426
1276958625139961858
1276958494344622080
1276958444302536706
1276958341273542656
1276958246113140736
1276958209912082433
1276958050557890560
1276957790058057728
1276957761297932291
1276957489070657536
1276956824445616130
1276956750655053824
1276956682090876930
1276956412971712516
1276955625117769729
1276954748898312192
1276954623241121792
1276954551925354496
1276954429984366593
1276954337969750016
1276954140422225920
1276953894296317952
1276953581594132480
1276953299980181510
1276953293344739328
1276953216052195328
1276953179553398785
1276953096178958337
1276952914397769728
1276952774429696000
1276952764447408134
1276952758466170881
1276952661494042626
1276952408023695360
1276952365858349063
1276952264155041793
1276952239693656065
1276952203786366976
1276952169418313729
1276952125570813953
1276951976954208256
1276951693704519680
1276951607926599681
1276951606932668417
1276951509373054978
1276951422148308992
1276951332360843265
1276951223065735168
1276951172218314752
1276951065124995072
1276950921600069632
1276950878784806915
1276950762296246272
1276950664921268224
1276950503214088192
1276949739192365058
1276949251336134656
1276949017755344899
1276949001338667009
1276948890369929216
1276948547586441218
1276948544516091905
1276948209101754369
1276948144882946048
1276947681588502529
1276947613754044418
1276947382836625408
1276947179999948801
1276947074295246848
1276946912529321984
1276946808652967936
1276946457426374657
1276946433745154048
1276946203624853505
1276946187321511938
1276946184200839168
1276946059520925696
1276945267942502400
1276945120336605184
1276944954380578816
1276944711157190657
1276944644669149185
1276944574204739586
1276943125420879872
1276943119142080512
1276942788928647169
1276941977976700928
1276941898146385920
1276941433212207110
1276941376765206530
1276941019364372482
1276940350305832961
1276940327824191488
1276939900324110337
1276939869466628096
1276939107155890176
1276938344472215553
1276938074065301504
1276937871425974273
1276936982531387392
1276936424919613441
1276935961780211712
1276935919057149952
1276935578093629441
1276935464184938497
1276935182415732738
1276934993529446402
1276934868275007488
1276934232263229442
1276934071822802946
1276933887730626562
1276932992812879875
1276932823165947906
1276932569498619906
1276932474061406212
1276931524781322240
1276931523585900546
1276931359819173890
1276931041958277121
1276930080971935750
1276929338944806912
1276929173160894464
1276928685824712704
1276928209389486081
1276927833152126976
1276926435098341376
1276926376436613121
1276926263366541313
1276925267991199749
1276925251084058624
1276925165381849088
1276925063187628035
1276925025703034881
1276924969793052674
1276924950402785283
1276924902134607872
1276924832488345600
1276924769879851014
1276924768437055489
1276924682088910849
1276924346955595778
1276924274171949065
1276924090893418496
1276923525815656448
1276923354260426755
1276923226350776321
1276922800884744193
1276922546781290498
1276922465919201282
1276922218123943938
1276922082798891009
1276922008576692224
1276921915471466496
1276921825201516544
1276921423865327617
1276921234366713858
1276921168457588738
1276920564309913605
1276920393358405633
1276920222406963200
1276919772383338497
1276919656041771008
1276919219003830272
1276919142449328129
1276918915763892225
1276918805143236608
1276918803985653760
1276918324840951808
1276918101544763393
1276917934988955649
1276917847554314241
1276916976380604416
1276916715025121280
1276916584737460225
1276916535471173633
1276916246693330944
1276916147552567296
1276915606650929153
1276915422458081285
1276915132283498496
1276914892184920064
1276914716330229761
1276914367724843008
1276914262984626177
1276913756098854912
1276913593833807872
1276913350815834113
1276913139519381505
1276912787801833472
1276912703924305920
1276912515734110209
1276912367780036608
1276911861921796097
1276911538494820352
1276911516177051649
1276911315299131392
1276911133861937153
1276910999941967874
1276910988155957248
1276910764167557120
1276910748438900738
1276910181604044802
1276910152038461440
1276910005384552451
1276909929383657472
1276909603616198656
1276908710153973760
1276908649328377858
1276908197866070024
1276907432220913664
1276907372225728513
1276907320656760834
1276907002095120385
1276905984917733377
1276905800477409280
1276904732267773953
1276903859617763333
1276902337374760961
1276902214733385730
1276899040844607489
1276898119104581632
1276897818163187712
1276897518144704513
1276896199249989632
1276895888934387713
1276895841249136641
1276895610923352066
1276895589066846214
1276895420892024834
1276895367158620160
1276894960210505729
1276894097987510273
1276892861309636613
1276892394865164293
1276890060407832576
1276889132548198400
1276888603293962240
1276888453649780737
1276888309927743489
1276887456499920896
1276887416440324096
1276887009412280321
1276885880741953536
1276883948296122370
1276883874639826944
1276882780048285696
1276881145473503234
1276880842829082624
1276880451160936450
1276879765983485953
1276879753631293441
1276879413825597447
1276879252756054023
1276879130185756678
1276879044001185794
1276878523198664706
1276877130589069312
1276875878098755585
1276875797886758913
1276875693146554373
1276875344897650689
1276875072112750595
1276874900695744512
1276874175261691905
1276874030801473537
1276873561966141441
1276873174223745025
1276872785264926724
1276872381630418944
1276871887985893377
1276871695282761728
1276870590457098245
1276870487528796160
1276869184601952257
1276868563308068866
1276868277797519361
1276866791671808005
1276866533160095744
1276866341782380544
1276866204188147712
1276866127096942593
1276866026278227968
1276865064704802816
1276863799308570624
1276863606286671872
1276863335645011974
1276863132317691907
1276863026629656579
1276862946740785153
1276861587031113730
1276861326346854402
1276860678561808385
1276860605006258180
1276859894528987136
1276859054455848960
1276858615769563139
1276858269533966338
1276857791832109062
1276857296749039616
1276856263658389511
1276855378286915588
1276854941861048320
1276854435042545666
1276854047476236295
1276853479970127873
1276853046635528192
1276852716724080641
1276851031125700609
1276850749704736770
1276848113123287042
1276846513793249280
1276846400781774849
1276845585228840960
1276845344643526659
1276844403802476546
1276844315172577281
1276844153264111616
1276844024763203584
1276843424621252608
1276842848885891072
1276842735404802060
1276842468911321088
1276842455548203010
1276842400145649664
1276841644843819010
1276839700041543680
1276835032770977800
1276834114918703105
1276832834402091008
1276832655645052928
1276831144005206017
1276831123020984321
1276829924620410880
1276827288533897217
1276827131507429379
1276826979002732545
1276824477695868928
1276823809849425921
1276822879712292864
1276822555282808839
1276820234633166849
1276818112600592384
1276815623276965888
1276815526606655489
1276814351459065856
1276813012385529858
1276812410876309504
1276812079987675136
1276811913792495616
1276809926762024960
1276808927963951104
1276808859676553216
1276808627198636032
1276808351700201473
1276807760672243713
1276807657895190528
1276806030673002496
1276804793491574784
1276801395413286912
1276799413118136320
1276798375254323201
1276798133263978498
1276795902573924360
1276793555101474816
1276791130026172416
1276790422338035714
1276788828716576768
1276786182886699008
1276786102163124225
1276785735379673089
1276783493528186880
1276783405607182342
1276781782357204992
1276780934629646336
1276780641393098752
1276779065526022144
1276778956977401861
1276778763578032128
1276778699723927554
1276778595587747840
1276778067415961600
1276777591463014402
1276777570046885888
1276777157138673665
1276777032836214785
1276775936008937472
1276775535327223808
1276774151999467521
1276773928615043072
1276773140912373761
1276773059093880832
1276771586247233536
1276770628247457797
1276770113325162497
1276770093817618433
1276770053686353920
1276769479113035777
1276769416802377728
1276769409743196161
1276768709290442752
1276767265266909190
1276766049250111488
1276764127269056514
1276763146632359936
1276762507579920389
1276758909643034625
1276757899021299712
1276757054795939840
1276756903431790594
1276756157911175173
1276756047206760448
1276755787323498496
1276755590547673094
1276755339778588672
1276754255911804928
1276753339259199488
1276753211051905024
1276752480983027713
1276752479686995968
1276752454462259200
1276751560391815168
1276748920522182656
1276748838372438017
1276748297600774145
1276743559085912064
1276743463841734658
1276742474241736704
1276742405673361411
1276740149414629377
1276740105500229637
1276737864127205377
1276737762578833408
1276737202890866689
1276735696062029826
1276733113616515074
1276731317623812098
1276731020172279808
1276730746812563457
1276730049324912640
1276729936674316288
1276729880529580032
1276728515883184129
1276728219228450816
1276727820056657924
1276726215118913536
1276726033442435072
1276725729074372609
1276725046858469376
1276724224741253120
1276723700700602368
1276722784257761281
1276722773038108678
1276722390727188482
1276720359954427907
1276718833995116544
1276718773429506048
1276718684615172098
1276717914050134016
1276717461170257925
1276717440727212034
1276717073066979328
1276716402959953920
1276714291094343680
1276714236396408833
1276713351117144064
1276712655848239104
1276712570527809542
1276712327925174281
1276711904145260546
1276711088956903425
1276708808140546049
1276708223622545408
1276707717386665984
1276707690518130693
1276707278025089025
1276707213445341184
1276706481237307392
1276705816255639552
1276705493910802433
1276705208777748486
1276704648796139520
1276704622682480643
1276702116829110274
1276701156677488640
1276700366193688576
1276699893579558912
1276699758820802560
1276699728122720261
1276699284864479232
1276698559883218946
1276698556405911552
1276698458812973064
1276698099919052800
1276698077290737665
1276698051688624129
1276697815540887554
1276697630756630528
1276697443157946368
1276697221602435074
1276697033311694850
1276697015729209344
1276696759452839936
1276696503793352704
1276695743655370752
1276695623593611265
1276695046926958593
1276693799863898112
1276693232773185538
1276692567254589446
1276692350870253569
1276691648156762117
1276691443617271809
1276691422901649409
1276691367587168256
1276691129598124036
1276690934189752326
1276690650130513920
1276690434782265346
1276690254293078016
1276690090077667328
1276690046561722370
1276689808849600512
1276689216651616257
1276688574289715200
1276688351588827136
1276688069605969921
1276688004069969920
1276687129905704961
1276686988456988672
1276686755043987456
1276686263010000896
1276686056541356042
1276685927327260672
1276685719604322305
1276685313084133376
1276685210223087616
1276684937563955206
1276684508092301312
1276684225475944448
1276683943681679366
1276683770112946176
1276683482350202880
1276683068980551686
1276682955096756224
1276682537675481093
1276681933095948288
1276681220760522752
1276681040904564737
1276680661894434816
1276680408613052416
1276680341604925441
1276679639977558017
1276679443440902145
1276679317695557633
1276678967429345280
1276678601849503744
1276678494835978240
1276678351634169856
1276678319300325382
1276677963153620996
1276676102069641216
1276675953427693576
1276675112410984448
1276673287649669130
1276673017662156800
1276673009558921216
1276672821666684932
1276672499829399552
1276671069336764417
1276670782186405890
1276670351485870081
1276670257491566597
1276670045167464453
1276669462033432577
1276667882055913477
1276666781256560640
1276666300706762754
1276666035588997120
1276666029607915521
1276665869620391936
1276665281545408512
1276665065995829250
1276664847632138243
1276664747119857666
1276664658305392644
1276664259804639232
1276664009606025216
1276663714838720514
1276663038284890112
1276662962543976448
1276662843316875266
1276662135528054784
1276660464605368320
1276660056335904768
1276659862382903297
1276659619163779078
1276658647666491392
1276658248427294720
1276658179548409856
1276657966142287873
1276657538969350146
1276657408551424002
1276656766437163009
1276655233339469826
1276655133393391618
1276654986802483204
1276654415517106176
1276653992521748488
1276653415821651977
1276652504642715653
1276652411814400002
1276651793401950208
1276651490082521090
1276651465742958595
1276651007288635392
1276650784625737729
1276650453514588160
1276649954946306055
1276649575508439040
1276648815655673857
1276648623627960320
1276647984004907015
1276647568357888008
1276646279519637504
1276645834969538560
1276645515992711168
1276645235322388482
1276644403482726400
1276643930432471043
1276643275697348608
1276642313075396610
1276641255359823872
1276641162166583297
1276641022324273152
1276640583889481733
1276640178434498560
1276639234577686528
1276636691650842625
1276636049402482689
1276635319362899971
1276632771566411777
1276631401698222082
1276630686867132416
1276630508915404800
1276630139955118080
1276628928401047553
1276628025954754562
1276627783255457792
1276625453466312704
1276625346687758336
1276623933790400514
1276623604193476608
1276621889553739776
1276621861321732096
1276621669713526785
