1276258809468596231
1276258783556141056
1276258773867388931
1276257960579051521
1276257745956737024
1276257023315767296
1276256911399288832
1276256544028602368
1276256463476817920
1276255806485340161
1276255420424892416
1276255383372390400
1276254527792922624
1276254291326652417
1276253715377328132
1276253619369607168
1276253510762455052
1276253441866809345
1276253431498510338
1276252402111242240
1276252091980406820
1276250956137717762
1276250890354094082
1276250881751736346
1276250492323147781
1276250134053916679
1276249965090811905
1276249791853453324
1276248944213803009
1276248260177309696
1276247580289175554
1276247321378869248
1276246903030767617
1276246222689492996
1276245511524233222
1276245477189697540
1276243468160024591
1276242813211086848
1276242615621390336
1276242415578484738
1276242398109208577
1276241951877222401
1276241787435311110
1276241203646869504
1276240540405624832
1276240157100949511
1276239904075182080
1276239738907709440
1276239373005197313
1276239208118718465
1276238153138012160
1276237808865128449
1276236689195831297
1276235940084813832
1276235899899187202
1276235136149880834
1276235131133612032
1276234738399768576
1276234571252674565
1276233376526209024
1276232990322913280
1276232960488939520
1276232414684041216
1276232368135606272
1276231305383084033
1276231271589580800
1276230513523646465
1276230311144124416
1276229551031451648
1276229483243200513
1276229455212613637
1276229278057652226
1276228317910368256
1276227797871202307
1276227495533125635
1276227018888286208
1276226867217883136
1276226311044956161
1276225632561532928
1276225149352603649
1276225109146185729
1276224915478175744
1276224590684073994
1276224508077068288
1276224194662076417
1276223479726161920
1276223351867027458
1276222861049397248
1276222550511624194
1276222124894629888
1276221103753568258
1276220493100658688
1276220095392477184
1276219994196459520
1276219456914698240
1276219426027773955
1276218423228448769
1276218376390656002
1276218360854913026
1276218242550370304
1276218046873579522
1276217576192909313
1276217554458075136
1276217404587008000
1276216884795453441
1276216626531180544
1276216483790512129
1276216030038126592
1276215856477831168
1276215527866843137
1276215263940055040
1276215127298183169
1276215018950967297
1276214798183694342
1276214623973388291
1276214528481558533
1276214006487924738
1276213820168388610
1276213573400682496
1276213132088602624
1276213076694650882
1276211912171192320
1276211897713545219
1276211700585377792
1276211418279424007
1276211333999079426
1276210993513840642
1276210830657433601
1276210763594641408
1276210180267499520
1276210085879001088
1276209759176159232
1276209568683614210
1276209070844731392
1276208952678789120
1276208947725135872
1276208929207455745
1276208833912807436
1276208619177103365
1276208555498942466
1276208312359346176
1276208277555236866
1276207861635452928
1276207810477469697
1276207642583740417
1276207628129976320
1276207427944353792
1276206751193247746
1276206644397961221
1276206264385712128
1276206105081806848
1276205475651084289
1276205314287767553
1276204616292593664
1276204613264461828
1276204586240487425
1276204294514061312
1276204257151049728
1276203997104390146
1276203609995304960
1276203555871961090
1276203525933092865
1276203221866827776
1276203191298744320
1276202548781879296
1276202406049492993
1276202318204108804
1276201147079053312
1276201112928845825
1276201072244203521
1276200353097306116
1276200138831257600
1276200063480377344
1276200039879147521
1276199319440367617
1276199181732974594
1276198865444704264
1276198769428660226
1276198726780977153
1276198486174728192
1276197936444121089
1276197741710970880
1276197145373216770
1276197089161035776
1276196941727137793
1276196359209496577
1276196256801452032
1276195617073696772
1276194969582108672
1276194922182426625
1276194415128776704
1276193998894518273
1276193331576541188
1276193128580513799
1276192986036989952
1276192901454675969
1276192300260102144
1276192043983794178
1276192041681260545
1276191813163003906
1276191753507389442
1276191609948745729
1276191592639062017
1276191065494544384
1276190823839928320
1276190435652915206
1276190408020819968
1276190269000605696
1276190103350554626
1276189828737052672
1276189680761962500
1276188525835309056
1276188191339528192
1276188137627234305
1276188102957182977
1276187831715524608
1276187599225454594
1276187572180447232
1276187562114236416
1276187179010719750
1276186799598174209
1276186647856480256
1276186390393425922
1276186378183770115
1276186029687558145
1276185806617473024
1276185641416421377
1276185637733969920
1276184864849645568
1276184573034954755
1276184553258975234
1276184304847028226
1276183971307687943
1276183941872058371
1276183766961094658
1276183719116599297
1276183679639961604
1276183572362088449
1276183442426863619
1276183399384805376
1276183352152817666
1276183198523768832
1276182954008608768
1276182944869019648
1276182874933223425
1276182797208530945
1276182614752350211
1276182533680619527
1276182404118441984
1276182179215634434
1276181801430638595
1276181763740631043
1276181267705282560
1276179466461442048
1276179433385312261
1276179059639119873
1276179036725817344
1276178505160523777
1276178393218891776
1276178289879588864
1276178241653559299
1276178182350221312
1276178169847054341
1276178093766574083
1276178078264369158
1276178009649819648
1276177948471672836
1276177937289687041
1276177886639259648
1276177826924892161
1276177765100851206
1276177693722193920
1276177623840890882
1276177607260807172
1276177555612106754
1276177409667194880
1276177329404784640
1276177277815062528
1276177239361687555
1276177163436396544
1276177101180338177
1276177074483458048
1276177048147578881
1276176987523072001
1276176931491393542
1276176873622573056
1276176811303538690
1276176753187225601
1276176691610648584
1276176632793923584
1276176573138427910
1276176465336373250
1276176406242889733
1276176300353470475
1276176199761485825
1276176155016560642
1276176077472165898
1276176020710633472
1276175523022925824
1276175497710329857
1276175338993836033
1276174907882143744
1276174878501212160
1276174830904029185
1276174340023824385
1276173961676505152
1276173889639497732
1276173224653524992
1276173000715403265
1276171745255276544
1276171345781456898
1276171272284766208
1276171106844631041
1276170977030914048
1276170917538906118
1276170114304479234
1276169947056615424
1276169388811587586
1276169299250630657
1276168240763408385
1276167885921095682
1276167500452057090
1276166500051755019
1276166496973176833
1276166069988851712
1276165662310830080
1276165148647084038
1276164608135479298
1276163595945103363
1276162338899533825
1276162254057111553
1276162119650680832
1276162065842032641
1276161690644684800
1276159266412466178
1276159189115600898
1276158005751492608
1276157621653966850
1276157352463532032
1276156647367413761
1276155683453440001
1276155448870293511
1276155391345295364
1276153547399344128
1276152362806194177
1276152038037041157
1276151654769995777
1276150680101834755
1276150415768391681
1276150201401696256
1276150162369523714
1276149978575110146
1276149915287248898
1276149318819307520
1276149256601075722
1276149000329023489
1276148749069320193
1276148665091063808
1276148583092432896
1276148469934313472
1276148382671622144
1276148317811101697
1276148155441049601
1276148108829831169
1276147575557509120
1276147363900469250
1276146644908556288
1276146168079110144
1276145876361031680
1276145713781460992
1276145506461159424
1276145482255831040
1276145387720421376
1276145220736782336
1276145212725719040
1276144571030831104
1276144220646944769
1276142906286342146
1276142819279699968
1276142566983864320
1276142552421265408
1276141704983216134
1276141683885797377
1276141447079555072
1276141219501035521
1276141063804051458
1276141049266745344
1276140779430383616
1276140132341633030
1276140027546910720
1276139796176318464
1276139546279723010
1276138891032969217
1276138849727586304
1276138665744293889
1276138349120696320
1276138214571438080
1276138194426355712
1276138010275450882
1276137913353416705
1276137871246794752
1276137787046019073
1276137610084118528
1276137339870277635
1276137027394842624
1276136584782286853
1276136419698921475
1276136133433233409
1276135915249860613
1276135308329975809
1276135245763375104
1276134790153080835
1276134727926321153
1276134545956298754
1276134126735810560
1276134116010778635
1276133683448016898
1276133549565829120
1276133333597069312
1276133132832399362
1276133109604515840
1276132926954987520
1276132395880599552
1276132317552087041
1276132280742940673
1276132264733061122
1276131961686245377
1276131770610716674
1276129057172684801
1276128999614357504
1276128548667953155
1276127986006151170
1276127511991037952
1276127460669689858
1276127448191700993
1276126453747367936
1276125416508579846
1276124014331727875
1276123208400408579
1276122761702891520
1276122223519170561
1276121386612928512
1276121254567739392
1276121154076307465
1276121091191300096
1276121013005291521
1276119984931045377
1276119376488476672
1276118851911065600
1276118694448463875
1276118349710340098
1276117896012476416
1276117645776113664
1276117617644888064
1276117533804892160
1276117447767142400
1276117141557776384
1276117095886065664
1276116845456752646
1276116689034280960
1276116237890846721
1276115880779399170
1276115422970916864
1276115418160214019
1276114671318249472
1276114601143402496
1276112709403230208
1276112641262526466
1276112313880317952
1276111992244199425
1276111417662337024
1276111303245955072
1276111187994951681
1276110364405493766
1276110000553889793
1276109129225064455
1276108308001296390
1276108263730278400
1276108222575734784
1276107835072339970
1276106979002499072
1276105828932730880
1276105483665977344
1276105265885126657
1276105113933922304
1276105108334338051
1276105091427303424
1276104349807079425
1276104207070834688
1276103778668875776
1276102540560683010
1276102513742295041
1276100997392355328
1276100673885609984
1276099755681083392
1276099351509516288
1276099346761646080
1276099139802222592
1276099114158002176
1276098582936981504
1276098506667761664
1276098357166051329
1276097878163939334
1276097652313251840
1276097635573805057
1276097512412049409
1276097385597480960
1276096941106040832
1276096936701984769
1276096817793384454
1276096659458609153
1276096213109092352
1276095775139926016
1276095239514664960
1276094688639025152
1276094574226743296
1276093775794880512
1276093330418515968
1276093194321747969
1276092931355504641
1276091227717414912
1276091126068494337
1276091027552645121
1276090069670072320
1276089173695295488
1276088774728970245
1276088635243233286
1276088200457416705
1276086230904705024
1276086155155574785
1276086072947154949
1276085971872858113
1276085799579201536
1276083685406752768
1276083069854846976
1276081570319867906
1276077596015378432
1276071945822494720
1276069944589836289
1276067409259003907
1276066829996363776
1276065675639955456
1276065567451918336
1276063993384271872
1276063537903947776
1276063497227579392
1276063403195465730
1276060649294974977
1276058663522897920
1276057653937082368
1276057249471959041
1276056982361948160
1276056880620736513
1276056008037666816
1276055916236980225
1276055377193418752
1276054862703333376
1276054155673702402
1276052690032717826
1276051755462209537
1276050632508502016
1276048276425408513
1276046189356396544
1276042328264732673
1276042105081589760
1276042044205445121
1276041962047537161
1276041563978825729
1276041535033937920
1276040458745995265
1276040364793552897
1276040007673774080
1276039714047287296
1276039670137327616
1276039558614802432
1276039395854909440
1276038506960179200
1276034935757746177
1276034144049512450
1276033768604631040
1276033458083696640
1276031784237576193
1276031673554087936
1276031462626623490
1276029875527311361
1276029395044642817
1276028702275432448
1276028362612510721
1276028097473716225
1276027996261015554
1276027511361597442
1276027305035329536
1276026457991462912
1276026089303879685
1276025949310631938
1276025803042676741
1276024779951296512
1276024438215995393
1276023714228781057
1276023651960147969
1276023604866453505
1276022759395438592
1276022415550812160
1276022386031300609
1276020893118943232
1276020856473497600
1276020681948438528
1276020672649519110
1276020605368832003
1276020470928699392
1276020237037527041
1276019968589660161
1276018635480285185
1276018374808657920
1276017642978127873
1276017523708723201
1276017350538481665
1276016870768984065
1276016804712706048
1276016723330625537
1276016086211846144
1276015714596532224
1276015494097539072
1276015035710533633
1276014987463602177
1276014948749938688
1276014772878598144
1276014581320581120
1276014387644362752
1276014197470457856
1276013967584800770
1276013937805279232
1276013775569555456
1276013760801472512
1276012130211262464
1276011753956990976
1276010904182763520
1276010694786215937
1276010657247354881
1276009760697925632
1276008996260835330
1276008978183589888
1276008644824436737
1276007188155240455
1276006684020768768
1276006418047434757
1276006347146817536
1276006078598090752
1276005613261250560
1276005476560494593
1276004333134286848
1276004313702125568
1276004241920811008
1276003337163476997
1276003289985880064
1276002970858127362
1276002346187841538
1276002340806422534
1276002237525880832
1276002189974974464
1276001462187970561
1276000947487956992
1276000207499452416
1275999377442648064
1275999267119861761
1275998415814627329
1275996870121226240
1275996090366521345
1275995378068918277
1275995163991687168
1275995134908338177
1275994317350481920
1275994242935111681
1275992942092488704
1275992721224695808
1275992459529424898
1275992116620115968
1275991348970172416
1275991299267661826
1275990400688414720
1275989239390326786
1275988873500168192
1275988352374890496
1275988254324486144
1275987570132832256
1275987484040552449
1275987205681410048
1275986385523130368
1275984871471579136
1275984285204312065
1275984045206310913
1275983964273082368
1275983435698495488
1275983036312477697
1275982771484274689
1275982607071707137
1275982434857861120
1275981906551746561
1275981793330630659
1275981220912955394
1275980566391779328
1275980460187807749
1275980344920080384
1275980166120894464
1275979846804520965
1275979823496609793
1275979721981878274
1275978866142720001
1275978336548933632
1275977855869104134
1275976759222165505
1275976739978711042
1275976043191402496
1275975363454103552
1275974860146163714
1275974805922156546
1275974632965840902
1275974494234927112
1275974094417207296
1275973922387898375
1275973909469442048
1275973898992078850
1275973868176453632
1275973254893711363
1275973218839302144
1275973113080143876
1275972796590567424
1275972730035138560
1275972381501206528
1275971095963656192
1275969253385089026
1275967833848119296
1275967191595151360
1275966941669122049
1275966277962526720
1275965552746475520
1275964970354778113
1275964924729180160
1275963528218906625
1275962377880682496
1275961661275475973
1275961433549762560
1275961048399577088
1275960640239218688
1275960538527174657
1275959414932082690
1275959382602387457
1275959332010512385
1275959183846719488
1275959113747333121
1275959020243820553
1275958945845256192
1275958886592393216
1275957911378964485
1275957814473551875
1275957727941066752
1275957445773287424
1275957411434594306
1275957364701761537
1275956606564536327
1275956193253523456
1275954694008037376
1275954688261648385
1275954038123581440
1275953752206270468
1275953388417622017
1275953220947456000
1275952581584568321
1275952277862350848
1275952032633905152
1275951558312644608
1275951466625339395
1275951267207090177
1275951211716509696
1275950594386038784
1275950435384225793
1275950366488555522
1275949767533576192
1275948922091925504
1275948807096692736
1275948716583780354
1275948208175415303
1275947963400019968
1275947893376143362
1275947853664391168
1275947748978618368
1275947655894573056
1275947623480950786
1275947334073872384
1275947238959845377
1275947023376752643
1275946712339582977
1275945981125758976
1275945572575272961
1275945160329711616
1275944983405551616
1275944589162143746
1275944079424057351
1275943943214006272
1275943882040041472
1275942826799333377
1275942802900353025
1275942683576422400
1275942671282995200
1275942644556812289
1275938607853793280
1275938346221678592
1275937634657931264
1275937257887694849
1275937107987423232
1275936955147137028
1275936089522556928
1275935997990023168
1275935862191087616
1275935686235811840
1275934932473311232
1275934473251631110
1275934349590855680
1275934017142087686
1275932495981101062
1275932370080657408
1275932306360791041
1275932258717691905
1275932229613400064
1275932121115181057
1275930291853422592
1275929937476677632
1275929866357968897
1275929859068440578
1275929754558803970
1275928979006873600
1275928913689141251
1275928589263867904
1275927877595197440
1275927352057278464
1275927146590961664
1275926712044355584
1275926464869707777
1275926293834371072
1275925942418853888
1275925934034440192
1275925788181716992
1275925265206571008
1275925179198328834
1275924961975140354
1275924848183656448
1275924714037186560
1275924529517232129
1275924210926280704
1275923644120797189
1275923506610356225
1275923141471006721
1275922924436783105
1275922528947634177
1275922292724260864
1275921732725964800
1275921418421563392
1275921337249419271
1275921278080176128
1275920782300872704
1275920564717260802
1275920418704994304
1275920237980835841
1275919816780419072
1275919554259095553
1275919183356792834
1275918861192368130
1275918647144439808
1275918316423524352
1275918280423870465
1275917052126072832
1275916331133665283
1275915984621223947
1275914720663330816
1275913963319017472
1275913779897937920
1275912911668547584
1275912263657021440
1275912234237964288
1275911806087827457
1275911302439985152
1275910906271002624
1275910879100493830
1275910004671840257
1275908576511287297
1275908288094310402
1275907475812777984
1275907038107885568
1275906825360048128
1275906567469219844
1275906357535952902
1275906311398526977
1275906051192356864
1275904288779390976
1275903742060236808
1275903714641850368
1275902706029408256
1275902066473537536
1275901590759772160
1275900773189091328
1275900757573853184
1275899306550099969
1275898919915061248
1275898471392915461
1275897968579809281
1275897017093337088
1275896660241965056
