1291841351789797379
1291839346002329601
1291836785828470785
1291833401700474883
1291830090754654208
1291826292258676736
1291823337304358913
1291820735665786880
1291820557017767938
1291820265249398784
1291815965492236294
1291808713926496260
1291806716129153024
1291806168273256448
1291803841470570497
1291803611559854087
1291801494350712832
1291799487816568832
1291797848623706112
1291796767755735040
1291796703927046144
1291796600197533699
1291794929547653121
1291794566664695809
1291793641464377347
1291792648831823872
1291790377297616898
1291789901550280706
1291789325986930694
1291786136684302338
1291770126560305153
1291769291851870209
1291767858326843404
1291766600144695301
1291766110698831873
1291765449399717889
1291763990553600000
1291755029607714818
1291754795418693632
1291753965227593728
1291751164825010177
1291750263812952066
1291749058915295240
1291742805526581248
1291742796848619521
1291738338936999940
1291737878960254981
1291736883458985991
1291735405725876224
1291735401489666048
1291734334991486977
1291733139157659648
1291732922320314374
1291732824849092609
1291732685891739649
1291732281267281920
1291731284558073857
1291731141368729600
1291730941745012736
1291729612960157703
1291729384945127424
1291728815811592198
1291728445618225154
1291727860923858945
1291727234210959361
1291726791867011072
1291726682903269376
1291725743953711104
1291725524390338560
1291724715116068867
1291723552379543554
1291722708611457025
1291721257269047300
1291721148837789697
1291720913134772225
1291720236668944384
1291719813795123200
1291719632181760000
1291716532435849216
1291716422775771138
1291716384993337345
1291710285787660288
1291710236814868481
1291709422029410304
1291708938266828802
1291708641381318658
1291708299092668416
1291708075137785856
1291707609574264834
1291706163227222017
1291705897417412609
1291704954017714178
1291702279301627906
1291697439192363008
1291696355329683456
1291696120113123330
1291695514619203591
1291695403210092544
1291694550218670080
1291691076550643715
1291690627315490817
1291689933740990468
1291688871315546113
1291686672569176064
1291686501034668038
1291685171100553216
1291684416641695745
1291684136902688768
1291683843632697345
1291683200373272577
1291683129669947393
1291682166150246401
1291682068024496135
1291677916577890304
1291674747705712641
1291670633164800000
1291670069202821126
1291670016056864774
1291669651659857920
1291663447130886144
1291639476872249344
1291628476143931392
1291628352416157696
1291625866615828480
1291620350212689920
1291611295364665344
1291603156032512000
1291597782080458753
1291596707243986945
1291595331482857472
1291592351886974977
1291591920918179840
1291589757315584001
1291588386038456320
1291584857588588544
1291583192739307521
1291579670555746306
1291579241432322048
1291579084108115968
1291574471489462277
1291574234502836225
1291573657362456576
1291573458053324800
1291573112031653888
1291573007887015936
1291572808527618053
1291568762353864705
1291565353152126976
1291563467581923328
1291560174642241536
1291559199906902016
1291558593687363590
1291556948706381824
1291556767533608962
1291554504932876288
1291542776111341569
1291542223910129669
1291534467904020481
1291529034891792384
1291527080568664065
1291523275189870592
1291522998592249858
1291522556260999173
1291522552133754886
1291521084890767360
1291519055359172609
1291518801394032641
1291516711276097538
1291516208634900481
1291514327233630209
1291511264745680896
1291506414087745537
1291504427342401539
1291503687676747776
1291502832227581953
1291501873736843264
1291501828337737730
1291498641488850944
1291497858701590528
1291495095343222784
1291494263327514629
1291493701764751363
1291488014728929283
1291487942721118209
1291487241953579015
1291486372952453121
1291484322533384192
1291481342186790913
