1280606411228164097
1280603844511236100
1280600302769537025
1280600116018049025
1280598584161898496
1280597391452844032
1280597012795265025
1280596976543940618
1280596900861927424
1280596750638743558
1280596639489626112
1280596601594142721
1280596303509151744
1280595786691227650
1280595333542797312
1280594464264855563
1280594455188385794
1280594334082117635
1280593861199495168
1280593531522871297
1280592390856667136
1280592211856539649
1280591220230610944
1280590071096377346
1280589606665191425
1280589495109378055
1280589289697361920
1280588324680368128
1280586666911109127
1280585127295246336
1280585094525140992
1280584670380425216
1280583782521806848
1280581845210497034
1280581680395362306
1280580213718433792
1280578188603785216
1280577619810017281
1280573610277646336
1280573407868977165
1280573291779031041
1280573134932934658
1280572374186954753
1280572339516854277
1280572260743557121
1280571935957508096
1280567294872162304
1280563189134970882
1280562652771684352
1280561203077476352
1280561052661547011
1280560991789559808
1280560917655236610
1280560823417606148
1280560742606016512
1280560667833954304
1280560578084450305
1280560486795395073
1280560376703340544
1280560321338490881
1280560243496423425
1280560176660176896
1280560105847771136
1280560015183679490
1280559938780233729
1280559828365164546
1280559241175207937
1280559042746888192
1280557954794692612
1280554784710225920
1280553353261592582
1280552243264024576
1280549812073492480
1280549251336900608
1280548919835947008
1280548645981618176
1280548587714351104
1280548463718039557
1280548450078060545
1280548387922808834
1280548288509415424
1280548191629463552
1280548110343774209
1280548006383759361
1280547919234564098
1280547742557908992
1280547508436045824
1280547469495922688
1280547452454678532
1280547325589536768
1280547227631603715
1280547141119811584
1280547050988462081
1280546940887973889
1280546802924732419
1280546716622733313
1280546531582631936
1280546350967459841
1280545642733961218
1280545206690086912
1280544554647793664
1280544016287711232
1280542402147688448
1280542331817639936
1280542269020483586
1280542188267544576
1280542100514357248
1280542044755243009
1280542027327905792
1280541944498839553
1280541863532007425
1280541809924505600
1280541720518840321
1280541649203007496
1280541555779145731
1280541475999186947
1280541450778710016
1280541349339631619
1280540138507026432
1280539588994445313
1280539573446205445
1280539027892957184
1280538975770271746
1280537863726268416
1280537813226795008
1280537743035170817
1280537671132217344
1280537588965793792
1280537481948119041
1280537406828171265
1280537316277305344
1280537235767668736
1280537133338497026
1280536938122969088
1280536621088010240
1280536107776716801
1280536087337803778
1280535616065884161
1280535057548095489
1280534951117627393
1280534901473906698
1280534829344440324
1280534759920340993
1280534680463433735
1280534608124223492
1280534519804764160
1280534373008314369
1280534317379325952
1280534227746992129
1280534084964569088
1280534017507577856
1280533996712181765
1280533898041135106
1280533777782095878
1280533253867417600
1280533193368764416
1280533177904267266
1280533109667217408
1280533039777550336
1280532973843070977
1280532891047428098
1280532822147706881
1280532736671956993
1280532641553567746
1280532538084261888
1280532490541846529
1280532476650283009
1280532396501327872
1280532323608518656
1280532243132436480
1280532213528961024
1280532160584331265
1280532095983595525
1280532086240182272
1280532041302450176
1280532001641172994
1280531893021270022
1280531500639883264
1280531257739411459
1280530339685969921
1280529586145681409
1280529518332182539
1280529390091341825
1280529330267992064
1280529324395954178
1280529246457401344
1280529072163041282
1280529009244340225
1280528926167699456
1280528841925111810
1280528731283603462
1280528271176679426
1280528022039416833
1280527956780212225
1280527871577030659
1280527792111783936
1280527713594486790
1280527627892264963
1280527466805764101
1280527408433676288
1280527336572694530
1280527255035424768
1280527174869671940
1280527047316721665
1280526723344449536
1280525709245591555
1280525432798887937
1280524979520581634
1280524914106052609
1280524911983972353
1280524841574191106
1280524767112593414
1280524701656375296
1280524601139871746
1280524510064672771
1280524450165936139
1280524365604544513
1280524242082201602
1280524157156052995
1280524040436887553
1280523151886225408
1280523097691631617
1280523000442507265
1280522931286794248
1280522847090245632
1280522759232262150
1280522657474195458
1280522596803543040
1280522515018850304
1280522421053927442
1280522322814865414
1280522207312175105
1280521614501785600
1280521547451686912
1280521460109451270
1280521387858440192
1280521311245209603
1280521229246648324
1280521207029338113
1280521182815621121
1280521139064909826
1280521057082978310
1280520974388072450
1280520882633543680
1280520797593972744
1280520788441993218
1280520688940580864
1280520569532932097
1280520421629145095
1280520337818607617
1280520241748082690
1280520160114343936
1280520077335461889
1280519976387051521
1280519871810482178
1280519782589235204
1280519727580930049
1280519671087841281
1280519553584431105
1280519446361255938
1280519376375029769
1280517922180550656
1280517725710962695
1280517705628626946
1280517519166627844
1280517016487628800
1280516107523293185
1280515606584983554
1280515246575280128
1280515195178188801
1280515114358190088
1280515025053065216
1280514886678839304
1280514816340373505
1280514746480046081
1280514708563427329
1280514623758876674
1280512022820589569
1280511400062967816
1280511299319889922
1280510502125404160
1280508939105382403
1280507130462814209
1280506115298639875
1280504736903581704
1280504570871975938
1280503282688024576
1280502905708167172
1280499792335044611
1280499514592432130
1280498280934318088
1280497244777611266
1280495595082350593
1280494729730445312
1280494597202993161
1280494398090944513
1280494321679192067
1280494276082835462
1280494256696762371
1280494194243637249
1280494146147491841
1280494127189237761
1280494046247616512
1280493953683423233
1280493781150765056
1280493715367264257
1280493590968336385
1280493508894298119
1280493424462958592
1280493333127839744
1280493218916978689
1280493075928940548
1280492307867992064
1280491003414110208
1280490783993409536
1280490105212407808
1280490058458361857
1280488980656484353
1280487321079554048
1280486783575302145
1280484988660535297
1280484853507489794
1280483427180056576
1280483398658785284
1280483256413106178
1280482738747977729
1280482185720586240
1280480813637939200
1280480623598026752
1280480289605607426
1280479353718128640
1280479309346615296
1280479239666622464
1280479168736759816
1280479102106034176
1280479015082565635
1280478895498805248
1280478832580079616
1280478753962024961
1280478676342145024
1280478600442122241
1280478502836453376
1280477231559524352
1280476419986821120
1280475777893466114
1280475437227839488
1280475382764965893
1280475042355318785
1280475011195654144
1280474989112803328
1280474929935384576
1280474884464836608
1280474859777265667
1280474833566892032
1280474739404877825
1280474568034041856
1280474504922378245
1280474417907355660
1280474331794092039
1280473894089089024
1280473450776350722
1280472880443244544
1280472351013056513
1280471794844139522
1280470962253643777
1280470512548880389
1280470497784823808
1280470266246619136
1280469817917468672
1280469615810732033
1280469364274196483
1280469270942580736
1280468682636816385
1280468577892487174
1280467986474622977
1280467801262616578
1280467505845276672
1280467499285393408
1280467330967891973
1280466891606089728
1280466699557502976
1280466647632011265
1280466580581879810
1280466501091446784
1280466422439821318
1280466283579015169
1280466238720753665
1280466164343279617
1280466086824198145
1280466002988470272
1280465961859121155
1280465856661803008
1280465754844991489
1280465624351805441
1280464971512586240
1280464534159994880
1280464179447693312
1280464086849982465
1280463783312404480
1280463728912273411
1280463655088336902
1280463588642217990
1280463523835981824
1280463395469365249
1280463290607570946
1280462835886235650
1280462776922759168
1280462694101983232
1280462617597956098
1280462532709363712
1280462451209895936
1280462342355107846
1280462223752790016
1280461724521582592
1280461670767308800
1280461602547011584
1280461528563617793
1280461449773621248
1280461399911616513
1280461375995817984
1280461309897834496
1280461209859493888
1280461085498368005
1280460976161083397
1280457757305507840
1280457686841282560
1280457682311397377
1280457621581987840
1280457550551539719
1280457470817841153
1280457386654871554
1280457300034150401
1280457210313785344
1280457106542465025
1280456760424370177
1280456671949717504
1280456076744368130
1280456038865657858
1280455980401201153
1280455899925151744
1280455828601032704
1280455753153773568
1280455661445357569
1280455567631417344
1280455483288059910
1280455391269306369
1280455283484041222
1280455186612396032
1280455086175649797
1280454916071477253
1280454886841364480
1280454284027494400
1280452445970108416
1280449812622688257
1280449653033635843
1280449046134394881
1280448976769232897
1280448616113623043
1280448561461723136
1280448479656058880
1280448383749181440
1280448220716584960
1280448147920244736
1280448057067352065
1280447910711382016
1280447756033757184
1280445759968514049
1280445614187298816
1280445381772480513
1280445350164250630
1280445317272477696
1280445303162834945
1280445153271074820
1280444607784980482
1280444130787766273
1280442892478267392
1280442842889019393
1280442732943675392
1280442646444617731
1280442580493373446
1280442500293984256
1280442434103709698
1280442361793871872
1280442264960065536
1280442124186591233
1280442056113094658
1280441979692777474
1280441889641160705
1280441812054872064
1280441703372148737
1280441606278189056
1280441509507141632
1280441382038130688
1280440435710853120
1280440384771031042
1280440315787251713
1280440248657498112
1280440132496240640
1280440048761085952
1280439980947574788
1280439905257226240
1280439769877495810
1280439634934325248
1280439573944901633
1280439442608660482
1280439350434635778
1280439309204627456
1280439262295609345
1280439158310346752
1280439057609371649
1280439051242397696
1280438967935041536
1280438866114199553
1280437816342859776
1280437761867218945
1280437687477026817
1280437620426899458
1280437548725276673
1280437474012147713
1280437391816302594
1280437325688967170
1280437247347752960
1280437156562063360
1280437079193812992
1280436947299766272
1280433707837460485
1280433170324824064
1280428239161155585
1280426469735297025
1280426196967108608
1280425077612220418
1280424545183125504
1280423913814495232
1280423387022548993
1280422983740403717
1280422929726087168
1280422866333335552
1280422785756598273
1280422714235334658
1280422642231783424
1280422553585102850
1280422437226717184
1280422359619469313
1280422272877113344
1280422174998790145
1280422078903201792
1280421985193951233
1280421860052795392
1280418777440477187
1280418075444219905
1280417821156167681
1280416693546778625
1280412964890136577
1280412704931483650
1280412554402115584
1280412432385609735
1280412337577644034
1280411008692031488
1280405252622163969
1280402436709068800
1280401266762551296
1280398945185923073
1280397329413988360
1280395241535700994
1280393150192893952
1280391844057104384
1280391454632771584
1280391210645872641
1280390099683864576
1280388579366182912
1280388325770096641
1280387764878360576
1280385852242305024
1280385649514692608
1280383824069718016
1280377789221396480
1280376778859646976
1280376683871207426
1280375279957889026
1280374715832565760
1280373309637443584
1280369966307373056
1280369187311906818
1280369076657782784
1280368463807000576
1280368071358603264
1280367959764922369
1280366321620770816
1280364781036167168
1280364547178725376
1280363772226400257
1280362445056417792
1280361884043161600
1280361831203299330
1280360754315657216
1280358907202777088
1280358380083740673
1280356480785383427
1280354073523388422
1280353796837629952
1280352192654749696
1280351062260498432
1280349645508657152
1280348819524214785
1280348404451704832
1280344859044388865
1280343013009612800
1280342863264411648
1280342529091735552
1280341854274404352
1280339572845666309
1280339353521119233
1280338681304281088
1280336745339420677
1280335020062720003
1280332987318624256
1280332927134547968
1280332678886285312
1280331177044344832
1280330155270057985
1280329236780322817
1280328876107825157
1280328694469480448
1280328186291720192
1280326052363919360
1280326038409617408
1280325966770954244
1280325929131261952
1280325676361494528
1280325338937974784
1280324396226359297
1280323740430147588
1280323139881312257
1280323041810100225
1280322045100855298
1280321099205615622
1280319196837089281
1280319188737888261
1280319184564609026
1280315476640444417
1280315298353012737
1280314680100167687
1280313299901591552
1280313081613045762
1280312862267899909
1280312563679539200
1280311058306002944
1280309003382333446
1280305466246156290
1280302709409591296
1280301904615145476
1280299670913212416
1280298840474693632
1280298542465245185
1280297637686763523
1280295988201238528
1280294878291750912
1280293446398496780
1280292256898048002
1280290876561018881
1280290211398901760
1280286416367431685
1280285448166871041
1280284931743047680
1280283893070024705
1280283763772096512
1280282116450856960
1280281970585464832
1280281797574656001
1280281162775171072
1280277453051531266
1280276962280214533
1280276107665776643
1280274584265281536
1280274508167946241
1280274239912804355
1280272265515499526
1280270798213844992
1280269906500620288
1280269066020814849
1280267832723464193
1280267828176859137
1280266788295421953
1280266429317644288
1280264922048401409
1280264023250960390
1280263982448816129
1280263693436059650
1280263016596992000
1280262862720696321
1280262704679104512
1280261527472390146
1280260050393673730
1280259140821168128
1280258698275893249
1280258385741582337
1280257651524489219
1280257560151576577
1280255385362972675
1280254111351476225
1280251315881271297
1280250770722623489
1280250417910362112
1280250402240376832
1280249819056005120
1280249152983662593
1280247023749529602
1280246918627631109
1280246602985287690
1280245157980508160
1280245156290101252
