1289663448477863938
1289663066729111552
1289662947275415552
1289661817820549120
1289661243444224000
1289659051169558528
1289654996468809728
1289652226361716736
1289651800631472128
1289649217695371269
1289643978212556801
1289643482638819328
1289643097018609664
1289641280180383745
1289641032632606721
1289639500067401728
1289629161573646338
1289626243814629380
1289621954945671169
1289621809566867457
1289620917773975553
1289618985873416192
1289617398245416961
1289617007839608833
1289616393906749441
1289615423768604672
1289615378285383682
1289615306923671555
1289615244353036291
1289615192012120064
1289615127151439872
1289615071111286785
1289615010927263746
1289614948935462913
1289614894648745985
1289614838306443264
1289614783478562818
1289614730236108800
1289614673185255425
1289614609587097605
1289614557648842754
1289614502514708480
1289614447548362752
1289614387330691073
1289614330552434690
1289614273023315968
1289614210100412418
1289614150117646336
1289614075039801344
1289613948778508288
1289613899545731072
1289613848564002817
1289613776363241473
1289613721539469312
1289613665419763713
1289613606171152385
1289613550999277568
1289613491628724225
1289613422921781249
1289613366416285696
1289613307624579073
1289613243506462726
1289613186392420359
1289613130125934592
1289613074517782531
1289613015965241344
1289612960327901184
1289612933450801152
1289612887414038530
1289612788583800832
1289612696997056515
1289612629464330241
1289612543602782209
1289612461180502018
1289611705375428608
1289611406401208321
1289611368132251648
1289611320958971911
1289611268781826048
1289611221864312837
1289611176884617217
1289611125802168320
1289611079518052353
1289611022404222984
1289610956629331968
1289610907199234048
1289610854925647873
1289610783261732864
1289610688411795456
1289610645969629185
1289610583503847424
1289610527887499264
1289610473952878592
1289610411990331394
1289610354314457088
1289610301013233664
1289610242062458885
1289610169744265223
1289610109723635714
1289610055126401024
1289609936322703361
1289608922479751169
1289608883820834816
1289608828711923714
1289608774819299329
1289608699900620803
1289608650764333059
1289608596943040513
1289608536457129984
1289608472871555074
1289608422946529281
1289608369746202625
1289608313785577472
1289608265752600577
1289608253999996929
1289608213545881602
1289608155589050368
1289608099569926144
1289608036915404800
1289607987003367424
1289607934654263296
1289607873014697985
1289607816391479298
1289607763560001536
1289607708438560768
1289607652503429120
1289607595863482369
1289607539982655488
1289607469442822144
1289607287867183104
1289607247761297408
1289607185383620610
1289607131033776136
1289607072967823360
1289607008102920192
1289606953090482177
1289606893820813314
1289606878935343111
1289606835893239808
1289606696579371008
1289606632259743745
1289606573871038466
1289606519957237760
1289606461543182336
1289606396506509313
1289606340038414336
1289606284090552320
1289606210392428544
1289606123784245248
1289606063394676736
1289606012077400064
1289605969853288448
1289605906078945290
1289605838428991488
1289605778647654401
1289605400531279873
1289605124046745601
1289602969260834816
1289602823647182851
1289602576233635848
1289602028155678720
1289601869027799040
1289599920526090241
1289594354982481921
1289593628659048450
1289591814249316352
1289590491659395074
1289589379011289088
1289588096040722432
1289587628581376001
1289584636532678656
1289582591205502980
1289581530919178243
1289581522823962624
1289578702980837376
1289578653244825600
1289576601055662081
1289575900183498755
1289570667029884928
1289569230820478977
1289569177779372033
1289569123966398464
1289569072091340804
1289568997621420032
1289568928419594245
1289568847553429507
1289568781614952450
1289568693953994753
1289568654502305792
1289568506455810050
1289568457206325248
1289568393050427392
1289568389766082560
1289568339690270720
1289568286514978816
1289568278168272897
1289568218818867201
1289568159708585984
1289568091412680705
1289568061566210053
1289567382311059456
1289567326707179523
1289567263746600963
1289567211342852097
1289567151871803395
1289567097593290752
1289567042681614337
1289566971638382592
1289566883067371523
1289566821721366528
1289566764494397441
1289566704801120256
1289566648874094592
1289566592515227648
1289566530091364353
1289566430573113355
1289565673945882624
1289565612096643073
1289565545524875264
1289565474791989249
1289565408895176704
1289565342780416000
1289565266788007936
1289565204972367872
1289565140124340225
1289565071807352832
1289564993210314760
1289564921668100096
1289564854739537920
1289564789237100544
1289564708790341632
1289564639647285249
1289564565596860419
1289564488161779713
1289564405839978496
1289564328119566336
1289564222452412422
1289564103913046017
1289564032358182913
1289563957481504775
1289563858202316805
1289563791789703175
1289563722126688257
1289563621278842881
1289563549543493633
1289563459332513792
1289563391590203395
1289563325110423552
1289563243023757315
1289563161184493568
1289563081706700800
1289563006246875139
1289562929688276994
1289562853679144963
1289562778907185153
1289562702877089792
1289562620760973312
1289562522828197888
1289561226884689923
1289558423126700035
1289558099443974144
1289556365162229760
1289554759431708673
1289549846756564992
1289547469290786818
1289546653565767680
1289545551961235458
1289543691317555200
1289539717181186053
1289539677007970304
1289539620930121729
1289539560485998593
1289539504177475584
1289539446392516608
1289539385713549312
1289539329287749633
1289539270529622016
1289539214640590849
1289539147225370625
1289539051813343233
1289538839225106436
1289538782283419648
1289538738305953792
1289538678369349637
1289538611642273793
1289538553916149761
1289538501902397440
1289538443152769029
1289538387200942080
1289538332314066950
1289538262017531904
1289538206384365570
1289538110586585088
1289537450398777350
1289537404336926726
1289537319062495236
1289537259578900481
1289537198740537344
1289537138342506496
1289537080381648896
1289537019782168577
1289536951985438721
1289536885090525189
1289536838617534464
1289536777242333186
1289536715720359937
1289536656358350848
1289536587651379200
1289536523897942017
1289536459880280064
1289536370591952897
1289535766838669317
1289535723109068800
1289535666339094528
1289535610210852867
1289535546784718849
1289535489918156801
1289535425669763072
1289535364713963526
1289535301677993985
1289535241716150272
1289535171302236160
1289535111218724864
1289535064666255361
1289535004020600837
1289534940908933121
1289534879831646210
1289534803264458752
1289534743374045189
1289534680887209984
1289534618396499977
1289534549635076096
1289534457700134913
1289532397738840066
1289532347717574656
1289532293250310145
1289532240746000384
1289532174991912963
1289532096055214081
1289532024642969601
1289531982133829632
1289531916534845441
1289531856157732866
1289531794614710275
1289531719557607424
1289531371799470082
1289526819214045184
1289526780810768387
1289526728168103939
1289526723277512707
1289526665022861312
1289526588153794560
1289526528225796101
1289526434831036419
1289526314110554112
1289526273853681665
1289526216848887810
1289526152126750721
1289526096367513600
1289526027908071424
1289525950405697540
1289525177680662528
1289525129710407682
1289525076333740032
1289525011972153345
1289524959153283074
1289524891385880577
1289524828685271041
1289524762037891072
1289524674049617921
1289524613269950464
1289524549801979904
1289524484530032640
1289524403156418560
1289524342351511554
1289524281827831810
1289524192627441665
1289522294843420672
1289519926311436291
1289516441662701568
1289515036193554434
1289512372747423744
1289510485990297600
1289504168059777024
1289504145288773632
1289504102871752704
1289504049499238400
1289504003378810881
1289503950568173573
1289503902463746053
1289503851062546433
1289503791465680897
1289503732963647488
1289503673941360640
1289503600146866178
1289503460426018816
1289503428813586433
1289503384517644288
1289503327625990145
1289503278531637248
1289503220046405632
1289503157714747392
1289503092405235712
1289503030501679106
1289502971206787072
1289502906253803525
1289502819838353409
1289493318448152576
1289493284255969281
1289493230371745792
1289493179767513089
1289493128706220032
1289493076386275328
1289493024003616768
1289492970794696704
1289492901311860737
1289492829215928326
1289492784223641601
1289492729777422336
1289492678309105666
1289492614828367873
1289492559388000256
1289492499778506752
1289492438201937920
1289492357025497088
1289490177157500928
1289480257968279553
1289480221142507520
1289480170294910977
1289480117392039938
1289480061654118400
1289480007283343360
1289479955286556674
1289479898273177601
1289479841029513216
1289479770254856194
1289479379311972355
1289479334441312256
1289479272755650561
1289479214802939904
1289479158238547970
1289479083550597120
1289479017855238144
1289478955125428224
1289478894022582273
1289478797847171072
1289477089557528579
1289477048256192513
1289476994011287553
1289476935198760961
1289476873617985536
1289476811110223873
1289476718558957569
1289476646500593664
1289476602162798592
1289476537796919296
1289476472374091777
1289476409325498370
1289476351355793408
1289476270988943365
1289472198017572865
1289472152090152960
1289472108146221056
1289472056061390848
1289471999706767361
1289471949110824961
1289471895142883328
1289471842609238016
1289471819196456961
1289471782362087424
1289471724329689089
1289471672060465153
1289471607379918849
1289471554443599872
1289471479076151297
1289471413250748417
1289471340789956608
1289471297668276224
1289471233139056640
1289471179133030400
1289471123864920065
1289471058664394752
1289471000430686209
1289470945208328192
1289470885980590081
1289470827935592448
1289470770129690624
1289470710054653956
1289470647899389953
1289470558308937729
1289469595129008130
1289469554385539077
1289469492691525634
1289469424433598465
1289469368842309633
1289469308737732613
1289469253280657410
1289469177577660418
1289469113752907776
1289469070828621824
1289469003920900096
1289468947264233472
1289468881359126533
1289468818129997824
1289468752854122496
1289468667541909504
1289467765246418949
1289467711517536256
1289467654462349312
1289467596341878786
1289467541086023680
1289467489517101056
1289467432457838592
1289467373100183552
1289467316355215360
1289467237523324928
1289467156795539456
1289467091880419328
1289467025769803782
1289466959126568961
1289466895528148993
1289466734089388032
1289466651214098433
1289466582071152641
1289466516958670850
1289466319939739648
1289463389291520000
1289461915647750147
1289458066639843330
1289452398620995585
1289450692935995393
1289448289440391168
1289446388837752832
1289443475637714945
1289442355054096384
1289432011040608256
1289430966105038848
1289429531455918080
1289428781782847491
1289426822627618821
1289426782223966208
1289426255071178753
1289425498636840960
1289423582074777601
1289421472100782080
1289421433366405120
1289418374875877377
1289418283947499522
1289415777305546754
1289415068690522112
1289414660194578432
1289414425963724800
1289414177832833026
1289413338196086786
1289413243513868289
1289412724787539969
1289408342646050816
1289408252912873472
1289406464050659328
1289405716038586368
1289405395568480260
1289404966071701506
1289396320071909376
1289392924577292290
1289390565025447938
1289390382120230912
1289387872152256514
1289386835207061504
1289385444602388480
1289385079865659393
1289384347309453312
1289384053670416384
1289378385689317376
1289376087814705153
1289375711392751616
1289374799110606848
1289374784703229954
1289374133101289473
1289372044337934337
1289371531592704001
1289371330572357632
1289368997427703809
1289368720314269696
1289366221767364610
1289362621251100672
1289362553500348416
1289360447917842432
1289360032585469952
1289359973776932866
1289359432543907840
1289357714120818688
1289350145155518466
1289349253425270784
1289347982802870272
1289345936649383936
1289340333759684614
1289339922113916929
1289339840119500800
1289339118351253506
1289338949811355648
1289337922848727040
1289337048990543873
1289336061798133760
1289332972651450372
1289331312113770496
1289328299571781633
1289327499395002368
1289323251160592384
1289322249388883968
1289320462518849536
1289319571845914624
1289319464870137858
1289319079963234305
1289319026141753344
1289317937472561152
1289316923969134592
1289316261902647301
1289314827144290305
1289313567812943872
1289310815636426752
1289310678897971201
1289310164860801025
1289308729230241792
1289308500070248448
1289308146540769280
1289307071049945088
1289306236626669568
1289306186765000705
1289306119580585984
1289306086835535872
