1287855124044341248
1287854372320358400
1287854054123560963
1287853965606940672
1287853730650562562
1287853546419830784
1287853242785968132
1287853205410521089
1287853148200108035
1287853092696928257
1287853029979557894
1287852979589177348
1287852927923752962
1287852924945620992
1287852877768200195
1287852816330096648
1287852763943260163
1287852681525174272
1287852626122387459
1287852621299167237
1287852419703902209
1287852397587570688
1287852322916360193
1287852283057729536
1287852281275265027
1287852204167233539
1287852197967835137
1287852144989806592
1287852083799089153
1287851815837597702
1287851751283064833
1287851422097313792
1287851219021713409
1287851157956820993
1287851100633260032
1287851041065664513
1287850950896558085
1287850436003692545
1287850295549034497
1287850186484494336
1287850023640653824
1287849917336051712
1287849811916410880
1287849633117433856
1287849465223643136
1287849314778148864
1287849229973504000
1287849135475789824
1287849113934082051
1287848759523553281
1287848431466102784
1287848312658259970
1287848178549583873
1287848047016206337
1287847920184823814
1287847890308575233
1287847874345283589
1287847813423017988
1287847782909276160
1287847764102176773
1287847717377630208
1287847668484583425
1287847648817377280
1287847621089001477
1287847557293637632
1287847553405345793
1287847484602175499
1287847467799609344
1287847431187632128
1287847381384519680
1287847325726105602
1287847271397298177
1287847217349439499
1287847214786605056
1287847161854599168
1287847108633124864
1287847080254291968
1287847052089741312
1287846999379922944
1287846948712529920
1287846939183251456
1287846901274906624
1287846865208258560
1287846742864433152
1287846667299913728
1287846606084030464
1287845912069279744
1287845213340221440
1287844067833860096
1287843692305293314
1287842798075392000
1287842457120468992
1287842224038797315
1287841968177819649
1287841679320342528
1287841391683534853
1287840793932308480
1287840209057587200
1287840169853411329
1287840151238975489
1287840092002951182
1287840026315956226
1287839970426867714
1287839921445707777
1287839910343385090
1287839865766391809
1287839811840114689
1287839763563593729
1287839763316310017
1287839711202074625
1287839663994974208
1287839653924687873
1287839598710792192
1287839544524644353
1287839488497123330
1287839422763982849
1287839367545999360
1287839234238361602
1287839167813242880
1287839109181054981
1287839036003037184
1287834714271895555
1287832363939102725
1287831223474290688
1287829554652827649
1287829296615051264
1287828926052683779
1287827597368406016
1287827513209692160
1287827463083499520
1287825642034167812
1287823944188387328
1287821739213250565
1287820375510978566
1287817965992382469
1287817711486205959
1287816090559614976
1287815594704809986
1287815544075321345
1287814086135291904
1287814050118643712
1287810704343535617
1287809556320403457
1287809127616524288
1287809012851933185
1287807704438718465
1287806993823129600
1287804746556874752
1287804414984683521
1287802506702213121
1287799753724448769
1287796565407539200
1287796439666634752
1287794041770270720
1287787628494901248
1287787402581495808
1287786464588238848
1287785994805284865
1287785663702503433
1287782186893160451
1287781635304370181
1287779852087689216
1287777645527273473
1287776678131924993
1287773499566829568
1287770122405531648
1287768550908801025
1287766267135483906
1287765939438718982
1287765791094509570
1287765735264194561
1287765544859467777
1287765491835195392
1287765435568599041
1287765382833602561
1287765357684576256
1287765304811151360
1287765252000677890
1287765196719751168
1287765152213991429
1287765143166898178
1287765090142388226
1287765036295958529
1287764982239760393
1287764930033340416
1287764872718159873
1287764872348999680
1287764814115332096
1287764733718925314
1287764683294990342
1287764634313818115
1287764574519861249
1287764520279126017
1287764465526738944
1287764411906699267
1287764367749021696
1287764360161644544
1287764306013171713
1287764246575669249
1287764188882964480
1287764130406039556
1287764076941189120
1287764026378854402
1287763974205906945
1287763912503459847
1287763851136638976
1287763528514928648
1287763462878375938
1287763404615229440
1287763340568277000
1287763337720279042
1287763281764134914
1287763227640770560
1287763167343411200
1287763106479902723
1287763045008257025
1287762988359979008
1287762911138582529
1287762851210420225
1287762703205969936
1287762660176662532
1287762641126133761
1287762580140953600
1287762508451852288
1287762447978450944
1287762327773773829
1287762262229426178
1287762201336569856
1287762139411881986
1287762068146475008
1287761994708328453
1287761922381746176
1287761842438275074
1287761835517771776
1287761749656182784
1287761644857196544
1287759311482093569
1287759257497206785
1287759202031730689
1287759122247618560
1287759076244500483
1287759069663711240
1287759020766433285
1287758969461772289
1287758917049757704
1287758864713228289
1287758799810506752
1287758726657642501
1287758661377564678
1287758598718750720
1287758535296716800
1287758478887530497
1287758424802025472
1287758371374989319
1287758302273777664
1287758251744997377
1287758190596300810
1287758134195388416
1287758081565306881
1287758029845336065
1287757973394264071
1287757917593141249
1287757858608746496
1287757790971404288
1287757734830538752
1287757673216258050
1287757087590830083
1287757026681065473
1287756967834980354
1287756904031125509
1287756841406128131
1287756769322848256
1287756694823608321
1287756629946048512
1287756565496451072
1287756497938714624
1287756426174238723
1287756288663977986
1287755915068932096
1287755854327029762
1287755766674460672
1287755708457459712
1287755649330417665
1287755560071450626
1287755433348915200
1287754045063602176
1287752206163247104
1287749424156946432
1287749384013217792
1287749321136517121
1287749264790167553
1287749206703247360
1287749153947361280
1287749098792275974
1287749039967145985
1287748983897632769
1287748926163030016
1287748872366956545
1287748845808619525
1287748814825193473
1287748763554119680
1287748699385462786
1287748636210847745
1287748494816694274
1287748451761942529
1287748440282116109
1287748396577632257
1287748336561393664
1287748267053326338
1287748211910889472
1287748159196758016
1287748095598571520
1287748040942669824
1287747981027020800
1287747942397423629
1287747924869279744
1287747864857325569
1287747808469057536
1287747749237141504
1287747668790435845
1287747654533943296
1287746906588958721
1287746905510940673
1287745062022021121
1287743932911235073
1287743644863209472
1287743606644781056
1287743556438851584
1287743506249908224
1287743457214320640
1287743403137077249
1287743339333378048
1287743292424310786
1287743236363227138
1287743190062301185
1287743140061949956
1287743087339540480
1287743019786141698
1287742953172197376
1287742885232807936
1287742825048805376
1287742770615136256
1287742711982886914
1287742656924258304
1287742589823844352
1287742532630323200
1287742456621142016
1287742275292995584
1287742233073135621
1287742177859252233
1287742121890451461
1287742068694147074
1287742017158762496
1287741926377238529
1287741872220274689
1287741795301040129
1287741692725075970
1287741632297697284
1287741562873675781
1287741523803754496
1287741506648932353
1287741434762874880
1287741368224419841
1287741344354623489
1287741313010597890
1287741250058190859
1287741174632120320
1287741110241165313
1287741037813936129
1287740978892341249
1287740881055907840
1287740006954655745
1287735348760461313
1287734517864726529
1287733831412441089
1287733813662154756
1287731698575110144
1287731274660999169
1287727822774120448
1287722141337686017
1287721307589746689
1287719710809821184
1287718662875557889
1287718612703289345
1287718563625742339
1287718510722977793
1287718459955204097
1287718413020860416
1287718363196686337
1287718350739525632
1287718314018574344
1287718265981198337
1287718211211988993
1287718161673003008
1287718130014277632
1287718103237918721
1287718086489935872
1287718053460029440
1287717997323444224
1287717903975014401
1287717852234100737
1287717788971409408
1287717728258871298
1287717663985238017
1287717603629309952
1287717546901348352
1287717483881943044
1287717406857744384
1287717343800557569
1287717282500751362
1287717225340821511
1287717167866224640
1287717105530482688
1287717045245812736
1287716985586032642
1287716983991984128
1287716913397800962
1287716817692233728
1287716747869528065
1287715867699052546
1287715825055670272
1287715773029523459
1287715705987706886
1287715642859290627
1287715591885856768
1287715469991071749
1287715403972714496
1287715352634437634
1287715297252847616
1287715244559732736
1287715153593548802
1287715152670990336
1287715094617640971
1287715018784550912
1287714948626427906
1287714842569248773
1287714767591923712
1287714714869477378
1287714661824069632
1287714597806514177
1287714488133791744
1287714431791661059
1287714360484388865
1287714303261511680
1287714202694623232
1287714096721403910
1287714040098283520
1287713983198265345
1287713925925142529
1287713809046605824
1287713742256590849
1287713621779402752
1287713504523440128
1287713245835538432
1287712678576881664
1287706631531384832
1287704651983466496
1287702944037601281
1287702582434111493
1287700978343579648
1287695745294970880
1287695260773122049
1287694689035051008
1287694635536613376
1287694579890880512
1287694534445596672
1287694486940852224
1287694441453629442
1287694412898869249
1287694387405881344
1287694339137851392
1287694243717361664
1287694188168056832
1287694140550021120
1287694075634880512
1287694011692650497
1287693961361072129
1287693913478828033
1287693858474790912
1287693809606959105
1287693761041125376
1287693710579433472
1287693662101688320
1287693611170226176
1287693560347652096
1287693510498541568
1287693460242411522
1287693397050916864
1287693341187022848
1287693288049455110
1287693234823716865
1287693177256910848
1287693126384189440
1287693066304880641
1287692998835343360
1287692862134595586
1287692807839326214
1287692758015238144
1287692699823472642
1287692648208314369
1287692599273431041
1287692535243124736
1287692482331971585
1287692401465864192
1287692349662003200
1287692297790988289
1287692228119465985
1287692174612668427
1287692111480070145
1287692057470001152
1287692002532958210
1287691950783700993
1287691897700483072
1287691838829330432
1287691778599071744
1287691720285708288
1287691646944059393
1287691581563326465
1287691522868219904
1287691464483450880
1287691412117565440
1287691352336146432
1287691285416083456
1287691223877197824
1287691164351696897
1287691101890060289
1287691011804798977
1287689296145797121
1287688619591979014
1287688393841836032
1287681875914391552
1287678562842087425
1287673144660987904
1287672872538783744
1287672185453084672
1287668020916006912
1287667568707162113
1287667202255130624
1287666534668734467
1287661810229813249
1287660955258642432
1287660090439294984
1287659278858412032
1287657798419922944
1287655139604455424
1287654936428175360
1287654583980892162
1287653719547326464
1287653245070925824
1287652399838969857
1287652093654786048
1287651933335908353
1287650886911553537
1287650756829429760
1287650279429533697
1287649776926826497
1287649340098396161
1287649043875639296
1287649023982047232
1287648576345014273
1287648024022454273
1287647970599477250
1287647645058469894
1287647459024367617
1287647149467897856
1287642871093436417
1287642668382724102
1287641843728093184
1287641347264937985
1287640543544127489
1287639651080077312
1287638646217007104
1287637311836962816
1287637007368216577
1287636043072589824
1287635862499364864
1287633244041617409
1287632192634462209
1287631952145780737
1287631936505053185
1287631855965966337
1287631728211906560
1287630882015072256
1287630708035350528
1287630504796270592
1287629773037084674
1287629756662452225
1287628849262415873
1287628688830472195
1287628556932014080
1287628265784565760
1287627896463306752
1287627748744278016
1287627692670509057
1287627497845092352
1287627041689333762
1287625570206048256
1287625250100969472
1287624901264846848
1287623812440350722
1287622815714353152
1287620819020058625
1287619532052258817
1287616764143001600
1287616455006015490
1287616291025559553
1287615941740650497
1287615850980110337
1287615744088264706
1287615508112535554
1287615244462784512
1287615128918097920
1287615075503599617
1287615017190400005
1287614793315020800
1287614451923861504
1287614344377712641
1287614161573146625
1287613953820901376
1287613756009144325
1287613623318110208
1287613523606962177
1287613332363415553
1287612943710818306
1287611011327909888
1287610831211884544
1287610160676892673
1287608988704501761
1287608759120846853
1287608492992339974
1287605771060957185
1287605458966941697
1287605424309653506
1287603667625943042
1287603380207067137
1287603194596483072
1287603080314445829
1287602967000956929
1287602862176911360
1287602665065594880
1287602261695139840
1287601867216699393
1287601412411740160
1287600907362791424
1287600408832008192
1287600243568041985
1287599873554968576
1287599311782424576
1287599017992626176
1287598935733932033
1287598847259226112
1287597040554319872
1287595953285820419
1287595707507961856
1287595481867210752
1287595164341424128
1287593300464082947
1287588534904336384
1287587315531919360
1287587134392737793
1287586673761689600
1287581504533671936
1287575064796372993
1287574029834977280
1287570844340953090
1287569417216368640
1287568406649200641
1287567650214891521
1287567124710400000
1287566851724193792
1287562612721561602
1287559342410080256
1287553723447664643
1287552673227501569
1287552417836326917
1287552043637301249
1287551850997194752
1287551845150289920
1287550893261381633
1287549621431042049
1287549525691895809
1287549222858813440
1287549218769506306
1287548751981117441
1287548324426416129
1287545511134687232
1287545153943564289
1287544182655995905
1287543613325365248
1287543580945289216
1287542727299616768
1287538796767203330
1287538654324199424
1287538302715858946
1287538244549324800
1287536981774196736
1287536967232626688
1287536481985343488
1287535876923252736
1287535727060779008
1287534928218009600
1287533142895624196
1287533129666764802
1287532043950149632
1287531912345669633
1287531542768570369
1287531030782631936
1287530628376748032
1287530500161015809
1287529769215516672
1287529506761093121
1287529233988952064
1287529001523662848
1287528910133948418
1287528789358997504
1287528409451515904
1287523409694515200
1287521354770677763
1287520038724022277
1287517349067870209
1287516450413043712
1287515576273965056
1287514577866035206
1287514293135712262
1287513734605230081
1287512749560549377
1287510007383302144
1287508749759000579
1287508730746044417
1287508383658962944
1287508283587063808
1287508245431685121
1287507671935983616
1287507166279004160
1287506814385311746
1287505650147143680
1287505578588139520
1287504678754742273
1287504457660395520
1287504426329047040
1287504425582354432
1287504254765236224
1287502336877682689
1287502198331420672
1287501908018593798
1287501894332555264
1287500639749074946
1287500459897282560
1287500281459048448
1287499929439657985
1287497838172073984
1287496817781829632
1287496595831889922
1287496393192378368
1287495843394646016
1287495419329568768
1287495070585769984
1287494089009557504
1287493671559090177
1287493548258910208
1287493241575596032
