1276619591431516160
1276618778348908544
1276618618894245890
1276618134095618048
1276617986976120839
1276617902410436610
1276617749125611526
1276617256831553537
1276617121573683200
1276616557599182851
1276616118765883392
1276616003238211591
1276615864695975936
1276615662824091648
1276615420955570176
1276614754073640960
1276614551564439553
1276614508455305220
1276614498196041732
1276614142187548672
1276613769809014785
1276613433480241152
1276613299094687744
1276613106714554369
1276612601024114688
1276612507751395329
1276611059596419073
1276610803861295104
1276610654137389056
1276609878933622791
1276609620258193408
1276609372752404481
1276608565466333186
1276607367975706625
1276607284819492868
1276607270403612678
1276607054518448128
1276606940098056193
1276605878330769408
1276605693383114752
1276605683585163269
1276604687089717248
1276604399066832901
1276604163208523776
1276603892290052096
1276603605739601920
1276603555974123521
1276603008994775041
1276602830820950016
1276602712445128705
1276602592756240385
1276602396127514628
1276602027041337344
1276602008389193729
1276600972626718720
1276600945376403457
1276600840674041857
1276600465271033857
1276598654988681218
1276597867474550784
1276597860427894784
1276597606316224514
1276597536132907008
1276597499289931776
1276597221379788800
1276597151087374337
1276596289162014720
1276595865910538240
1276595793097416704
1276595707848192000
1276595477308305409
1276595178149679110
1276595115209846784
1276594795251728384
1276594767904866306
1276594343202021376
1276594270644760576
1276593992969236480
1276592757956435968
1276592401113636868
1276592292841680896
1276592091817222144
1276591796319973376
1276591644335149056
1276591388923170816
1276590595675316224
1276590159786582016
1276589779501510656
1276588512335167488
1276587105641287688
1276586780020662275
1276586295519662085
1276585197086158848
1276584440181993474
1276584259692703744
1276581938657210370
1276581867865567232
1276581646481813504
1276580862545457152
1276579764074151936
1276578869261131777
1276578731809583104
1276578681016614914
1276577888372879361
1276577564132356097
1276575971177566210
1276575413955780608
1276575364312190977
1276574949273153538
1276574670322425857
1276574297318985730
1276573820976091141
1276572369834967040
1276572231427141632
1276572072680894464
1276571735379279873
1276569940628299776
1276569047635595264
1276568756303671296
1276568754374221826
1276568497296834560
1276568482398650368
1276568374403727360
1276568269952937984
1276567655319830529
1276567267187347457
1276567164988780545
1276566373431341067
1276565616179253250
1276564984831475712
1276563613264891906
1276563054952681472
1276563052335374336
1276562557357129728
1276562440965074946
1276562151604285440
1276561414715576320
1276561310218625024
1276560861264359425
1276560633966845953
1276557798038478848
1276557717394436096
1276555478735126528
1276555250804162562
1276555208189816832
1276555042179264513
1276554348265443328
1276553139613847552
1276552509956526085
1276552287956000768
1276552259107614721
1276551934330245121
1276551915011108864
1276551563100786690
1276550814044246016
1276550270894387200
1276550025472995328
1276550025351507968
1276549561927032833
1276549074758455298
1276548960052637696
1276548404332703748
1276548402252328960
1276548044813750279
1276548011557076994
1276548002937700355
1276547579212206080
1276547378212933638
1276546767551696896
1276546417524379648
1276546397127442433
1276546169716514820
1276545911955566598
1276545190493184000
1276545000285839360
1276544663621644288
1276543946789969931
1276543718980452352
1276543453611073538
1276543120952496133
1276543067630252032
1276542720106954753
1276542674028412930
1276542502523342848
1276542338941235200
1276541962401841152
1276541742515290112
1276541719627157514
1276541570175492099
1276541224686624769
1276541053047365632
1276539693920849925
1276539577981898753
1276539476463026177
1276539202981765121
1276538822810050566
1276537630851690496
1276537097361543171
1276535717611679745
1276535709747359745
1276534637884575744
1276534609233285120
1276534050862379008
1276533839012204548
1276533787908685824
1276533571109433347
1276533417203716096
1276533376296660992
1276533330826137600
1276533165079834626
1276532089270276096
1276531164862468097
1276529416760446982
1276529023695360000
1276528827326435328
1276528627161747456
1276528460597547008
1276528154316849154
1276527960850403336
1276527739567251456
1276527648924217345
1276527338239467520
1276527282866323459
1276527216281751553
1276526859350683649
1276526803318865922
1276526623953575937
1276526613828644864
1276526547877363713
1276525903112220676
1276525842223505409
1276525747876790272
1276525480716484615
1276525479835639808
1276525462722838529
1276525230979076096
1276524974006775815
1276524917027074049
1276524908944797704
1276524642321211393
1276524602869592076
1276524237809946624
1276524129928327170
1276523947824218112
1276523733176500226
1276523664238956545
1276523388551430147
1276523111886786560
1276522793178447875
1276522761121341440
1276522748697882630
1276522726077927424
1276522375580975104
1276522196500963333
1276522097288728576
1276522036718964736
1276521932939198465
1276521863917813760
1276521771169189888
1276521661748203520
1276521355522060288
1276521188345499648
1276521141239189504
1276521011891130368
1276520860355121153
1276520552212160512
1276520366731677696
1276519650348711938
1276519494668730368
1276519449856704517
1276519383846682624
1276519290028597248
1276519237939597312
1276519179680612352
1276519039024709633
1276518808312782848
1276518413951590400
1276518363049623553
1276518271005732869
1276518093641191427
1276517981070266368
1276517793777754113
1276517618787053568
1276517612298670080
1276517078548262912
1276516808644796419
1276516086037598210
1276515076363694080
1276514929592291331
1276514874831626242
1276514304808890368
1276513736258285568
1276513086690689024
1276512898316025857
1276512319430950915
1276511710023684096
1276511604327149569
1276511194166300672
1276510496141783041
1276510230080348161
1276509999120953345
1276509764680404992
1276509710674354177
1276509655267774465
1276509628457762822
1276509490179964932
1276509386924490754
1276509187900465152
1276508860229042177
1276508225496645635
1276508136405372930
1276507509340110854
1276507267496579072
1276507175674957824
1276506983458320391
1276506973576531969
1276506562685661184
1276505967744757760
1276505965034999808
1276504897110884355
1276504787492786176
1276503476382633984
1276503357947932672
1276502521733877760
1276502473897721857
1276502293857423360
1276501935529459713
1276501090297688065
1276500968994148353
1276500497990467584
1276500253454340098
1276500145782362113
1276500036130607104
1276499817435246593
1276498386095607808
1276497515597225984
1276496251337482242
1276495659043033088
1276495508090040321
1276494573121015809
1276493144549462019
1276491407818194944
1276490462640123904
1276490418969104385
1276488557981503488
1276487368070107136
1276486555285303301
1276486460158459906
1276486362351329281
1276485519933943808
1276484558586646529
1276483408466784257
1276483215868428288
1276482963799228416
1276482931591049218
1276482241565253632
1276480988785381377
1276480426840907785
1276479639905501189
1276479592421867521
1276478112268791808
1276476607692242945
1276472203543031808
1276472080662269956
1276471960596148225
1276471465974661120
1276470609434873856
1276470364315553793
1276468767221047296
1276466869009080321
1276464584812101632
1276464381459681280
1276464351189192704
1276462599132065793
1276461678398509056
1276460279174443008
1276459696329682944
1276458972531134464
1276458180101509120
1276456404782665728
1276455675745337344
1276454435955376129
1276454092735315969
1276449370368606210
1276447036456435712
1276446983625093121
1276446178939416576
1276445948990967810
1276441934085582848
1276441224430444544
1276441040199843840
1276439735376863232
1276438196281159681
1276438091666845698
1276437491206090753
1276437376068251648
1276436865239801856
1276433481212604419
1276433120531750917
1276428836029313026
1276428239829950464
1276426321678045185
1276422885368717313
1276422383558176768
1276418839102750720
1276418795347644417
1276418758748209152
1276418627449704448
1276418297236295680
1276417463782170624
1276415231380598785
1276413996531355651
1276413670386364421
1276413111650652165
1276412823514632193
1276412255295463424
1276412177583353862
1276411515462189060
1276411162477891584
1276410749053698048
1276410232655110144
1276409871437529089
1276408954902286339
1276407661144268800
1276404315155038208
1276403068469297152
1276401763797446656
1276401069405265920
1276399719854604288
1276397469392306177
1276396981309575168
1276396346484744192
1276395637559431168
1276395396181434368
1276394271814356997
1276393981622927362
1276393461068029952
1276390996989710336
1276390420659003392
1276386094855139328
1276385029942325249
1276384611468279808
1276383072255127552
1276382368933314560
1276382148937875456
1276382013801390081
1276381376636485632
1276381257916534784
1276380978299064320
1276379058666799104
1276378777916973056
1276377350461181952
1276377064950685696
1276376773723336706
1276376721525219328
1276373368191635458
1276373269512204288
1276372586809692161
1276372005718294529
1276370689302228993
1276370647082549248
1276370309420064769
1276369939050328064
1276367668870873089
1276365986287906822
1276365771933966337
1276365732817670145
1276365647958728706
1276365443532574723
1276365094562050048
1276364323464589313
1276363839160934400
1276362681335771137
1276362289822777345
1276362142946660352
1276361872896188416
1276361504657465344
1276361372524314628
1276361280991842304
1276361155754115073
1276360998421700613
1276360844993941504
1276360740429950977
1276360466726445056
1276359813904072712
1276359651718836224
1276359332620353539
1276358648512442368
1276358475581251585
1276358315937632256
1276358165198561280
1276357760750215168
1276357462338265089
1276357342548951042
1276357271774269441
1276357247484870656
1276357168548085760
1276357034661855239
1276357027883823104
1276357013383962625
1276357007176433664
1276356987777933316
1276356777689387009
1276356670805999617
1276356517277478912
1276356467235446784
1276356274767032320
1276356274310066176
1276356217359798272
1276356195004145664
1276355902879100929
1276355874810933248
1276355744426795008
1276355692262236160
1276355666291183619
1276355619314978817
1276355597487742976
1276355528197881856
1276355504814637058
1276355452746547201
1276355429296209920
1276355400141623299
1276355396974768128
1276355334446239744
1276355264787038208
1276355210584174594
1276355019726413824
1276354048560693250
1276353218247708675
1276352507858411520
1276352425251622913
1276351992621936641
1276351111675478016
1276350800244113408
1276350724482510850
1276350423243333636
1276350320919097345
1276350156418547712
1276350151758680070
1276350013195653121
1276349787621777413
1276349520482353153
1276349391813652480
1276349370783457280
1276349112976158721
1276348996626395140
1276348814228586499
1276348515380273153
1276348373495234560
1276347897689321472
1276347115116036096
1276346723196076032
1276346583521660928
1276345612183756801
1276345090580062208
1276344159549435909
1276343750697115649
1276343727498366977
1276343667524067328
1276343341911851008
1276343048675323904
1276342954316062721
1276342072841252864
1276341484938244097
1276341054573359105
1276340355982639106
1276340317139189760
1276339459466772480
1276338877502914561
1276338463927873538
1276338338073436162
1276338254904725507
1276337949328596993
1276337725667282949
1276337567059804160
1276337535786954758
1276337379419119617
1276336517636554752
1276336252363534337
1276336023899787267
1276335650774503428
1276335488454889473
1276335399321735168
1276335273450721280
1276335270019858434
1276334793945264128
1276334767903047680
1276334643080355840
1276334542610149376
1276334367162298368
1276333701392003073
1276333689656315905
1276333521078849536
1276333333979336704
1276333270850867200
1276332968907333635
1276332905111777280
1276332695233019905
1276332527502929920
1276332458229678081
1276332135314587654
1276331661341450240
1276331276664926208
1276331239675506688
1276331178623197185
1276331090718920704
1276330829921337345
1276330812191862784
1276330387082563584
1276330015370723329
1276329740916359171
1276329620074356737
1276327644527833090
1276327586369613824
1276327517293629440
1276326566876925952
1276325705656209410
1276324949720829953
1276324034834313217
1276323302441660416
1276323092063760385
1276322545000763392
1276321568797442053
1276319155927613440
1276319131684548609
1276318966575595520
1276318895587147776
1276318845070761984
1276318155867131906
1276318100930080780
1276317451777486848
1276317265043107841
1276317105298833409
1276317023367241735
1276316998599766017
1276316971320164353
1276316964697169921
1276316866529681409
1276316833855885312
1276316360818208769
1276316230983581704
1276314910713163777
1276314837103063042
1276314349993418758
1276313963131781120
1276313946153197571
1276313663402582017
1276312326719799296
1276311463209172995
1276311051919781888
1276311049319387138
1276310935611879425
1276310482710921217
1276310288439140353
1276309254723432448
1276308195691171840
1276306921293844480
1276305826894888961
1276305416738177029
1276305096951791620
1276304981956726785
1276304754575056898
1276304252500168708
1276304143125147648
1276304053354594304
1276303255962779660
1276303190007451648
1276303078350680064
1276301554971115520
1276301100526821376
1276301008155672578
1276300734212919296
1276299220262301707
1276298772901855232
1276296410489589767
1276295625408040962
1276295602767368193
1276295160025034752
1276295046556459008
1276294979296677888
1276294741634752514
1276294522104950784
1276294368266092544
1276294185499402240
1276293809400197120
1276293700478545928
1276293521360785408
1276293288392298501
1276292706931802112
1276291744385175552
1276291692279115777
1276291550537023488
1276291529695465472
1276291416864501760
1276290949480624128
1276290565341089794
1276289782667231233
1276289678711222272
1276289656611618817
1276289351090163713
1276289252007882753
1276289097921966086
1276288988664328193
1276288059403730944
1276287928289787905
1276287450214625280
1276286892338810882
1276286369631997952
1276285885261271041
1276285672622419970
1276285295453970438
1276285263887642624
1276285098581733377
1276285087819038720
1276285040771678208
1276284687766323201
1276284302939041792
1276284242759168006
1276283941020786688
1276283697595998208
1276283577320091648
1276283575290060801
1276283356171374592
1276283269106057221
1276282374880403461
1276282328856367106
1276282169154064389
1276282112744869888
1276282013968928770
1276281730157236224
1276281564167634945
1276281561097228289
1276281239578669056
1276281221480419331
1276281152509280257
1276281100671889410
1276281058762334209
1276281014361354241
1276281003628048384
1276280898950848512
1276280785188904962
1276280744222920704
1276280695736983552
1276280440685461507
1276279996202483712
1276279781139509248
1276279471360954378
1276279411612909569
1276278998205632516
1276278005128626176
1276276770052898818
1276276125312978946
1276275527435915265
1276275443331522560
1276275430807437313
1276274996357353472
1276274970428157953
1276273437275807747
1276273193288859649
1276272707819241472
1276272579536453634
1276272473206595584
1276271212704849920
1276270696339931137
1276270575695077377
1276270434435153924
1276270314813632513
1276270301370896385
1276269970771460096
1276269755213676550
1276269576934785030
1276269427273629705
1276269382554050560
1276269277369303041
1276269063317012480
1276268370342617089
1276268076887990272
1276267337730187264
1276266638439059457
1276264865984806918
1276263876368240643
1276263827697524738
1276263810014289929
1276263739919130632
1276263024895176704
1276262939465400321
1276262884071411716
1276262284009095171
1276262039900520451
1276261620436439040
1276261503784546305
1276261419487395840
1276260841734787077
1276260352766795776
1276259852541505536
1276259435879464960
