1296912899454140424
1296912691425157120
1296912350637969411
1296911659580231680
1296911441291862020
1296911322806996994
1296911270151622656
1296911042375749632
1296910937102974982
1296910783096512515
1296910727622647808
1296910691639742464
1296910458906185738
1296909996148625410
1296909141399633920
1296909021824385027
1296908877678686210
1296908807990214656
1296908760334688257
1296908583871938563
1296908499063119873
1296907944563359744
1296907018616426498
1296906912752005120
1296906722708205568
1296906241688702977
1296906155185250306
1296906136449421312
1296905827266318338
1296905712346583040
1296905497593946117
1296905186884104195
1296904980742303744
1296904778107232257
1296904316968751105
1296903768152440838
1296903412420927488
1296903206635741184
1296903163895832578
1296901957303533574
1296901583414931457
1296901269123035137
1296901097731350532
1296900975173627905
1296900843740913665
1296900771456282624
1296900509702348802
1296900239740162048
1296898816126451712
1296898198632464384
1296890544229101569
1296889363251572744
1296889212353105920
1296888929581293568
1296887785316659200
1296887438183473152
1296887233006505984
1296886657803845632
1296884672149028864
1296884103715987458
1296881135868358664
1296880593620303874
1296880370818973697
1296878846189481984
1296878801159368704
1296878422971551746
1296878004694548482
1296877775123632128
1296875826944847873
1296874795573764096
1296874532926439424
1296871944009048064
1296870807973617666
1296869062677471233
1296868334047240192
1296867996405653504
1296866535902863362
1296866014106251264
1296866011308793857
1296865665794609158
1296860128201908224
1296858669242626050
1296857885847302145
1296856507179556997
1296854229043339265
1296851928291385344
1296851759806050306
1296851346163937281
1296849633361252354
1296849519489974273
1296849157018267648
1296848334729117698
1296847941559300102
1296847928791838722
1296847651707727872
1296846881071476738
1296846830119063554
1296844995022872576
1296844722703675392
1296840036504276992
1296840031102017537
1296839511293538305
1296838190490431488
1296830820892672000
1296830703892598784
1296828404965101574
1296828275914727429
1296827957357543424
1296827948033605632
1296827316832788480
1296827025563488256
1296826744624893952
1296825727493591040
1296825586439127040
1296825217038389250
1296825129578696708
1296825099169996801
1296825035177570305
1296825009151901697
1296824906458574850
1296824821058240512
1296824765072707584
1296823523449733122
1296820181004500992
1296819528316395520
1296814518472003586
1296812290839281664
1296806500074172418
1296804484174295047
1296801804148183042
1296795829160882176
1296795577414488065
1296794192220434432
1296790529070563330
1296789435011534848
1296786496045940743
1296782303335723009
1296779291930374145
1296779236406112258
1296774474684141569
1296773639795281921
1296770149081645057
1296767132202602498
1296764285906026501
1296762541478154241
1296761885526618112
1296758996158881792
1296756418230603777
1296754398731702273
1296734889207832578
1296732072019660800
1296718967394926592
1296718930283843584
1296712520246259713
1296707293078343680
1296707286015115266
1296704736196833280
1296701921005363201
1296700044654108672
1296691092306513920
1296689825676963842
1296689754562613249
1296681713725255681
1296679434670333952
1296676091160076293
1296670227158257667
1296667338465566722
1296662068486115329
1296659219467440128
1296656964873859075
1296651192022388736
1296648585598181376
1296647174499885057
1296647059534229508
1296644275367636993
1296644028113408001
1296644003006308352
1296643860815319040
1296643704254418944
1296643541079293954
1296643223771897857
1296642939444109312
1296642500036182017
1296642231621885952
1296640584031977474
1296639196153536512
1296636691453624320
1296635998810513408
1296635950546575361
1296631970235990022
1296630806920728579
1296630680919646211
1296630502825299974
1296628553463758849
1296626892041322500
1296626703566082048
1296625788670730240
1296622707841413124
1296622504216338432
1296614433989496833
1296614428893499397
1296613069167177728
1296613008299483137
1296603668951703553
1296599618378055682
1296599611516375045
1296599603123552262
1296599530322792448
1296597949863075840
1296597093554032643
1296589732625948672
1296589353897078785
1296576909623595016
1296575323849580547
1296572087151349762
1296571611659853824
1296568802365374470
1296564768342290433
1296564359527665664
1296563697280663553
1296562531914457095
1296561768047804419
1296559200831758344
1296559143751385095
1296559104366800896
1296559051896164352
1296558983331876865
1296558889656365056
1296558802922340352
1296558721410244609
1296558653869301760
1296558568460685312
1296557739896795136
1296557174802374656
1296556759319031809
1296556661646086144
1296555002102677509
1296554799656132609
1296553235390402560
1296552845114826754
