1282056842009391104
1282056257487200259
1282056190298595329
1282055262984175616
1282054723244224512
1282054556080173056
1282054494117740545
1282053042133536773
1282052513189912576
1282052510916546561
1282052034946949121
1282051299442212864
1282050686432108544
1282050080317427713
1282049511930523649
1282049267129913345
1282045705503207425
1282045074654679046
1282043039381413889
1282041901772951557
1282038388535721985
1282038224945385477
1282037821956599811
1282037610962132992
1282037379512115201
1282037377557504002
1282032553898074112
1282031036663238656
1282030259324325888
1282028841842573312
1282028078055796736
1282027198174629890
1282025816147320834
1282025631098777600
1282025437246480384
1282023982561189891
1282023770614530049
1282022306571853826
1282022265002102785
1282020612966354945
1282020501792014342
1282020176972730369
1282020047469400065
1282019117252452352
1282018019007442947
1282016399527948289
1282015253891514369
1282015151013715969
1282014794107805696
1282014545175699461
1282014133748031488
1282014033059688454
1282013999249252352
1282013585514749952
1282012221057499137
1282012205509226496
1282012074802065409
1282012013628141569
1282010191064698888
1282010002262114304
1282009989331202050
1282009196419076101
1282007245463498753
1282005776735834112
1282005606728192000
1282005439580954626
1282005134847938560
1282003764728049664
1282002023857172481
1282001985940709381
1282001866755379202
1282001240860143616
1282001020831162368
1282000783471337472
1282000457569898501
1282000015410380800
1281999335467565056
1281998982344916994
1281998789595799557
1281998787511062534
1281998712634392577
1281997725483986946
1281997141347467265
1281996047951319048
1281996034906812418
1281995735114883072
1281995137086676998
1281994910074318851
1281994510331871232
1281993738156298240
1281993568459071489
1281993237469642752
1281992791560613888
1281992164554219525
1281992109634072577
1281991220672098304
1281990925346996224
1281990602763063297
1281990422642987008
1281990334793150465
1281990153087549441
1281989697045065729
1281988907622715392
1281988573529604097
1281986338883960834
1281985804160528384
1281985194162114562
1281984639691890690
1281983891994279936
1281981735735984128
1281981610968199170
1281980941540495363
1281980497770565636
1281980345907318785
1281980100037283841
1281979858994814982
1281979649778749443
1281979025448214534
1281978277222113280
1281977904298184704
1281977811125796864
1281976958558048256
1281976952799129600
1281976948382728192
1281972468203376640
1281972441623994369
1281971304317550594
1281970102469120000
1281969500439678978
1281967639649300484
1281967346320539651
1281967123326263304
1281966769217908736
1281962795001667585
1281962079348498433
1281961967067058183
1281961457702313984
1281960440407498754
1281955995816730624
1281955410619047942
1281954250260701185
1281953728644481025
1281953688081195008
1281953633794392064
1281953609429721088
1281953594158264321
1281953581017505793
1281953200774492160
1281952619964096512
1281951980353716224
1281949640183681025
1281949222229684224
1281947184917884929
1281946689834815489
1281946001922641920
1281945333531058176
1281942934963671046
1281942518985187329
1281942513406734337
1281941682045542402
1281940955298324480
1281940865728970752
1281937392681664513
1281936553485520903
1281936246084825088
1281935428912742400
1281934863109468165
1281934385743302661
1281933298529300486
1281932718146813953
1281931711454961665
1281931325558018049
1281931029222055936
1281930549309792257
1281929962119852033
1281929881593565184
1281929117005254656
1281928680902516739
1281928281760006145
1281927862715584517
1281925490849112066
1281924939428188162
1281924802341568518
1281923942492409856
1281923530746191877
1281923350965542917
1281923135864860672
1281921982456639488
1281921863552102400
1281921500614778880
1281921450836987904
1281920966617112583
1281920767102312448
1281920536545648642
1281920217061285894
1281919752068194305
1281919687190892544
1281919300643598336
1281919117721604096
1281918710186340354
1281918444670029826
1281917804963229701
1281917649148993536
1281917332244164609
1281916643283578880
1281916543799119872
1281916274453262337
1281906129250000896
1281905753972858881
1281904869255852033
1281903888140918785
1281897121277345794
1281895231567417344
1281893477396156417
1281891248190689281
1281886426402037760
1281885935689498627
1281885855527981056
1281885755405672449
1281885658055938050
1281885486060052480
1281885373380153345
1281885284507045889
1281885104965586944
1281884872701874181
1281884360472485888
1281878778868834305
1281874559424225280
1281874208511807488
1281872875494838273
1281867432823586822
1281860964737077254
1281859134460252160
1281847818039078917
1281847403021246464
1281838733940133890
1281837636492111873
1281835868873990146
1281834422711582720
1281832005827653632
1281831837665460227
1281831180468473856
1281829306033995776
1281829240137109505
1281828860217049088
1281827988447858688
1281827247020748800
1281826189661876224
1281825925454352389
1281825574680514561
1281824782267416581
1281824203994521600
1281822173448097793
1281819523511877633
1281819334940037120
1281816823709589505
1281816394095452162
1281816129925607425
1281816089748480000
1281812862307053568
1281812215511879681
1281812087417659392
1281810907992141829
1281806941359136770
1281806328411938816
1281804335127703552
1281802435464441856
1281801206009036800
1281800981626445824
1281800970842730498
1281798178963103744
1281794698680700928
1281794410041221121
1281788082224676865
1281781212873396225
1281781089896296449
1281780887684820992
1281780744713654272
1281780273030496259
1281777744792125440
1281776868929105920
1281776666612830208
1281776576208621570
1281776474454994944
1281772983544143873
1281772924266057729
1281772374166142976
1281770158672019456
1281770027176398850
1281769904832749568
1281769828928434176
1281769727686311936
1281769606277996545
1281769437381758977
1281769318540292101
1281769183672446982
1281768626966626304
1281767400086667265
1281766077786030080
1281765523806715905
1281764801559945218
1281763641759379457
1281763373521137664
1281763151302844423
1281762354234044419
1281762110406451200
1281761285949083651
1281759652636696580
1281759141288128514
1281758866909401088
1281757371925237762
1281757244070264833
1281757096317464578
1281756902439792640
1281756515091623943
1281756013889290250
1281754792423878656
1281754671334354944
1281754475988783105
1281754353557176320
1281753668711137280
1281753434450878465
1281753116891688960
1281752597955850240
1281752573586796545
1281752497636421632
1281752476652204032
1281752369181515776
1281752168446390272
1281751914548391936
1281751796277342208
1281751589527539713
1281751408560095232
1281750946591064064
1281750815506526208
1281749710647316481
1281749515016396800
1281749117849354240
1281749025331359746
1281748556760576000
1281748405455335426
1281748204636139521
1281748014785351680
1281747826922283008
1281747111411740672
1281746721077329922
1281746032267718656
1281745675693076480
1281744879509311488
1281744603318714370
1281744449593368577
1281744097456214017
1281743716303032320
1281743656244752384
1281743449167806464
1281743253184720896
1281743071340707840
1281742960971837444
1281742621925203968
1281742532880334848
1281741877805322241
1281741559323430912
1281741171606401026
1281741147933556738
1281740905074970624
1281740878374006784
1281738593015341062
1281735975664844800
1281735505659465730
1281732046314848256
1281730284262772737
1281729471893168129
1281729471788310530
1281728081896574977
1281727641066889217
1281726947454836736
1281726898821902337
1281724324370698241
1281723590275207171
1281723411946000389
1281723027328135168
1281722462678339584
1281722159187009537
1281719339171946502
1281718584511614977
1281717419996844040
1281715769680769024
1281714837828112384
1281713851411525632
1281713514403344384
1281713461119062017
1281710526041645061
1281708102140690432
1281705479727714304
1281705447855194112
1281703919702482945
1281702754608652288
1281702040528277505
1281701482878963713
1281700710254628864
1281699828234424325
1281699105580781568
1281698101850341377
1281697320740896768
1281696819391668224
1281696650759725056
