1295428171987394560
1295427953577340928
1295427492799483910
1295427358099271681
1295427235005050885
1295427114662060032
1295426929055739906
1295426787346976768
1295425083775885319
1295424947653943299
1295424447059386368
1295423942044323841
1295423711374381057
1295423559167356929
1295422949105627136
1295422554438381568
1295422516584947713
1295422454890926081
1295422420271104006
1295422161822384133
1295421813040840707
1295421671034310656
1295421310831656962
1295421034842251267
1295420862611566594
1295420786744987649
1295420774615060480
1295420604863123457
1295420510914912257
1295420431860510720
1295420431072202761
1295420393092784132
1295420392992116741
1295420134841090050
1295419311402692608
1295418409031815169
1295418216236425219
1295418120480284672
1295417650403840000
1295417215437742088
1295416679988682759
1295416558374854660
1295416444491046913
1295416205759729664
1295415494317682688
1295414925230329856
1295413420318248966
1295412707215147008
1295412548875976705
1295412276074287105
1295412017554169857
1295411953574252549
1295411824742064134
1295411636199739394
1295411570831495174
1295411515143725064
1295411488354717696
1295411305659207686
1295411166555119616
1295411071814180865
1295410560234688512
1295410547891068929
1295410298011164674
1295410164342951938
1295409834829983750
1295409690378108929
1295409601966411777
1295409416955736065
1295409313100554243
1295409066794246145
1295408967783518211
1295408832655626240
1295408768432451586
1295408698618249222
1295408648697634818
1295408568842289152
1295408412780630017
1295408385786028032
1295408182576254976
1295408001201909760
1295407910965727232
1295407877717401601
1295407701741240323
1295407582497169408
1295407478922973192
1295407398945992708
1295407354155065345
1295407314854449152
1295407153411497991
1295406940605030400
1295406698291695616
1295406625608683522
1295406438618210305
1295406209802080256
1295405884047273985
1295405676936802304
1295405511265988610
1295405074638876673
1295404892098564100
1295404453307318280
1295404441978494976
1295404384583651330
1295404133957226497
1295404043368640514
1295404017405825027
1295403794570805248
1295403727319425024
1295403287408238592
1295402142371545088
1295400044833587205
1295399823689089032
1295399805565444098
1295399406477258756
1295396380983398400
1295394813144178688
1295394485443100673
1295394106026467328
1295392781196832774
1295392707783921666
1295392566028963840
1295391559551193093
1295391162329526280
1295390981353885696
1295389966953066498
1295389888934641665
1295389477163147264
1295389373870088194
1295389258832678914
1295389200926343172
1295388079650463744
1295387946984656899
1295387740696186881
1295387669745328128
1295387522160308225
1295387436340482048
1295387347006238720
1295387310247350273
1295387164843401220
1295387084656648192
1295387084379893761
1295387045574082560
1295386912971259907
1295386796247982081
1295386712638726144
1295386709925023744
1295386528110305280
1295386458229026822
1295386394135863296
1295386352356392971
1295386217320767488
1295386133996507137
1295385977821822977
1295385812188762112
1295385710954938368
1295385530146992130
1295385390808014849
1295385217088262144
1295385110599077895
1295385043095805952
1295384914053996549
1295384868340273153
1295384779785936896
1295384770940026880
1295384745929515008
1295384665432494082
1295384659803570176
1295384587971907594
1295384531244130304
1295384393327017986
1295384201395568641
1295384150262849538
1295384093769764866
1295384012601647107
1295383962727088129
1295383816127811585
1295383725413486592
1295383703485480964
1295383453639286787
1295383364032237568
1295383269584896000
1295383237821423616
1295383196515827713
1295383186122440710
1295383120125075457
1295383061379588107
1295383016085299200
1295382979964010497
1295382946514378754
1295382882589040641
1295382836636196864
1295382834593640448
1295382773927206912
1295382656436203522
1295382530208739328
1295382525209083904
1295382441297948681
1295382401733079040
1295382383068426242
1295382286792368130
1295382139597455362
1295382063781158913
1295381959800225793
1295381850416975872
1295381738798161920
1295381669713776642
1295381538960486400
1295381234147897356
1295381139268481025
1295380909374529539
1295380671259537409
1295380343202226181
1295380323430207490
1295380210494341123
1295380115787059203
1295378662284460032
1295378485146464262
1295378344901398530
1295377863353479174
1295377610919247874
1295377382216544256
1295377351560196098
1295377245490601984
1295377132747730945
1295376746439757824
1295376083093790722
1295375551931256832
1295375328752345088
1295375266081103873
1295375074745372673
1295374991119331328
1295372400939294720
1295372399492263938
1295372397961334785
1295372394224181248
1295372186040049666
1295371912349179911
1295371825388683264
1295371636221399041
1295371553882988544
1295371379135709185
1295371371124535296
1295371336290840577
1295370126204776454
1295369091629355008
1295367087045709824
1295366945869570049
1295366668256980996
1295366458625712138
1295365875961409536
1295365397106098176
1295365058013409281
1295364730459238400
1295364616797794305
1295364529430421506
1295364275410808834
1295364052290621441
1295363693744664576
1295363546562338816
1295363003206991879
1295362772436422657
1295362705201729536
1295362693269000193
1295362586104467457
1295362429602402305
1295362197460332545
1295362119127445506
1295362006430646272
1295361756517277702
1295361595191824391
1295361407278559233
1295361126134362112
1295360905925079041
1295359790051450881
1295359572509696000
1295359402048991232
1295358569517285376
1295358307801206784
1295358139274014721
1295357885808029698
1295357617381019648
1295357597910994947
1295357078194860035
1295356813882396672
1295356789089804289
1295356569740365827
1295356143171260416
1295356036803698688
1295355812408369153
1295355781945204736
1295355084654759941
1295354589731065861
1295354487767539713
1295354378858176513
1295354132673581058
1295354035164389378
1295353999500226560
1295353604182867969
1295353251332849664
1295352889561550851
1295352373683068930
1295352219286593536
1295352040714010626
1295351863399899137
1295350740081352705
1295350311897489408
1295348064094478337
1295344875123216384
1295344595547484160
1295343625556103169
1295343178514599938
1295343037305040898
1295339854851710982
1295339053504704512
1295338093533372421
1295334629184962560
1295332124321488902
1295329763029024769
1295327493306507265
1295322191979053056
1295321254845718528
1295318596617461763
1295317326493913088
1295316634949660673
1295314986886037504
1295314773391925250
1295311938398883840
1295311202327965696
1295309270775283713
1295307259979927560
1295306780080091136
1295306660710211585
1295304477461958656
1295304102642102272
1295303899218206722
1295289608771702784
1295280029102899200
1295279580497031168
1295279543108939776
1295279367820648448
1295278744752607233
1295278671687802880
1295278373669941248
1295278150864318465
1295277808500056065
1295277357356523522
1295277293393281024
1295277045451194369
1295276436085972993
1295276339906392064
1295276195844628480
1295275869032914944
1295275729236692993
1295275481076506626
1295275330043809792
1295275196874711040
1295274821455089664
1295274599568093184
1295274355769913345
1295274233866616832
1295273999446966272
1295273737928024064
1295273612447023106
1295273176566575104
1295272613141504000
1295272404739129346
1295271964454551552
1295271621788409856
1295270606397677574
1295270269582442496
1295269819311427584
1295269536678248449
1295269360710320129
1295269237771165696
1295268179988668418
1295267931526516736
1295267848764432384
1295267459570728960
1295267157295665153
1295267006825082880
1295266890957414401
1295266415029690368
1295265542929092608
1295265353329790977
1295265080897155072
1295264647545675778
1295264636938457088
1295264432759635969
1295264041158545408
1295263935306903554
1295263832554852363
1295263824119906306
1295263456925556737
1295263209297981441
1295262882356224001
1295262572594319360
1295262480307040262
1295262261582454789
1295262150764748802
1295261953045209088
1295261721985155074
1295261314218987520
1295261150704173061
1295261000602718208
1295260920264916993
1295260546032455680
1295260423047045120
1295260198093959170
1295260182000234496
1295259939070447616
1295259630113824768
1295259454125080577
1295259315394293762
1295259136742088704
1295259079628042240
1295259029070139392
1295258736769019904
1295258444933603330
1295258215244918784
1295258096277884928
1295257859849150465
1295257749236805632
1295257688570503169
1295257521381412866
1295257144162430978
1295256978642669569
1295256534784577537
1295256351489261568
1295256104545464323
1295252197316292609
1295247477361303553
1295247306334203904
1295247205058650118
1295246616207724544
1295246303127953408
1295245620844822528
1295245457870983168
1295244690053386240
1295240115896238080
1295238312915922944
1295237609740959745
1295235348839239680
1295233992493535234
1295233668114522115
1295233457518387203
1295233093091995648
1295233072611303424
1295233040944332800
1295232238938763265
1295231119831359488
1295229557734117379
1295226212730597377
1295226152374505472
1295225894890614785
1295224350774185984
1295223492741218304
1295223248112644096
1295220869732667392
1295217526570463232
1295212413566898177
1295209704554221568
1295200005859360768
1295197468926316544
1295197458054561793
1295195269068230656
1295191759476137984
1295190659339624448
1295186834780123144
1295186826601340929
1295179294826795008
1295178794085625857
1295176166370938884
1295174872721764358
1295174828878512129
1295174570576613376
1295174271988367360
1295173411329597441
1295173208174399488
1295172938144944128
1295172833149177858
1295171800314204161
1295171595053473792
1295171162268409857
1295170898706731008
1295170808856416256
1295170495697113090
1295170475077771266
1295169932259463168
1295169545615937537
1295169192539205632
1295169083760148480
1295169009982345219
1295168973240057856
1295168897025335297
1295168709686890497
1295168225949429761
1295168109804810241
1295168056185032710
1295167628302934016
1295167330637340672
1295167131735203840
1295166250805612545
1295164358901870593
1295162616722194434
1295159349300441088
1295159197953224705
1295158569717731328
1295158336816443393
1295154447996399617
1295152902676324353
1295152603098218497
1295151420329492480
1295150064860422146
1295148894804819968
1295148382776958976
1295146100685512704
1295143564595335175
1295142816474161154
1295140875564179456
1295138852072574992
1295130317733482498
1295130268706181125
1295130143145459713
1295128268287483906
1295127902653222914
1295127738169405440
1295127420471779328
1295125697221087234
1295124868313288704
1295124623345025027
1295124594991476736
1295124541249855495
1295124409041158150
1295124311238488065
1295124192418045954
1295123998699913219
1295123859558064128
1295123736048402438
1295123634550452224
1295123476160942080
1295123405088251906
1295123214138585089
1295123003202850818
1295122190904561666
1295121894329528326
1295121823554842631
1295120992671535104
1295120803261022212
1295120330357342210
1295119864571539456
1295119577005752320
1295119488564760576
1295118326352543747
1295117683483172870
1295117347037097985
1295116763693232128
1295116525427359746
1295116346338967557
1295115916724838400
1295112166891302914
1295112144430804999
1295111431982112774
1295111115333042179
1295111095674449920
1295110792275091456
1295110748956438528
1295110438724743173
1295108611329470466
1295108517104320513
1295108493847007236
1295108074626330624
1295108006653440001
1295107839346839552
1295107675861266437
1295107401503440896
1295106988330946561
1295105645121765377
1295105069751439361
1295104910049128449
1295104032743268352
1295103710146826240
1295103311016861697
1295464674478219265
1295460889529909255
1295459860058972161
1295459362698407939
1295459330490236928
1295459271631659014
1295458939535073290
1295456700279992320
1295455627284815872
1295455471524958208
1295455396749082632
1295455379841863682
1295451549993508865
1295448389585448968
1295446175248777223
1295443048713854976
1295441219724730369
1295439904491679747
1295439861466501120
1295439150703947784
1295439012732325896
1295437326634582020
1295437012363862017
1295437006869331971
1295436674810421249
1295436250082676736
1295435748942938113
1295431327932723200
1295431326603124736
1295430569078263809
1295430185983115266
1295430181344219137
1295430177665712132
1295430139619225600
1295430133550129152
1295429992281759750
1295418312298508294
1295418307974172672
1295385690591592450
1295345608795009024
1295217112571695104
1295217107953688576
1295203931237187584
1295188212554575874
1295188207546621956
1295186979714457602
1295186975360786432
1295172531331248128
1295172530500755456
1295165831555493890
1295149938691772416
