1284231014546640896
1284230862477750272
1284230691211935745
1284230528086966275
1284230376060145665
1284230066830901249
1284229916393963520
1284229609228099584
1284229532413833216
1284229386246512646
1284229120302256128
1284229004128473088
1284228853984976896
1284228677266370560
1284228617958903808
1284228372571119616
1284228304040583175
1284228186453291015
1284227586307100678
1284227347936243712
1284227204415725569
1284227123109142530
1284227041110437890
1284226699731836934
1284226569364557824
1284226285787586561
1284226163733344262
1284225736304398336
1284225457483689984
1284225439838412801
1284225436160065540
1284225124200099840
1284225106085130244
1284223980933648385
1284223814247776256
1284223604117442561
1284223280019316736
1284223066906689536
1284222880725766144
1284222328017223682
1284222232806297600
1284221950076891139
1284221669427609601
1284221400207839233
1284221176638824448
1284221154312556551
1284221131449344000
1284220355649736704
1284220321478975493
1284220308292087811
1284220108122886144
1284219089355931649
1284218912746373123
1284218721880305664
1284218685863813120
1284218513863802881
1284218037218865154
1284217805160808450
1284217794498670592
1284217771866431489
1284217771706904576
1284217644493819905
1284217430013861888
1284217336401100800
1284217106108526593
1284217006103957505
1284216968330051584
1284216901342769153
1284216871504371712
1284216864223236098
1284216804471115777
1284216598996193280
1284216366749192192
1284216006001528832
1284216002981629959
1284216000481820672
1284215997310935040
1284215994416869376
1284215990595788800
1284215957318012929
1284215387710791681
1284215358094807042
1284214887074463744
1284214715087048707
1284214027229499394
1284213338378035200
1284212984982540289
1284212795446304771
1284212790899679239
1284212511303229440
1284211046287212544
1284210983108521985
1284210969980231680
1284210658192564228
1284210420912463875
1284210340486615046
1284210247335280640
1284209658186485761
1284209581841960961
1284209300613795848
1284208954155978753
1284208760483794944
1284208506682236928
1284208409408151552
1284208323139534848
1284208280349241344
1284208233750474752
1284208189806907393
1284208140247015429
1284207724063064065
1284207582576402432
1284207271065595910
1284206389213241350
1284206102771466241
1284205787636625408
1284205620984332288
1284205452482408448
1284205174496477184
1284204737575956480
1284204611625275406
1284204127262633984
1284204087534395393
1284203742166945792
1284203717898772481
1284203634549493762
1284203620058099714
1284203470740877313
1284203402570928129
1284203366575419394
1284203187378032640
1284203143476191235
1284202830899884032
1284202698619797504
1284202632286961665
1284201357495291904
1284201333831213056
1284200784859725825
1284200395833856001
1284200053972836353
1284200020409847808
1284200012507951105
1284198122902544385
1284197947173830657
1284197944074407943
1284197480322801674
1284197276047400960
1284196900124659712
1284196788300386306
1284196579403063296
1284196076430356480
1284195691271720962
1284195554780688394
1284195490570084353
1284195473604173824
1284195444810293249
1284195120292794369
1284195021760212994
1284193712797614082
1284193681361125376
1284193660389732356
1284193457679093760
1284192965683032065
1284192262990311425
1284192199626960897
1284192154756231168
1284191936652378114
1284191845644468230
1284191682779590656
1284191515573719041
1284191443901386757
1284191409474609154
1284191213755625474
1284191035049103363
1284190905478664192
1284190609134227456
1284190560044093441
1284190107499745281
1284190060963921920
1284189679911350273
1284189650760998913
1284189609522614272
1284189561690750978
1284189354496270338
1284189294169665541
1284189258996228097
1284189223592091649
1284188877079621635
1284188831546322945
1284188592693182464
1284188144716460033
1284187965967794177
1284187730612822018
1284187654389719042
1284187646227632130
1284187595325538304
1284187364361986048
1284186934953283585
1284185189946712065
1284185096577257472
1284182850435198978
1284182486537428992
1284182000895758341
1284181992410578947
1284181132133773312
1284181101552918528
1284180968413245442
1284180732135514112
1284180553676226561
1284180042696716288
1284179748755734528
1284179669101826048
1284179605704900608
1284179553003483142
1284179219787001868
1284178241654333442
1284178200462069762
1284178139439083520
1284177505365233664
1284176995174305792
1284176899242176514
1284176494227488769
1284176181818990592
1284176115473567747
1284175885067788290
1284175512970166276
1284175502991917066
1284175485552005122
1284175293276659712
1284174969824514049
1284174586343567362
1284174169446461440
1284173990161002500
1284173674648674311
1284173641815601153
1284173470608195584
1284172773959630848
1284172686843936768
1284172550721896448
1284172244743331841
1284171382511808513
1284171304103444480
1284171279063568385
1284171129670766592
1284171096057511936
1284170613746216961
1284170553201500167
1284170443499372544
1284170293586657281
1284170259013029889
1284170001713422337
1284169795810799616
1284169419925516288
1284169055822389250
1284168745468846080
1284168526534778880
1284168460398759936
1284167841814581248
1284167611438096384
1284166703207690240
1284166333370757121
1284165708293840896
1284165613783379969
1284165422825246720
1284165175759773697
1284164871400153088
1284164777443459073
1284164665279479811
1284164660342804481
1284164657624866816
1284164541111250944
1284164300714553344
1284164263284809731
1284164194443472896
1284164144027975681
1284164119407599618
1284163752313655297
1284163137684504577
1284162933790928896
1284162734305705989
1284162651636076560
1284161856001708036
1284161549222006785
1284160095736205313
1284160017424416769
1284160005508231168
1284159723915431936
1284159526027984896
1284158903589064706
1284158866100350978
1284157934725988352
1284157667783532544
1284157444575260676
1284156980869894148
1284156872220499969
1284156690057826305
1284156535346692100
1284156179623677954
1284156023067074560
1284155974920491011
1284155938547683330
1284155504638357504
1284155220898045954
1284154870044516353
1284154800980938752
1284154775085383680
1284154681032413186
1284154496185057281
1284154347501355009
1284154099064123392
1284154043934416896
1284154010543497217
1284154003102724096
1284153618770407424
1284153584930578438
1284153457935437825
1284153323784937475
1284153302884597765
1284153155626741761
1284153090673795074
1284152903616221184
1284152648724213760
1284152587709591552
1284152434676215808
1284152112440471553
1284151961944649728
1284151789437116421
1284150176290988032
1284150019386466304
1284149670587977728
1284149459199373312
1284148969006788609
1284148574620536841
1284148322345902080
1284148208583667713
1284147875623112705
1284147567467659266
1284147025987026946
1284146828967993344
1284145864567656448
1284145720371666944
1284145521926590466
1284144831414099968
1284143952703217665
1284143496245305351
1284142936272273408
1284142557757206530
1284141617465618433
1284141380806127620
1284141112928751616
1284140944967770113
1284140755070550018
1284138922956804102
1284138377424637952
1284137895868223488
1284136242075045890
1284135198054023168
1284133827988934657
1284133735672295424
1284133588926070785
1284132624227852290
1284132506166530050
1284131725342384130
1284131626667184128
1284131344532955140
1284130963493212165
1284130815866273792
1284130788108369920
1284130596445396992
1284129200870490115
1284128784623513600
1284128460726841352
1284127708251926530
1284127140544479232
1284126636921806851
1284126400094572545
1284125672798027777
1284125078305857537
1284124120515477505
1284122843727515649
1284122363425062920
1284122361403514884
1284122325969928193
1284121992577208322
1284121574828838913
1284121454666080256
1284120654472785921
1284119095869427713
1284118662945869825
1284117584636530692
1284117290989092871
1284114572283084800
1284114381870182400
1284111205771161602
1284110839453188096
1284109367483277312
1284108914875723777
1284108376297725952
1284107543338336256
1284107488527253505
1284107336513134593
1284107245366763523
1284107191473991682
1284107057134616576
1284106835935387649
1284106606146445312
1284106480770220032
1284106387539267585
1284106231901237249
1284106153727688705
1284105779839029251
1284105634984554496
1284105160818475008
1284105144452263942
1284104664334495745
1284103367669673985
1284103054946701314
1284102408180609024
1284102026591383552
1284098762022027264
1284098573014106113
1284097476627136518
1284097050427232261
1284096146181414912
1284095935031783425
1284095815498293250
1284095207093481473
1284094500097449986
1284093050701197312
1284092794609586177
1284092586060402690
1284091647509372929
1284090460047204352
1284087272456028160
1284087215392317446
1284086340557176832
1284085922145931265
1284084286384201730
1284084094020792320
1284081112113991681
1284080604682817541
1284077805748264960
1284077139847811072
1284076519497891840
1284075993913851904
1284074547763908609
1284074472945913857
1284071845327777793
1284070899059232768
1284069519011377152
1284068111067611143
1284067306260377601
1284063970308096000
1284063420485185536
1284061282660782080
1284055986374946817
1284054556360548356
1284053269178974208
1284051789474668544
1284051302096547846
1284051245632761860
1284051162287808512
1284051054376747008
1284050981903368192
1284050915360636931
1284050848008613888
1284050806396854272
1284050753536106496
1284050508567793664
1284050455560171520
1284050380624666624
1284050309493460993
1284050234159628288
1284050167600226311
1284050161262407681
1284050100176793611
1284050019969118209
1284049903589654533
1284048721915805702
1284046968415715328
1284046308576096256
1284044043173990400
1284042656436215808
1284040054789140482
1284036306541195269
1284027882923229184
1284027605306540034
1284027461483802624
1284027367078461440
1284026848528211969
1284025135377207296
1284024141981483010
1284020511710871552
1284019028072243206
1284018182265733120
1284018110144622592
1284017681046351872
1284017458362421248
1284016981637767168
1284016719372132354
1284016430082646016
1284016207692214275
1284015862190673920
1284015684574498816
1284014976852688896
1284014522752065541
1284012702294331394
1284011360133672960
1284011135331635200
1284010660729257984
1284010387973652480
1284008951487410176
1284008824920133637
1284008219296231424
1284008118595153920
1284007981101666304
1284007775069061120
1284007555669258240
1284006812518281216
1284006430614319105
1284006273306906625
1284001773426929665
1284001022948581381
1284000850730520576
1283999426399232005
1283998869119029251
1283997832341422080
1283997793837670401
1283994898710925312
1283992611557199874
1283992584063336448
1283992459832209409
1283992087206096897
1283991967114747909
1283991626914750465
1283991551538954247
1283991400082821120
1283991057928122369
1283990874506977282
1283990720928378880
1283989933242200064
1283989529175691266
1283987186765844482
1283987100979859457
1283986551635140610
1283986357132689408
1283984014357884928
1283983864591978496
1283983712531542016
1283982948325359616
1283982782008446976
1283981726784593923
1283981466834219008
1283981073047867392
1283980507773116416
1283980142629531650
1283979145257549824
1283978259844276226
1283977569319165954
1283976155364810757
1283975620180037639
1283974997040607233
1283973688535257094
1283972779897950208
1283972479963336704
1283972157186416640
1283972072595525633
1283970862358593537
1283970489522614273
1283970391887798273
1283969923635572737
1283969638620000256
1283967554436730882
1283966666037231616
1283966178570973195
1283965499718553600
1283965422677700609
1283964635507331073
1283964211463196675
1283963362372509697
1283962969932460032
1283962820770426881
1283962580587831297
1283962184381300738
1283961990432436225
1283961570268250112
1283961559904063490
1283961411824046080
1283961306911997952
1283961244567965697
1283960704886804481
1283960651816132609
1283960634128969728
1283960575177838593
1283960362375753730
1283960112965656580
1283959898934403078
1283959508683890688
1283959211890823169
1283959109876776961
1283958314649268224
1283958259636994054
1283958185401843712
1283957887757357057
1283957848062357505
1283957722380226560
1283957552846262273
1283957445593690112
1283957413570244609
1283957138444845058
1283957084309028865
1283957069322743809
1283956804666503171
1283956610692345857
1283956349265514496
1283956331708325889
1283956130801041410
1283956025683476481
1283955981035044865
1283955942476804096
1283955872671117312
1283955517480550402
1283955470869258240
1283955298927951873
1283954758823239680
1283954744420192256
1283954334225494018
1283953652844068864
1283953649631162369
1283953553107587072
1283953384328839170
1283952807687536640
1283952405328076800
1283952130563420160
1283951989454442496
1283951776803155968
1283951575694823424
1283950937804099584
1283950894913134592
1283950592277135360
1283950476417875973
1283950393471328257
1283950126365437952
1283949982949625857
1283949884694044675
1283949865500725249
1283949463304724486
1283949265102893056
1283949195565707264
1283949130021126146
1283948934768087040
1283948854266613762
1283948745009369088
1283948738688323585
1283948685127061505
1283948603396943872
1283948480638128134
1283948346315431936
1283948299779792897
1283948188076892161
1283948158620442625
1283948103599456256
1283947993188556800
1283947867112120322
1283947858564014085
1283947787596509187
1283947689290473474
1283947548475097088
1283947486499844096
1283947364462604295
1283947321110040576
1283947118584107009
1283946909179273223
1283946741608267776
1283946639007158272
1283946517108101120
1283946388166828035
1283945828604760064
1283945641580740608
1283945415751143428
1283945275724374021
1283945164138967040
1283944962741071873
1283944578907648001
1283943412845010945
1283943412731969538
1283942862195834880
1283942731740590086
1283942592934064128
1283942312721039360
1283942159893200897
1283941987285073921
1283941630244868097
1283941404507385856
1283941148927627266
1283941065763029000
1283941032690765825
1283940787684700161
1283940682453811207
1283940592955781121
1283940507974922240
1283940499590717447
1283940120857661440
1283940065450721281
1283940060677709824
1283940032877912066
1283939761229402113
1283939670473269248
1283939405158203393
1283939091092922368
1283938709306347522
1283938637835632640
1283938574044286977
1283938217796833280
1283938054391005184
1283938007859380225
1283937619827552256
1283937290083958784
1283937219787382784
1283937047942541313
1283936801363644417
1283936662632853505
1283936288136212485
1283936261561098242
1283935289816354816
1283934992234622976
1283934107844542464
1283933929079095297
1283933863543177216
1283933806785773568
1283933540434862080
1283933415214063616
1283932898781872129
1283932659672989698
1283932565162754050
1283932484653035520
1283932385843785729
1283931734820532225
1283931649156108288
1283931576531857411
1283931363423301632
1283931199094706176
1283931153909583872
1283930702543826944
1283930298384707584
1283929846775721984
1283928681740566529
1283928274180222976
1283927864480423936
1283927566521372674
1283926102851936256
1283925694477750272
1283925172232138753
1283923819208388610
1283923356018814976
1283923193367945218
1283922686192709633
1283922546430144514
1283922229118373888
1283922027787595776
1283921752792289280
1283921228068085761
1283920470975246337
1283919991524536320
1283919581879336962
1283919145625546752
1283919000611635200
1283918968458293251
1283918614698037249
1283918613213151233
1283918246538653696
1283917998328340480
1283917936944545793
1283917695839285248
1283917581951348737
1283917430343872513
1283916407260934144
1283915942121082883
1283915871576973312
1283915532094373891
1283915408337022976
1283915080636268545
1283914836674514946
1283914693795622913
1283914416652771328
1283913932281974785
1283913903806787588
1283913780871614465
1283913509131059200
1283913322996342785
1283913316830556160
1283913047002750977
1283912886386135042
1283912752109621249
1283912585515950081
1283912502200471552
1283912247606206464
1283912238911365122
1283912125656772608
1283911920937054213
1283911798807072769
1283911696134705152
1283911561711583234
1283911222568652801
1283911053244370945
1283910763913125896
1283910724817911810
1283910643645591552
1283910520018362369
1283910356163690496
1283910124877250561
1283910082347098112
1283910057218826240
1283909907171774465
1283909897332170752
1283909728918282243
1283909571451510784
1283909367322963969
1283909320535678977
1283909201475977216
1283909142189662209
1283909056495677440
1283908986605977600
1283908863280975878
1283908765436260352
1283908638457774082
1283908521004863493
1283908494522036225
1283908425076879361
1283908246273753091
1283908222995312642
1283907917242986497
1283907806773407744
1283907625768239104
1283907470134374401
1283906973147303936
1283906671945883649
1283903227566727170
1283903106917466112
1283899941967073282
1283898105503637510
1283896542416568321
1283896017864327174
1283894753038237698
1283894609559588864
1283894484481314817
1283893482856296450
1283891846964408325
1283891685991350273
1283891643863764992
1283891510740688897
1283890427989389312
1283890211374739463
1283887426537172995
1283884304234213376
1283881977519669249
1283881932326162435
1283881864516849664
1283881802969513985
1283881740587630592
1283881678688137216
1283881619443589121
1283881554570346496
1283881493807403011
1283881488543625217
1283881416711970816
1283881297996218368
1283881163518607360
1283881115523129344
1283881048670113792
1283880980646899713
1283880921310076928
1283880850518609927
1283880788640116743
1283880712572198914
1283880638517575683
1283880521559408647
1283878804281270272
1283878616535724032
1283878148686438400
1283877469238566913
1283876316408721408
1283875970110435331
1283874563894333440
1283873478853251073
1283873347588313088
1283873021376290816
1283872910772494337
1283872881420705792
1283871201664864266
1283870277454172167
