1290029045191565312
1290028638633463809
1290028038420234240
1290027942731493376
1290021367748767746
1290021151683444737
1290020692088336384
1290019722633723904
1290016582786326530
1290014993526579203
1290014506924507137
1290012031509131264
1290010080876867590
1290009043382099968
1290006392032509952
1290005677700714499
1290004131621605382
1290004025555869697
1290003513183895552
1289997638616535041
1289996731409526784
1289992053246398465
1289991871771680768
1289990761006522369
1289990368226729985
1289984879476629511
1289984031174430720
1289983989994774529
1289983935930343424
1289983846717337600
1289983794871590912
1289983736268779520
1289983681352761345
1289983619826556928
1289983559873122304
1289983508492906499
1289983445641306113
1289983389622099968
1289983330549555200
1289983266951487489
1289983165826658306
1289983067784798208
1289983010901594117
1289982955864104960
1289982902491426816
1289982848410112005
1289982788645527553
1289982724007067648
1289982667321204737
1289982611658428417
1289982539051028480
1289982477117689857
1289982423200014336
1289982406758240257
1289982364068675584
1289982307085037569
1289982234317946886
1289982143213510656
1289979093400707072
1289977552958676992
1289975643963191299
1289974590366601216
1289974553423122432
1289974496087040000
1289974445759660034
1289974398556844033
1289974344580567041
1289974325085315072
1289974289412820992
1289974228922462208
1289974177391423488
1289974126103281665
1289974072273596416
1289974020243255297
1289973941629382658
1289973880036106246
1289973816307802114
1289973762612330497
1289973693980880898
1289973636565045249
1289973574430793728
1289973520122785794
1289973449729835008
1289973388501450756
1289973328946528259
1289973273321598976
1289973197308190722
1289972719661060097
1289972135985782784
1289971777733443586
1289971609713819648
1289971513064480769
1289971216002908160
1289970644935782405
1289970628389253120
1289970355646296064
1289970112125075457
1289969957971755013
1289969435382411265
1289969260270239745
1289969239227424769
1289968943243894785
1289968844958826499
1289968569703206918
1289965369243795457
1289960764841713665
1289960250968346626
1289956295986966529
1289954214211280902
1289953871855382529
1289953622214635521
1289953354601213953
1289952104988078080
1289950453925474305
1289950348560363523
1289949445354741766
1289947447435972609
1289947013845401602
1289946424411471873
1289945652676292609
1289943781551280128
1289943625091014656
1289940333044801538
1289938177617285120
1289937265171431424
1289936811083444224
1289936214389219331
1289934848199548928
1289934341548552198
1289933948248657920
1289933395795927042
1289932220732334080
1289931468211236864
1289929999894503424
1289929986623696897
1289929959138623488
1289929907104096257
1289929852716380160
1289929798823759873
1289929733124182016
1289929673925771264
1289929621136269312
1289929564278288385
1289929497110654976
1289929445248102408
1289929413845377025
1289929379858923520
1289929324309569537
1289929270689771520
1289929211285843969
1289929153236492288
1289929088757575685
1289929024710402052
1289928932721139712
1289928878790791169
1289928813166465024
1289928739766153216
1289928683579375622
1289928625706303488
1289928567816515590
1289928500355297280
1289928432256573440
1289928366963879936
1289928298798219267
1289928234801405952
1289928172708990976
1289928097333227520
1289927989095018498
1289927952340152322
1289927892269322240
1289927836803821574
1289927777668349955
1289927702804336640
1289927641861038080
1289927577700728833
1289927508570202113
1289927442337894400
1289927374474182657
1289927290302824456
1289927218701824000
1289927155233648640
1289927096555323393
1289927036329439239
1289926966032756736
1289926902317060098
1289926838308032512
1289926805676146689
1289926750722375681
1289926716576604160
1289926690815139841
1289926633001033728
1289926568182071299
1289926507146567680
1289926446799097856
1289926377651572736
1289926318071545857
1289926254821429253
1289926119651778562
1289926048944029699
1289925975094865921
1289925660748599299
1289924788404666372
1289924747166392320
1289924692908761090
1289924632599027721
1289924581986377728
1289924505243090947
1289924502072115200
1289924452482916352
1289924395872337921
1289924336527106048
1289924284920414208
1289924225025810434
1289924168398417927
1289924108575100928
1289924052287553538
1289923995031293952
1289923922121523201
1289923852592529409
1289923813812121604
1289923759625760769
1289923689496997890
1289923638083203072
1289923587147587589
1289923532298706944
1289923465093365761
1289923409397321731
1289923355747835905
1289923301414854656
1289923240597438464
1289923175594115072
1289923119004540928
1289923061722910720
1289923008945991684
1289922907762647040
1289922289492926464
1289922141840793600
1289919093382905856
1289917338129698816
1289914589467963393
1289914439001444352
1289914394365669376
1289914325897887744
1289914275889258496
1289914230129348613
1289914175355936768
1289914125208846337
1289914070225891331
1289914013560668160
1289913957390721025
1289913908300406784
1289913845918523392
1289913794827673600
1289913740905742337
1289913679627128832
1289913619925196802
1289913561876054019
1289913495803199489
1289913437674303488
1289913386940022785
1289913326768513027
1289913257159876615
1289913065199136769
1289913004042022912
1289912932017434625
1289912841953112065
1289912734956494850
1289912694292660224
1289912564671889409
1289912508963119104
1289912423277686785
1289912350200549378
1289912294533558273
1289912242809368578
1289912181039853573
1289912124731297792
1289912025062076417
1289911970448080896
1289911902215106560
1289911841808879616
1289911782044135426
1289911710426361858
1289911658941280259
1289911604750909440
1289911549826682883
1289911494260350979
1289911432847351810
1289911374458392576
1289911311908790272
1289911226793889792
1289911172695642112
1289911138914689024
1289911071898128384
1289909099207901186
1289907142380724226
1289905650537881605
1289905183946756098
1289904978677514240
1289903910430285825
1289902374098698245
1289897167918739465
1289894056005210114
1289893813104721920
1289889840356458498
1289888079843450882
1289887096769921024
1289882915430518785
1289882359119003651
1289881934458281985
1289881641330937857
1289881315148537856
1289881264858607617
1289881212908195840
1289881154896777217
1289881090052653056
1289881037087023105
1289880984666681344
1289880931658919937
1289880866550763520
1289880804147867648
1289880747013074950
1289880689584640002
1289880635897597954
1289880563021643776
1289880500299915266
1289880436563300355
1289880379323711489
1289880312592257024
1289880258624159745
1289880199014670339
1289880137065005056
1289880075655995392
1289880014897287169
1289879955602644992
1289879891975036929
1289879829500891136
1289879765579530241
1289879675511033859
1289878805104848896
1289873510387441667
1289873156417740801
1289873111404314624
1289873059986333699
1289872997797564416
1289872916646002690
1289872854406688769
1289872766225854464
1289872658268594176
1289872578278916098
1289872524159967232
1289872466848837632
1289872379892695040
1289872324154417152
1289872261663453184
1289872201206779905
1289872147188310016
1289872086958256129
1289871950433542144
1289871889096232960
1289871810507333632
1289871746175139841
1289871692597063681
1289871629821136906
1289871519519211520
1289871450103414786
1289871390527516673
1289871327671853056
1289871265583390721
1289871206984740864
1289871106896089090
1289871048364630016
1289870940734517248
1289870880139444224
1289870812489461760
1289870736505491456
1289870680289185792
1289870585598636032
1289870528203784197
1289870381394927616
1289870279452135425
1289870195226374147
1289867408388177921
1289863723486601218
1289863682571173889
1289863630368813057
1289863578606948353
1289863521560231939
1289863464803086337
1289863408213348352
1289863350621310976
1289863279519469569
1289863276868886529
1289863225752711170
1289863171671351296
1289863121197084672
1289863072585338880
1289862986291531776
1289862924127805441
1289862885011668995
1289862839063076866
1289862826396274689
1289862768712007685
1289862699543863296
1289862637086339078
1289862583336366080
1289862525677314049
1289862454160158720
1289862390272540675
1289862323662761984
1289862244281417729
1289862141701312515
1289861531320979456
1289851798833041408
1289851764091400192
1289851713742987264
1289851659913330688
1289851608017145856
1289851555097837569
1289851502849191937
1289851441176170500
1289851388399255552
1289851333223227393
1289851278613389312
1289851212280541185
1289851125420765192
1289850942095990784
1289850896646467584
1289850837934600192
1289850772180488195
1289850709542748160
1289850623211352065
1289850553250377728
1289850491413962753
1289850434882961409
1289850364359929857
1289850304935034882
1289850248756510720
1289850150580441090
1289846050786664449
1289843390176059393
1289841116460642305
1289841045618831361
1289840989503283202
1289840921396142080
1289840856938110977
1289840799937523713
1289840749236744192
1289840695734349825
1289840626482253824
1289840556852629504
1289840503538630657
1289840439038631936
1289840390128857089
1289840337645498368
1289840274034683904
1289840216488861697
1289840134649765888
1289840066924351489
1289839997806206976
1289839944949616641
1289839886543884288
1289839832949293057
1289839772068798464
1289839715999391744
1289839651696463873
1289839599804538881
1289839548327895042
1289839490358317056
1289839433953484800
1289839380408832001
1289839317985062912
1289839262733447170
1289839205506412546
1289839129916616704
1289835351368859648
1289835307328614400
1289835246926491648
1289835195655323648
1289835146758168577
1289835082295832576
1289835034283659264
1289834986992840706
1289834927362412547
1289834875474702336
1289834808135127051
1289834738748809216
1289834676266270720
1289834614618390528
1289834556259016704
1289834493684064256
1289834433625731072
1289834380337152001
1289834306202816512
1289834223369695232
1289834158781378561
1289834084517126144
1289834026874728448
1289833961393274880
1289833898902355969
1289833841293692928
1289833781042372608
1289833705930764290
1289833628684361731
1289833048729501696
1289833010276122625
1289832961035010048
1289832909470228480
1289832849458176007
1289832794177249280
1289832742465617920
1289832687176306688
1289832635783471107
1289832566032236544
1289832508423430144
1289832463020126209
1289832406187311105
1289832349815803905
1289832296225181698
1289832225798647808
1289832165786624001
1289832100628242432
1289832040485883904
1289831962409041920
1289831074617421824
1289831027901227008
1289830966756642819
1289830912285265922
1289830847105789952
1289830778650550286
1289830714913914880
1289830664087523328
1289830592536690688
1289830474303582209
1289830434646491142
1289830375267528710
1289830319844204545
1289830264223358977
1289830202449649664
1289830147454128128
1289830091598385159
1289830015752900608
1289829780011888642
1289829585043898368
1289829234186153986
1289829192763183104
1289829131706707969
1289829064761458691
1289829008625020928
1289828950982582279
1289828893365592064
1289828832594157568
1289828773727211521
1289828714402820097
1289828624393150464
1289828560811651073
1289828492318662656
1289828429622255616
1289828365776506882
1289828293710163968
1289828235514007553
1289828132200099840
1289827684793581570
1289827642926014464
1289827580435030017
1289827510943993856
1289827453238562817
1289827397227786241
1289827343234510848
1289827285357326346
1289827226230259714
1289827164645257218
1289827103723069441
1289827039004958720
1289826947082489857
1289826883291373568
1289826798876758017
1289826738604670976
1289826679368454144
1289826475080691712
1289825277854580736
1289825242769047553
1289825193473355776
1289825141866680320
1289825093972099072
1289825044953096192
1289824979509366785
1289824924698214400
1289824880859308032
1289824819635052544
1289824760348598277
1289824657311506432
1289824589715922944
1289824506496708609
1289823940374716416
1289823887191093248
1289823832333836290
1289823774385164289
1289823728520421377
1289823675278135296
1289823626347212800
1289823564065988608
1289823517739868160
1289823469937422339
1289823413452693504
1289823359824470016
1289823307315859456
1289823258091458560
1289823207759867904
1289823157784735745
1289823102289891328
1289823051194851328
1289822997629476864
1289822937495646209
1289822870210637825
1289822799650054144
1289822745514004481
1289822694205095937
1289822645081509889
1289822597954371585
1289822532976218112
1289822473324699649
1289822420228947970
1289822363488575488
1289822314549219328
1289822213911138304
1289822155174055937
1289822066225504256
1289822013050126336
1289821958297620483
1289821901511000064
1289821844191588354
1289821788759887872
1289821735563358208
1289821676251697152
1289821613739958272
1289821530919075841
1289821044153311232
1289821003292397570
1289820941174767616
1289820882882322435
1289820817384079360
1289820762027614208
1289820703017955330
1289820651394654208
1289820646344548352
1289820594712780802
1289820539112980481
1289820483320340481
1289820418082299904
1289820347974291456
1289820264683827203
1289820186275540994
1289820105476636672
1289820065051942917
1289819994243706880
1289819939415773184
1289819883740508161
1289819827910008832
1289819762625634309
1289819704219983872
1289819639384424448
1289819569876434944
1289819506185920513
1289819437399326720
1289819369028100098
1289819299910041600
1289819217563279362
1289818411917144068
1289817845644185603
1289817800886775808
1289817728396570625
1289817666039898114
1289817604836610048
1289817540630204416
1289817480949460994
1289817419377020928
1289817357691441152
1289817281871011840
1289817221125079041
1289817152032108544
1289817067516907520
1289816568591822850
1289816565802651649
1289815965895503872
1289815925315665920
1289815862073896960
1289815790707863552
1289815727881388032
1289815672227209223
1289815618280140801
1289815560558084101
1289815496972328966
1289815439933968384
1289815369700392960
1289815270408609793
1289815171217494022
1289808688350244864
1289808259973488640
1289798783233134592
1289796222618710016
1289788032380362754
1289783609201528833
1289781954766807041
1289779305753407489
1289776143793610752
1289772930340024320
1289768916256878593
1289761034002030593
1289755031705542658
1289753828896600064
1289752666071920640
1289752500732534784
1289748282478981121
1289743099397193729
1289738292510916609
1289733960533065733
1289730573284421632
1289730489968807936
1289728390329589760
1289725643832229889
1289723609359872001
1289722584376860673
1289708683698438145
1289708654703386624
1289703342919184384
1289699951547539457
1289698770809061376
1289697569539465216
1289691729126285313
1289689999491756033
1289688915280945152
1289688158381080576
1289682927744319488
1289682675234557952
1289682476206563334
1289682120525324289
1289670397776945152
