1270460585256370176
1270460564620312577
1270460339902132224
1270460261703524357
1270460244288823296
1270460159299653634
1270460153180151811
1270460131466268672
1270460075044474883
1270460065108185088
1270460032799215617
1270459999677022209
1270459998984904710
1270459966844022784
1270459882152570880
1270459779840970754
1270459568842256387
1270459483752407040
1270459416626806786
1270459304517292034
1270459236745699330
1270459211173048320
1270459165694181378
1270459102397939712
1270458960735240192
1270458911490027522
1270458815205556224
1270458802219802625
1270458762667733000
1270458597705748480
1270458509633769476
1270458479795265536
1270458407745736707
1270458230276149248
1270458095857172481
1270457977930002432
1270457848992948224
1270457754096975872
1270457702209277952
1270457607891845125
1270457562572263424
1270457471442710528
1270457230194810889
1270457218618527744
1270457115774238723
1270457081406111744
1270457059771727878
1270457014066524160
1270456834407706628
1270456831073107968
1270456735526985728
1270456683148374016
1270456670607605760
1270456647043989506
1270456639749939200
1270456541833867264
1270456426125619200
1270456290620305408
1270456240808718336
1270456210735628292
1270456192742182916
1270456177193660416
1270455938034462720
1270455837673340931
1270455828986974208
1270455818312392705
1270455668273811457
1270455605204049920
1270455375788212227
1270454942277353472
1270454884781838336
1270454822823579648
1270454805857779714
1270454777315569675
1270454584545337347
1270454580430725125
1270454577708642304
1270454468505513984
1270454454911934465
1270454176036851712
1270454148769755138
1270454132474667008
1270454100015017985
1270454060576014336
1270453979282104326
1270453846762979330
1270453784083337216
1270453757101387778
1270453704957755393
1270453669197230088
1270453634648682497
1270453565883121664
1270453511814295560
1270453460475887616
1270453434261680132
1270453410291232771
1270453335074709505
1270453328510664706
1270453167231307777
1270453084821630977
1270453017725136896
1270453015020032000
1270452887211081734
1270452794093441027
1270452581333164033
1270452508704616448
1270452421077041152
1270452400516673536
1270452399170347009
1270452368019197953
1270452358678491138
1270452322267574272
1270452221273047041
1270451945246003201
1270451893928632321
1270451734809317378
1270451644296310785
1270451580953718784
1270451545277181953
1270451276690518016
1270451073518616576
1270451006690779137
1270450848922046465
1270450824007704576
1270450817280155648
1270450784254263300
1270450773500014593
1270450751849070595
1270450560093900807
1270450509317640192
1270450429973925892
1270450408863956992
1270450306308923392
1270450248717041665
1270450067170832386
1270450035818401795
1270449899906019328
1270449713683275777
1270449700643262477
1270449586369441793
1270449563418181632
1270449534355812352
1270449532279631874
1270449522024611840
1270449508883857409
1270449373902778369
1270449363563798528
1270449260249575424
1270449160106455042
1270449132625428480
1270449124287094784
1270448804441948160
1270448674359791616
1270448573025382400
1270448526284095489
1270448508802412545
1270448506973696005
1270448477689053185
1270448175501979648
1270448077854388230
1270448049177812992
1270447904944201728
1270447893971734528
1270447834710585344
1270447677080309760
1270447516677312512
1270447474927456259
1270447452336926720
1270447437891715074
1270447389141278720
1270447319708827649
1270447308782567424
1270447273558847489
1270447249487622145
1270447055257980928
1270446872583438343
1270446632543363072
1270446571478560773
1270446548783169538
1270446505997074433
1270446220767408135
1270445991800582149
1270445828172283904
1270445823726239744
1270445822405013505
1270445812540153863
1270445729522356228
1270445663210389510
1270445511498248198
1270445458146701313
1270445337656819712
1270445222544109568
1270445147403120640
1270445047507349504
1270445046630842369
1270444997989539841
1270444996001280000
1270444896885800962
1270444870923169793
1270444725976342529
1270444639212969986
1270444612067512320
1270444559437312007
1270444501253971968
1270444494131916801
1270444449043283968
1270444414104723458
1270444230427774976
1270444049674178561
1270443919336226817
1270443775073177600
1270443731389419523
1270443710183100416
1270443571867418631
1270443513197613063
1270443479366283264
1270443374978502658
1270443190185795587
1270443159588388865
1270443000326508544
1270442983087898632
1270442978360700928
1270442978247671810
1270442898404900864
1270442890179854345
1270442886413221889
1270442561459703810
1270442430203146249
1270442424108752897
1270442419058806784
1270442388255674368
1270442254356733952
1270442108143366144
1270442107422072832
1270442077294297089
1270441660816687104
1270441657545220096
1270441639845089280
1270441617229582336
1270441519405772809
1270441484714758144
1270441393094373377
1270441155617075202
1270441062553792517
1270440872891633669
1270440822169796609
1270440805510111233
1270440748136017920
1270440635946995719
1270440597363572737
1270440475372257282
1270440435908050944
1270440435396292609
1270440272699068416
1270440266877546496
1270440071418859521
1270439963398672384
1270439949993533446
1270439818699272193
1270439643910148097
1270439521948221440
1270439511156121600
1270439492990590976
1270439450556973057
1270439368717676545
1270439363239804928
1270439308978200582
1270438963329871873
1270438958074232832
1270438941947310080
1270438705585549314
1270438610098106375
1270438583279681541
1270438552078295043
1270438469937041418
1270438450366345216
1270438397908144129
1270438394951135232
1270438324990349312
1270438238256275456
1270438228974239744
1270438213602156544
1270438059687862272
1270438015136083971
1270438007741526017
1270437951848275971
1270437928376758272
1270437883841851392
1270437881409085443
1270437810558902273
1270437746235113477
1270437691977461760
1270437678039924736
1270437661858238465
1270437501262598151
1270437431393820683
1270437412716437504
1270437227462569987
1270437071291809792
1270437056238563328
1270437035296329728
1270437004627640322
1270436992778735617
1270436793033220096
1270436523113144320
1270436465529536517
1270436427646537730
1270436239884398593
1270436084745482241
1270435922023051264
1270435886732361728
1270435781929086976
1270435769019256832
1270435702858305539
1270435696164122624
1270435644293230594
1270435595790233600
1270435281892769797
1270435208597245953
1270435156113981443
1270435033598353408
1270434951188512769
1270434871337529345
1270434828891181062
1270434787803578368
1270434720426360832
1270434639203708929
1270434432374075392
1270434385553219586
1270434254388789248
1270434242158383106
1270434194724880391
1270434115171618816
1270434055025160192
1270433861198020611
1270433849659588610
1270433788796043264
1270433757460299778
1270433606809399296
1270433533572427776
1270433460289769472
1270433451712405504
1270433430803709952
1270433377661775872
1270433341813080064
1270433237249282050
1270433229472804864
1270433213501124608
1270433164226441216
1270433149260935168
1270433025474605057
1270433003265839104
1270432944063209472
1270432830078754816
1270432817089052672
1270432609911418880
1270432455837855744
1270432405107720192
1270432364737552385
1270432342700691459
1270432221078355971
1270432115713355776
1270432114538737664
1270432034578526208
1270432007462416384
1270431858623463424
1270431851799347207
1270431787219443712
1270431720748302338
1270431622265962498
1270431497032536065
1270431444796661761
1270431379608797184
1270431295554957312
1270431044424970240
1270430953085730816
1270430945246511104
1270430879853264896
1270430839701155850
1270430817802752001
1270430730796126210
1270430489543925760
1270430451358994434
1270430431645589505
1270430186878705664
1270429996876574720
1270429989243097090
1270429935845412865
1270429867780128773
1270429848389980162
1270429765296705536
1270429511063154688
1270429469644185600
1270429459003379713
1270429389574909952
1270429354133057536
1270429336001302534
1270429310520721409
1270429308050378754
1270429243109978112
1270429221685350400
1270429108573364224
1270429083483201537
1270429078307430400
1270429053082718208
1270428980852776960
1270428941157834758
1270428799339913216
1270428794306822144
1270428755039830016
1270428709804261376
1270428696621527042
1270428605646921728
1270428601465352193
1270428577528532994
1270428569492054016
1270428485639692291
1270428467360923650
1270428457156194305
1270428446930472962
1270428266730414080
1270428078888681473
1270428056952483840
1270428050660962305
1270427754886987777
1270427665850200064
1270427629187936256
1270427444714053637
1270427390846685184
1270427279626125312
1270427197321342976
1270426966965891072
1270426961257660416
1270426760539254784
1270426734471663628
1270426725776625665
1270426486441418755
1270426406053437440
1270426385857855488
1270426147524771841
1270426144722960384
1270426059817668608
1270426024594079745
1270425905811292163
1270425893932986369
1270425863624912896
1270425837335195659
1270425784390496257
1270425744368381953
1270425623798915076
1270425613992632327
1270425480211111938
1270425091122302976
1270425006254718987
1270424951145639936
1270424881495187458
1270424737215385602
1270424393248911363
1270424390400978952
1270424139489296386
1270424015623139336
1270423988532056064
1270423966918701057
1270423956294533120
1270423800287383552
1270423795552190464
1270423741927841792
1270423659145048066
1270423477296775176
1270423474553700353
1270423457688322048
1270423453993259008
1270423438453116930
1270423261248020482
1270423248241451008
1270423213403758592
1270423010365734912
1270422793159692296
1270422443329454080
1270422435469250560
1270422102273716224
1270422049517961218
1270421745384796160
1270421630863527938
1270421625217966088
1270421560348696576
1270421408951136258
1270421230496202757
1270421071456428032
1270421019027800072
1270420980264042499
1270420709945344001
1270420630245081089
1270420095009984518
1270420076899053570
1270419972444086274
1270419860141596674
1270419691194822662
1270419675122409475
1270419576220717058
1270419433329168385
1270419384541097986
1270419175941517312
1270419156798713856
1270418833904369666
1270418699778850816
1270418357418962945
1270418162346012676
1270418158982062080
1270418023216627712
1270417915439910917
1270417865942773763
1270417718282354688
1270417535192698880
1270417440149831687
1270417407551684613
1270417105276612608
1270417044085719040
1270416844139171840
1270416834123247616
1270416706817519616
1270416647036325888
1270416624865161220
1270416562718044160
1270416559136260099
1270416394098802690
1270416306773377024
1270416074958225409
1270416003181264896
1270415991495892997
1270415883324854272
1270415829381853190
1270415603761848323
1270415478960394240
1270415397330640897
1270415388254167040
1270415306931023873
1270415050583543811
1270414934665580546
1270414692176011265
1270414666175578113
1270414573934448640
1270414510168379393
1270414458473476096
1270414292093767680
1270414238293659648
1270414234292310018
1270413849686990848
1270413626286002176
1270413374749151232
1270413215063629824
1270412799118843907
1270412690473848834
1270412664632758272
1270412593006432256
1270412494918434816
1270412469584883712
1270412225346301952
1270412157490995206
1270411761666187264
1270411638668173319
1270411458086649857
1270411401056616450
1270411126837325831
1270411021862273025
1270410945781657603
1270410893575192578
1270410724922163200
1270410401705013248
1270410376534843392
1270410274391175177
1270410271060869120
1270409934245634050
1270409710206943232
1270409660340801539
1270409514211295234
1270409466744274949
1270409302533177344
1270409283520409601
1270408758422839299
1270408566931849218
1270408454373429248
1270408452590854144
1270408405849702400
1270408322353692672
1270408308189392896
1270408299070894080
1270408167562846215
1270408094963597317
1270407991943213056
1270407781938540550
1270407568897138689
1270407560013758483
1270407541357522945
1270407487057952768
1270407342509694980
1270407231884967936
1270407193750274048
1270407102146772992
1270407052192555008
1270406724328054786
1270406573228163074
1270406547659776000
1270406485714055169
1270406452243501059
1270406404151496704
1270406387147907073
1270406327974744064
1270406129948868608
1270406051767164928
1270406051163242496
1270405734484905984
1270405437481824256
1270405352501231616
1270405308830056449
1270405287317569536
1270405236423868418
1270405146737020929
1270405064851623939
1270404977916358656
1270404814791421954
1270404731870085122
1270404681404166145
1270404656112549893
1270404511287386115
1270404486146732032
1270404245351735298
1270404143832805378
1270403916962967554
1270403891973296129
1270403780459196416
1270403704517201923
1270403501382828032
1270403406058979328
1270403241285738499
1270403211266932736
1270402915006664704
1270402864729464834
1270402829513977856
1270402540916670468
1270402260988825601
1270402177467666432
1270402073843191809
1270401862928392192
1270401797794992128
1270401774004736001
1270401581272481794
1270401463458635784
1270401435960856576
1270401326405554176
1270401322899181568
1270401163326820354
1270401114119131138
1270401050219077639
1270401030577152000
1270401003314003969
1270400857155211274
1270400754231185415
1270400751983104000
1270400672773668864
1270400527927513092
1270400362407702534
1270400359660490753
1270400355788943360
1270400351779254275
1270400217968447488
1270400002913861633
1270399993581617155
1270399943518244864
1270399859640729600
1270399690559959040
1270399603976794112
1270399585656147968
1270399009559941120
1270398636715921408
1270398518927204353
1270398485712588803
1270398355449970690
1270398340937797634
1270397910950318081
1270397842146889728
1270397710814904321
1270397635892035590
1270397509261811712
1270397320962678785
1270397290000322563
1270397262871646208
1270397157984669696
1270397108324118530
1270397097381187584
1270396958574817282
1270396895895212033
1270396823828492288
1270396814563385346
1270396801670135808
1270396797446471680
1270396754626777088
1270396556781502465
1270396490620514306
1270396342909775873
1270396292368183296
1270396261255065601
1270396164941262849
1270396130522738688
1270396037098684417
1270395992714678272
1270395973387288577
1270395938981523468
1270395937693798400
1270395478031687681
1270395334108295168
1270395330786443264
1270394999927119873
1270394587396309000
1270394429254193152
1270394353933049863
1270394271355584523
1270394180393672705
1270394099036758017
1270393887908155393
1270393871319666688
1270393759109451776
1270393743930093569
1270393741736660993
1270393685763481600
1270393652012093440
1270393489470164994
1270393383148761088
1270393366971387913
1270393293935910921
1270393101484343299
1270392954297954305
1270392939827650562
1270392939806687238
1270392916737810432
1270392864502165504
1270392855278661632
1270392849738223616
1270392522947407873
1270392361823006722
1270392332572114948
1270392276708196352
1270392172081106945
1270392165777076224
1270392099385401351
1270392018829742081
1270391999737335814
1270391996360900611
1270391989431918592
1270391985489281029
1270391962886115330
1270391954199719939
1270391642831441920
1270391235316867078
1270390835234791425
1270390760806903808
1270390599955501058
1270390581542387719
1270390491712978946
1270390326260359169
1270390319352172544
1270390274498404352
1270390127987064832
1270389945778216961
1270389862152142854
1270389677921452032
1270389556735426560
1270389476687319041
1270389454612635652
1270389443095126016
1270389339801952256
1270389226115391490
1270389182943432704
1270389117097054208
1270389043981844482
1270389000453398531
1270388982375948288
1270388932992090113
1270388878692753409
1270388798585810947
1270388705304416262
1270388576551940096
1270388556263911425
1270388449720389632
1270388428052426752
1270388125550993410
1270388045112438786
1270387803810119686
1270387793295015941
1270387776119353344
1270387702849044480
1270387596850536457
1270387579523928064
1270387497621753862
1270387480412504065
1270387391820435457
1270387183506071552
1270387143458856961
1270387046889082880
1270386774213361665
1270386585976991744
1270386527986565120
1270386451012870150
1270386424244731907
1270386412219764739
1270386379839672325
1270386367198044160
1270386264496197632
1270386210209439745
1270386016927600640
1270385970735722501
1270385817748299776
1270385814489501696
1270385808181264392
1270385672046559234
1270385648545837056
1270385431478222852
1270385369935200256
1270385258811109377
1270385014744776705
1270384997766070272
1270384977251905537
1270384840739823616
1270384816513400835
1270384800923295745
1270384360311738370
1270384292108132353
1270384255554772992
1270384235833102342
1270384209643704320
1270384088336269312
1270383468892037121
1270383442291818507
1270383337375399941
1270382963428130817
1270382880833671168
1270382725942456321
1270382582723559426
1270382151670861828
1270382018568744966
1270381819503030274
1270381776272154628
1270381737735004160
1270381690901258240
1270381615374651393
1270381609531785218
1270381487183900672
1270381415763345409
1270381331646681090
1270381239627771904
1270381114901901312
1270381035478487043
1270380860299268098
1270380834982248449
1270380680552349696
1270380648348475395
1270380564298764289
1270380535777357824
1270380526138990606
1270380398195773443
1270380390990176256
1270380384820162561
1270380321813360646
1270380199071436801
1270380063653937152
1270380042548281347
1270380030892429312
1270379824352124928
1270379737534345223
1270379713647775745
1270379653111431169
1270379632307601409
1270379365960826880
1270379325729263616
1270379192992047105
1270379147735339008
1270379013664583684
1270379012523614208
1270379006655897604
1270379001320595456
1270378764166402051
1270378642502062082
1270378528262033408
1270378494783037440
1270378459622244352
1270378291807924226
1270378291157925888
1270378039143272450
1270378006020792320
1270377920503132164
1270377885614903297
1270377866287595521
1270377831135133697
1270377646413602818
1270377629573660672
1270377593271967749
1270377418403000321
1270377384944885760
1270377347431174144
1270377255617740801
1270377245387960320
1270377190828507137
1270377163775148034
1270377140840574982
1270377125879721990
1270377092358823939
1270376997349462020
1270376990303047682
1270376954613522432
1270376912620343303
1270376753224200195
1270376691508981760
1270376621535608836
1270376504057192453
1270376501058232320
1270376497597931522
1270376243075207168
1270376184719667200
1270376130751668224
1270376105627865089
1270376088250863617
1270376040230039563
1270375765905817600
1270375570615021570
1270375566269534208
1270375564142993408
1270375557780451331
1270375502990229509
1270375146096939008
1270375086709706752
1270375070771404801
1270374925296037889
1270374383991828480
1270374346377383936
1270374337900621824
1270374183483183104
1270374113433972736
1270374023701151745
1270373858432839686
1270373707060400131
1270373688995610628
1270373651179683843
1270373550281486348
1270373522527997953
1270373415376076801
1270373185226182656
1270373099473698816
1270373049477578752
1270373021858123776
1270372939242840067
1270372835308044288
1270372816706244614
1270372508018016256
1270372332629000194
1270372241256177666
1270372217239502848
1270372207932461056
1270372118602158080
1270372118287572992
1270371989631275009
1270371874661416963
1270371748211494912
1270371682201382912
1270371673582206991
1270371552438124545
1270371423845068806
1270371423144407040
1270371162795769856
1270371135805198341
1270370753180045312
1270370665493864448
1270370487344992260
1270370088227463169
1270369938985771008
1270369695963611136
1270369471945818114
1270369179095326720
1270368736801968129
1270368608959508485
1270368577732907012
1270368448124772354
1270368325030170625
1270368295124979718
1270368146294259712
1270367967935692801
1270367825069322246
1270367313158483971
1270367305445171201
1270367143473942528
1270366969167056896
1270366869871091712
1270366849709027328
1270366693458616321
1270366636047040512
1270366540421124098
1270366338142408707
1270366250493980672
1270365670514012163
1270365387285118977
1270365366569644033
1270365232758763525
1270365012910051332
1270364943951581184
1270364776485531649
1270364773918670850
1270364391855329280
1270364335727091719
1270364018952351753
1270363863314300929
1270363727028793346
1270363432949297154
1270363394068099073
1270363387457794049
1270363355748933634
1270363284600877056
1270363281199206401
1270363280326840322
1270363279731220482
1270363279177560071
1270363179856478213
1270363177193275396
1270362980333629446
1270362880387448833
1270362488291426306
1270362488060604416
1270362405978112001
1270362297995837440
1270362237429903361
1270362183000567818
1270362144752762881
1270362065509576704
1270361921380900864
1270361606556278784
1270361495843606529
1270361240288636929
1270361123615911937
1270360927192285184
1270360862579019779
1270360626666385408
1270360415135031297
1270360371031764993
1270360277205254147
1270360227163054081
1270360173261934594
1270360041128779777
1270359969435734019
1270359901223751682
1270359857099444226
1270359717831946241
1270359711691485184
1270359346267009025
1270359206466445313
1270358980586622979
1270358928593952768
1270358918321979392
1270358700062945280
1270358373255442432
1270358351969386496
1270358325490843648
1270358178602024961
1270357931435806720
1270357869880360961
1270357655890980864
1270357606863826945
1270357519999750150
1270357266450038785
1270357230647418882
1270357194568093697
1270357026632163328
1270356903269240833
1270356824177496065
1270356782028926977
1270356772994396160
1270356726630330373
1270356379753013254
1270356311528660994
1270356088735449088
1270355963027980290
1270355902432972801
1270355721746554885
1270355704281542656
1270355609708228608
1270355554423185409
1270355479517114369
1270355460726509568
1270355457081847808
1270355372709048321
1270355289225613312
1270355147260981248
1270355052759265295
1270355022664962048
1270354996341735427
1270354989471301634
1270354975030259722
1270354570695360513
1270354506115624961
1270354471885737986
1270354184559181824
1270354178934665216
1270353750159437826
1270353733193355265
1270353661034668033
1270353658610417664
1270353286990831616
1270353284109340672
1270352866885042178
1270352847545065472
1270352833225740288
1270352833171214343
1270352209046196226
1270352208194703361
1270352207469133825
1270352207141990403
1270352206814826496
1270352206806446088
1270352206399590401
1270352095846203393
1270352012081795075
1270351939025297408
1270351887045255169
1270351411310743562
1270351283824689154
1270351201469595648
1270351110364991489
1270350993637728258
1270350921793302529
1270350920707182592
1270350731141398530
1270350671007473664
1270350604490035200
1270349925235281920
1270349907476590593
1270349902510465030
1270349070289326082
1270348704898330625
1270348242476097536
1270348074464849922
1270347641243787265
1270347536201637889
1270347356249026563
1270347048693280768
1270346934268682243
1270346814986870784
1270345988562190339
1270345938838728704
1270345892046856194
1270345889924644866
1270345152683532290
1270345043472236546
1270344662683959298
1270343901103210503
1270343886645284864
1270343885634576384
1270343731447771139
1270343615542427648
1270343596734988292
1270343594369585152
1270343452920655872
1270343364920008704
1270342891915837440
1270342887004229636
1270342813025214464
1270342787678957569
1270342633009774594
1270342591100465153
1270342453120253961
1270342286962864135
1270342232306880512
1270341624984334338
1270341595871805442
1270341483850235904
1270341459087175680
1270341451721801730
1270341418695999489
1270341374055985154
1270339865385693186
1270339862676205570
1270339817969258500
1270339801334419457
1270339560942309376
1270339450422337538
1270339394403262464
1270339275817512960
1270338711251816449
1270338475607248898
1270338437481193483
1270338393948303361
1270338204697276416
1270338178784755712
1270338115568316421
1270337978313764866
1270337970315440128
1270337884193722368
1270337814874464257
1270337674621022210
1270337583201964032
1270337519847079941
1270337055143260160
1270337048168345600
1270336896867037186
1270336756076945409
1270336655262654464
1270336361942269953
1270336161517428737
1270335994856955905
1270335851189460994
1270335794280976384
1270335771212492805
1270335672230899713
1270335318223355904
1270335217560162304
1270335193434521601
1270335078694977537
1270335051365003265
1270334962546475017
1270334889129320448
1270334651941281792
1270334481786793986
1270334286902763520
1270334275624132608
1270334068207411202
1270333919024431104
1270333849784840198
1270333617126834176
1270333583681445888
1270333402248437760
1270333360209092610
1270333327090819073
1270333249332678660
1270333126334730240
1270332966456053760
1270332602428186624
1270332576377470976
1270332160722026497
1270331538106974210
1270331418393161728
1270331354434043906
1270331134015045634
1270330801041707010
1270330770645643265
1270330642610470912
1270330502390538242
1270330428642209795
1270330009111101441
1270329983735496704
1270329973258272768
1270329955906273280
1270329859043020800
1270329779372404737
1270329630025748481
1270329530243145728
1270329350525722625
1270329240257355776
1270329173958176773
1270329171479158785
1270329077040209921
1270329038050115585
1270328951966228480
1270328913810636803
1270328907737284608
1270328850099167232
1270328825264648192
1270328589225824256
1270328435815010305
1270328391598825479
1270328294353731584
1270328221188468738
1270328213642907650
1270328152946905091
1270327912412168194
1270327796917649414
1270327792023060480
1270327749450883074
1270327732795142144
1270327699886665738
1270327699878416384
1270327570580594689
1270327540427751425
1270327324043403266
1270327012352126976
1270326668402593792
1270326597493514245
1270326587360239616
1270326522499469314
1270326330140184578
1270326023658192898
1270325574821707777
1270325523109965824
1270325403110961154
1270325388162543618
1270325289692823553
1270325166086774784
1270325049514291200
1270325020536049666
1270325019520962560
1270325005214154757
1270324950633611265
1270324873009811458
1270324723633676289
1270324719213035526
1270324710878990338
1270324678243033089
1270324582747197440
1270324504699506688
1270324390006157314
1270324118978564104
1270324041900011521
1270323994583957504
1270323966335467520
1270323939332567052
1270323871959470080
1270323834118270976
1270323803613093888
1270323715713220608
1270323604698382337
1270323549035794433
1270323514793476098
1270323316297838592
1270323304272760832
1270323086286438401
1270323015994179585
1270322855180267526
1270322754680524800
1270322700641165312
1270322649592401921
1270322582085079042
1270322426975408128
1270321898178691074
1270321619504902144
1270321542988087297
1270321310602874885
1270321171121176581
1270321102850531329
1270320994759127040
1270320819265081344
1270320457754054656
1270320219358191618
1270320184197292035
1270320166413402112
1270320009982730243
1270319458561732608
1270319429226762240
1270319409815527424
1270319367566381056
1270318777138282496
1270318710918709249
1270318473965699075
1270318343321460736
1270317918337871872
1270317912805511170
1270317852952756226
1270317703643963392
1270317618830794756
1270317570156048385
1270317516095721473
1270317500538945537
1270317264336752640
1270317240739606530
1270317204509282306
1270316817517629441
1270316692166623233
1270316640236982272
1270316405695578112
1270315929667276801
1270315894783250432
1270315882447810560
1270315622690324481
1270314628434857987
1270314612722774016
1270314417536872448
1270313797568299008
1270313246726279169
1270313093650714624
1270312748086374400
1270312462483632128
1270312368816312320
1270312354446749697
1270312086116028417
1270311809023643648
1270311731349389312
1270311553535967232
1270311489853931523
1270311307699355649
1270311193329102850
1270310626296885248
1270310500090417156
1270310445837099014
1270310266987843586
1270309859406331909
1270309852900884481
1270309810194571264
1270309756687835137
1270309698105901056
1270309673971957760
1270309328550010880
1270309241954369537
1270309117459140609
1270308947434577922
1270308929050992640
1270308407740776450
1270308065796141058
1270307994627125252
1270307897562542080
1270307381616885762
1270307249026502658
1270307234266963969
1270306964493533185
1270306280561946626
1270306052492464128
1270305973404684291
1270305100729323521
1270304962866827264
1270304959662301184
1270304348871036928
1270304122311491585
1270303831193247744
1270303783139016704
1270303515273916419
1270303328946266112
1270303287795806208
1270303281601003520
1270303279432400897
1270303208120999936
1270302911902486535
1270302608461369345
1270302422049701888
1270302192076042241
1270301381161881603
1270301271145283585
1270301051510554624
1270300960917794818
1270300940097204226
1270300700526948354
1270300700044521472
1270300175106314240
1270300001554403328
1270299916057956352
1270299852497289216
1270299716987826178
1270299653691437061
1270299405023956992
1270298883202187265
1270298696350121984
1270298357605429248
1270298292627226627
1270298034954362880
1270297928385642497
1270297886014701568
1270297800891420672
1270297559018409993
1270297520950788096
1270297435101954050
1270297402575138816
1270297382815772672
1270297313378996231
1270297084504223744
1270296929256321025
1270296456281427973
1270296065544056832
1270295887416184832
1270295856340557824
1270295672302993408
1270295526286807040
1270295196937236480
1270295041643294722
1270294937670766593
1270294868967948290
1270294853130219521
1270294836483182592
1270294761606221824
1270294692815613952
1270294184382136325
1270294158058586113
1270294147786772483
1270293647364255745
1270293557866311685
1270293465734266881
1270293454397079552
1270293229271945216
1270292814660636673
1270292567792312320
1270292286807687168
1270291947807219719
1270291942283390977
1270291629836914688
1270291074788085761
1270291028122259462
1270291020450869249
1270290757836959744
1270290673355362304
1270290564827709441
1270290493876981761
1270290246262042626
1270290086421303296
1270290048005672966
1270289440036929536
1270289437335998465
1270289169714044928
1270289127959740417
1270289034468831233
1270288892969787395
1270288500659679232
1270288438105968642
1270288204630024198
1270287785732300800
1270287645906743297
1270287514314641409
1270287297196568577
1270287285787869184
1270287274010456065
1270287055713599488
1270286530754445312
1270286467961696256
1270286161240625153
1270285868092338177
1270285730787573770
1270285192062697473
1270284932842225664
1270283801109946369
1270283740472922112
1270283570356146178
1270282900387377152
1270282882465124353
1270282684154216449
1270282517980090369
1270282388413833216
1270281692356448256
1270280859753594880
1270280591934582784
1270279894950465538
1270279390056927233
1270278549035823104
1270278208173125633
1270277338438066176
1270277010103734272
1270276419122352128
1270276178956279808
1270275740899201027
1270275444764483585
1270274223672487938
1270273966926684161
1270273817890316288
1270272737144119296
1270272567002247176
1270272468033437696
1270272264634679297
1270272212805746689
1270272131742535680
1270271140150366209
1270269827102445568
1270269380849553409
1270269090653970433
1270268136311250944
1270267237732093952
1270266955350638592
1270266663070564352
1270266082000068608
1270265890349518851
1270265690960924675
1270265020182433793
1270264897826324480
1270264185939623939
1270263819961597952
1270263778572144640
1270263586045059072
1270263249381056512
1270263138227650561
1270262900645679105
1270262898804350976
1270262518552899584
1270262506838261760
1270262382854627328
1270261280285306880
1270260862130032640
1270260257391022081
1270260229423411204
1270260219747106816
1270260203578146816
1270259991484784641
1270259934849089536
1270259918176579584
1270259677415256072
1270259377799397379
1270258829532385281
1270258628671438848
1270258542893772800
1270258456226824198
1270257825093242890
1270257242193965058
1270256775573524481
1270256626772193280
1270256624406540288
1270256620069703681
1270256617595064322
1270256611752325125
1270256124533620737
1270255886347366404
1270255767434731521
1270255533845512193
1270255382888214529
1270254728933330944
1270254171669708800
1270253957923966977
1270253781108830208
1270253682194554880
1270253642449379329
1270253563374002177
1270253454024294401
1270253308448591872
1270252888779116544
1270252799243227137
1270252378592350209
1270251573348904960
1270251448543047680
1270251438996946944
1270251214224134144
1270251178132230145
1270250711956295680
1270250409735737344
1270249805235748865
1270249737950822401
1270249616714448897
1270249561286684680
1270249269103132674
1270249045324443649
1270248821134589952
1270248647863570433
1270248641371025409
1270248037659574285
1270247963919450112
1270247860974600193
1270247744368672769
1270247650881765376
1270247599728201728
1270247475878588418
1270247436427186177
1270247286807953412
1270247213571153920
1270246993739292673
1270246941549453312
1270246837820305408
1270246738058608640
1270246588678647808
1270246523805200384
1270246427449454597
1270246392754249729
1270246374374858755
1270246289301663745
1270246281328254981
1270246154588966912
1270245968357625857
1270245643462881286
1270245258413199366
1270245121670463488
1270245053928218624
1270244793201934339
1270244726223052800
1270244214715138053
1270244139498704896
1270243789559521280
1270243623385411584
1270243603542167552
1270243253485518849
1270243101932572672
1270242972349509632
1270242898450083840
1270242647475736578
1270242306961092610
1270242063989309440
1270241955008708609
1270241934464790535
1270241677521846272
1270241520742875136
1270241467370369025
1270241396751024130
1270241236339822593
1270241203443970048
1270241192568131585
1270241012095635457
1270241004017180672
1270240805689544706
1270240798563598336
1270240552014004226
1270240340625195010
1270239503182069761
1270238729416912896
1270238268483760128
1270237954691207169
1270237924601315328
1270236826431885312
1270236774896242689
1270236535242326016
1270235992641986560
1270235868792606720
1270235381020098567
1270234966283227138
1270234494977671168
1270234493744410625
1270234403554447360
1270234137836900353
1270233761578434560
1270233613863452673
1270233433009197057
1270232874151641091
1270232735588597763
1270232604982288385
1270232596300075008
1270232151171256320
1270232144300904448
1270232020778696705
1270231756831105025
1270231718470000642
1270231682566754306
1270231480871129089
1270231171327197189
1270230933409587200
1270230669025837056
1270230317367013376
1270230246395129857
1270230241886326784
1270229593635635200
1270229330992431105
1270228910681317376
1270228557520928768
1270227980116209665
1270227923761586176
1270227641623130112
1270227523649978370
1270227474870341637
1270227439323451392
1270227412681396224
1270227323292442624
1270227074381479941
1270226631026712576
1270226532087234561
1270226475074105344
1270226077672263685
1270225981068857355
1270225609378144261
1270225196624969729
1270225047341412353
1270224925190651904
1270224674048413696
1270224434696204290
1270224293348151296
1270224282094718976
1270222734262284288
1270222668327907328
1270222590091689984
1270222139853963264
1270221562248146945
1270221515133337600
1270221212178763777
1270220314891268097
1270219933750669314
1270219321999011848
1270219083309596673
1270218767293976580
1270218763267424258
1270218528319082498
1270218496304123904
1270218205852659712
1270217838343720960
1270217613302468609
1270217336805605378
1270217297609678848
1270217249656274946
1270217129271255040
1270216807039762432
1270216495730167808
1270216442345127938
1270216301135495168
1270216234290892802
1270216081504862208
1270215802591997955
1270215634878693376
1270215399833866242
1270215078143578115
1270214052724322306
1270214049398165507
1270214048508981248
1270213890400387072
1270213794833346560
1270213678529490944
1270213314430119938
1270213259510022144
1270213190937387008
1270213075774259200
1270212891346702340
1270212828297752578
1270212702577852416
1270212532939227144
1270211983925743619
1270211449801986049
1270211214145093632
1270210744970358786
1270210549347790849
1270210434906365954
1270210064364814338
1270210040666914816
1270210032014176256
1270209784843767809
1270209502520975362
1270209445381824512
1270209337357750274
1270209147389132800
1270209057891196928
1270209007031025666
1270208738532552704
1270208723714224128
1270208715677995009
1270208681339207681
1270208676326969345
1270208592176693249
1270208174247690240
1270208005758386176
1270207888653520896
1270207396900671493
1270206532878204928
1270206312568233985
1270206270839164931
1270206105327632385
1270206007512195078
1270205968148815872
1270205606146772993
1270204857178259458
1270204730174836743
1270204118729138177
1270204081496301568
1270204042321559552
1270203882434519040
1270203867859488771
1270203474098208768
1270203445933420545
1270203443496583169
1270202400255684610
1270202145518891015
1270201345568436224
1270201182913519616
1270200918818951169
1270200686844817409
1270200544922079234
1270200419181101056
1270199838278385666
1270199381841580033
1270199039175340035
1270198807800811525
1270198197659582464
1270198072446824448
1270197923586826240
1270197596712308736
1270197235184046080
1270197011132960770
1270196867591102464
1270196785466748930
1270196687408168962
1270196536195067904
1270196455219671040
1270195942818529280
1270195828926398467
1270195727990480898
1270195576601223168
1270195570372558850
1270195284686012417
1270194856690888704
1270194847362830336
1270194814785662978
1270194779914149893
1270194694690082818
1270194608761384963
1270194602281230336
1270194390380634116
1270194248361672704
1270194127263551488
1270193734311989253
1270193594826194944
1270193053622509568
1270193024786718721
1270192927734628353
1270192828774338561
1270192457666396161
1270192390075224064
1270192332940496898
1270192289638383619
1270192277982453760
1270192207929229312
1270192117441335296
1270192055797592066
1270191992279105536
1270191969596321792
1270191949354602498
1270191922150281216
1270191863962746887
1270191820191019009
1270191809239617536
1270191432263819264
1270190948920823809
1270190832658845701
1270190807480500224
1270190377379692545
1270190362003464192
1270190263571529730
1270190197867757568
1270190137905995777
1270190090409689089
1270190060034560001
1270189992669786112
1270189981978501120
1270189478859075584
1270189416422621186
1270189124952051712
1270189122666344450
1270188927794786304
1270188328504029184
1270188283734241282
1270188264784191488
1270188150992719872
1270188093925015553
1270188072592912385
1270187955504721922
1270187950299582464
1270187624389578752
1270187578071883778
1270187514549207040
1270187262194651137
1270187117818380293
1270186971990757377
1270186771326918657
1270186688673976321
1270186551532716033
1270185776932884481
1270185677771210752
1270185606392487941
1270185584267591680
1270185543675117568
1270185331577495552
1270185194084016129
1270185182855921664
1270185108281098240
1270184935127756800
1270184761919758337
1270184548467236864
1270184510467047426
1270183973885562886
1270183557747507201
1270183183372316673
1270183153961857025
1270182750067265536
1270182561537548288
1270182481619189762
1270182434026463232
1270182310089043969
1270181970786443264
1270181467973316608
1270181425522843650
1270180960273944581
1270180926186717187
1270180910688845828
1270180816501571584
1270180807416647680
1270180794984734721
1270180509688172544
1270180466554023937
1270180456848384001
1270180400053186560
1270180392843108352
1270180358265454594
1270180204900540416
1270180084629082112
1270180068845932546
1270179968618598401
1270179661746601984
1270179572768800768
1270179492892274689
1270179387325939714
1270179383836241921
1270179244195196928
1270178890053345281
1270178776866062337
1270178657156423680
1270178643960987648
1270178548452659208
1270178467020144641
1270178302481756160
1270178159120564230
1270178008494747648
1270177928635088898
1270177910930976768
1270177881092583425
1270177692676218886
1270177646337331200
1270177480146448389
1270177182774702081
1270176939979005952
1270176719895437317
1270176703256694786
1270176588416446464
1270176210593746946
1270176037150822400
1270175813778849794
1270175765443883009
1270175505354915840
1270175301574594560
1270175216056991745
1270175080367230978
1270175008581660672
1270174403419148288
1270174349920780290
1270174310385287169
1270174055048589312
1270173927143243776
1270173905366499329
1270173819890814976
1270173596560896005
1270173592458838016
1270173497503948800
1270173227264999424
1270173170721570817
1270173132855402496
1270173130313564161
1270172950382206977
1270172884456087552
1270172790583201792
1270172738515320833
1270172238499713024
1270172172229771265
1270171892255612928
1270171861234507776
1270171860689272832
1270171823477362689
1270171335306686465
1270171244449509376
1270171159942889472
1270171118448652290
1270171017747394560
1270170852441686017
1270170692328325120
1270170447485812736
1270170299774824453
1270170142756884480
1270169969263771648
1270169926435852289
1270169780771831809
1270169318005682176
1270169038870794245
1270169019128184833
1270168822054453249
1270168613547204608
1270168292666281985
1270168219072909312
1270168061023342593
1270167953653116928
1270167885898567680
1270167877967122433
1270167783880273922
1270167595568828417
1270167561565614081
1270167529856606208
1270167432150372353
1270167268022984705
1270167267435859969
1270167172535500800
1270167074065825792
1270167049160056832
1270166927055282176
1270166895296217089
1270166816246005761
1270166746935132165
1270166679142707200
1270166619206094848
1270166418928144390
1270166356760002560
1270166328784162816
1270166300246052866
1270166267593400320
1270166218113196039
1270166176631586821
1270166164912476160
1270165878458290181
1270165853124911110
1270165768836124674
1270165714595274753
1270165614636568577
1270165408620871680
1270164897419141120
1270164778665873408
1270164778170945537
1270164540756570112
1270164498230411264
1270164464554426369
1270164389023252480
1270164367796064258
1270163772968075270
1270163606714363905
1270163489009655813
1270163387402481664
1270163330976669697
1270163259656679424
1270163237498126340
1270163217331806213
1270163067209318400
1270162667362086912
1270162609883488257
1270162465129717761
1270162191950512134
1270162075650863105
1270161926979452929
1270161856704008193
1270161805193568256
1270161665468710912
1270161587660349440
1270161297041047552
1270160969906470916
1270160798036475906
1270160788465029123
1270160745368453121
1270160685725413377
1270160604578435075
1270160563776167940
1270160275128193024
1270160227615346689
1270159943178518532
1270159837893144576
1270159789566210048
1270159768586293250
1270159727297781760
1270159357112713222
1270159173594931200
1270159093492310016
1270159025909436423
1270158997958668288
1270158744383520773
1270158536916578306
1270158479450308608
1270158449284808704
1270158388987604993
1270158382297686028
1270158372478898176
1270158298042507266
1270158026809491457
1270157689767813123
1270157633580826624
1270157570829807617
1270157412931117058
1270157395084431361
1270157357767680001
1270157310950887427
1270157309671440390
1270157191115235328
1270157115357892608
1270156655913811970
1270156478024908800
1270156201121263616
1270156158918148098
1270155991854845953
1270155721577861126
1270155657455341568
1270155588748673026
1270155581676978178
1270155414215294976
1270155355838976000
1270155064364216320
1270155022320504832
1270154807240732675
1270154740693970945
1270154735828570118
1270154446798897153
1270154051502604289
1270154025644650496
1270153947509133318
1270153941909676040
1270153674891943937
1270153165460004864
1270153156761210880
1270153008899375104
1270152904792473601
1270152881518325761
1270152514147692544
1270152396115636224
1270152374011772935
1270152242973356032
1270152237629583360
1270152079336632322
1270152060735049728
1270151698036785152
1270151582517268482
1270151569145597954
1270151296188911616
1270151201061994497
1270151171106238465
1270150992655462400
1270150707312832517
1270150699461074944
1270150634138992643
1270150503238897664
1270150472314376193
1270150366231801857
1270149902002249730
1270149846784188416
1270149667133837313
1270149590575050754
1270149589660692480
1270149548783144963
1270149426800197633
1270149398895288320
1270149307489038338
1270149164295479298
1270148952718036992
1270148936863539200
1270148884761767937
1270148636350038023
1270148270577287172
1270148219713007618
1270148040742113281
1270147958659600386
1270147633059778560
1270147632971857921
1270147489870622720
1270147479112212481
1270147262497292290
1270146794572390400
1270146761235914753
1270146758698569728
1270146391642423297
1270146366803791873
1270146340689829889
1270146336709660673
1270146255188967424
1270146118815342592
1270145995351957504
1270145848907673600
1270145382794833920
1270145293527519233
1270145213093175296
1270145208957546496
1270144845919780864
1270144774046019584
1270144756056682497
1270144690504052742
1270144638670606337
1270144541589413888
1270144405933117445
1270144404280532992
1270144260092936192
1270144143499694080
1270144049677131776
1270144044103012354
1270143886262927361
1270143793434681345
1270143760551182338
1270143402525499392
1270143299534286849
1270142975050502146
1270142968150863872
1270142869664219136
1270142810818326529
1270142741662576646
1270142509713244161
1270142439295029248
1270142251155329026
1270142237129576448
1270142141193433089
1270141955025092614
1270141829250461697
1270141780822876160
1270141679366963200
1270141623112855553
1270141472344403968
1270141342438453249
1270141328182202368
1270141318724018180
1270141309500735489
1270141277963726852
1270141191787511809
1270141065136271361
1270140916691611648
1270140749649043456
1270140672750882819
1270140629893382145
1270140575233331200
1270140561018716160
1270140554777690112
1270140508942155776
1270140449672626179
1270140332986953728
1270140299625414656
1270140175805345793
1270140157690183680
1270140115071889411
1270139975976321027
1270139691002560512
1270139436802637827
1270139257076752385
1270139186104975361
1270139082316734467
1270138972094771207
1270138958287179781
1270138900770684928
1270138895611633670
1270138352214433792
1270138302054555648
1270138255590264832
1270138239911952384
1270138203618652162
1270138102447734784
1270137977298190336
1270137916719878145
1270137839125245952
1270137759227719681
1270137744732442624
1270137741431517185
1270137716957515776
1270137658291994629
1270137559545503745
1270137543275827201
1270137487302684672
1270137439156269057
1270137379236519936
1270137354775171073
1270137291835617280
1270137287943356427
1270137153494933504
1270137131575283712
1270137078991421447
1270136974955835392
1270136331134480386
1270136304668487681
1270136301665255424
1270136254080839681
1270136227891679232
1270136209428246530
1270135945732304896
1270135812311732226
1270135789184303109
1270135776886611969
1270135614743207937
1270135570484867074
1270135504877559810
1270135442273419266
1270135440931250177
1270135336316866567
1270134963594125312
1270134913459793921
1270134912826445824
1270134745352024065
1270134739253551104
1270134716302311439
1270134625977786368
1270134599251750912
1270134437406097408
1270134336554250246
1270134334763282433
1270134333098074114
1270134331101581313
1270134329298112512
1270134327469387779
1270134312617181184
1270134190466424832
1270134177015296000
1270134151103070210
1270134098007220224
1270133962992758784
1270133853399678976
1270133853206831109
1270133819048411137
1270133761670131712
1270133731118977024
1270133723900645376
1270133500557979649
1270133498016399360
1270133463094607873
1270133305850159104
1270133254889168896
1270133243094790144
1270133029902614531
1270132936529059840
1270132917067370498
1270132894225387525
1270132773152452608
1270132476774510592
1270132109185888258
1270131896647929857
1270131779278536704
1270131577893380098
1270131494183288833
1270131447043485696
1270131385160925184
1270131222535168008
1270131064699322369
1270130942649282560
1270130876311990272
1270130698532208641
1270130504528875521
1270130459461054464
1270130353651372032
1270130257530667008
1270130233555943425
1270130146431778817
1270130060490690562
1270130039862919168
1270129988327653377
1270129908438626304
1270129815295856646
1270129659817189377
1270129630104571904
1270129503168274443
1270129401728921600
1270129173407903744
1270129153304641536
1270129136493899776
1270129005753229313
1270129004985622529
1270128976405676037
1270128955299729408
1270128942838669313
1270128687938187264
1270128647840714758
1270128476754972680
1270128429640409090
1270128411336478721
1270128388712402946
1270128002592960513
1270127978228461570
1270127906576949250
1270127862725529600
1270127816621899787
1270127614276112404
1270127274612883456
1270127238621642760
1270127188998852614
1270127063425527811
1270127045884829696
1270126889148039170
1270126888799920131
1270126817123467266
1270126698894290944
1270126531281670146
1270126217019023360
1270126119430348801
1270126088438468608
1270125921194971138
1270125818233028609
1270125397087322113
1270125298307211264
1270125159807094784
1270124965698981888
1270124892072169474
1270124833662255109
1270124829002264577
1270124740594761731
1270124642926239744
1270124324670672896
1270124183821914112
1270124053282594818
1270123927499571200
1270123615271432193
1270123438754222080
1270123410069295105
1270123369548017665
1270123294738571267
1270123253005238273
1270123154342653952
1270123150865567744
1270123112328237056
1270122920308850695
1270122903183351808
1270122727014309890
1270122644998774786
1270122456355930113
1270122190218747904
1270121972433895429
1270121822240100352
1270121786965811200
1270121766912962560
1270121730766503940
1270121675691098112
1270121329258307584
1270121285096321025
1270121255186755584
1270121091370024963
1270120914978582529
1270120599243886593
1270120540133621766
1270120143935418369
1270120063597756418
1270120009340157957
1270119929526747138
1270119924204056576
1270119778020179968
1270119744427798529
1270119577553375232
1270119443121737728
1270119410284367872
1270119336192233478
1270119307192733697
1270119146773233670
1270119127001137152
1270119028883742721
1270119022764253184
1270118993580322816
1270118940761415680
1270118883106738181
1270118712138498048
1270118706102796289
1270118662264029190
1270118621591810051
1270118101049315342
1270117978139492357
1270117872803561473
1270117804373610497
1270117756264837120
1270117752263540739
1270117730184843265
1270117222938284032
1270117185977868288
1270117084819791874
1270117046169239558
1270116953290506240
1270116802295672834
1270116645990797314
1270116581574676480
1270116561966202880
1270116483742523392
1270116224609984512
1270116186341224448
1270116144796573696
1270116096595689473
1270116060755185664
1270116029818195971
1270115998495113216
1270115860666109955
1270115793200730115
1270115572752285698
1270115286843371520
1270115157910474754
1270115114092380160
1270114927336923136
1270114841609428993
1270114799498788865
1270114527259045897
1270114490244378624
1270114388066910208
1270114206860312584
1270114103168774145
1270114050064744448
1270113644647497731
1270112901643276293
1270112837915066374
1270112676124020736
1270112531227516935
1270112413812129792
1270112398985306112
1270112337169702921
1270112080314720258
1270112078339194887
1270111989428174848
1270111742853603330
1270111556311760897
1270111465513549830
1270111056166359040
1270110913010388992
1270110849823277057
1270110752599392263
1270110618905796609
1270110576379748352
1270110514929184771
1270110433404424193
1270110431919706117
1270110242039267333
1270109954649853957
1270109859023855618
1270109856100503552
1270109842917724166
1270109818829717505
1270109772449230851
1270109706137337858
1270109699858329600
1270109566265626625
1270109414377299968
1270109387382755328
1270109364095877121
1270109297612148744
1270109032188194816
1270108817175515137
1270108778826956802
1270108717825118224
1270108638808551432
1270108298348335104
1270108290207416325
1270108265905602564
1270108179884462080
1270107793505345536
1270107379204579336
1270107345813565440
1270107262930092033
1270107225336446977
1270107156289925120
1270106872931069958
1270106827657588736
1270106744388227073
1270106601903534082
1270106588448202760
1270106423075061762
1270106304133115912
1270106269374873600
1270106128479854594
1270106054831992833
1270106025983688706
1270106005754560512
1270105896828403712
1270105711981342721
1270105698169507846
1270105625712906240
1270105598768697352
1270105330416906240
1270105204852248577
1270105061738217472
1270105047272054784
1270105028741775362
1270104770133602306
1270104680652255233
1270104645407473666
1270104639954980865
1270104369170612230
1270104362531074054
1270104177495203840
1270104027666104321
1270103959487856641
1270103920841498624
1270103769024512003
1270103753602072588
1270103712661245953
1270103623738044416
1270103617203310592
1270103239225159686
1270102958164885506
1270102939818917889
1270102928058015744
1270102761711992832
1270102610658439169
1270102318843858946
1270102318562729984
1270102269544075264
1270102266415022081
1270102224413306891
1270102187587383298
1270102176988385281
1270102090367422464
1270102066116034560
1270101932242284544
1270101932179243008
1270101812406824962
1270101630373883905
1270101455056310274
1270101449096257537
1270101359912726528
1270101283257700352
1270101073106219010
1270101036628402176
1270101011609325568
1270100907217219584
1270100710290591744
1270100674081181699
1270100635061493766
1270100541134319616
1270100471085228032
1270100234379694080
1270100233444298752
1270100150162202624
1270099805231079425
1270099790303502338
1270099576108781569
1270099538016178176
1270099508806877184
1270099427147919361
1270099272365727745
1270099268876095489
1270099106703249413
1270099028307558401
1270099025623224323
1270099023400140805
1270098837710024706
1270098762397081603
1270098703290900486
1270098626501623810
1270098469718380544
1270098425313234944
1270098280039493637
