1287130025636982784
1287129091435503616
1287128739525033991
1287127856812707840
1287127659290402817
1287127571839107072
1287127405904240642
1287126906710548481
1287126848892276736
1287126692901933056
1287126655714996224
1287126528996913154
1287126400172871680
1287126186301075456
1287126011813990402
1287125506123378688
1287125383821762560
1287125161016201221
1287125122587881472
1287125002903592963
1287124983664189441
1287124719016333318
1287124540280016896
1287124410449633281
1287124191062503424
1287124178538094592
1287124173261692928
1287124152688746496
1287124099345428480
1287123985096798209
1287123947213987842
1287123896953700352
1287123202171260928
1287122938861424641
1287122695180578816
1287122290111426560
1287122070657261573
1287121656583008263
1287121271218561025
1287121072295251968
1287120582727749632
1287120556144439301
1287120296273682434
1287120185371930625
1287119886519619584
1287119810266984448
1287119150469414912
1287118850496974849
1287118545332195328
1287117933681025028
1287117268946575360
1287115842774237184
1287115366079004683
1287114267682979841
1287112571313459201
1287111829919956992
1287111819446951937
1287110595708203009
1287109862162219008
1287109622801690625
1287109264805367810
1287109093107347456
1287108249364205568
1287107399334141954
1287107275635613696
1287106055604965376
1287105318472712192
1287104003390676992
1287101816606470144
1287100724833394690
1287100684857413634
1287100636417404929
1287100582923251714
1287100532033761281
1287100477587501057
1287100419475492866
1287100340337283073
1287100267800952832
1287100204995489792
1287100167213256705
1287100114520215553
1287100113219878912
1287100058572382210
1287099984941326336
1287099874291441664
1287099817597054977
1287099757517844480
1287099648314945537
1287099136416915457
1287099097644703745
1287099045463363586
1287098998310961152
1287098948902150147
1287098880329502720
1287098790642683911
1287098749848879105
1287098694194659329
1287098637823115264
1287098576384950275
1287098506776371200
1287098481593724930
1287098430461009928
1287098034468163584
1287097991870984194
1287097941002539008
1287097885172039680
1287097829903695873
1287097756155248645
1287097694595547137
1287097623925739521
1287097544036753408
1287097501204598784
1287097443117674496
1287097384183279617
1287097324846579712
1287097260048867330
1287097194248577024
1287097079404339200
1287091101116112896
1287090140272365568
1287089950014545921
1287085142561914883
1287082965206540290
1287082913259900929
1287080949931479040
1287080558716051458
1287079894581760001
1287079519497719808
1287079119910567937
1287075263243788288
1287075226354843649
1287075176753049600
1287075130221432832
1287075079348801539
1287075020003512326
1287074969885736960
1287074915523465221
1287074861072945154
1287074785156042752
1287074721041920001
1287074657221443587
1287074578007826434
1287074476719579141
1287074425595142144
1287074354292035585
1287074292312743941
1287074236318744578
1287074181390241792
1287074117531906050
1287074058241298440
1287074003107160064
1287073943904571394
1287073871519244288
1287073796030160898
1287073707748450310
1287073043572039683
1287073008046288897
1287072956905127940
1287072908574162944
1287072856480849920
1287072801904570370
1287072749433823235
1287072734917394434
1287072695910371329
1287072640390311936
1287072566079885313
1287072409024159746
1287072360567377921
1287072290614792192
1287072223203909634
1287072165284786176
1287072047705788416
1287071984355074054
1287071867749175297
1287071783707975680
1287071714439049216
1287070933325434881
1287070894934970369
1287070836369825796
1287070787766292487
1287070721555009538
1287070668979306496
1287070614101123072
1287070555372478464
1287070475013754881
1287070406948663297
1287070366180016131
1287070301646356480
1287070235246419973
1287070165637660672
1287070108037320704
1287070044426469376
1287069984187875328
1287069884866846720
1287069553487470595
1287069505882066945
1287069451729469442
1287069395571953665
1287069337946292224
1287069281885261830
1287069211160911873
1287069153984118784
1287069114364825603
1287069061231321092
1287069001592471553
1287068948475924482
1287068892821585922
1287068804246384640
1287068458321092608
1287068413559480320
1287068364989435909
1287068314330697729
1287068262883262470
1287068202560782336
1287068131475816450
1287068078350708738
1287068075888607238
1287068015679483905
1287067941096304640
1287067834703589377
1287067801765675009
1287067793792409601
1287067735168606208
1287067675466891266
1287067602880274438
1287067545321844743
1287067480217788416
1287067421166252034
1287067330250526721
1287067249816358913
1287066833984593920
1287065337582641152
1287065162399338498
1287065006002130944
1287064483110817792
1287063740467249154
1287063340095664130
1287062035134590976
1287059424662691845
1287059093165707264
1287058083869421568
1287057908786700291
1287057403272462343
1287057285047619584
1287057123101282304
1287056571113934856
1287056191743352832
1287055888696532992
1287055807679356928
1287055053233238016
1287054293535727618
1287052907347509248
1287052503347994627
1287052306257600513
1287051997808599041
1287050659435409408
1287050610085330944
1287050336687943680
1287050207167832064
1287048709230878720
1287048342904532993
1287048212541370369
1287048115992788992
1287047941237043200
1287047728476823552
1287046505811992577
1287046361800531968
1287046016479371264
1287045971147284481
1287045846236831747
1287045090557517824
1287044991043293185
1287044767755333632
1287044625811808256
1287044483964493824
1287043694235983873
1287043119226134528
1287042433763729410
1287038059213725697
1287036671960199169
1287035511090155521
1287029482323243013
1287025677695361025
1287023807501393928
1287022092404297728
1287022079762673665
1287022079162933248
1287022078483456000
1287020634111975424
1287020633797398530
1287020184872484865
1287019478362935301
1287015014562398210
1287012879137300481
1287009999093477377
1287009698395369477
1287005845235150848
1287005687206285317
1287005471862333440
1287005165422366720
1287005122111864834
1287005061357412352
1287004983523790848
1287004925982134272
1287004869719732227
1287004856302084102
1287004802862456832
1287004740577103873
1287004682930532353
1287004618011090945
1287004544132698112
1287004422531317760
1287004377929187328
1287004315077545984
1287004248568471557
1287004188296306689
1287004128431026178
1287004067672326144
1287004005743374336
1287003940161298433
1287003872351981568
1287003778848260096
1287002890096254979
1287002172421484550
1287001065917943808
1287000203845931008
1287000161328279552
1287000103622975488
1287000052934860802
1286999990133456897
1286999935993487361
1286999873871663106
1286999806322388994
1286999730904616960
1286999688718233601
1286999635207360515
1286999582644350976
1286999523571703808
1286999450288820224
1286999394269659137
1286999316712886272
1286998594973728773
1286994898101710848
1286993481039110144
1286992847187607552
1286991363423305728
1286990562910822400
1286988515654475776
1286988451204792320
1286988397513453569
1286988341808893953
1286988289392676866
1286988219008131077
1286988156513001472
1286988101814857728
1286988041593204736
1286987972940910601
1286987894616469504
1286987810646392838
1286987760650330113
1286987705889574913
1286987635664330752
1286987570757488642
1286987502272880641
1286987429589778432
1286987357112082432
1286987293446811649
1286987198521376769
1286987105034436608
1286987058909573120
1286986826960572416
1286983741198540802
1286982482500427779
1286982180636418049
1286982112218939392
1286981374218506240
1286981140281208832
1286980944738627586
1286980824475275264
1286979790931664896
1286979677089931264
1286979026549178368
1286978751344128000
1286978607987007489
1286978246500929539
1286975820016185349
1286975675564466183
1286972514112016384
1286970965474377729
1286970687979048960
1286970462803812352
1286970406696562688
1286970354045521920
1286970295660748800
1286970238299496448
1286970179356889088
1286970125195911168
1286970070841860103
1286970067645800449
1286969992983072769
1286969911290605571
1286969851135823872
1286969795083145216
1286969739076657152
1286969678313803776
1286969621057359872
1286969561561137152
1286969490958409730
1286969400436891648
1286968661513822210
1286968620879413249
1286968572800098304
1286968519989526528
1286968447138701312
1286968379291717632
1286968334026768385
1286968276162142208
1286968219979395072
1286968128497491968
1286966453036445698
1286966175872831488
1286966137373294593
1286966087553351680
1286966035539726336
1286965980766310400
1286965929088364544
1286965875011018755
1286965800612638721
1286965723752005633
1286965663291117568
1286965614662291458
1286965536367288320
1286965450174332930
1286965256292634625
1286965191134064641
1286965133294608388
1286965073714524160
1286964949080846338
1286964421168959490
1286963151951613952
1286963103717044225
1286963045361758208
1286962990412161027
1286962935571648512
1286962880429072384
1286962821331406848
1286962771951853569
1286962717379694594
1286962664133087232
1286962606742425600
1286962554447814658
1286962474751864832
1286962417130446848
1286962335718965249
1286962239946326016
1286962162251051008
1286962106227662849
1286962048736403457
1286961996290756608
1286961940603035655
1286961877218713600
1286961824043356160
1286961760751230977
1286961693067825152
1286961630740393990
1286961564801785856
1286961489874747394
1286961402599571456
1286961323545370624
1286959264498581504
1286959221012078592
1286959166070947840
1286959064518471680
1286959005064220674
1286958931659677699
1286958870804430849
1286958835811397633
1286958798675025920
1286958720216334336
1286958673403813888
1286958607259639809
1286958538984771586
1286958430494883840
1286958366972096512
1286958299536121856
1286958175791570944
1286955862305759232
1286955049562902528
1286953421686345729
1286951516918517762
1286950343625052162
1286950305217818626
1286950257557999616
1286950203392536576
1286950198841769984
1286950147331678208
1286950098132492288
1286950048006381568
1286949996328366080
1286949928745537537
1286949867512893442
1286949821312643072
1286949766799282176
1286949712180977665
1286949640185708544
1286949587253690368
1286949535093264384
1286949482068946944
1286949404226629633
1286948969638174720
1286948926319480832
1286948873689235456
1286948812834119682
1286948754776633345
1286948703123775490
1286948645674328064
1286948586480185344
1286948513201426432
1286948439666950148
1286948392380358657
1286948323413438465
1286948295856668672
1286948267507556352
1286948212931284992
1286948157977513985
1286948101656371200
1286948044802592769
1286947962678124545
1286947524696252416
1286947484938522625
1286947430395711488
1286947357066764289
1286947302670831619
1286947238564986880
1286947216884559873
1286947153273856000
1286947094276845569
1286947039004295169
1286946966178586624
1286946908716531713
1286946850273202176
1286946794132443136
1286946786041458688
1286946737316405248
1286946681880293376
1286946633746247680
1286946603597803520
1286946536564445186
1286946491949617152
1286946431463497729
1286946372860760065
1286946307907751937
1286946246712791040
1286946170204499969
1286946102114230273
1286946038922838016
1286945981372784640
1286945918923804672
1286945831711629312
1286945809456484353
1286945743656321025
1286945679580057600
1286945632435888128
1286945552098353152
1286945390890086400
1286945207041236993
1286945090728898560
1286945019543392256
1286944969303953409
1286944936495996928
1286944918762598401
1286944863070629888
1286944786415603712
1286944730807513088
1286944730073329671
1286944670438891520
1286944618987347968
1286944563400187904
1286944545574277120
1286944494324195329
1286944433393537024
1286944280607694848
1286944232838533120
1286944030496940033
1286943846513823745
1286943544859439104
1286943294027530243
1286942801893220354
1286942724046938112
1286942680749047809
1286942615267663875
1286942551845502977
1286942499290910721
1286942442487504896
1286942383477862401
1286942312874930177
1286942245258768385
1286942177424220161
1286942112790044672
1286942052840878080
1286941975040663552
1286934015228776449
1286933223302299648
1286930662910377984
1286929903548428288
1286929497342631936
1286926942696951808
1286925435922612224
1286925074121936897
1286924603546206208
1286924392333586434
1286921236568657922
1286920681452494848
1286915789027647491
1286915216392028161
1286914741449838594
1286910463469481986
1286910248255660032
1286909220638658560
1286909176183226369
1286909118058565632
1286909099876274176
1286909064405037056
1286908991990358016
1286908937518952448
1286908881059418115
1286908821236068358
1286908761932783619
1286908728311259136
1286908694446387200
1286908633125736448
1286908535729684481
1286905323316363265
1286905005883060225
1286901857986568193
1286896727518306305
1286894218078642177
1286894168904593413
1286894126856695808
1286893490153181184
1286891556952141825
1286887782967914497
1286886481043365888
1286886260330639360
1286884088671019008
1286883936707125248
1286881154591686656
1286880900060286978
1286880547495501825
1286880244469624832
1286880157744144384
1286879938826600451
1286879447019327489
1286879190327922688
1286879126675046400
1286878985150795784
1286878946412331008
1286878157270728704
1286877321081679872
1286877104198606848
1286877037429272576
1286874947177062403
1286874263937585153
1286874215099043840
1286873816162066433
1286873551312748544
1286873112097648640
1286873088777490438
1286872923865673734
1286872707943079936
1286871815588130816
1286871712148025344
1286871390503817223
1286871226741215232
1286870679803977729
1286870349263581184
1286870139200327683
1286869915744468992
1286869548860416009
1286869352256438273
1286869278550106112
1286869251488272384
1286869147155140608
1286869047259336705
1286868650301906947
1286868463693099008
1286868231932829696
1286868207484067840
1286867983701245953
1286867685230309376
1286867475309584385
1286867086959095808
1286867063093391360
1286867003177938944
1286866516743467010
1286866488587165697
1286866192854990850
1286865987220975616
1286865607951110144
1286865549314543616
1286865296825827328
1286865010900099074
1286864679411703809
1286864540949389312
1286864483348934656
1286864422611218432
1286864408040239104
1286864110466998274
1286863874008821761
1286863772619923456
1286863697336573952
1286863689430130688
1286863259719684099
1286862950771200000
1286862368027234304
1286862177119473664
1286861883958583296
1286861520908029954
1286861137146007552
1286861136583778304
1286860815556116481
1286860810786975744
1286860560156340225
1286860265376514049
1286860178134937600
1286860098283790336
1286859868226240512
1286859052497211393
1286858712934752256
1286857543638069249
1286856650578702336
1286856186311180289
1286855699717218305
1286855238671106049
1286854989298585601
1286854349000331264
1286854193852985345
1286853975665410050
1286853852155777026
1286853619401162754
1286853297782038528
1286851391814643712
1286851274902831109
1286851134376669184
1286849493510610945
1286848175949647872
1286847744540319747
1286846454267441153
1286843451716382721
1286843418233040899
1286843397739880448
1286843224817098755
1286843156298731520
1286842966091300866
1286841893892939776
1286839199753211904
1286838644532273155
1286835930331054082
1286834309857509376
1286833119564374017
1286832988282662912
1286832513499963392
1286832167146917891
1286830391610007553
1286829502002343941
1286829176474013701
1286828266616229890
1286828035203723265
1286827612862590981
1286827231839477766
1286825728554733568
1286825652906336256
1286824910002823170
1286824789143945219
1286822907818188806
1286822573410586625
1286822119515529218
1286822077002141697
1286821804196208642
1286821790954774533
1286821501312864257
1286821483134758918
1286821421960830976
1286820976567685120
1286819064946528257
1286819061427580928
1286817970296102913
1286816205328850946
1286812639453237248
1286811762730438657
1286810546591936515
1286810503168352256
1286810444032860171
1286810390190530560
1286810335115202562
1286810285064556552
1286810214579286016
1286810164826460161
1286810110174666752
1286810058232340480
1286809982562897922
1286809914711724033
1286809866363904001
1286809766891868162
1286809696612036609
1286809589887963137
1286809522548494341
1286809457922646016
1286809393787535360
1286809378159497219
1286809302863405059
1286809240062042112
1286809140111855616
1286808943570956296
1286808533154115584
1286808087681273856
1286806997178953729
1286806908159037440
1286806501886013440
1286806101611094016
1286805885918932994
1286805881183772672
1286805874187665415
1286805789462556672
1286805713298178050
1286805618628550657
1286805360158937089
1286805322015760384
1286805067836862465
1286804931303809026
1286804777800630272
1286804682543955970
1286804636251299841
1286804551777972225
1286804413848272896
1286803500786159623
1286803064419164160
1286803011772260357
1286802825838616576
1286801853150146561
1286800979019669505
1286800848618577920
1286800686538084352
1286800588148097025
1286799558845112321
1286799301201391616
1286798549632589836
1286798365418635264
1286797672129744902
1286797618010521600
1286797468441677824
1286797222093287424
1286797113251127296
1286797008297058306
1286796889011044353
1286796691039895553
1286796604217921536
1286796459388440576
1286796457853386758
1286796060464238593
1286795928314183682
1286795378378133504
1286795235670888449
1286794962261233664
1286794552343515143
1286793653172699138
1286793600836149250
1286793140301705218
1286793073666686984
1286792682958774272
1286792607142576128
1286792450334289920
1286792443623616513
1286791713592205312
1286791494515400705
1286791335446482944
1286791198737182720
1286790943883100163
1286790837943316480
1286790817844092928
1286790269162135554
1286789824758702080
1286789560987316224
1286789282892582913
1286789142853160966
1286788597345955840
1286788190712393728
1286787187070185478
1286786968802799616
1286786686660288513
1286783708314234881
1286783209561157632
1286780815523770368
1286779890562265088
1286779451125248002
1286779431168684032
1286778841722056705
1286778261394067459
1286777641845088256
1286777023965196289
1286776173058383872
1286776107249872897
1286775801396912129
1286775721868713984
1286775570471071744
1286775035777220609
1286774955431010305
1286774805648142337
1286774623804092416
1286771793240510464
1286771637572866050
1286770656940441600
1286770179884625922
1286769936543576064
1286768398307921920
