1269735698992558080
1269735250785075202
1269735194690490374
1269735125882994688
1269735101426028544
1269735006475137024
1269734995163320325
1269734960958713859
1269734886493032449
1269734867836649473
1269734827013496832
1269734818411163648
1269734650022449153
1269734634633510912
1269734630225088512
1269734480287338500
1269734278406868992
1269734260736475137
1269734224111812608
1269734128015904769
1269734094881140739
1269734081861836800
1269734042842411011
1269733859542945798
1269733857026244608
1269733812591869952
1269733714562596864
1269733577220030464
1269733479513829376
1269733407724093440
1269733354158489600
1269733324727087104
1269733281530077184
1269733168254537728
1269733045164179456
1269733044941991938
1269732844039004161
1269732652799496192
1269732647615426560
1269732385504915457
1269732336989622272
1269732266466521088
1269732264222523396
1269732234426298368
1269732216072032256
1269732002736922625
1269731912278519810
1269731904229650432
1269731673463275524
1269731609130831872
1269731567120891910
1269731566999048193
1269731355409039360
1269731334555004929
1269731326300696576
1269731309397716992
1269731207757156352
1269731054614646784
1269731048167890944
1269730743221190658
1269730721121226753
1269730630025261057
1269730489373306880
1269730135764275200
1269730061344784392
1269729863658864641
1269729832209911810
1269729683156992000
1269729682691424259
1269729617281196032
1269729482945949696
1269729322157432832
1269729169593769984
1269729108738674690
1269729101918568448
1269729057958215681
1269728856077938692
1269728671587319810
1269728510098145287
1269728426681917441
1269728386202710016
1269728189187842051
1269727966466056203
1269727960778539008
1269727650752405506
1269727573845704716
1269727573304631304
1269727403292667904
1269727391963926531
1269727206407880712
1269727115945095168
1269726982138466305
1269726749983719424
1269726520056131585
1269726326681776128
1269726124113788928
1269726103494508544
1269726024570372097
1269726002713972737
1269725933675651078
1269725843393253376
1269725697335013377
1269725561657540608
1269725515142791169
1269725487401545730
1269725310162960386
1269725012740751362
1269724819886452736
1269724553326010377
1269724412024061952
1269724373008736257
1269724287155363840
1269723858296352768
1269723746220326914
1269723617258016768
1269723489054924802
1269723360386318341
1269723279364968449
1269723193918533638
1269722966205575170
1269722929517916160
1269722905237090304
1269722748202430466
1269722687427022848
1269722572704407553
1269722560322777089
1269722558540234754
1269722523329060864
1269722426591641604
1269722347935879168
1269722078841692160
1269722070440607745
1269722057018765313
1269722051650170886
1269721972356919297
1269721936067653632
1269721777967529985
1269721703363407872
1269721644601409541
1269721547335503876
1269721509326491648
1269721402149498881
1269721391340883970
1269721280485482496
1269721207655600129
1269720876838268930
1269720868738854912
1269720792033644546
1269720702988533760
1269720531009503238
1269720432413982720
1269719978837782528
1269719944851161088
1269719874298929152
1269719817189285892
1269719615665508354
1269719587517599744
1269719543179554819
1269719540654641159
1269719525534117888
1269719356558266376
1269719331409145857
1269719327890198529
1269719270251917312
1269719150022230016
1269719133870002177
1269719133530271745
1269719132607516672
1269719124252467212
1269719107882057739
1269718980131909632
1269718924914036737
1269718778818019328
1269718773965217797
1269718730474389505
1269718706868944896
1269718696483852288
1269718625268760587
1269718609472954372
1269718529458257921
1269718477939458048
1269718457609793537
1269718451330748416
1269718415528386572
1269718294937960448
1269718236280619012
1269718226239467520
1269718150964080640
1269718083217707009
1269718077761105925
1269718050430992388
1269717857966972928
1269717842418634753
1269717831970689026
1269717820620918790
1269717764870041601
1269717660503179264
1269717602823274496
1269717582535208961
1269717557969371139
1269717465283657732
1269717389287084038
1269717320953446400
1269717242901651457
1269717195833171972
1269716745754943490
1269716623491043328
1269716609481883648
1269716581602508803
1269716414304223234
1269716391785050113
1269716389796941827
1269716389276684289
1269716379042709504
1269715923306414082
1269715864435245057
1269715631353413632
1269715572306165760
1269715569089093632
1269715358627266568
1269715343934709760
1269715216322957319
1269715170881933320
1269715130901815298
1269714953981870081
1269714781667131392
1269714751577378816
1269714704684838912
1269714484844793857
1269714467249623040
1269714420227346433
1269714295769780231
1269714258142670855
1269714231139729408
1269714187657392129
1269714147954118663
1269713967229919232
1269713952960729089
1269713901563924482
1269713876481912834
1269713862061932544
1269713842302377984
1269713812430614528
1269713794315542528
1269713725914845184
1269713695321419777
1269713595887124487
1269713582230388736
1269713547816288256
1269713497132236803
1269713484251455489
1269713452357922816
1269713445928214530
1269713397957955585
1269713357768196096
1269713332748955648
1269713324578672645
1269713311005904896
1269713200171241473
1269713200171241472
1269713184677597189
1269713158467473408
1269713148321452034
1269713122732003328
1269713041064632322
1269713025751269377
1269713014997073920
1269713006906101760
1269712975029510145
1269712865931509762
1269712865210126336
1269712852090150912
1269712734469439491
1269712668451123201
1269712549903314945
1269712513890832384
1269712396509229056
1269712352561299464
1269712276472434693
1269712254427115522
1269712197988450304
1269712133568290819
1269712056535654400
1269712053377339398
1269712052718899200
1269711993847656448
1269711981000290304
1269711953510969347
1269711832102703105
1269711812121055238
1269711811387023360
1269711701991206912
1269711700107898882
1269711690389770246
1269711665735630850
1269711559674212352
1269711529039007744
1269711512450543617
1269711405667610626
1269711386310893568
1269711365196918784
1269711358167265280
1269711251795574785
1269711216315957249
1269711174880329740
1269711170740486145
1269711139027509248
1269711137106468864
1269711041526669314
1269710973650087938
1269710925994450944
1269710716690403328
1269710697111400449
1269710623064985600
1269710619164409859
1269710603138076672
1269710459508154369
1269710399068348420
1269710352746496000
1269710290817597440
1269710200732180480
1269710142901116928
1269710129823244288
1269710109783064578
1269710103051218944
1269710063343742976
1269710046600015877
1269710016283660289
1269709859370434560
1269709667648835584
1269709663257444352
1269709629367427072
1269709584366809094
1269709583846522880
1269709473939062785
1269709292959137793
1269709275506438144
1269709102218981378
1269709078495817728
1269709003111702528
1269708995779940353
1269708967363653634
1269708830772006912
1269708811423621120
1269708557970276365
1269708543747334156
1269708497433661441
1269708423110762497
1269708410766974979
1269708066204913666
1269708013000183808
1269707966468382720
1269707888395763712
1269707881651277824
1269707848331792384
1269707794183344128
1269707766592987138
1269707704471293953
1269707689375993857
1269707616210554880
1269707603497664513
1269707594500841474
1269707503786434561
1269707452129382400
1269707407086637057
1269707353441464320
1269707336572174336
1269707311305687041
1269707200047517696
1269707025849540608
1269707016295059459
1269706852285050881
1269706799042768896
1269706611427287047
1269706591575715840
1269706521580933121
1269706422541004800
1269706421660086272
1269706381432668160
1269706255356104705
1269706184707256320
1269706163458682880
1269706088389185543
1269706038321860608
1269706020445659137
1269706007531454464
1269705974937522179
1269705922441621504
1269705740048097283
1269705678286979073
1269705602806231040
1269705560133263360
1269705450225913856
1269705207103082497
1269705135221092359
1269705134776475654
1269704958867312641
1269704894509973504
1269704801526452225
1269704531635560449
1269704480066543620
1269704329742745604
1269704031280259072
1269703965094162433
1269703879526158338
1269703874266488838
1269703568933548035
1269703528685043712
1269703453896519680
1269703405875785729
1269703312380694529
1269703250481119237
1269703230608617473
1269703220617777153
1269703179760832513
1269703149574656002
1269703089667399680
1269703069006098433
1269703059615002624
1269702869931810816
1269702848285233152
1269702795889967104
1269702674968195076
1269702630760046592
1269702600821268482
1269702512908607488
1269702506210181120
1269702501051351042
1269702441492197377
1269702350622666759
1269702325226082304
1269702300324462596
1269702281529827328
1269702021843529728
1269701938574249985
1269701843237691392
1269701788371841024
1269701656729583616
1269701646734495744
1269701548365492226
1269701429251489794
1269701263094091776
1269701042494746624
1269701001428242432
1269700976132276225
1269700887544565760
1269700610183626754
1269700506324217856
1269700390230114304
1269700365756203008
1269700361922785284
1269700318847090688
1269700088001167365
1269700076735270912
1269700071064580098
1269699978122989568
1269699943759036418
1269699840956563456
1269699773835161602
1269699739773218816
1269699698757005315
1269699546633973766
1269699462617722880
1269699433555320833
1269699409148809227
1269699379100815360
1269699368669417473
1269699296435351554
1269699260141801472
1269699120832315392
1269699057741692932
1269698897787699203
1269698872210751489
1269698755273601024
1269698723577200642
1269698639678648325
1269698559185739776
1269698514520616964
1269698332475219968
1269698304742510592
1269698297624702977
1269698247205040137
1269698243123990529
1269698218063015936
1269698136378761216
1269698108616736768
1269698059006402560
1269697939242393601
1269697848993443840
1269697708345847808
1269697624254316544
1269697588976107526
1269697585909989377
1269697471426564107
1269697230577061890
1269697174432092171
1269696963139665920
1269696824526475271
1269696774136102915
1269696767412637697
1269696521609474048
1269696406740250626
1269696339870351363
1269696320559878144
1269696258031136771
1269696240188641280
1269696067001606145
1269695832917499905
1269695731436322816
1269695712369008641
1269695591031816192
1269695488598695937
1269695481485066240
1269695370243772416
1269695332067115008
1269695315436802048
1269695181210750978
1269695167969230850
1269695059370246147
1269694926373007361
1269694861357301761
1269694851265605632
1269694219666546695
1269694158274347009
1269694097675243522
1269694074614771713
1269694065404231683
1269693903206301696
1269693827024994311
1269693759215726592
1269693673471479808
1269693493967859713
1269693304960176129
1269692910238265344
1269692890424340481
1269692831247073280
1269692765618782212
1269692510793859074
1269692500991709187
1269692451138072576
1269692390312423424
1269692297945415680
1269692196162281474
1269692115891748864
1269691984383533057
1269691875612639234
1269691845753409537
1269691797804064779
1269691757442355200
1269691707748241413
1269691692510253057
1269691277391560706
1269691257858789377
1269691229203120128
1269691039406796802
1269690983886860292
1269690970423033858
1269690954958716929
1269690906392752130
1269690898830577667
1269690699982798849
1269690267390468096
1269690261220798464
1269690185471705089
1269690168081973248
1269690136436113414
1269689973818548226
1269689970123509760
1269689842406998020
1269689791194509315
1269689773385547776
1269689754297282564
1269689745841553412
1269689649137692674
1269689619458727936
1269689589222047744
1269689584473919488
1269689541981605889
1269689502060216322
1269689445101506561
1269689410586583042
1269689318865383424
1269689203589353472
1269688990598299648
1269688892166414337
1269688850957381638
1269688844309262339
1269688817692348416
1269688690701488131
1269688630794215424
1269688568538034177
1269688456231387138
1269688374232862721
1269688218737410048
1269688128127860736
1269688077351608323
1269688019910569987
1269687746680905729
1269687690888437760
1269687673125507074
1269687504292241409
1269687175588782080
1269687171193221120
1269687068516630529
1269686875540742144
1269686711220649984
1269686449919733762
1269686444135596038
1269686411625709569
1269686376301318145
1269686304884867072
1269686129990795266
1269686009794420736
1269686009085726722
1269685995538087936
1269685922796314629
1269685841040936967
1269685841036804097
1269685796614705153
1269685749919567877
1269685735994646534
1269685678243119105
1269685570919231488
1269685564732846080
1269685489235382279
1269685488039923713
1269685474190176256
1269685393735073792
1269685362261217280
1269685357408329735
1269685141980557314
1269685048581775361
1269684948400852993
1269684938506416130
1269684747057463296
1269684645450387459
1269684533626109952
1269684503850573825
1269684489308876800
1269684398917668869
1269684384015278088
1269684365547597824
1269684359147200512
1269684228595294213
1269684116871688192
1269684102892081152
1269683944322027520
1269683857508491265
1269683777120468997
1269683746657222658
1269683607666339846
1269683595381268483
1269683509154721796
1269683448983089152
1269683447418753024
1269683387821895681
1269683273363591173
1269683250965942272
1269683239372951553
1269683114051342338
1269682967200378880
1269682893133164545
1269682887735025666
1269682795963658240
1269682763877289985
1269682672168828928
1269682610986455049
1269682603831033860
1269682531374452739
1269682509048164352
1269682396191916033
1269682331784056832
1269682282190770177
1269682209981685761
1269682173889708034
1269681989940117505
1269681951884980224
1269681910172827649
1269681908465766400
1269681510795415564
1269681502918336512
1269681458257571840
1269681418491305986
1269681344063377415
1269681272609075202
1269681109018836995
1269680713110114310
1269680670726475776
1269680590275710976
1269680560697417729
1269680534143135744
1269680290705944582
1269680033297305602
1269679322803113985
1269679153730785282
1269679123045081088
1269679091655086081
1269678959492382721
1269678937249968130
1269678619930099714
1269678613193875456
1269678516007661568
1269678513210228739
1269678508185354245
1269678428225073152
1269678427298099200
1269678273161768960
1269678259454820353
1269678257672241153
1269678146632196100
1269678102352932864
1269678057817665536
1269678048044957697
1269678046359048192
1269677831367385091
1269677724521639936
1269677719924719616
1269677609241149440
1269677540504817664
1269677489535832064
1269677438721802240
1269677423777497097
1269677419348312066
1269677404701818880
1269677397131120640
1269677353921380354
1269677283775672320
1269677115840040960
1269676780991938561
1269676745982083082
1269676712465281024
1269676674657873920
1269676670258012160
1269676661584388097
1269676560631631873
1269676557481545728
1269676467388059650
1269676417333288965
1269676398291148800
1269676364669607936
1269676332415361024
1269676328715874304
1269676226278498304
1269676162038542338
1269676123648143360
1269676086889271297
1269676044950405121
1269676034019950593
1269675885130649605
1269675792520212481
1269675780142968833
1269675769640484866
1269675740477480972
1269675719162040322
1269675638627225601
1269675637578633222
1269675491004383232
1269675437636169728
1269675249882234882
1269675015215210502
1269674999603961856
1269674987369070594
1269674943110950918
1269674939524632577
1269674881278410753
1269674879621533696
1269674815025078272
1269674759597539329
1269674645982269441
1269674398191157252
1269674373692026880
1269674312493076481
1269674290254929920
1269674174555009030
1269674042568642564
1269673944522596357
1269673904768987137
1269673862490476553
1269673800225996800
1269673754466156546
1269673713139499008
1269673704528793600
1269673555559677952
1269673449003331584
1269673305344282626
1269673301976072192
1269673287358967809
1269673230731796480
1269673190147723264
1269673170979692544
1269673057771233281
1269673032781574145
1269672889931964418
1269672768267866116
1269672703755202560
1269672594384486406
1269672579616342019
1269672574646009856
1269672428130709504
1269672427761463297
1269672314053910530
1269672206583255045
1269672177634209793
1269672155173748743
1269672151856091138
1269671919659503622
1269671669876088838
1269671649965727745
1269671588066189312
1269671563751837696
1269671558597017601
1269671520785268736
1269671468998115328
1269671467882631168
1269671416145854464
1269671322235203584
1269671258368573445
1269671214332641281
1269671206015447041
1269671198633443328
1269670993586462722
1269670945771393026
1269670911713607680
1269670851726708737
1269670683572867073
1269670616216547330
1269670556623929349
1269670538236047365
1269670532653473793
1269670466744090626
1269670425841348613
1269670312511234048
1269670221482274816
1269670213143928832
1269670153416998914
1269670079014277125
1269670022261194755
1269669781382344706
1269669707868786688
1269669665652891648
1269669643263696897
1269669625794625536
1269669581859295232
1269669494009614336
1269669450724388864
1269669413684469763
1269669321330098179
1269669277570707461
1269669275117256704
1269669221333688321
1269669171194970120
1269669050810093570
1269668940361457665
1269668580116836354
1269668543773147136
1269668407626076162
1269668400898494465
1269668384918122498
1269668309043159041
1269668308812541953
1269668129782841345
1269668052565495815
1269668008034816000
1269667989621805056
1269667903407824896
1269667700583751681
1269667454625570816
1269667430051115010
1269667429552013313
1269667164514127872
1269667135619346432
1269667007332573184
1269666918966927361
1269666844610146305
1269666838058881025
1269666766013243393
1269666701584461825
1269666669158445057
1269666580323057664
1269666570349039617
1269666531316772865
1269666512991854592
1269666490749530112
1269666293671555072
1269666151082135553
1269666147038830593
1269666104848326659
1269666102877007873
1269666048229457922
1269665994047459328
1269665848643502080
1269665838451380224
1269665751117561859
1269665556006928385
1269665481994244096
1269665475702722562
1269665468870057989
1269665433600303105
1269665380852731908
1269665331238318081
1269665292872974336
1269665273352646656
1269665236077940736
1269665124052336640
1269664689744760832
1269664670404816897
1269664580420206595
1269664472190324736
1269664360340819969
1269664202668605441
1269664128110669830
1269664080257708033
1269664014528897032
1269663863189970947
1269663837525065729
1269663822362574848
1269663755748728832
1269663705681313792
1269663689788977152
1269663689205936128
1269663437371695108
1269663427196342275
1269663354274156545
1269663205573439488
1269663197793058816
1269663156265201665
1269663129962549248
1269663103366594561
1269662982155505664
1269662479514296321
1269662311721156615
1269662235003158528
1269662202228858881
1269662146528509952
1269661748413501440
1269661731778936837
1269661706193682432
1269661647272136706
1269661633569329153
1269661450341154817
1269661377037086721
1269661266827595779
1269660913545752578
1269660827851862017
1269660799309496321
1269660747317104641
1269660739087802369
1269660484548132864
1269660484422303745
1269660441053065216
1269660413676961796
1269660365706727425
1269660356890095616
1269660340830326784
1269660276938420224
1269660246760456192
1269660195807989760
1269660143366668288
1269660131505168391
1269660000080629760
1269659912176427015
1269659496391094273
1269659441768525827
1269659376639455233
1269659375880351752
1269659262071914497
1269659183395352579
1269659160582520834
1269659102076157952
1269659084866957313
1269658819686289408
1269658766150184961
1269658659606237184
1269658535694131201
1269658506149400576
1269658495965491200
1269658420300222474
1269658401392545794
1269658277341736962
1269658273864650752
1269658074060664832
1269657998089244672
1269657875976241155
1269657742664294400
1269657520278138880
1269657513160572931
1269657506017615874
1269657494734995456
1269657355303747584
1269657193151975424
1269657142853689344
1269657003208536069
1269656995973472261
1269656991049318402
1269656984854433792
1269656942882029569
1269656830357233666
1269656809977102336
1269656769145397249
1269656556775395328
1269656530799996929
1269656400025665536
1269656353330597888
1269656298338914304
1269656273131155463
1269656160535265280
1269656080151429122
1269655924211200000
1269655892288561152
1269655822377893888
1269655775259082752
1269655675719741440
1269655654383353856
1269655573403860992
1269655560963739648
1269655442734477312
1269655431703601152
1269655283887996929
1269655262710898689
1269655237297504257
1269655205714563074
1269655009710321665
1269655007659544582
1269655002705846277
1269654955398488069
1269654900130091009
1269654827761623040
1269654798737031168
1269654795008323584
1269654783771590656
1269654714179780611
1269654657879683072
1269654547502432257
1269654409690189829
1269654277728940034
1269654257537478656
1269654199475765248
1269654000728788993
1269653944868855808
1269653887918632961
1269653846747484161
1269653834953089025
1269653684339699713
1269653566085632000
1269653554341441536
1269653531826573316
1269653416122482688
1269653186878541826
1269653156444745728
1269653056590766080
1269652988672565249
1269652942027718656
1269652442108616710
1269652384235638787
1269652357387780098
1269652241838821376
1269652083126362112
1269652072112230403
1269652006467223554
1269651922576986114
1269651886531121152
1269651804679106560
1269651743832453122
1269651296312864774
1269651202976989184
1269651156948697090
1269651126443372545
1269651118314799105
1269651091404337152
1269651065911328775
1269651036416864257
1269650873547882497
1269650864492253184
1269650843193802752
1269650627199733765
1269650602012835845
1269650566063497216
1269650382583664645
1269650370407493632
1269650359783432198
1269650294809518081
1269650281215778816
1269650218586263552
1269650125292535814
1269650122259996672
1269650079822024705
1269650026957090816
1269650025367420928
1269649966924005377
1269649965875331073
1269649861516771328
1269649838968205312
1269649837940768770
1269649760987693061
1269649475250851840
1269649395798233088
1269649387501879298
1269649195792773123
1269649009636978688
1269649005589532675
1269648837741871105
1269648809065414656
1269648785367396352
1269648773694849024
1269648772776239105
1269648626034200577
1269648491715760134
1269648427245322247
1269648409696317449
1269648345632571392
1269648331178946560
1269648300996788231
1269648201872785409
1269648139939483649
1269648096847261696
1269648091185119234
1269648076765040642
1269647936310280192
1269647926592253953
1269647902131052545
1269647876398800900
1269647786447863813
1269647725970067457
1269647619904507906
1269647567656288257
1269647502413684738
1269647405860950017
1269647295747960832
1269647155456770048
1269647139065352194
1269647123383025664
1269647063580639232
1269646882051145729
1269646871070412805
1269646801155567616
1269646797993127938
1269646689008185345
1269646621249286146
1269646553842581504
1269646357154992133
1269646307234164737
1269646245422907393
1269646069446717442
1269645980087070722
1269645953755222017
1269645851552555008
1269645689711034369
1269645635101380608
1269645597406949376
1269645443497156608
1269645318309605378
1269645258981244929
1269645234658476034
1269645168426184705
1269645111660392448
1269645079297372162
1269645074461331461
1269645023731232772
1269645017557143553
1269645010615574528
1269644986099744768
1269644965379895296
1269644764204412931
1269644683652841475
1269644623804317696
1269644618271985670
1269644581844463617
1269644539356164096
1269644535983833089
1269644516476227587
1269644432833482752
1269644218445725697
1269644055388073985
1269644042155032576
1269643967680802817
1269643843621867520
1269643843332440065
1269643829046652939
1269643466679521282
1269643287381540866
1269643198152019969
1269642977321811974
1269642944660869122
1269642880240570368
1269642825995636736
1269642814964498433
1269642765903806464
1269642598362370048
1269642506708418562
1269642498718208002
1269642486856613889
1269642303024627712
1269642237614358529
1269642204525539329
1269642038154272769
1269642031514685440
1269642014074834949
1269641862551425025
1269641778111504384
1269641664517279744
1269641585907687425
1269641526453374981
1269641498087260160
1269641435067932673
1269641342310703109
1269641319120539649
1269641315169468417
1269641311138783234
1269641296295202817
1269641196001021952
1269641086017961985
1269640946573955072
1269640870518759429
1269640814248038400
1269640761995296771
1269640759428481024
1269640724171165697
1269640626317996032
1269640540934504450
1269640382913998848
1269640378858209282
1269640251724541958
1269640130517766144
1269640129754345472
1269640127049019393
1269639982026817538
1269639975353692160
1269639941828435971
1269639890456776705
1269639857539706881
1269639731148656640
1269639707857768449
1269639696201715712
1269639667483377664
1269639558527762433
1269639507898499080
1269639380638941184
1269639305057710080
1269639301026979841
1269639245511049216
1269639052308828160
1269638981400047617
1269638893319708674
1269638778345279488
1269638729070755841
1269638642160603143
1269638574657462272
1269638469225189377
1269638431975657472
1269638344683773952
1269638273116274688
1269638141146783751
1269638086679543811
1269638041724956675
1269637997240086528
1269637988201443330
1269637934187188230
1269637930722529280
1269637868391202817
1269637705614479360
1269637685502754818
1269637462831366144
1269637411555864576
1269637357491425281
1269637349446729728
1269637320535310337
1269637281112969217
1269637277078224896
1269637169095888896
1269637117711269888
1269637087650873344
1269636991244570625
1269636980876496898
1269636814777835520
1269636794678640642
1269636741691998208
1269636725061685249
1269636422102908929
1269636389647405056
1269636271137144832
1269636184642334720
1269636096150974466
1269635985165426689
1269635936335298562
1269635827233181699
1269635717245792257
1269635677928513538
1269635626988523522
1269635414261936129
1269635359295619072
1269635303968403457
1269635245248217089
1269635215124807680
1269635211995656193
1269635034195144704
1269635031221313536
1269634805873938435
1269634517540786177
1269634279086133248
1269634148349751297
1269634081794461696
1269633884976750598
1269633867276791809
1269633862419841030
1269633821806415875
1269633800293822465
1269633747764174848
1269633507460071425
1269633401486794764
1269633269223641089
1269633245513166855
1269633227112812545
1269633175057313794
1269633048473227264
1269632965480337409
1269632962141868033
1269632883121098752
1269632801206415360
1269632789797842948
1269632645501259779
1269632541054701569
1269632282052235266
1269632217438916611
1269632131548020736
1269632051541655555
1269632020508000257
1269631890182606852
1269631772721119233
1269631550607540231
1269631359980429312
1269631347821367304
1269631245685792769
1269631132645154816
1269631116513869826
1269631068891607040
1269631017423376384
1269630970732445697
1269630968274583552
1269630946950643713
1269630876146597889
1269630855850479616
1269630852604059648
1269630778427801602
1269630752867659776
1269630675310776320
1269630279465021445
1269630223945011200
1269630136405508097
1269630118382768128
1269629927923597314
1269629898823475200
1269629880737705985
1269629781949243393
1269629525287108608
1269629435180974083
1269629428927213568
1269629405770297346
1269629373189165057
1269629284769030146
1269629206260002816
1269629074332364801
1269628920329986048
1269628851031867392
1269628787723034632
1269628631174742016
1269628609578307586
1269628607925596162
1269628559192207360
1269628432159330309
1269628418515185664
1269628338160783362
1269628261983834114
1269628259190398984
1269628251279896576
1269628015601782785
1269627952242651136
1269627937214480389
1269627906453655553
1269627787599544320
1269627765105491969
1269627756544962562
1269627717265379328
1269627706184011778
1269627700345520134
1269627629390508033
1269627606779023361
1269627518367289350
1269627420468023296
1269627387458859008
1269627387337076736
1269627373168795650
1269627293116379136
1269627238905008129
1269627115680366592
1269626995241095176
1269626990518104070
1269626624850497536
1269626565970857984
1269626490322288640
1269626428628312064
1269626302304321537
1269626282041622528
1269626231655411712
1269626047655555073
1269625925106233344
1269625892705271813
1269625688740384769
1269625520494456834
1269625489682882562
1269625324935012352
1269625238200950785
1269625151672348672
1269625082420301830
1269625033334423552
1269625031874789378
1269625030414962691
1269624618857480204
1269624602700857346
1269624523260940290
1269624498355081216
1269624437910892544
1269624332101148673
1269624226727763968
1269624210504028162
1269624013539749893
1269623929380864001
1269623904177283073
1269623891439357954
1269623783276437504
1269623698245455872
1269623615856795650
1269623609762381826
1269623406837796864
1269623262608150529
1269623136766566401
1269623105145712645
1269622980235182080
1269622879378964480
1269622875159486466
1269622850954186752
1269622824596942849
1269622823049261056
1269622805236273152
1269622795706814467
1269622762664005635
1269622749841911810
1269622720586747904
1269622709929074690
1269622691625123842
1269622679201624065
1269622663384891393
1269622653004009477
1269622550591651840
1269622413349859329
1269622288506392577
1269622234366255106
1269622049598844932
1269622016350588929
1269621963909140481
1269621911690129408
1269621823479652353
1269621735932002304
1269621655527194625
1269621602364403713
1269621559175643136
1269621520680095744
1269621409845829633
1269621188285935616
1269621174897606656
1269620973701140480
1269620960472248327
1269620906361487361
1269620842280951808
1269620794289729536
1269620757002285067
1269620608901550080
1269620518438744066
1269620404542464002
1269620230302679049
1269620085246832640
1269619894447996929
1269619818962890752
1269619770548199425
1269619724008271872
1269619697298833408
1269619631389577216
1269619622699024384
1269619605863088128
1269619513546477569
1269619468759699456
1269619401327693824
1269619259728158721
1269619247287853056
1269619225775095809
1269619219123130368
1269619004248858630
1269618837793632262
1269618813303209990
1269618751626006528
1269618693585227778
1269618669954482177
1269618653961560065
1269618606901391360
1269618596474318848
1269618578673762304
1269618485610647552
1269618355637379072
1269618145980899334
1269618075151851520
1269618049285410817
1269618002674307073
1269617856963964928
1269617588428046347
1269617551857909769
1269617477870399488
1269617190199844866
1269617035568386048
1269616977405980672
1269616817082957824
1269616804655226880
1269616795792654337
1269616749378449408
1269616527269036032
1269616506159194112
1269616478946496513
1269616434839248897
1269616317910462465
1269616271248801793
1269616219734376448
1269616169540960258
1269616160263352323
1269616133830778880
1269616046178271232
1269615838652444673
1269615648856068096
1269615533793705987
1269615480781881346
1269615411101917187
1269615365362839553
1269615217119559680
1269615182986178562
1269615180347920384
1269614995828023296
1269614798641209344
1269614775077613569
1269614742206926849
1269614736632696833
1269614714461532160
1269614689585180672
1269614533657722880
1269614524321202179
1269614506117705729
1269614471519092739
1269614392724914176
1269614251859206145
1269614229839130626
1269614203557593089
1269614193558388737
1269614091385085953
1269613933758988288
1269613863898697733
1269613580976099328
1269613574428790784
1269613558284812289
1269613435605725184
1269613433130975232
1269613385970339843
1269613349102370816
1269613268622020608
1269613204537323522
1269613043236900864
1269612945304100864
1269612940887560192
1269612922315120640
1269612806229368833
1269612609675943937
1269612529162084353
1269612484383715328
1269612452561539073
1269612439110385666
1269612421624233984
1269612278455861254
1269612238920388609
1269612138726907904
1269612115100401665
1269612070389133312
1269612067633463297
1269611994954510336
1269611988948148224
1269611934787272705
1269611860682248192
1269611757724667907
1269611685884637184
1269611683313524742
1269611612442447881
1269611443277660160
1269611433932787712
1269611314588069891
1269611154663448578
1269611074694852609
1269610791436783618
1269610680086339587
1269610673723580421
1269610670904967169
1269610410753343488
1269610303068782592
1269610252674236416
1269610069055938562
1269610024369717248
1269609830148423681
1269609710396661761
1269609661239607297
1269609583317745665
1269609552640725001
1269609385489244160
1269609339913932802
1269609286050578432
1269609285002113025
1269609253746212864
1269609204148559873
1269609088691798016
1269609081658097665
1269609006160543744
1269608879580573700
1269608764237373442
1269608745790853120
1269608744066912258
1269608670830006272
1269608457004597253
1269608362116775938
1269608330902802433
1269608276922163202
1269608201332416512
1269607982142283778
1269607941620920320
1269607937993068545
1269607936831238144
1269607880904388610
1269607858494005248
1269607824461619200
1269607813489229829
1269607808066105345
1269607730773450755
1269607582194417664
1269607547398307846
1269607489814888458
1269607436446547970
1269607227553452034
1269606974175535111
1269606897356660736
1269606855141195776
1269606687075426305
1269606503754989569
1269606480455573504
1269606474722009093
1269606417620783106
1269606385630818304
1269606373182132225
1269606205485441024
1269606157485826048
1269606058999283729
1269606033615458306
1269606006675341312
1269605938291408896
1269605822851579904
1269605664143241216
1269605653544423425
1269605598238257155
1269605520849211392
1269605482018353153
1269605430361313281
1269605390968393728
1269605317022822402
1269604938134491137
1269604666549186561
1269604530142040065
1269604346674610176
1269604244145004545
1269604187349946370
1269603992398675968
1269603792871440384
1269603775334973440
1269603713301110784
1269603712588296194
1269603468546920449
1269603466634240003
1269603456785903618
1269603450943406080
1269603350401765383
1269603324258639872
1269603095144783876
1269603089377624072
1269603083799101440
1269603077801336833
1269603070507393025
1269603069685370888
1269603063645589504
1269603057672818689
1269603050509008902
1269603041205985280
1269602934213525505
1269602773886136320
1269602766370025480
1269602685696737280
1269602396784799746
1269602156375670784
1269601981557071872
1269601889760489472
1269601883674607622
1269601716783243264
1269601668787732484
1269601631110410240
1269601586206121984
1269601562588053504
1269601503930703874
1269601368563646466
1269600999741681664
1269600955189923840
1269600954439131148
1269600559285145600
1269600522752995328
1269600486258171905
1269600296810033152
1269600248856489984
1269600216245841923
1269600146897039362
1269600005427429378
1269599847449059329
1269599788367921152
1269599760844980236
1269599706130366466
1269599345793363969
1269599317989494785
1269599265703309312
1269599226608189441
1269599175039205376
1269598862366461957
1269598733840285696
1269598667205476353
1269598620199858183
1269598582786723847
1269598356541779969
1269598340842479619
1269598183744843781
1269598162077040647
1269598104677949440
1269597574442504192
1269597267197079552
1269597193834463233
1269597047176540161
1269596878125006848
1269596869115752449
1269596711468404739
1269596621018411010
1269596605486739458
1269596572200861700
1269596527049277440
1269596522313908228
1269596518186655745
1269596356093542409
1269596147724713985
1269595915398111232
1269595900323692544
1269595787861901314
1269595634610212864
1269595435200585730
1269595427495530496
1269595363075395590
1269595288219631616
1269595191947726849
1269595033847697408
1269594934350360577
1269594875919466496
1269594831145369601
1269594830423724032
1269594669492703232
1269594380551233536
1269594363061063680
1269594323865219072
1269594305062207489
1269594187017728000
1269593984185360384
1269593979080847360
1269593795009667073
1269593666877825025
1269593566139027456
1269593562112495616
1269593465249292289
1269593219710324736
1269592928307023872
1269592842097307650
1269592586852827136
1269592574924189698
1269592446188638209
1269592422222368768
1269592416102813696
1269592248888549376
1269592206760972289
1269592169570086913
1269592156123074560
1269592109398573057
1269592034605703172
1269592017492836354
1269592012975529985
1269591984186044416
1269591713661714433
1269591656661168129
1269591558778695682
1269591377970630657
1269591278892834817
1269591254829916160
1269591126543122433
1269590968183017474
1269590935073099777
1269590912587517953
1269590884133351426
1269590786355662849
1269590622928805889
1269590568591482880
1269590532889759745
1269590477587783680
1269590330564849666
1269590026901499904
1269589966998339584
1269589559731519488
1269589549476438017
1269589416751910912
1269589103600898049
1269589003474538496
1269588954724139008
1269588789695045635
1269588719054585862
1269588691279917056
1269588659214454786
1269588600196399113
1269588446290382848
1269588075459592192
1269588036054134784
1269587933071323141
1269587910124351488
1269587865396183042
1269587747892838409
1269587725461553152
1269587664551981057
1269587629441417218
1269587464915759106
1269587311928455171
1269587083665997824
1269587065185984512
1269586901008343040
1269586866224926720
1269586787787292673
1269586704555360256
1269586573747720193
1269586556240556032
1269586526243106816
1269586453526437889
1269586428062838786
1269586408563449858
1269586385263968256
1269586087351062533
1269585883671511043
1269585882291437568
1269585762254753792
1269585678309797890
1269585616129290241
1269585456469094401
1269585205666299912
1269585027764912129
1269585027697762306
1269584961016934403
1269584747216453633
1269584733068865536
1269584426096300032
1269584269103464451
1269584251269320705
1269584150056456192
1269584024525299718
1269583804647129089
1269583660082176001
1269583629585440773
1269583557049167873
1269583097302925313
1269582779915702273
1269582737293414402
1269582697074249729
1269582618804224001
1269582438461833216
1269582155824410624
1269582083183333376
1269581791138123778
1269581473591496705
1269581414099550210
1269581318242930690
1269581090840289281
1269580839660158977
1269580811046580230
1269580640552353794
1269580360708489221
1269579563698438148
1269579403018874881
1269579378582851584
1269579021760806912
1269578828692754433
1269578671695761408
1269578629656260609
1269578595678031872
1269578576011177985
1269578419903369216
1269578326961786880
1269578324113833985
1269578198209134598
1269578179641053184
1269577788903895041
1269577788031467522
1269577473924177926
1269577289282531328
1269577218734383104
1269577162161639424
1269577153529679872
1269576956904865794
1269576937606955009
1269576867054575617
1269576318175383553
1269576274969792512
1269576273459904513
1269575938817351681
1269575677197594624
1269575611024056322
1269575570372718596
1269575520972345344
1269574996965249025
1269574758049255424
1269574090626646017
1269574046712242177
1269573978496131072
1269573942114750465
1269573843582099462
1269573699415482368
1269573633380319233
1269573378849091590
1269573281033736195
1269573210896547840
1269573030587568129
1269572842779299842
1269572802513907717
1269572582082252802
1269572450385182720
1269572392919003137
1269572382727065601
1269571752214040577
1269571709784514560
1269571473548513280
1269571396067344385
1269571012724699138
1269570918759579648
1269570890385285120
1269570667151855617
1269570546066472960
1269570036634660864
1269569989826105344
1269569887749496832
1269569855876993033
1269569833722675200
1269569690763800576
1269569571738062849
1269569566474211332
1269569456776155139
1269569318725001216
1269569265801195521
1269569197287170048
1269568982832631815
1269568863139590145
1269568829404770306
1269568772358070273
1269568677743034369
1269568622906802182
1269568557567758336
1269568417012551685
1269568310145769481
1269568110354403328
1269568074526621697
1269567810822438913
1269567772088025088
1269567678789963776
1269567609508442112
1269567496400576513
1269567185338249217
1269567169991446529
1269567033089437697
1269566797545639936
1269566782064529408
1269566731296661504
1269566729987866624
1269566717392556032
1269566549876183040
1269566178470645760
1269565546615406592
1269565544077955072
1269564851082289154
1269564715249868802
1269564668470865920
1269564625483251714
1269564529828126722
1269564305449594880
1269564003111624704
1269563898681626624
1269563724261711872
1269563701025275905
1269563577926647808
1269563435152523265
1269563330391429120
1269563174153568256
1269562737056768000
1269562729750290435
1269562684946743303
1269562680957952002
1269562662096175106
1269562659667574785
1269562634971394048
1269562451982454789
1269562113913171968
1269561916076298241
1269561813521350656
1269561696269500416
1269561647456120832
1269561633166315520
1269561571795259392
1269561521664856064
1269561383911374849
1269561317884641285
1269561106302930950
1269560624788340742
1269560620136845313
1269560341287055360
1269560093013663752
1269559720819523586
1269559672815734786
1269559433341722625
1269559368271486977
1269559002662408192
1269558987000893443
1269558830385565696
1269557605866917888
1269557404699488256
1269557195919613952
1269557118895632384
1269556949600911361
1269556622658990081
1269556581164740609
1269556552530182144
1269556039751553024
1269555765582401536
1269555756434481155
1269555723500957696
1269555487680401408
1269555084230365184
1269554819653607424
1269554551318704129
1269554329377275905
1269554114402422786
1269553948861628419
1269553908319309825
1269553662889570305
1269553356529209345
1269552793410514946
1269552162528428032
1269552088687669248
1269551847645294592
1269551796852191232
1269551613435396097
1269551464415850496
1269551456216059904
1269551379053293568
1269551266587226112
1269550263288938496
1269550122297438208
1269549921516032001
1269549620142600192
1269549519538057217
1269549235692883969
1269548754777993216
1269548704165433345
1269548675593916416
1269548247984541696
1269547791635841030
1269547649042087936
1269547549393711105
1269545593728311299
1269545369068683264
1269544805144592384
1269544447773036544
1269544067823591425
1269543923854135301
1269543847320850432
1269543656114937859
1269543474799362048
1269543378775146498
1269543177662291968
1269543065447854080
1269543003502198784
1269542965799579648
1269542755124084736
1269542673263853570
1269542653798092800
1269542449510092800
1269542408095662080
1269542214452932608
1269542142688595973
1269542078347751425
1269542059536347137
1269542053668548613
1269541970810146816
1269541570606481410
1269541457045659649
1269541429241688065
1269541325642199040
1269541175502962688
1269540974348455936
1269540934028591104
1269540862876217344
1269540771029385216
1269540269365407745
1269540175018889216
1269539285021143040
1269538970825867265
1269538864516874240
1269538491479683074
1269538232250884096
1269537763113627648
1269537528287236096
1269537497270358016
1269537327174598656
1269537208333205504
1269537109033078784
1269537090091364352
1269536360228163584
1269536262064680965
1269535840591626241
1269535580263612416
1269535440668782592
1269535430480822273
1269535354153054209
1269535136476848128
1269534320940613632
1269534302422872064
1269533944044589056
1269533896128917505
1269533840403398656
1269533739056607232
1269533713278234625
1269533665144516609
1269533484751761408
1269533348881477632
1269533274671587328
1269533154005544960
1269533069439930368
1269533066730467328
1269533063375192065
1269533028897812481
1269532972064993281
1269532634910208000
1269532382740336641
1269531784330596354
1269531706303762434
1269531677350440961
1269531587718180864
1269531560803475456
1269531480075587584
1269531298030206976
1269531093864087552
1269531093272690690
1269530899294519296
1269530471941042177
1269530372242636800
1269529879428493312
1269529659206586375
1269529285661822982
1269529224022495234
1269529203646529537
1269529084607860737
1269529009815199744
1269528971600785414
1269528747415232512
1269528712640450563
1269528682072162305
1269528629999841283
1269528351103950849
1269528218085793793
1269527866733219842
1269527837523968000
1269527617557999616
1269527558363721740
1269527490978078721
1269527471910793216
1269527433872642049
1269527396174016513
1269527373600493569
1269527340469628930
1269527268696588288
1269527218847244288
1269527157677666306
1269527042913001472
1269526954086039564
1269526947308150784
1269526945362034688
1269526842043703301
1269526737823469569
1269526726524260352
1269526613110161408
1269526281084964865
1269526159701704704
1269525755043680256
1269525752766177281
1269525693538480133
1269525518136770563
1269525426885529600
1269525309168267264
1269525198421753859
1269525061574307840
1269525049683218433
1269524734137556993
1269524437675671552
1269524317844504578
1269524249351303168
1269524136545705984
1269524088994893824
1269523858308173824
1269523667987435522
1269523051244380160
1269523041047830530
1269523017563947008
1269522981773963264
1269522835292270592
1269522622284529665
1269522511701716993
1269522041771749376
1269522013074321408
1269521984397832193
1269521793515048965
1269521021041770496
1269520731441893382
1269520568308477952
1269520556015190016
1269520374095654912
1269520353686163457
1269520180863889409
1269520087981207552
1269519853649563649
1269519788004368384
1269519535037714433
1269519467618471936
1269519402883379200
1269519369954119680
1269519353751330817
1269519314824110080
1269519234062782474
1269519063660683264
1269518988637360129
1269518955204374528
1269518866717085698
1269518759124856832
1269518757468258305
1269518712224092160
1269518599569489921
1269518517830901761
1269518462705176579
1269518299462864896
1269518288104505344
1269518216629542913
1269518196803076096
1269518190826024963
1269517818296520704
1269517784440090629
1269517624855035905
1269517523117993984
1269517423851511808
1269517417887268864
1269516969071521793
1269516568637120513
1269516518251008003
1269516436902481921
1269516374897946624
1269516156831965184
1269516133729796097
1269516008034914304
1269515989965770752
1269515779025723392
1269515749766422528
1269515671596969985
1269515608254709761
1269515578235994112
1269515102576836610
1269515021177978880
1269514681649070081
1269514531484680192
1269514338060173312
1269514273123971072
1269514135873650688
1269514096443080706
1269513951068348419
1269513922375233536
1269513270186012673
1269513071376191493
1269512928467791874
1269512833877737474
1269512812314804225
1269512586602536960
1269512553509593094
1269512456323436546
1269512408659308544
1269512366145728512
1269512149199720448
1269512079469244416
1269511828658421761
1269511310829592576
1269511095078793217
1269510990271582208
1269510947758014464
1269510700910567425
1269510433809072133
1269510266992988161
1269509903120396288
1269509795540688897
1269509710216081409
1269509374399168513
1269509266366328832
1269508862496907265
1269508825687580672
1269508659052113922
1269508447017381888
1269508419612008459
1269508358819639297
1269508268810002433
1269508207069868032
1269507941796728833
1269507895898574850
1269507626469150720
1269507546131214336
1269507513029808128
1269507447431090177
1269507435506491393
1269507419354173441
1269507340098850816
1269507326207119360
1269507013593055233
1269506904457437185
1269506712144195584
1269506601087569920
1269506563712090113
1269506549334118400
1269506540375064577
1269506514219233280
1269506441766985730
1269506384439029760
1269506365153656834
1269506157690810369
1269505983795134466
1269505863896584193
1269505674867810304
1269505639971278849
1269505367492292608
1269505027493826562
1269504953883619328
1269504372368723969
1269503877264465922
1269503630769451008
1269503413378744320
1269503405082304512
1269503173917540357
1269503143357841408
1269503120159145986
1269503103004545025
1269503093403770880
1269503019584028673
1269502972511150080
1269502949727760384
1269502920225026049
1269502911832141824
1269502867942985728
1269502801639587841
1269502781217357824
1269502741505650688
1269502614179319809
1269502611343867904
1269502145243443200
1269501935247228928
1269501860869664768
1269501739209646080
1269501552756248578
1269501522393681925
1269501202087079938
1269501136286842881
1269501077684191238
1269500791334854662
1269500774310203394
1269500736133529600
1269500539403993088
1269500516431802368
1269500439592132609
1269500426258243584
1269500319089786880
1269500294968328193
1269500259865997312
1269500245353865216
1269500228169641984
1269499979535544320
1269499979170672641
1269499924288352256
1269499622436847616
1269499562332282881
1269499446301057026
1269499337001877505
1269499140230316032
1269499125948538882
1269499079060586497
1269499048186097664
1269498993387532289
1269498878585274368
1269498831714082817
1269498826060173312
1269498807017857026
1269498595671146496
1269498561361702914
1269498522161885184
1269498360710393856
1269498057156030465
1269497973806903296
1269497700078301185
1269497640967786497
1269497496067162113
1269497421500833799
1269497398721523712
1269497256329109504
1269497208845422592
1269497191338520580
1269497187613806592
1269497119422984192
1269496945048838144
1269496788261711878
1269496698729988098
1269496674281558017
1269496661128159235
1269496615028613126
1269496481335046145
1269496295816785921
1269496034457239552
1269496028576641025
1269495924373573632
1269495793418776577
1269495596236374016
1269495259521847296
1269494654635999232
1269494439761702912
1269494393494335489
1269494334774116352
1269494279367356416
1269494159317938177
1269494052065406977
1269493973489537025
1269493681842794496
1269493665170288640
1269493380222005248
1269493349746163712
1269493280900874245
1269493104043790336
1269493028579946496
1269493008304652289
1269492912989052929
1269492893678555136
1269492399866290177
1269492152394022915
1269492095426887681
1269492004838191110
1269491826349584384
1269491789985128448
1269491695860604928
1269491277940297728
1269491154854334464
1269491103432085505
1269490975484850176
1269490942618329089
1269490575289565184
1269490388160655362
1269490098128609280
1269489755214868480
1269489735526830080
1269489527539806208
1269489453023838208
1269489216196456448
1269489194428227584
1269489035380228098
1269488876181217280
1269488837308399620
1269488667162300416
1269488665178365952
1269488039698608128
1269487795120361474
1269487728934006785
1269487630665887747
1269487605059432449
1269487349848633345
1269487114229616642
1269487109523468288
1269487005756342273
1269486996193292288
1269486935933808645
1269486876265758722
1269486735483899904
1269486598212718592
1269486298450087936
1269486044778500096
1269485978894299136
1269485859541323776
1269485801907392514
1269485737210085376
1269485604112392193
1269485487980531713
1269485368446865409
1269485351292284928
1269485327011512323
1269484918834368512
1269484835334225921
1269484757122838530
1269484703565918208
1269484662616973315
1269484585437458442
1269484512402079747
1269484423470170113
1269484386564505600
1269484364582322176
1269484326812614656
1269484186294824960
1269484125574041600
1269484118833856514
1269483809168330758
1269483796455276546
1269483723071852544
1269483507950120961
1269483292535009281
1269483263460102144
1269483143762857984
1269483084845666304
1269482979748753409
1269482829475270656
1269482825830588417
1269482821195714560
1269482817613946882
1269482776182419457
1269482484703657984
1269482332056170499
1269481873698369536
1269481823626842113
1269481726457401345
1269481709994680320
1269481705540288519
1269481672204005378
1269481591476064256
1269481504981295105
1269481178441986049
1269481168447197184
1269481119008907264
1269481104937029632
1269481046606782473
1269480839546617858
1269480816469520384
1269480760303513600
1269480688283267072
1269480610621460486
1269480283365138438
1269480246002081793
1269480153605828609
1269480032394571777
1269479727628156928
1269479716752424966
1269479591325941760
1269479524628078593
1269479511294390272
1269479470982934533
1269479366704001025
1269479359385133057
1269479336844890112
1269479227847397382
1269478761877118977
1269478760169926657
1269478233403281409
1269478084891348998
1269478028872220674
1269477969476665344
1269477967115309056
1269477817487671297
1269477692086398976
1269477538092462080
1269477490390597635
1269477471851864064
1269477393095430144
1269477265450184706
1269477004316942336
1269476918748831744
1269476911861903360
1269476749475221505
1269476740931497984
1269476597817470977
1269476549176127488
1269476538145288192
1269476236297768960
1269476182380163072
1269476143029239809
1269476055162724352
1269475984509632513
1269475919552528384
1269475763469811712
1269475722499887109
1269475660159807489
1269475251814989826
1269475168172138496
1269475102237667340
1269475097947111429
1269474971665027072
1269474941075931138
1269474915746537472
1269474897295704067
1269474769868656640
1269474767779909632
1269474260193509376
1269474158406250496
1269473893586255872
1269473623254827008
1269473308681986048
1269473128553558017
1269473092889387013
1269473050740867072
1269473035830124545
1269472949423222784
1269472834822307840
1269472820045778948
1269472608862392322
1269472520584871938
1269472485524856834
1269472354851336194
1269472200869810179
1269472196667285504
1269472141763915777
1269472100269666304
1269472033852862464
1269471938361143297
1269471932270993408
1269471889925251072
1269471761319424000
1269471741048500224
1269471731799883777
1269471651319541765
1269471648412884993
1269471639252525056
1269471609829691393
1269471567748071424
1269471550106894336
1269471207939665920
1269471074221281280
1269470895438999553
1269470685308637185
1269470657672339458
1269470567624773633
1269470489585561600
1269470294579838981
1269470252057808896
1269470182147325957
1269470173846622215
1269470172718551042
1269470036491632645
1269470026714828800
1269470016895770624
1269469964907536386
1269469922813513728
1269469805498830850
1269469549100851202
1269469519409381376
1269469249690427393
1269469248235212800
1269469128626061312
1269468910627274753
1269468861885149185
1269468806818066432
1269468805362782208
1269468686114590720
1269468638005858313
1269468633924763650
1269468516635357184
1269468444732375041
1269468416446005248
1269468359336304640
1269468297411477505
1269468270085550081
1269468222618849281
1269468036643373057
1269467959841316864
1269467940912615426
1269467879927398402
1269467845546643456
1269467807344975873
1269467693515591681
1269467643322331136
1269467466964406272
1269467386652037123
1269467268171399172
1269467227390005250
1269467154207903745
1269467101212717056
1269467097358352385
1269467005490352128
1269466964445089793
1269466894253191173
1269466776842260480
1269466670306701317
1269466660756500482
1269466640732884997
1269466565461803008
1269466556339113984
1269466551410966529
1269466523363663872
1269466503935430656
1269466427859374081
1269466266953187329
1269466244224188417
1269466232215859200
1269466208711184385
1269466176981291009
1269466165019127808
1269466102649761792
1269465904032686080
1269465872013418497
1269465832591065094
1269465771106873345
1269465749468221440
1269465747690000385
1269465680795090945
1269465500779610112
1269465497998942214
1269465298559631360
1269465233971650561
1269465174630477825
1269465134751051777
1269465132129644544
1269464976928002048
1269464901522788353
1269464780504551425
1269464669321715712
1269464630352646145
1269464617534853120
1269464512219901953
1269464265758519299
1269464192349638657
1269464178269417473
1269464132182392832
1269463977089777665
1269463758025433093
1269463583231840256
1269463370010374146
1269463230621106177
1269463172446117891
1269463133502005248
1269463117542633472
1269463081027059712
1269462693452357635
1269462611952898049
1269462427625799682
1269462426128433152
1269462356213616640
1269462040168595457
1269461937101955073
1269461709183315969
1269461685766688769
1269461594431352836
1269461444346740737
1269461443499356161
1269461344190939136
1269461317280301061
1269461282756886529
1269460937414709249
1269460912932560898
1269460871438151681
1269460853373513728
1269460712419516416
1269460588150882305
1269460526918238209
1269460518856798211
1269460353303248896
1269460218532048901
1269459959307292672
1269459933784875008
1269459880257171456
1269459861042950147
1269459832282796032
1269459693568528384
1269459643249471488
1269459621111988224
1269459516795445249
1269459502589530112
1269459373841100800
1269459231914299395
1269459043946500099
1269459034748284929
1269458967903776768
1269458933837594624
1269458797166309376
1269458641456730112
1269458420979171330
1269458372513992709
1269458266351861765
1269458208546062338
1269458162366758916
1269457958552961024
1269457781985140737
1269457636514082816
1269457601978339328
1269457570181373952
1269457494373531649
1269457415382069249
1269457358473900032
1269457309559926786
1269457210494631936
1269457125455155200
1269457004856250368
1269456955002679298
1269456898958508039
1269456726257958912
1269456671262363648
1269456562533384192
1269456344647528449
1269456177319931908
1269456135368642560
1269456054917586944
1269455986135314438
1269455916174376960
1269455881206329344
1269455704932249606
1269455603082108930
1269455566105186313
1269455488233717760
1269455338152923136
1269455274508722178
1269455261116305411
1269455165851086850
1269454980429185026
1269454932849147906
1269454865648046081
1269454862955302913
1269454782399492096
1269454519869603840
1269454452332941313
1269454403410550784
1269454400382099456
1269454365745713152
1269454333768278023
1269454197587685378
1269454087696850944
1269454065739554817
1269453950295568384
1269453921480736771
1269453737405190144
1269453725321527296
1269453724696506369
1269453722804875265
1269453317660442625
1269453166694797319
1269453160910741504
1269453097417523201
1269453061417730048
1269452969784807424
1269452967725285377
1269452818869518336
1269452704243257347
1269452652246560771
1269452646215229442
1269452586542723072
1269452511104114690
1269452449657483264
1269452383681155072
1269452264776830976
1269452259835985926
1269452181490540545
1269452097046614018
1269452087957565448
1269452045792292868
1269451998434414592
1269451892696010752
1269451869287378944
1269451851402850304
1269451816858644481
1269451795107139586
1269451559038971904
1269451442634362880
1269451420018913280
1269451419121143809
1269451119077527552
1269450976999747584
1269450930958655488
1269450861085732864
1269450754294718466
1269450611357036546
1269450580449284102
1269450572920487943
1269450550187196417
1269450472903053313
1269450345526124544
1269450343794049024
1269450244435124224
1269450156031836160
1269450052512202753
1269450010342481921
1269449855157571586
1269449803089375232
1269449664413052928
1269449616552009729
1269449481063456770
1269449406408986624
1269449377740779520
1269449301274628097
1269449283196997632
1269449221016518658
1269449169581871105
1269449115764736001
1269449095409815553
1269449048467144706
1269448978116022272
1269448904409522176
1269448864140079105
1269448773857665025
1269448406608609280
1269448354204987392
1269448299553177600
1269448278279622657
1269448210822631424
1269448161610866689
1269447953460137984
1269447679798542337
1269447632608362496
1269447614229024775
1269447598324121600
1269447567378694144
1269447519672528898
1269447453507571712
1269447437325910017
1269447265661353984
1269447248309628928
1269447232866127872
1269447100753944582
1269447100015796229
1269447080407445504
1269446985662283781
1269446839066980352
1269446826916294657
1269446369900670976
1269446304381366273
1269446291601240064
1269446262790774787
1269446241944993792
1269446214321389569
1269445979305963520
1269445870191120384
1269445825823944704
1269445797893955586
1269445791577325568
1269445722082086917
1269445710426054659
1269445595271360513
1269445558177075201
1269445400785678341
1269445339221811200
1269445220074209280
1269445127472394242
1269444979946074112
1269444880981307394
1269444748290527232
1269444729583910913
1269444727767621632
1269444701922394117
1269444684310556672
1269444492094038017
1269444475539030016
1269444265391742976
1269444111037108226
1269444035804102656
1269443740294361095
1269443619020140544
1269443542247567361
1269443491534381056
1269443377248055297
1269443218803961856
1269443193562697729
1269443188357382144
1269443172741967872
1269443008375803905
1269442978512285697
1269442905518813185
1269442803941216262
1269442792666742784
1269442780331421698
1269442747221585921
1269442555969540096
1269442519978307584
1269442422024667136
1269442386729537538
1269442324649705474
1269442265111461893
1269442159448473601
1269442152809017344
1269441882045796352
1269441691154604033
1269441670015324161
1269441641477259265
1269441628210630656
1269441586967883777
1269441540234989568
1269441497859932161
1269441481707675649
1269441449583493122
1269441404826275841
1269441331899883523
1269441253323739136
1269441250912075777
1269441240761634816
1269441024931348480
1269440917112606720
1269440904785301504
1269440901299879936
1269440835839504386
1269440808517693440
1269440790805336072
1269440759213838336
1269440743690711040
1269440721825738754
1269440590535708673
1269440356829073408
1269440322666463233
1269440304903417857
1269440189593800704
1269439921590202368
1269439837075116034
1269439829470670849
1269439774093266944
1269439751121063936
1269439586712850435
1269439537694072832
1269439258915336192
1269439250182832135
1269439197494104064
1269439056317906944
1269438987103584258
1269438954736095232
1269438898456985602
1269438884527714304
1269438857503813633
1269438782467641345
1269438765690486785
1269438474987307008
1269438467253010432
1269438452191330305
1269438256052989952
1269438250445242368
1269438166693326848
1269438111676723201
1269438075656187904
1269438002452926466
1269437974405500928
1269437970576281600
1269437947880726530
1269437855295823872
1269437843702677504
1269437814833246209
1269437811288977408
1269437613309661184
1269437608469372928
1269437481721769985
1269437459357564928
1269437136802988033
1269437029852442624
1269436999993298944
1269436953214226432
1269436914349690880
1269436865339260929
1269436522517991430
1269436515060461569
1269436349272252416
1269436167893770243
1269436158531887105
1269436155050721280
1269436152471334914
1269436111849492483
1269436060951621632
1269436014050914304
1269436005049864192
1269435905649098754
1269435902788591616
1269435844835913728
1269435814271873024
1269435691106291713
1269435413971812354
1269435376864841730
1269435336976822272
1269435332392636417
1269435317943250944
1269435308468252674
1269435274938941446
1269435083947114496
1269434897606733824
1269434612930850816
1269434607205789699
1269434602659237888
1269434535516700672
1269434521851777024
1269434454147137536
1269434435646246912
1269434404360749057
1269434367035744256
1269434270587785217
1269434241349107712
1269434219241013250
1269434118971912193
1269433948565843969
1269433904282300417
1269433848921718784
1269433733569970176
1269433688648937473
1269433468229910528
1269433455198101505
1269433446167752704
1269433348285362177
1269433314731077634
1269433222443806720
1269433207629451265
1269433153405452296
1269433106777247744
1269433051161001984
1269432604966760448
1269432452239458306
1269432368865165313
1269432320299200512
1269432313655377920
1269432232197918721
1269432135661817858
1269432129588527106
1269431939200618496
1269431838352855040
1269431787618525189
1269431758489030661
1269431754282217478
1269431721826504704
1269431693032730624
1269431687248822274
1269431640633286656
1269431633100320777
1269431600774701057
1269431568008769536
1269431456675377153
1269431419782279168
1269431273501663232
1269431052801638403
1269430915480068096
1269430813118119936
1269430772487860229
1269430744868220931
1269430701654511616
1269430688018825216
1269430501313597440
1269430460846706688
1269430430001963011
1269430416680931330
1269430268772917248
1269430202582446081
1269430031308124161
1269430012266061824
1269429995396648960
1269429981609897984
1269429830724063238
1269429801783226368
1269429789716295680
1269429779565907968
1269429757369675777
1269429755675213824
1269429710548881408
1269429616902639616
1269429458869469185
1269429422710566918
1269429397146210305
1269429338652512259
1269429231953600513
1269429133752201218
1269429121534373890
1269429039313432576
1269428957209919489
1269428912146300930
1269428887387340806
1269428875001507847
1269428840721457158
1269428774686330880
1269428741945487361
1269428734249050112
1269428670881464320
1269428662035795973
1269428570495082499
1269428514077409280
1269428411082121216
1269428361866219520
1269428323760795648
1269428229892440064
1269428227308650501
1269428170706558976
1269428068403331073
1269428031938068480
1269427949263966208
1269427947825496065
1269427907409125377
1269427823401332736
1269427728240922625
1269427705654784001
1269427626755493890
1269427586322612226
1269427513626935296
1269427500150644738
1269427322324750337
1269427316394004480
1269427287344250880
1269427228791771137
1269427193127399424
1269427181140078593
1269427130053660673
1269427118846468097
1269427102429990915
1269426991624867845
1269426752167780358
1269426379151433728
1269426360390504450
1269426356590346242
1269426303020736512
1269426271265730560
1269426196409987077
1269426168417136641
1269426128239955969
1269426119993942018
1269426065023344641
1269426050544529414
1269426049445777412
1269426025026301952
1269425992440954880
1269425976011747329
1269425962611073025
1269425961717633025
1269425866569846790
1269425829416763393
1269425711363706881
1269425674315595776
1269425616824274946
1269425606296469504
1269425589225754627
1269425513480826880
1269425503448059904
1269425401467723779
1269425302972837888
1269425241027039232
1269425238640640003
1269425145548070912
1269425112765235201
1269425107153358851
1269425104456347648
1269425094113165312
1269425083270955008
1269424970280480768
1269424835265994752
1269424733495472130
1269424688243060736
1269424661114298368
1269424614079373313
1269424594865315840
1269424585256157185
1269424439466307584
1269424405597302784
1269424195739496452
1269424154450722816
1269424139057664000
1269424065279938560
1269424028718071808
1269424002281304065
1269423899810377728
1269423841018871815
1269423821531918336
1269423727340515328
1269423596214063106
1269423500600713222
1269423480853934081
1269423476642848768
1269423451632054272
1269423287357992960
1269423259034030085
1269423253321285633
1269423110371098628
1269423077441646598
1269423015135047681
1269422962026754048
1269422780698763264
1269422752928153600
1269422715921772544
1269422678785560581
1269422605146062848
1269422504097067008
1269422261330534401
1269422240866529280
1269422096091942913
1269421937748398081
1269421934078578690
1269421918156992512
1269421881486184449
1269421871142973440
1269421522378280962
1269421466782662656
1269421463188070401
1269421348570329091
1269421269222637574
1269421247236116480
1269421224867909633
1269421172954927109
1269421116679954434
1269421098661302273
1269421041639710726
1269420979727540226
1269420874274426887
1269420781001293824
1269420599748759553
1269420540789432320
1269420392554196992
1269420321641201665
1269420161188032512
1269420056074768384
1269419857184841728
1269419851916943362
1269419748510457856
1269419735516659712
1269419645125169153
1269419622299648000
1269419524459290624
1269419484076531712
1269419472298946560
1269419451730059264
1269419435275759616
1269419428879441920
1269419394758737922
1269419327117307914
1269418979195584513
1269418773062258689
1269418766930247682
1269418658935308288
1269418636034420739
1269418607370555392
1269418607223726081
1269418519265005575
1269418495332188161
1269418441565405193
1269418412134084608
1269418280093016065
1269418277278605313
1269418245771141124
1269418220668280833
1269418166477824002
1269418098186235905
1269418090346934272
1269418065252487168
1269417961246330880
1269417959908192257
1269417868208242689
1269417814676430849
1269417677061337089
1269417622585651201
1269417466943471622
1269417409934503936
1269417383971651584
1269417337209454593
1269417249456164867
1269417230510456834
1269417120443650048
1269417066009784321
1269417060565766144
1269417056484626436
1269416958891524099
1269416899462467586
1269416838737399808
1269416813751939072
1269416767392288773
1269416693933256706
1269416682096922626
1269416650736091136
1269416630095876096
1269416559199617025
1269416463846330374
1269416353951334400
1269416285647093761
1269416245507633154
1269416237769068547
1269416166512099330
1269416019270959105
1269415810650554369
1269415797799170049
1269415778912292864
1269415650126180352
1269415638646370312
1269415630526169089
1269415572925747202
1269415509356949504
1269415496845312000
1269415471905939458
1269415410035838976
1269415160185270274
1269415140761493505
1269415101246783488
1269415077335220224
1269414851731996673
1269414832165584896
1269414798011269122
1269414757863436290
1269414689198440448
1269414586224001024
1269414564564799496
1269414498210910208
1269414425334874113
1269414399187574784
1269414396062838787
1269414319164469248
1269414281063411712
1269414142743633920
1269414118961930241
1269413995817193475
1269413942683750401
1269413931111473152
1269413924887310337
1269413912342036484
1269413875088330754
1269413868935057408
1269413861528043520
1269413791780835329
1269413645848580096
1269413594522763264
1269413550130368512
1269413546992992261
1269413460871430145
1269413380491825158
1269413238053244930
1269413224778289154
1269413209674518529
1269413095656632321
1269412877192105985
1269412837908025344
1269412785022214160
1269412784669941760
1269412736452063232
1269412658287165442
1269412594223394816
1269412568755560450
1269412535683493893
1269412377189068801
1269412221655932928
1269412174549733383
1269412163174707201
1269412131591446530
1269412005473067009
1269411967640367104
1269411896534249474
1269411856055185410
1269411812560326658
1269411718054043648
1269411678589988866
1269411665503756288
1269411557693423616
1269411472527855616
1269411437681631234
1269411392156651520
1269411361513107456
1269411353757978627
1269411332505235457
1269411275886546944
1269411260782776320
1269411185654476800
1269411119959027712
1269411093904064513
1269411041382981639
1269410923262947329
1269410803628642304
1269410793726136320
1269410598179221510
1269410597478625281
1269410566105436160
1269410555875524614
1269410531074543618
1269410488099766278
1269410448165801985
1269410423004180483
1269410391114711041
1269410381363118080
1269410288299900928
1269410223116050432
1269410184268562441
1269410171983327233
1269410131852263424
1269410076147748864
1269410056396660736
1269410023022694401
1269409795175600128
1269409662245335040
1269409590048948225
1269409558516183045
1269409429704765441
1269409411858157571
1269409409744072706
1269409374469906441
1269409240512368643
1269409157284868096
1269409146710880256
1269409047683518465
1269408814606045184
1269408803168100359
1269408674809810951
1269408613677719552
1269408581356589058
1269408580773519362
1269408531859431424
1269408507465367553
1269408480525516802
1269408460640321536
1269408358181875713
1269408345728958464
1269408326078562304
1269408271808573446
1269408231400636416
1269408226329546752
1269408216003293190
1269408193320382464
1269408171216515072
1269408128707072000
1269408095760822272
1269408022994079745
1269407836485885953
1269407809839521792
1269407792827371521
1269407724950835200
1269407669967712256
1269407648195186688
1269407601747472385
1269407498185965569
1269407268174430210
1269407227321806848
1269407109663375360
1269407094911971332
1269407086644953089
1269407082295558145
1269407064541073408
1269406914754023425
1269406840674308096
1269406731693699073
1269406710185242624
1269406649527066624
1269406587749167105
1269406553746010113
1269406541616230400
1269406502609137666
1269406430471151616
1269406311227277312
1269406280327802880
1269406274170556418
1269406262845820928
1269406179538550784
1269406147884150786
1269406126447235072
1269406086609514498
1269406045786370053
1269406020079583237
1269405985912680448
1269405920494268416
1269405893394862083
1269405834481713154
1269405827992977408
1269405811874369538
1269405777019564033
1269405754081062914
1269405648330031105
1269405619976654851
1269405564980903936
1269405559490359296
1269405503110762497
1269405481698643968
1269405429584605185
1269405390657200134
1269405378665644032
1269405355647184898
1269405331173629953
1269405131977752576
1269405122733289472
1269405092119220224
1269404989996306436
1269404897742643206
1269404868688650242
1269404786761187329
1269404780285382661
1269404760110780417
1269404652602261504
1269404576379174913
1269404563825733633
1269404488890187776
1269404397106270208
1269404393759281152
1269404349735809026
1269404243364057090
1269404226704355328
1269404162862616576
1269404090942939136
1269404013155332097
1269403991001227270
1269403933442744320
1269403924957556736
1269403917466701825
1269403880816852993
1269403789221478400
1269403763615256576
1269403755289722889
1269403702944608256
1269403649744285697
1269403545125650432
1269403270650437633
1269403236928192514
1269403206733271041
1269403034406334465
1269403011220209666
1269402978101985281
1269402971512672256
1269402961228292108
1269402899915784192
1269402780378300426
1269402660735680517
1269402413498109952
1269402390077243397
1269402342497103872
1269402315821203457
1269402269549764616
1269402230119108611
1269402195952308226
1269402169020686341
1269402122610716672
1269402064280530944
1269402005879078914
1269401934068215809
1269401865348943873
1269401709752844289
1269401641775534080
1269401555465236480
1269401547558940672
1269401493251264513
1269401466005000192
1269401459617075207
1269401451803131908
1269401414955962368
1269401392487321600
1269401339701997570
1269401304629014529
1269401295888113665
1269401205966548994
1269401138325061634
1269401083807281152
1269400813224579077
1269400770425884678
1269400624338292738
1269400594197987328
1269400593807880194
1269400538900242436
1269400507078098944
1269400476052795392
1269400416455995394
1269400403579490305
1269400325661884416
1269400302421184512
1269400240030801920
1269400146271502336
1269400063635267584
1269400051412955137
1269400045440438281
1269399990067097600
1269399987563098112
1269399940880642050
1269399848098430976
1269399822261338113
1269399532434894849
1269399459965947906
1269399416160559104
1269399167585193985
1269399024819335168
1269398990119895040
1269398977738428417
1269398963582578689
1269398914349883392
1269398886008881152
1269398876546629636
1269398867864420353
1269398763413667840
1269398762063085569
1269398723962064901
1269398686548844545
1269398610418044930
1269398580382633986
1269398414892154886
1269398394197413891
1269398363235115008
1269398206112301061
1269398169911201792
1269398122066665473
1269398116974936068
1269398105067307008
1269398100726222848
1269398023576055809
1269397960175038465
1269397941988601863
1269397940273061888
1269397902272667648
1269397741467316224
1269397700438454273
1269397647183544321
1269397615206072321
1269397591936073731
1269397531806629889
1269397481793613824
1269397431529156610
1269397395487494145
1269397371408060416
1269397360070844416
1269397270971252741
1269397137894322177
1269397116738134016
1269397107003273216
1269397086493126656
1269396992322609152
1269396964896133121
1269396951281344512
1269396879856590851
1269396848021815297
1269396841260560384
1269396815951966209
1269396804363153408
1269396784989626368
1269396773589696517
1269396676156014596
1269396517338611714
1269396402594971653
1269396374098976768
1269396363806113793
1269396348165672961
1269396234113921026
1269396183765733376
1269396128098852866
1269396116988137478
1269395939795578886
1269395904882147329
1269395704692310016
1269395642448740356
1269395639600844801
1269395594382016512
1269395561087713288
1269395509724286976
1269395497481109506
1269395459518468099
1269395452383973378
1269395429290127364
1269395418808553472
1269395399296548864
1269395383240716289
1269395369659686913
1269395334364569601
1269395235559407616
1269394738261577729
1269394626512740352
1269394588642406400
1269394580920811520
1269394386263183360
1269394344772943872
1269394147670216706
1269394106377068544
1269394106079477766
1269394065084297220
1269394064283140096
1269394005521022976
1269393957353590784
1269393893893816320
1269393813166067713
1269393812079730688
1269393630827089920
1269393568076005376
1269393546076807168
1269393449222123523
1269393412924440576
1269393252567801856
1269393204379635712
1269393167100588032
1269393156560338945
1269393099559563264
1269393085324242944
1269392998309269504
1269392984472276995
1269392860748623880
1269392810836480008
1269392807736811523
1269392803961896963
1269392779744067586
1269392765974085633
1269392765269553161
1269392762711015425
1269392727596314625
1269392711133605888
1269392698131329024
1269392639432036352
1269392530430361606
1269392520620003330
1269392504526262272
1269392503876333568
1269392461580943361
1269392369415262208
1269392250167005184
1269392237210726401
1269392188426858503
1269392051860275201
1269392051033997312
1269391945857675270
1269391837032112128
1269391814978605062
1269391813464514562
1269391729712672768
1269391697689153537
1269391671323656195
1269391526725144577
1269391518835539968
1269391436128169984
1269391426368016385
1269391391702089728
1269391375902085121
1269391230036738048
1269391121467215873
1269391034087243782
1269391021583945728
1269390908912517122
1269390871071522816
1269390739189796864
1269390678561300481
1269390458465157121
1269390433974509569
1269390425162485761
1269390325425922049
1269390293134163968
1269390004868046848
1269389965768654848
1269389885154131976
1269389867521380352
1269389828174610432
1269389797593960448
1269389770905522177
1269389517338947584
1269389513467592705
1269389464113229824
1269389349361197056
1269389331329806336
1269389311956434948
1269389308739366915
1269389286899691523
1269389179298988037
1269389116182913024
1269389098130845696
1269388986281275396
1269388943268679680
1269388887866118145
1269388884900798465
1269388875115507714
1269388821420019719
1269388717489377281
1269388609238466562
1269388570399293441
1269388553336872963
1269388416237670408
1269388316509601796
1269388104831578114
1269387987470749696
1269387952741855238
1269387952611831812
1269387797313380352
1269387776027430924
1269387755529932801
1269387678660902914
1269387653163757569
1269387564059893768
1269387540500369409
1269387494929416193
1269387461400068096
1269387204658331648
1269387196483723264
1269387154955931651
1269387143387836416
1269387099582554113
1269387086664273920
1269387079840157696
1269387068007997445
1269386908557287424
1269386853834203136
1269386795088859139
1269386736783839232
1269386653484843013
1269386644030984193
1269386576196501504
1269386513328099331
1269386511637778433
1269386490984796160
1269386456738533377
1269386452254818304
1269386426598281216
1269386403957182464
1269386363394232323
1269386363251625986
1269386284952420353
1269386205805916171
1269386177666256898
1269386163980251136
1269386090932326400
1269386062310375425
1269386035374538753
1269386030504751105
1269385972355076105
1269385928734396418
1269385903853768706
1269385883687555074
1269385882781413376
1269385839970263041
1269385820550529026
1269385813953064963
1269385690455977985
1269385675352260611
1269385561619550209
1269385483727052803
1269385453607825408
1269385305267884034
1269385289530777602
1269385254525177857
1269385189907591168
1269385152121184259
1269384959338385408
1269384756489314304
1269384704140152832
1269384702684782593
1269384633763807232
1269384624079171586
1269384576566165510
1269384534648217602
1269384472916566021
1269384330465419265
1269384236152377345
1269384191872991232
1269384080715665409
1269384050982125568
1269384040697729025
1269383988516274176
1269383812959490048
1269383444594692097
1269383378308079620
1269383287090413568
1269383277900677120
1269383164411199490
1269383071385751558
1269383059125800966
1269382972391686145
1269382881614483457
1269382812144152582
1269382797237669890
1269382758377365507
1269382754673795072
1269382712391012352
1269382641322733569
1269382500087889920
1269382490017239040
1269382444689633289
1269382377589137411
1269382366830776326
1269382330432487425
1269382223821770755
1269382204833927168
1269382159887982593
1269382119249379332
1269382057873928192
1269381964357873665
1269381924348403719
1269381881109364737
1269381874981523458
1269381788637503488
1269381712296976384
1269381712183787520
1269381701278543872
1269381591773728770
1269381572475719686
1269381493840924678
1269381463356645376
1269381444935331840
1269381400739942401
1269381385552162816
1269381218782633984
1269381180165627911
1269381149131931650
1269381069888983050
1269380950237917184
1269380940985491456
1269380916612341762
1269380737452695555
1269380611170603009
1269380603058753536
1269380535840845826
1269380441850724353
1269380385185488896
1269380382119452672
1269380381402443776
1269380188200198145
1269380018666430464
1269379955458277377
1269379933211471872
1269379912919666700
1269379848377470977
1269379832896524288
1269379775417724930
1269379762906112002
1269379759345197056
1269379758367932417
1269379755985514496
1269379677036187660
1269379588221788162
1269379522706714630
1269379494596485122
1269379464082812931
1269379363662737409
1269379356511498241
1269379317168996354
1269379305169195008
1269379220813176832
1269379200672292867
1269379193785245696
1269379174948573185
1269379143290032128
1269379103087525888
1269378881880031240
1269378814515306507
1269378695166169088
1269378686593257474
1269378595551657984
1269378553335988237
1269378480308981760
1269378468673978369
1269378358636314624
1269378186724417541
1269378086690316291
1269378018281127936
1269377991550865412
1269377923326398467
1269377860214517764
1269377799325986825
1269377696619999236
1269377673287139337
1269377642324615169
1269377555519463426
1269377447151104005
1269377438590607361
1269377364527656960
1269377233199730689
1269377194075226113
1269377154464321540
1269377149695393795
1269377053868113920
1269377034674941953
1269377013187477505
1269376968077660162
1269376945206239238
1269376943650222082
1269376942098300938
1269376940164685824
1269376805686910981
1269376779761922048
1269376747486789639
1269376574522044420
1269376555895136256
1269376497585844225
1269376431043350529
1269376351993241600
1269376328773632000
1269376302118629376
1269376284410421250
1269376225958670337
1269376116017565696
1269376111298916359
1269376107742019584
1269376035730137089
1269376012409868300
1269375927437451265
1269375908655140864
1269375847737196545
1269375842284642307
1269375816103866369
1269375792141578240
1269375775289085956
1269375748856414208
1269375615783895043
1269375540974301184
1269375518060806144
1269375512448770050
1269375480500588544
1269375424678821894
1269375309670834176
1269375260622807040
1269375258819256328
1269375181782278144
1269375151545765891
1269375132373573633
1269375125859647488
1269375105144180739
1269375097548296192
1269375084311064576
1269374971240947713
1269374621343571968
1269374563407859713
1269374533078863873
1269374460311801862
1269374445065400320
1269374412471644165
1269374412404461568
1269374406901600258
1269374316807958532
1269374302324838400
1269374257680785415
1269374177619910660
1269374168988094467
1269374108019486720
1269374035906920449
1269374005686996992
1269373997248139265
1269373920664154113
1269373899503996930
1269373897113247744
1269373841467494402
1269373799910330368
1269373724886614016
1269373633278947332
1269373619068600327
1269373610961129473
1269373605391093762
1269373591684100098
1269373559144542209
1269373510687715328
1269373508230041601
