1278070802768855045
1278070684502106120
1278070615921090560
1278070557112766464
1278068692564103168
1278068067147362307
1278067747914645506
1278066932810420228
1278066648126124032
1278066164564996098
1278065900336316416
1278065776423866368
1278065453684924416
1278065034367774721
1278064791781851140
1278064651088072713
1278063696971993088
1278063534350401536
1278062593551319040
1278061840132476928
1278058069747019777
1278057848283394049
1278057320304558082
1278057051315462145
1278056732166586376
1278055414626746370
1278054812542738436
1278054807383793666
1278054737867411456
1278054664282529792
1278054570074296326
1278053826403196928
1278053762465255426
1278053687479468036
1278053612946587648
1278053522513289225
1278053001127747587
1278052624177213440
1278052567247921161
1278052495491837952
1278052422930370560
1278052345704853507
1278052257695780865
1278051755427758080
1278051548686360577
1278051357346455552
1278051073631059968
1278050893141868545
1278049864769830914
1278048753186897921
1278047341069717505
1278047230708953088
1278046212663451649
1278045923721924608
1278045517319036928
1278045333868724225
1278045296522489856
1278044863007649792
1278042365425602561
1278042189067624450
1278041814470144003
1278041592625053697
1278041167179812864
1278040675947122689
1278040549069656064
1278040488986046464
1278040371491209229
1278040193681907714
1278039021348745216
1278038748006092805
1278038666712166404
1278037620069675015
1278037291659902983
1278037250035666946
1278036868135714817
1278036447132389376
1278036051118796800
1278035815428263936
1278035117588516870
1278035068988977152
1278034817532166144
1278034804672540672
1278034566465404928
1278033964201127939
1278033400344064008
1278033386544791558
1278032488233869313
1278032119541923847
1278029897781465088
1278029755514789897
1278029624518336514
1278026795569348608
1278026254151823362
1278026041471102977
1278025173975945217
1278024784090206209
1278024755640180736
1278024185701380103
1278023709886787584
1278022857612820483
1278022448206790656
1278020837786955777
1278020625366495233
1278020332968980483
1278019398129856512
1278019342513451008
1278019305947496448
1278019256630870020
1278019109666643969
1278019030448779264
1278018957665087493
1278018866040487936
1278018783018389508
1278018701850292225
1278018585592500225
1278018468424663041
1278017083079614464
1278017008106450945
1278016970949111816
1278016924027441152
1278016844457181185
1278016759728087041
1278016671316353024
1278016575812108291
1278016479020154880
1278016364356276225
1278015437574463490
1278015077061472256
1278015017359638528
1278014944462716930
1278014910467801088
1278014848933212161
1278014755899346944
1278014734248230912
1278014304474722304
1278010994518708230
1278010438526160897
1278009117425258496
1278008809114546176
1278008170267410437
1278007283637772288
1278004072772141057
1278002978507632643
1278002834764693507
1278002758063439872
1278002136618590208
1278001065703735296
1277999526737932288
1277998748065546241
1277998284288688134
1277998232921083906
1277997843056386050
1277997338297057282
1277997151554088960
1277996739224457219
1277996624237793280
1277996229121712131
1277995431537057792
1277994481577455618
1277994327785066496
1277993838083108865
1277993600501112832
1277992833283002368
1277992626994569217
1277992072360927232
1277991871579488257
1277991737558958080
1277991552049127432
1277991508944097280
1277990637539856384
1277990470724001794
1277990337873612800
1277990255354929152
1277989877733298176
1277989099459182595
1277989098188242947
1277988486096830467
1277987003779502082
1277986415691943936
1277985202225152000
1277984280065474560
1277981921876668417
1277981863143825410
1277981431298355202
1277980863523774464
1277980773497237507
1277979249136136192
1277979124619898882
1277977779095527429
1277977440313151495
1277976983792578561
1277976292860649480
1277973400519012352
1277972874393870346
1277971314746130439
1277971045941514240
1277970270846763008
1277969916402872325
1277969820231667713
1277968585894227968
1277966995883843587
1277966484568854529
1277966181224177669
1277965716939960327
1277965702247243784
1277965646907621389
1277964131706925058
1277962930827300872
1277961820599226373
1277961710536503296
1277960041719459841
1277959188887605249
1277959063276527618
1277959025208946690
1277959014035460097
1277958661831352321
1277958298369736705
1277957479066824705
1277957454756638723
1277957411475582980
1277957317619679234
1277957225726611458
1277957199847993344
1277957146752106498
1277957063847456768
1277956940954402824
1277956833135624193
1277956674305822720
1277956596165943296
1277955683808239617
1277955608180715520
1277955533241307137
1277955528958894086
1277955441591570432
1277955320464228352
1277955214885171200
1277953886649757696
1277953692537323520
1277953036258861056
1277951332167684096
1277951268183572482
1277951186629468161
1277951079641231368
1277950985651044353
1277950951475855361
1277950861575106560
1277950760215613441
1277950583173976064
1277950554006790145
1277950471353716738
1277950300029095937
1277950297969754112
1277950070785179650
1277950052980359169
1277948346666291200
1277948263862161412
1277948201954234368
1277948146006581249
1277947854812663813
1277946785021997058
1277946753157722112
1277946726566027264
1277946705628053504
1277946625525153794
1277946624556191744
1277946540301090830
1277946465927790594
1277946447036420096
1277946368800284674
1277946357978783746
1277946148288786432
1277946033868206081
1277945808810172416
1277945620687278080
1277945538197897216
1277945425048162304
1277945267497496577
1277944733512458240
1277944673336786945
1277944598011273218
1277944529685970945
1277944424258064384
1277944308356743169
1277943818524950530
1277943442849460225
1277943438147805184
1277943338025603072
1277938584817815553
1277938422917685248
1277938225940623365
1277937056379834370
1277936876330967041
1277936783792246784
1277936727924117504
1277936655882649601
1277936584105615367
1277936576668921856
1277936513062330368
1277936481257115650
1277936024144932865
1277935509659176969
1277935221392969728
1277935108230651904
1277935050546446337
1277935021039292418
1277934968614924288
1277934897584377860
1277934815019520003
1277934736653123585
1277934654587310081
1277934548320428032
1277934167402188802
1277933490705698816
1277932518361247744
1277932458965716992
1277932373586448385
1277932285434769409
1277932204098715648
1277932121601060864
1277932012570107907
1277930902769799169
1277930842166308867
1277930764643053568
1277930680136216576
1277930548833419264
1277930546165878785
1277929753517780994
1277929661750743040
1277929495048134657
1277928599320956928
1277928537194987525
1277928466894258181
1277928394823532544
1277928314250891264
1277928214678179840
1277927441151950849
1277927203552944131
1277926731794579458
1277925660187668481
1277924114317979651
1277924015722594311
1277923282302521349
1277922941867405314
1277922933772554242
1277922868656046080
1277922793322098688
1277922714397880320
1277922635951808514
1277922534126768128
1277922430019948544
1277922219348365313
1277921917387845632
1277921590865350657
1277921387810881536
1277921319993200641
1277921240255205376
1277921161163280384
1277921081878368257
1277920991176470529
1277920893012934656
1277920538048917507
1277920409422196738
1277920240962203648
1277920039270846464
1277920038180327424
1277919977530630144
1277919868352937987
1277919773490384898
1277919673313607680
1277918603338289152
1277918403374743558
1277917668348223488
1277917608315179008
1277917513444139008
1277917435472097280
1277917347324530688
1277917264617115649
1277917183084027904
1277917085809721344
1277916981468037121
1277913884788240385
1277913147857305601
1277912420464427010
1277912046881910784
1277911505200168961
1277911060276752384
1277911054832582657
1277910109176422400
1277908730554834953
1277908453814439936
1277908372117954561
1277908232028200960
1277906779335127040
1277904725053247488
1277904533746782208
1277903870149214208
1277898818885910528
1277898810870640641
1277897927739015168
1277897543033094145
1277897186135531520
1277896136620154881
1277891666498576384
1277889139543695364
1277888866691584000
1277887067125624832
1277886728909606912
1277886594511446017
1277886238998114305
1277880376761950210
1277878866044833792
1277878807332978688
1277878698666897409
1277878613228961794
1277877460139270145
1277876785120600065
1277876419071053824
1277876355871490048
1277876248568451072
1277875623147397120
1277875029544321025
1277873402905104387
1277873395640737792
1277872932392321024
1277872643681579010
1277872608512376832
1277872467910881280
1277872223911464965
1277871079038447616
1277870750456623105
1277870622480031744
1277870235991736322
1277870115984269312
1277870111462809600
1277870028449148935
1277869814476759041
1277869765021687809
1277869446082686977
1277869289463111680
1277869176657285120
1277869084130996224
1277868571637329921
1277868032212295682
1277867899441610752
1277867215006515201
1277867203824517120
1277865691106836480
1277865530372747264
1277861998617931776
1277860339112128512
1277859058951700480
1277858912268500992
1277857765382381569
1277856953746681859
1277856917172310016
1277855994903760896
1277855287785865217
1277853241196199937
1277852714739761152
1277852703767453696
1277852361684185090
1277852059501551616
1277851964596981760
1277850786844696576
1277850309914578944
1277849509129682944
1277848827744018432
1277848056923291648
1277847220386017280
1277845146416099328
1277844899157512198
1277844628327157760
1277844498270355458
1277843192507822081
1277843037540872192
1277842656937283584
1277842632618708992
1277840575434297344
1277840179450052608
1277839267985842176
1277837948461830144
1277836817451167744
1277835725656989702
1277832597192785920
1277829778901475330
1277828551354593282
1277827965393473536
1277826751125532672
1277825656147939328
1277824536910499840
1277822670650978304
1277821644761755649
1277819548930961409
1277818537072119809
1277818426346532865
1277817842813919234
1277817803953909762
1277817416437821440
1277816345376239622
1277814880897249282
1277814191043358723
1277814150652141568
1277811720401162240
1277811545062477824
1277810648127352832
1277810638111166464
1277809490260189184
1277808533036249090
1277806209861652480
1277805392152727552
1277805139860938752
1277804523545755654
1277804020070055937
1277802737816596480
1277802467413995520
1277800634209558529
1277800338506969088
1277800068683378689
1277799635940020224
1277798369436422147
1277797132217380864
1277796661008519168
1277796438655844352
1277796202294022144
1277794558298845185
1277794489109790721
1277793586973638659
1277793463480848384
1277792682144706561
1277789648094404609
1277789629765218305
1277789234896572416
1277788627439775746
1277787763262324737
1277787223157596160
1277785818162176006
1277784269474140161
1277782505664307200
1277782383249379328
1277781810399887360
1277780359812448256
1277779985827274752
1277779925207076873
1277779743379603456
1277779659921461248
1277779188846489601
1277778789544660992
1277778733642981376
1277778631834697728
1277778455107641344
1277778403316416512
1277778193399906304
1277778156959657986
1277778137707876353
1277778083530113024
1277778000407408642
1277777993998282752
1277777795737845762
1277776855760646147
1277776687640350720
1277776532375695360
1277776494039891968
1277776162249269248
1277776119752798208
1277776086248480769
1277776033970655232
1277775617698811905
1277775519581450241
1277775249870925824
1277774974275645440
1277773904119869440
1277773853306085376
1277773805767843840
1277773112893988865
1277772286796263424
1277772213219766277
1277771716714885126
1277771536032608256
1277771363323797505
1277771332202057728
1277771082808741893
1277770900352299008
1277770766314901506
1277770700011433984
1277770646626291712
1277770559279919104
1277769902896697344
1277769591612157953
1277769115147669504
1277768374617927685
1277768328740769794
1277768053841952768
1277767979854262273
1277767857456050176
1277767826175123457
1277767761813479430
1277767697984417792
1277767614903783424
1277767600617844737
1277767525883736067
1277767504518053892
1277767404634779650
1277767307322732544
1277767303896027137
1277766811229061121
1277766672305307648
1277766040064266245
1277765605655863297
1277764558526902273
1277764209707606016
1277763570143334400
1277763059738648580
1277762946266025984
1277762881170309122
1277762665973272583
1277762650194284553
1277761997640212481
1277761495586222080
1277761341755846656
1277761202349883392
1277761195647422479
1277760721447784454
1277760365720461312
1277760034626138113
1277759410920701952
1277758482184196097
1277758141065822208
1277757963231428608
1277757510942732288
1277757504706011152
1277756529412734976
1277756323711668225
1277755972438634496
1277755923034001408
1277755710944788480
1277755558867513345
1277754918753972227
1277754618907254784
1277754268985053185
1277754155214475265
1277753723159302146
1277753537804582912
1277753134903894022
1277752888597438464
1277752773455593477
1277752107374911489
1277751430028439553
1277750972631191552
1277748977228746753
1277747172403019776
1277746954819129345
1277746825437511681
1277745563816132620
1277744270334713859
1277744218312544256
1277743979979780097
1277743151818498048
1277743072969781248
1277742931797925890
1277742682782253063
1277741761054429185
1277741257981341698
1277741233562095616
1277739115304239104
1277738844889272322
1277738736944664577
1277738451954262017
1277737749433417728
1277737290614231040
1277736368085643265
1277735806178820098
1277735057743122434
1277733408139927554
1277733203164270595
1277733038751916032
1277732234217369604
1277732045956042753
1277731527636516865
1277731248190914560
1277731148668571650
1277731067588296706
1277730770174517248
1277730272386015232
1277729252863995909
1277728607763390464
1277728300111204356
1277727337472196608
1277726935750082560
1277726688344977409
1277726474922057728
1277725760900431872
1277725705372131329
1277725641799094274
1277723733441032193
1277723416938926082
1277722386863964160
1277722234526879745
1277722016347348992
1277721625564250112
1277718151069908996
1277718072045047809
1277717803399884800
1277717332312207361
1277715279955537923
1277714545528713218
1277714245917052929
1277713757221912581
1277713475834466305
1277712150643961856
1277711268263137281
1277711049844838402
1277710652317011969
1277709646443302913
1277709244725329921
1277708985156751362
