1290754011545640963
1290753532631621634
1290750932746149890
1290750822377123841
1290750647105716224
1290750408642580480
1290750017976893440
1290749408708038658
1290747526396686342
1290747134699016192
1290747120237121537
1290745231793704961
1290744790900862976
1290741875750645764
1290739739147075594
1290738666416070658
1290735596567179266
1290734929396011008
1290734467242319873
1290734400494350336
1290733795717644288
1290732309516152833
1290731570899439616
1290731568940691459
1290731053259223041
1290730808706248706
1290730070722654213
1290729514150924289
1290729500519608326
1290728596680695811
1290726753976094722
1290726097043087361
1290725964293574658
1290725925789880322
1290725870743814144
1290725822463193091
1290725772534190082
1290725722085109762
1290725671749246977
1290725614132039688
1290725562533765121
1290725511916814343
1290725461652320265
1290725447777607682
1290725408317595660
1290725347676299264
1290725298598825984
1290725241090605063
1290725177916116995
1290725126015717377
1290725066238504961
1290725009510617089
1290724957916467200
1290724903751229447
1290724845798531072
1290724793717858304
1290724737509810176
1290724676440924160
1290724610145685506
1290724548925632514
1290724488674508803
1290724428205240320
1290724362157522944
1290724244213633026
1290724156707872768
1290723959885803520
1290721121566748672
1290720422699372545
1290720160622542850
1290720111532421126
1290720076824547328
1290720065814499328
1290720013167538185
1290719957114912769
1290719754009878528
1290719704101916675
1290719654651088899
1290719603769905158
1290719554243637248
1290719504633405440
1290719460211462145
1290719412014796801
1290719342166933504
1290719290417713152
1290719232355901442
1290719210449108992
1290719162160025602
1290719039304732675
1290718983575011328
1290718926440206337
1290718863554945026
1290718806550228993
1290718748333297670
1290718692960067584
1290718636777316355
1290718519219359746
1290718469160411136
1290718417645907971
1290718298548645888
1290718241820737538
1290718207750348800
1290718175487758337
1290718011511504902
1290717955630796800
1290717882113024000
1290717855957344257
1290717622158450688
1290717317345812483
1290717255005802497
1290717026386755586
1290716827199340544
1290716705803698178
1290716603508822017
1290714129574121473
1290713076006674434
1290712561315393540
1290712335863156736
1290711895016722432
1290710648498921472
1290707849841192961
1290707598606585857
1290706585921228804
1290706085825961990
1290705936047382529
1290705863896895489
1290705779318837248
1290705723823882240
1290705673358127104
1290705618563747842
1290705550657949701
1290705498434658309
1290705444789420039
1290705389202354176
1290705321846083585
1290705258235265034
1290705098457395200
1290704027072659456
1290703229244674049
1290703210764795911
1290703149611843589
1290703094867795968
1290703029969342472
1290702957269458946
1290702899136389120
1290702796313042946
1290702725362192384
1290702664012050433
1290702602842275848
1290702513814085641
1290701773196472320
1290701768234618881
1290701767743877121
1290701717965885441
1290701658096271362
1290701579415322625
1290701469474328576
1290701452558688262
1290701377950437377
1290701310690562048
1290701249206259712
1290701193690447873
1290701119979769857
1290701074718957569
1290701065604796419
1290700960210341889
1290700900806414337
1290700784166998019
1290700751371677699
1290700725719269376
1290700664067239936
1290700601261723648
1290700547679543297
1290700487059222536
1290700428053815297
1290700369169985539
1290700300274335748
1290700235086462977
1290700175183417346
1290700111895461895
1290700024561700865
1290699958073663500
1290699885302423553
1290699799386357760
1290699635699458048
1290699046655418368
1290698211104100357
1290696079068008454
1290695497519439873
1290694618074365952
1290692221331701761
1290689095665094664
1290688026243457025
1290685954718666752
1290684843383119877
1290681530860425216
1290680969603829762
1290680626748694528
1290679995736752130
1290678953745821697
1290678278806790148
1290676734703042562
1290673465633189890
1290672586494373889
1290670782125932544
1290667896537075712
1290667085958447104
1290666736640036864
1290666015962148875
1290665696007946242
1290665412561076225
1290663571840532488
1290662952564137986
1290661818487189504
1290661205099589635
1290659118924148736
1290657108220936201
1290656040867037185
1290653935091548163
1290652391709302785
1290651599354957830
1290651581650808837
1290651559764930562
1290651511521976322
1290651453971988485
1290651402260316161
1290651350272008193
1290651304390463494
1290651255526887426
1290651206671568896
1290651154741899264
1290651073087242244
1290651004980080645
1290650873593569280
1290650743402311682
1290650705250918403
1290650644865523712
1290650561851920384
1290650502322106372
1290650451004792841
1290650394176217090
1290650323896479746
1290650263271899137
1290650205319307270
1290650111870226438
1290650025559719936
1290649185675616265
1290647852604166156
1290647671468888068
1290645508759982082
1290643708602458114
1290638333845020673
1290638125497294848
1290638086217576448
1290638033621061634
1290637978319159296
1290637849268715528
1290637751310856193
1290637700811436033
1290637474163810304
1290637339874689024
1290637285520744453
1290637234874580995
1290636823572746241
1290636769319358466
1290636715871350784
1290636646598270977
1290636576842747905
1290636503748665345
1290635541722079233
1290635169167269889
1290635111692632065
1290635045556883458
1290634985867796480
1290634926572937216
1290634867621924866
1290634801196736515
1290634720066314240
1290634648926793730
1290634576000417792
1290634516500025354
1290634441472303105
1290634362971738112
1290634294239649794
1290634215176970240
1290634084801290242
1290633846283816961
1290629397142286336
1290626130337304576
1290621533149331457
1290621196078284801
1290618764271157253
1290618685606883328
1290618606607187968
1290617305999843328
1290617276438372353
1290616796609994754
1290616489825968131
1290616395877748736
1290611978470395905
1290610151263592448
1290609818554662914
1290608947641147394
1290607464984043520
1290606942008643584
1290603491078156289
1290601550457581568
1290601514063585280
1290601464600186886
1290601412557144067
1290601368693157888
1290601302276399104
1290601252833943554
1290601200820379648
1290601105211236353
1290601024701554688
1290600974122389504
1290600921047748608
1290600864139411456
1290600789472354304
1290600700150517763
1290600659931234305
1290600604285509633
1290600552749989888
1290600497909563392
1290600488392679428
1290600433686380544
1290600371744837633
1290600319395811328
1290600264039370752
1290600204698296321
1290600151074168834
1290600088780312576
1290600004776853505
1290599913999433728
1290599567864532992
1290599154255790080
1290598467463786496
1290597814867832832
1290597751374385152
1290597685553254402
1290597631010516992
1290597576258068480
1290597520343736320
1290597440433860608
1290597302760026114
1290597201643790336
1290597127245246464
1290597045015851008
1290596988963127296
1290596929060167680
1290596859602501633
1290596803138682880
1290596744154222592
1290596679209701381
1290596617461145600
1290596538994106369
1290596472430497792
1290596391933358080
1290596316314247168
1290596239294246912
1290596156532195328
1290596070301536258
1290595995601051650
1290595920187404289
1290595858652844032
1290595699739033600
1290595606843531265
1290595537918533632
1290595482050469901
1290595469886971905
1290595420427649024
1290595362978377728
1290595293424123904
1290595227024097281
1290595163925078017
1290593839355437057
1290592523048673280
1290592471542636545
1290592453762916354
1290592420091113472
1290592372078911489
1290592285219082246
1290592237500407814
1290592191837085698
1290592129568342016
1290592071410163717
1290592024983470087
1290591975473913856
1290591955353767936
1290591926832508928
1290591866740715521
1290591814559375360
1290591705184559110
1290591640504143873
1290591587492339712
1290591501295247360
1290591449084571649
1290591392809484288
1290591333669842944
1290591280939048960
1290591226144739328
1290591167759998978
1290591109685694466
1290591047387684867
1290590975732133888
1290590874578149377
1290590792533278720
1290589589921566720
1290589529624268801
1290589477107314688
1290589422606589952
1290589368441344000
1290589308794155008
1290589254389772289
1290589202955083776
1290588961082150913
1290588900537372673
1290588825585098754
1290588755380899841
1290588689081356289
1290588630784909312
1290588567627010050
1290588509145792513
1290588443253383168
1290588383186747392
1290588313297002496
1290588249283596293
1290588135131357184
1290587326205374469
1290587285470228481
1290587227005825025
1290587159779594240
1290587107392708608
1290587057212067840
1290587002333782018
1290586955017859072
1290586879881105409
1290586736460955657
1290586699882536961
1290586649878048768
1290586533943291904
1290586482827198464
1290586482227331074
1290586385775296512
1290586333929508864
1290586264991825920
1290586167268782080
1290585596658774016
1290585111172390912
1290585060949790721
1290584979181838337
1290584917768900609
1290584868334731264
1290584815301988353
1290584756405624832
1290584709584556032
1290584660725170178
1290584609638539266
1290584552143020038
1290584503220613120
1290584397272551425
1290584345304895489
1290584282013093889
1290584206565834752
1290584114249240576
1290584066685902848
1290584018774302720
1290583967163392000
1290583914860486656
1290583894752997376
1290583856765075456
1290583799504539648
1290583746702389248
1290583674925219841
1290583650724192258
1290583595753578501
1290583532843274240
1290583477792972800
1290583410751221761
1290583349661237249
1290583284376903681
1290583205851082752
1290583149672628224
1290583085046800384
1290583030294347777
1290582974497521664
1290582919896092672
1290582856616615936
1290582794893234179
1290582737280172032
1290582660188864512
1290582585161191424
1290579736759095296
1290579681197129730
1290579623131086849
1290579572308705280
1290579520391651335
1290579456860606465
1290579398660370432
1290579343941541888
1290579290149486592
1290579233467781121
1290579174965608449
1290579121093910528
1290579062449111041
1290579008225189890
1290578946610933760
1290578879321645059
1290578827631042561
1290578767426002946
1290578707166507010
1290578653588455424
1290578583832985601
1290578484000161792
1290578431885934592
1290578375543857153
1290578317729570816
1290578262058467328
1290578185948667904
1290578122820194304
1290578060740304897
1290578005820149760
1290577950807556103
1290577895052775427
1290577826610118656
1290577755168485377
1290577697710759939
1290577638931804162
1290577579204841602
1290577522673975296
1290577439677206528
1290577383083384832
1290577319275397121
1290577217479680002
1290572045026234369
1290571175190503425
1290571137374662656
1290571084924882944
1290571029472059392
1290570974304378881
1290570951399288833
1290570922013995009
1290570860592599040
1290570785535467520
1290570708154810368
1290570650579501056
1290570585261715456
1290570414838747136
1290570270428848128
1290570229588865025
1290570169660645376
1290570118074859520
1290570060789166080
1290569996733755392
1290569942044225536
1290569855670812672
1290569798880055297
1290569743611699200
1290569682773331968
1290569587768078337
1290568466911592453
1290568466102202369
1290566574273781760
1290565750000771072
1290564919134306304
1290563249369501696
1290559981318746112
1290559933981884417
1290559872782733312
1290559820899262464
1290559765177946112
1290559705224536069
1290559636484108289
1290559580104204288
1290559507601514496
1290559451645313024
1290559397320708097
1290559337165918208
1290559275694198785
1290559193355890689
1290559129191354368
1290559055791042561
1290558988233342977
1290558913532833792
1290558685870280704
1290558599845089281
1290558561454620674
1290558507616481281
1290558451614126081
1290558389102292992
1290558340632850432
1290558290905247744
1290558239571050497
1290558179697451011
1290558126010368000
1290558066916720643
1290558011241635840
1290557928710246400
1290557859386855424
1290557799211073536
1290557744831959041
1290557688192159744
1290557629064974336
1290557569673637893
1290557482457276416
1290556310988247040
1290555878114906113
1290548673730899968
1290546095802789890
1290545173211095042
1290544537631424512
1290544436368351234
1290542258174021632
1290539882973208576
1290537944013471745
1290536773483929600
1290536731226386432
1290536621562040320
1290534743990124545
1290533901396578305
1290532473982668801
1290532168188301313
1290529803720941568
1290529658098847744
1290529225578098691
1290528507790004224
1290528410159087616
1290525847871520768
1290525269959282690
1290524678419894272
1290524653761507329
1290524306682847233
1290524179339464704
1290523369734123520
1290521394959257601
1290520729197449216
1290518230717435905
1290518196143960065
1290514562580713472
1290514093401677824
1290513798776983552
1290513400922083328
1290512911983616005
1290512786225860608
1290509157481754624
1290509031719817216
1290508755084484608
1290507108799131653
1290506694028648449
1290505757624942593
1290505021193216000
1290504263534288897
1290498775719452675
1290498526909100034
1290495968136183810
1290495497887551488
1290495472658870273
1290495397153009666
1290494579972562947
1290492351916302337
1290492316558360578
1290491406952235009
1290491014105329671
1290490930017918977
1290490617374466048
1290490155388698625
1290489171795038209
1290489031575212038
1290487877462192130
1290487690794680324
1290487578580250626
1290487168440270853
1290487139642118145
1290487058188779520
1290486909936910338
1290485563078787072
1290485313521905666
1290485194001006592
1290484187103809538
1290483723327008772
1290483533941624834
1290482255459057671
1290480497043206150
1290480447139454978
1290478762610454528
1290477903239475202
1290475528642801664
1290474859290677248
1290474303608193024
1290471734651637767
1290470781391175681
1290470456592605186
1290469783356481536
1290469759746748425
1290469264831520771
1290466808558911488
1290466639398547457
1290464974352064514
1290464358242361344
1290464062019690498
1290460374345699329
1290458217747800064
1290456502969536517
1290455685071806465
1290454285529026564
1290453266405502980
1290452188788133889
1290451101523812355
1290451039213309953
1290450909177303043
1290450845998424064
1290450268597952512
1290450138402562049
1290449100274642946
1290445877232971776
1290444730627751938
1290443288093351937
1290439499982479361
1290438214847803392
1290436584110788616
1290435472305659905
1290434922914742272
1290434201775493120
1290433956014432256
1290433452924456960
1290432448606564352
1290430799444049922
1290430665540935682
1290429607888519171
1290429295266070535
1290428480631472129
1290426476471422978
1290425807580459008
1290424153447825408
1290421101567315968
1290420663451353096
1290420285066313729
1290418785774645248
1290418327110787074
1290417707972730880
1290416880256073728
1290415831302758401
1290414825198231558
1290414679303565314
1290414427460841474
1290413755554246657
1290405840420139010
1290405236574748672
1290401406638264320
1290399635341742080
1290399246781423616
1290398474207363075
1290395919935045634
1290392574537211904
