1275896249435082752
1275895939761418241
1275895529277448192
1275895416199004164
1275895275434004488
1275895204789186561
1275894930905477120
1275894634418524167
1275893623704424450
1275893361627607042
1275892667772211201
1275892569591996424
1275892417682685955
1275892176682131461
1275892172479291393
1275891697432489984
1275891581082427392
1275890627104829440
1275890445479038976
1275889699538604032
1275889685798109184
1275889494588223488
1275889388887715840
1275889148390526979
1275888930374602753
1275888717564194816
1275887859015114752
1275887746624569346
1275887617603710977
1275887575836708864
1275887493255176193
1275887345883967488
1275887341509521412
1275887219144876032
1275886741153394689
1275886263736950785
1275886048308944899
1275885920462368768
1275885706464751616
1275885611262468096
1275885398942597121
1275885148559437824
1275885108113879040
1275884799111000064
1275884550913232903
1275883447093989377
1275883350058819587
1275883021137297408
1275882722724941824
1275881775076687874
1275881468921856002
1275881412604899335
1275881018961117187
1275880889566654469
1275880459914956802
1275879038658043906
1275878969980698631
1275878865555120135
1275878467360354306
1275877735970332672
1275877606534062087
1275877030677016576
1275875997922004993
1275875800500371462
1275875027133456389
1275874393634123777
1275871225672282113
1275871115127250944
1275870776365707264
1275870331777847297
1275870127758573568
1275870116027097088
1275869944282898435
1275869627365515264
1275869546864414728
1275869064037097472
1275868820184330241
1275868729604177921
1275868594153426944
1275867754705219585
1275867384570511360
1275867029178810368
1275866902150238215
1275866715423772672
1275866469662724096
1275866415917142017
1275865580231409664
1275865461532643329
1275865402745122816
1275864666200092673
1275864465855123458
1275863836218650624
1275863684271599616
1275863511097323520
1275863412384374787
1275862942026567680
1275862915585720320
1275862644117909510
1275862261387661312
1275862235731169282
1275861902019657730
1275861755801956352
1275861605524234246
1275861462741848065
1275861314921848832
1275860735147442176
1275860618151522305
1275860519031836673
1275860426094338048
1275860215972446210
1275860053627514882
1275860016029814784
1275859674789634053
1275859647656685569
1275859549417848832
1275859434766389253
1275859266922930176
1275859083250130944
1275859015520735233
1275858721466392576
1275858656370794502
1275857984548220928
1275857938515734530
1275857800829087744
1275857527197048832
1275857461233299457
1275856982969286662
1275856568408514560
1275855891020079105
1275855814121701379
1275855651923800064
1275855607254392832
1275855497661493250
1275855181465387008
1275855064066854915
1275855013605244928
1275855001852743681
1275854981455851521
1275852758638374914
1275852657622749185
1275852140733440001
1275851496576475139
1275851463990919170
1275851158884626433
1275849593549438978
1275849277680517122
1275849123405729793
1275849034310258689
1275847820298330112
1275847630367703045
1275846741758291972
1275846270414925826
1275846225313632256
1275846058002784256
1275845682851700738
1275845269800783872
1275845260107829250
1275845033644691456
1275844853784612865
1275844698352029697
1275844408500518912
1275844327940317185
1275844066517934081
1275844025623379971
1275843256706674688
1275842782872174598
1275842634867589120
1275842483843289088
1275842229907542024
1275842019945037825
1275841804827418624
1275841691761569792
1275841446533230593
1275841430640984064
1275841265381322752
1275841258057916422
1275841237631860741
1275841198297452544
1275840903249195008
1275840699364081664
1275840315723624453
1275840005869453314
1275839559121530881
1275839329764442112
1275839293613899777
1275838583673245696
1275838228856111105
1275838043857936384
1275837559801810945
1275837526142525440
1275837093831487488
1275837045211103234
1275836836896600069
1275836642088022017
1275836541135249408
1275836049109983232
1275835936467804160
1275834715157733376
1275834569086861320
1275834204958396418
1275833361982992384
1275832656228429825
1275831232039997446
1275830822151639040
1275830389467119616
1275829228525678592
1275828790304952324
1275828746050695170
1275827957303373825
1275827947325317126
1275827894640611332
1275827318632730624
1275827282569879552
1275827061932711937
1275827020337799168
1275826870181933062
1275826644863909888
1275825864983355396
1275825788185542656
1275825047056183296
1275824912519716866
1275824850733539331
1275824738422546432
1275824642750582784
1275824371806941185
1275823639443750912
1275823572720799749
1275823397407055872
1275823391367483398
1275823145941905409
1275823035317174272
1275822905952137218
1275822855834329088
1275822771810054145
1275822742416371714
1275822625416261632
1275822547012128768
1275822100968878081
1275822061588320258
1275821740329889792
1275821403732926464
1275821351790456832
1275821287126872067
1275820989155287040
1275820973590228997
1275820927180292101
1275820855155556352
1275820753259282439
1275820676767678472
1275820642844250113
1275820445187608576
1275820382281330688
1275820178853359616
1275820139645034496
1275819731639922688
1275819624508997632
1275819396779261952
1275819321336315904
1275819296032251904
1275819280957767680
1275819147453030400
1275819021707776000
1275818928925577216
1275818831399620609
1275818712830861314
1275818376154120192
1275818056816738304
1275817874049732608
1275817774808395777
1275817416140808193
1275817383710638087
1275817301619568642
1275816377291436032
1275816176564662272
1275815316086382592
1275814856038346752
1275814120823025665
1275813447314411523
1275813281098108929
1275813070200168448
1275812768042545153
1275812651386331136
1275812463976394752
1275812395223363585
1275812261760827403
1275812064796254209
1275812057737093120
1275812056936005633
1275811069257269249
1275811037774823429
1275810297169588225
1275809974178902016
1275808520164782080
1275808490423009281
1275808252283019266
1275808140278317056
1275808068941438977
1275808000280875008
1275807918051299330
1275807643831959555
1275807417348096003
1275807152947503106
1275806956070924290
1275806477593145344
1275806266057728000
1275806140526465030
1275805668298182656
1275805418841952256
1275804945586028544
1275804662227238912
1275803198930980864
1275802637179457537
1275802488596246529
1275802280143605761
1275801288161329152
1275801007289745408
1275800756965249024
1275800289694683136
1275800070894436354
1275799846423797760
1275799021316169735
1275798994116120577
1275798395844800513
1275797555989938177
1275796821697273856
1275796626947399681
1275796578133934082
1275796437691887616
1275796280384552962
1275795582968201216
1275794822046064641
1275793239535169537
1275793097268625416
1275792560993247232
1275792392348672002
1275791421191196673
1275791315331153922
1275791277582430209
1275791252932485120
1275791192203112455
1275791181402771456
1275791095667064833
1275791028067450881
1275790989748088832
1275790940054192128
1275790917274865665
1275790829685215233
1275790760051384325
1275790671480315906
1275790587376087041
1275790488818388994
1275790399672590338
1275790315824328705
1275790056062681092
1275790039738449925
1275789782367580163
1275789435578261506
1275789222364864512
1275789035479470080
1275788050120015872
1275787046661943296
1275785915424813057
1275785506790543360
1275784868501340162
1275784512325267456
1275783645647777794
1275783171900977152
1275782779515490305
1275782583842996224
1275782024721129474
1275781954823049227
1275781461862465536
1275781338751217664
1275781169154531328
1275781004700143623
1275780826555432962
1275780611530080256
1275780350627557377
1275780330629132288
1275780138005696512
1275780069068345344
1275779965372555264
1275779779808108545
1275779722392174593
1275779470603874305
1275779348058918912
1275779194631467008
1275779128533250050
1275778981174878214
1275778929073274881
1275778870030094336
1275778794620694529
1275778748034367488
1275778710369710080
1275778659534680064
1275778596972437506
1275778543297998848
1275778540332617729
1275778465552314369
1275778392688939008
1275778389891309569
1275778357532266496
1275778299495505920
1275778278998056960
1275778109082529793
1275777935929049089
1275777333429964800
1275777307890929665
1275777145701199878
1275777018420793344
1275776767815331842
1275776519042826240
1275776082721902597
1275775742736031749
1275775729909878784
1275775561869254656
1275775497214070786
1275775349205450753
1275775322349158401
1275774836799868930
1275773517108133895
1275773476410806273
1275773036801728513
1275772858057310209
1275772756777406465
1275772755242135552
1275771847334932481
1275771470099210241
1275770366950965248
1275770089120370689
1275770036972650501
1275769662907744257
1275769584948252673
1275768690659651585
1275768238652063747
1275768134612348935
1275767755942309888
1275766998098722816
1275764977094230016
1275764122743967745
1275763383200034822
1275761807731326978
1275761540541689857
1275761118607282177
1275760874158985217
1275760826276876290
1275760313296617474
1275758449159217153
1275758299665666049
1275758296587284482
1275757276209520640
1275756938513362944
1275756858993782788
1275756713098924032
1275756628248231939
1275756224940609542
1275756212064260096
1275755777173663746
1275755036589658113
1275754853525000193
1275754591527882754
1275754466055200770
1275754410140983296
1275749149871202304
1275748374462038017
1275748240886042625
1275747823187886080
1275747695219617794
1275747651460296704
1275747511718772741
1275747162345930754
1275746588095381504
1275746266291544071
1275745908018368513
1275745695039918080
1275744767754764288
1275744239083835393
1275744214794543108
1275743929225416704
1275743861298606080
1275743635477233666
1275743505642590208
1275743344753283073
1275743107322167297
1275743085348208640
1275742996340842496
1275742855320031236
1275742644774277120
1275742417329819650
1275742409780051969
1275742033295093764
1275742016626974727
1275741811554820096
1275741748296183811
1275741708387483648
1275741644793344001
1275741579135913984
1275741496050843648
1275741345437663232
1275741176537034753
1275741169511739393
1275741109289918464
1275740864984289280
1275740628211679233
1275740602269827072
1275740581797519360
1275740529884569601
1275740264909471745
1275740167689703425
1275739986722201605
1275739812276981760
1275739753615417346
1275739480373198848
1275739236713615363
1275739007008280576
1275737419309031425
1275737280079110144
1275736971617480704
1275736968438198272
1275736092696875013
1275734951942598657
1275730305337438215
1275729834350698498
1275729788980924417
1275728703964819456
1275728653968715778
1275726212078473221
1275725440175484928
1275723869140267008
1275721358647922689
1275720972323168257
1275719915660591106
1275718423377596416
1275718378217517061
1275715579538821120
1275715517731479552
1275712757636173824
1275712532020375557
1275710525649883136
1275710274243362819
1275708678503567362
1275707350620536836
1275704837397757955
1275704806095675392
1275702856667054083
1275702584720994305
1275702553918013440
1275698506146209793
1275697013934501889
1275696964898824195
1275695354814566403
1275693817908338689
1275692634263207947
1275691992001974274
1275690819882795009
1275690098596683777
1275688797053825025
1275688464944705537
1275686383173218306
1275685550796812293
1275685434123837441
1275685276082483202
1275684311744774144
1275683667055128582
1275683232097488897
1275682627043852295
1275682013744332800
1275681240956444676
1275681196652052480
1275680619608059908
1275679631417491456
1275679523242151939
1275677991364952070
1275677318707625986
1275677205918625792
1275676970827776000
1275676086093971456
1275675204249964549
1275673867013554178
1275673499663839232
1275671443615989762
1275670205897879554
1275669575439454212
1275668631020605440
1275667427708239872
1275667293780000769
1275665004365299712
1275664086261542912
1275663870519062536
1275663766311624704
1275662405419360257
1275662111138623491
1275661856896671745
1275661378292981766
1275660405944324096
1275660351372230656
1275658875245641729
1275658636359065600
1275658474555392001
1275658401197015040
1275657937009115137
1275657721300299778
1275657623191334912
1275657443226324993
1275657348799963136
1275657347734659072
1275657034634051585
1275656847891070976
1275656393786359809
1275655339417972738
1275655202511695877
1275654890900070401
1275654048310575108
1275653798942380032
1275653665840410624
1275653517408120838
1275653331227213824
1275652673388384257
1275652409872826368
1275651493786509312
1275651214873690113
1275651134817013763
1275651064151388162
1275650509278494722
1275650298967621633
1275649903180603392
1275649692907573248
1275649361377210373
1275648642242818048
1275648568704065536
1275648392874668037
1275648179736846336
1275648072815706112
1275648033137528832
1275647562540896256
1275647337185107969
1275647151582969856
1275647048105234435
1275646786485587970
1275646685423775744
1275645767118618625
1275644526149996545
1275643698278170626
1275643630070517768
1275643274749972480
1275642993966448641
1275642799308836864
1275642478746644481
1275641107939024896
1275640022918508545
1275639924658601984
1275639691237371909
1275639229629059079
1275638630980165632
1275637992632262662
1275637335279853569
1275635990682533890
1275635979941019648
1275635673706438658
1275635561751965696
1275634846468050944
1275634629387718658
1275634221705392128
1275634126557720582
1275634016327172101
1275633859590266880
1275633771841110016
1275633453547974657
1275632986977898501
1275632690822172673
1275632567941767170
1275632504431493123
1275632264995434496
1275631575271530497
1275630002114084870
1275629456200089601
1275628988048838657
1275628076961943552
1275627982233767938
1275627728595816451
1275627309173784578
1275626245015945222
1275626217501327366
1275625782807629827
1275625765984505856
1275625288165187584
1275624359571476480
1275624282232586242
1275624085687590912
1275623193638776832
1275622544171847680
1275622100640858113
1275621531029209088
1275621476138389505
1275621042346774528
1275620823785586689
1275620602573963264
1275619800429912064
1275619706569973760
1275619350305820673
1275619168260325379
1275618842463498241
1275618781637689344
1275618477571743744
1275618320180547585
1275617943775318018
1275617855858499587
1275617689994555392
1275617262507040769
1275616516214579206
1275616155135164416
1275615713751732224
1275615536030846978
1275613950453956609
1275613846003220482
1275613525482835969
1275613314157084672
1275613258913845254
1275611041913647104
1275610661192634368
1275609734268227584
1275609529581858817
1275609215134924800
1275609049384595457
1275608432905719809
1275607857195634688
1275607525543546882
1275607423492001794
1275606624648888320
1275606495938387973
1275606092672876549
1275605942374203394
1275605006062764033
1275604597801918464
1275604496467603456
1275604322248785926
1275603966781468672
1275603836061855751
1275603705300168706
1275603596160221184
1275603536571744259
1275602089389879296
1275602060000538626
1275601641941630976
1275601444826238980
1275601011177140225
1275600714375598080
1275600548432154625
1275600014304088064
1275599230669934592
1275599226634977281
1275599209052463112
1275597779520258048
1275596285374984192
1275595989039136768
1275595879588737024
1275593998938394631
1275593816691671041
1275593146441891849
1275593133955223552
1275592947224866816
1275591506980564993
1275591107422765056
1275590552042401794
1275589011386413056
1275588757421350914
1275588701213450241
1275588652412792834
1275588498452439040
1275588250535555072
1275588121871241222
1275588043232215042
1275587930459799552
1275587737723248641
1275587646622965761
1275587635260436481
1275587257714372609
1275586898938023936
1275586174321602565
1275585014021980162
1275584710811377664
1275584548969963523
1275584413947092993
1275584165170360320
1275584073558364163
1275583916141940736
1275583866221232128
1275582991289417733
1275582964622123013
1275582890286428163
1275582712783310849
1275582624799559682
1275582556726079496
1275582550174568449
1275582306061897728
1275582251766624258
1275582088230699008
1275581472796098561
1275581210878545921
1275580757659078657
1275580669557538818
1275580467518099459
1275580130170191874
1275580047118659584
1275579886707412992
1275579040208834561
1275579027810648064
1275578727485763586
1275578689808240640
1275578544186200064
1275578512364244999
1275578391953997824
1275578072293683200
1275578011245596672
1275577797478502400
1275577087789723649
1275576924287283201
1275576895073968128
1275576840459968512
1275576799842324480
1275576742489591808
1275576505062453248
1275576454659469312
1275576217203171329
1275575806681468928
1275575642923257857
1275575597083824128
1275575477306966021
1275575213619437568
1275575208250937346
1275575074976698368
1275575016415875074
1275574945821622273
1275574792792375297
1275574725171974144
1275574645412868096
1275574466987331584
1275574352755306497
1275574194688929792
1275574094499647491
1275574053743419392
1275573795252658176
1275573683856084992
1275573603673600000
1275573431153520641
1275573341202636801
1275572909248053254
1275572818889994240
1275572781137223680
1275572774010892289
1275572374021083138
1275571969660862464
1275571882037637121
1275571500171456512
1275571042593931265
1275570510420557825
1275569753713782784
1275569476780646404
1275569395406901250
1275568679950958596
1275568543334051842
1275568318041202688
1275568111408648192
1275567956081045506
1275567192197791746
1275567159519797248
1275566994176106496
1275566953957150721
1275566003351465985
1275565744034476032
1275565287648235520
1275564963579351040
1275564940171120642
1275564697962467329
1275564592857444352
1275564521352859649
1275563637080387585
1275563048443408384
1275562994454257664
1275562827244171264
1275562790502182914
1275562496770945025
1275562470837334022
1275562249919197185
1275562039583272960
1275561726801575936
1275561553568415745
1275561309682184197
1275560261659906049
1275560079165710338
1275559174257012736
1275558831158853635
1275558164927143936
1275558015274561540
1275557808172392448
1275557791998939136
1275556939796303881
1275556764881235968
1275556608882466820
1275556566977048577
1275556524350484487
1275556450350161920
1275556188122423304
1275555711640932353
1275555184635047936
1275554742710808576
1275554439978455042
1275554261091233794
1275553907310301191
1275553822388170752
1275553787705528322
1275553472486666241
1275552750739177472
1275552065889210373
1275551768928088064
1275551426303811586
1275551123978498050
1275551058413203457
1275551002855383040
1275550338699976713
1275550322702901250
1275550115055521792
1275549922868162560
1275549756966809601
1275548165953875968
1275547456009355265
1275547063762276352
1275546405508169728
1275546269604286468
1275545934974369797
1275545757840543744
1275545677276360705
1275545495021248516
1275545024604798978
1275543930512138240
1275543856965189634
1275542200596692993
1275541369600249856
1275541217686609920
1275540922328023042
1275540915227185152
1275540746129588224
1275540076370460674
1275538877864988683
1275538673526865920
1275536994437869571
1275536749914206209
1275535128148635648
1275534495865802752
1275534402873962496
1275534359278293000
1275534314839605248
1275534265988546563
1275534165887287297
