1271547583761170437
1271547323655610374
1271547205933862912
1271547203010641921
1271546839741788161
1271546789305425922
1271546753091862532
1271546724381835267
1271546552075669512
1271546539597496322
1271546536779042820
1271546406520541185
1271546303982559232
1271546097836658688
1271546007151575042
1271545925039648768
1271545765404516352
1271545753509470216
1271545698820018178
1271545618075455492
1271545559757860864
1271545447920926720
1271545138779770885
1271544972685316104
1271544896029986817
1271544820637396992
1271544369749938178
1271544338707775489
1271544320659775491
1271544288711770115
1271544283825242112
1271544282667577345
1271544259347386374
1271544242230394884
1271544226636070913
1271544179152257029
1271544152044511239
1271543987472654343
1271543961119793152
1271543938856284160
1271543848741638144
1271543778172682243
1271543747390722050
1271543611281346569
1271543548530352131
1271543471237562369
1271543442791858176
1271543056144175111
1271542995200942080
1271542742724702209
1271542399882285056
1271542356777398272
1271542302088015872
1271542285587578880
1271541906913103873
1271541563508658176
1271541454159204359
1271541333291757568
1271541284256317441
1271540995746787329
1271540907209351168
1271540790951460864
1271540775021502465
1271540711687585795
1271540592481271808
1271540378664153092
1271540376948498433
1271540248313573377
1271540187680526336
1271540150263091202
1271540069111861248
1271539972521238531
1271539710733811713
1271539609944670210
1271538841602621441
1271538643224743936
1271538597339049984
1271538421006135296
1271538368808009728
1271538175601709056
1271537900379914240
1271537871221075969
1271537792582144000
1271537656632168448
1271537523395788800
1271537428193398784
1271537229740081152
1271537150937509888
1271537135712178176
1271537125322719232
1271537060227080193
1271537041814126592
1271536819004420097
1271536642243862529
1271536632940818432
1271536630726262785
1271536521443708932
1271536520902524928
1271536507053113344
1271536455655936000
1271536414669205505
1271536095444955136
1271536087396225026
1271535994148286464
1271535941153366016
1271535790036783104
1271535745312813056
1271535661825351681
1271535381666844672
1271535242315280384
1271535147213639686
1271535014753304581
1271534883957952512
1271534863187939328
1271534687689850881
1271533908035637248
1271533825731035138
1271533798228819968
1271533740867686401
1271533549221548032
1271533519907348480
1271533310536060928
1271533302239965184
1271533249920147459
1271533202218332161
1271532700579647491
1271532688357257216
1271532637237149697
1271532619688116224
1271532380939931648
1271532338644758531
1271532069412237312
1271532039087329281
1271531769129365504
1271531615018254337
1271531610634981376
1271531483820363777
1271531266140106752
1271531158736474112
1271531067799814144
1271530795149094912
1271530723728637953
1271530665801134087
1271530629981704192
1271530617323360256
1271530535337279489
1271530397931732993
1271530355946741760
1271530338485964801
1271529994880155649
1271529951523672067
1271529909978972160
1271529786117103616
1271529319827980295
1271529093138460674
1271528957020475392
1271528919754104832
1271528910153560066
1271528858408361985
1271528604200062977
1271528203157266433
1271528074727829504
1271528035284639746
1271528019103014912
1271527919798628353
1271527864609861632
1271527724499140609
1271527686138036224
1271527685177524224
1271527603376197634
1271527561395224577
1271527456827006976
1271527426573524992
1271527382969507840
1271527365924003840
1271527350367219713
1271527219010113539
1271527175196479489
1271527161988411392
1271527081973710848
1271527051711754240
1271527005071142912
1271526913635426305
1271526907842969600
1271526895121600513
1271526836430761984
1271526825416552449
1271526768587890689
1271526752058146816
1271526723880841216
1271526677567303680
1271526644226777089
1271526632642080768
1271526622135451648
1271526572718206976
1271526478451113984
1271526464094076937
1271526286867873792
1271526274146562048
1271526245952417792
1271526219364700160
1271526194840653824
1271526163983155201
1271526098707320832
1271526094881951744
1271526066612572161
1271525954515374082
1271525786047008769
1271525730510397440
1271525651435024384
1271525527145213953
1271525367552118784
1271525367111696388
1271525316872339461
1271525119815569408
1271525119798591488
1271525112249036800
1271524853653225472
1271524763433865220
1271524620647063553
1271524480016437250
1271524338525765632
1271524263581884416
1271524163191275520
1271524143339536385
1271524062762881027
1271524061852528641
1271524008354349057
1271523978285387777
1271523900674002947
1271523839931973632
1271523836450664450
1271523728271257602
1271523618481152001
1271523334484668416
1271523302427766786
1271523161712914432
1271522982591004673
1271522483837923328
1271522479928999936
1271522248424173568
1271521957897437184
1271521951467651074
1271521828058562561
1271521678141554688
1271521666162724864
1271521602006585345
1271521583639691264
1271521579382370304
1271521422397980672
1271521308644343808
1271521299282575360
1271521252268666880
1271521191019401218
1271521138338906113
1271521055174062080
1271521010622312451
1271520770867392513
1271520504332128264
1271520500259237888
1271520437902749696
1271520409934893059
1271520287222190082
1271520151360413697
1271520025598234624
1271519955607937026
1271519916609265664
1271519593459118081
1271519533400879105
1271519495341912064
1271519366392082437
1271519292522147840
1271518964598931456
1271518948341813249
1271518919967170566
1271518889235619841
1271518543859851266
1271518528261111809
1271518519499411459
1271518441724231681
1271518189722013697
1271518184323969024
1271518126161551360
1271518111032885248
1271518068045303808
1271518015301935104
1271517985992249346
1271517833818550272
1271517828571529216
1271517806312345601
1271517274474639361
1271517245613768704
1271517240794460160
1271517136549056513
1271517120602480641
1271517047873171457
1271516966923182085
1271516923730243584
1271516912820850688
1271516897897525250
1271516884303831047
1271516850590015491
1271516685699133440
1271516456757473280
1271516396724391937
1271516379833872385
1271516377577172992
1271516291283644416
1271516196291002368
1271516092083601417
1271516042809016320
1271515610502045702
1271515593464659968
1271515573315416065
1271515403617882112
1271515324966416387
1271514959931781120
1271514958962937857
1271514947151892481
1271514709662056448
1271514599293177865
1271514152092172288
1271514117090742275
1271514067384111104
1271514038120448003
1271513947133186048
1271513943828283392
1271513750214897664
1271513583545749504
1271513563136491521
1271513527619108864
1271513466625556480
1271513294453563397
1271513073812213764
1271513066035798018
1271513031391039488
1271513002911633408
1271512657888194560
1271512553278058497
1271512119373172738
1271511973587542017
1271511659656380417
1271511584616124419
1271511573341696000
1271511388012371969
1271511375194370048
1271511300246515714
1271511195988590592
1271510822754213888
1271510748766896129
1271510715078230017
1271510666684366854
1271510496311603200
1271510047139364864
1271509999496224768
1271509961084977152
1271509864305635330
1271509836908421120
1271509809842569231
1271509631152472064
1271509619714617345
1271509310313398272
1271509274112319490
1271509103513231360
1271509080759099392
1271509036932886528
1271508999939080192
1271508960617484293
1271508945509613568
1271508940094758914
1271508828408950793
1271508703343190030
1271508514507116546
1271508414275948546
1271508372513267712
1271508149451677696
1271508123400810497
1271508101909405698
1271507959722303490
1271507840868462594
1271507636744224768
1271507571333976064
1271507568100126721
1271507453985714176
1271507330853507072
1271507202713382912
1271507193649524736
1271507178168422409
1271506993837047809
1271506811779080193
1271506810113933312
1271506743017664513
1271506701079007232
1271506584716206082
1271506331602649098
1271506278393798656
1271506113226248193
1271506013271650305
1271505981248204800
1271505979826413574
1271505922947334145
1271505868786405384
1271505706579922945
1271505676083146753
1271505631761928192
1271505408037773312
1271505383312498688
1271504979011014661
1271504859443888129
1271504821200150529
1271504810756505600
1271504797284421633
1271504750895411209
1271504683652300802
1271504327996174336
1271504198891212800
1271504184966287365
1271504151441096705
1271504034852220931
1271503759353380865
1271503700301950979
1271503657708781569
1271503568541904897
1271503478515363841
1271503441731477507
1271503381207498752
1271503310365904900
1271503103792017409
1271503064843710464
1271502902838747136
1271502638639611904
1271502458469130242
1271502435593396230
1271502358631993344
1271502043480547335
1271502027399495680
1271501828090327040
1271501818623750145
1271501562813317123
1271501541078261762
1271501435352436736
1271501405652766720
1271501325163954177
1271501059178082304
1271500880630566912
1271500869205282822
1271500784098738178
1271500736291958785
1271500705006641152
1271500591940775936
1271500577281843201
1271500546122420231
1271500300663259138
1271500216554774529
1271500152730079232
1271500151736188929
1271500128080322563
1271500118512955392
1271500066608406528
1271499941739970560
1271499795622817793
1271499625703374860
1271499601829408768
1271499569789009924
1271499565615722497
1271499514797408256
1271499308995473408
1271499285570486275
1271499241438003207
1271499209158492160
1271499189617397760
1271499142150438912
1271499125520060416
1271498858237845504
1271498839757737985
1271498818375254019
1271498593321484288
1271498502888058888
1271498468746379265
1271498437578678272
1271498398248701958
1271498333668818945
1271498132338032641
1271498084967563264
1271498061785608193
1271498044186390528
1271497917094903809
1271497855459569666
1271497676484296704
1271497628082151424
1271497210941673472
1271497181116149760
1271497157103648768
1271497112103137280
1271497106977550337
1271497097393475584
1271497034286067712
1271496970427944965
1271496913469100033
1271496674242854912
1271496627832774656
1271496606005805058
1271496431988137986
1271496395619532800
1271496298743697409
1271496166912471040
1271496104907927552
1271496101787389953
1271496096280272896
1271495981239066624
1271495970128187395
1271495899131215872
1271495667916001282
1271495629219328000
1271495551616348165
1271495524563038208
1271495438638518272
1271495420351406081
1271495395651223552
1271495320543756290
1271495287740043264
1271495268244938752
1271495249664278530
1271495154780626944
1271495152226439169
1271494783333269506
1271494748549701634
1271494732464652288
1271494719286079490
1271494648243146755
1271494589145214981
1271494540663422986
1271494492151926785
1271494365651730435
1271494359519604736
1271494343631663105
1271494343535153152
1271494233917022209
1271494203416039435
1271494190455615488
1271494174362173440
1271494021085421568
1271493921114402817
1271493795599708163
1271493779921371136
1271493744987181056
1271493719913426945
1271493587637645314
1271493567815446528
1271493465180966914
1271493221105799168
1271493191557152769
1271492995314077696
1271492693294641152
1271492665532506112
1271492638382919691
1271492496627884032
1271492495629627392
1271492466278051842
1271492451862302726
1271492400557379584
1271492389560094720
1271492337500217344
1271492320928493568
1271492266545352707
1271492264091463681
1271492214875541505
1271492211566231552
1271492210303827969
1271492203118911493
1271492133292130304
1271492072927752193
1271492068825686016
1271492046298152960
1271492015520280576
1271491896267792384
1271491813040197633
1271491790223273984
1271491772418535430
1271491727338110992
1271491704986591233
1271491672334098434
1271491640415281153
1271491639471509504
1271491521922007040
1271491516511342592
1271491499398778882
1271491441424871426
1271491372738998272
1271491340057088000
1271491268405686273
1271491213502414848
1271491157537681408
1271491024523681794
1271490856814432257
1271490839575883777
1271490713742606336
1271490292307259392
1271490255535947784
1271490236149686272
1271490180151537665
1271490120542085122
1271489799061295105
1271489746766716928
1271489659130933254
1271489622670028801
1271489590688452610
1271489579896279041
1271489491862052864
1271489425629827073
1271489354616225792
1271489321246298113
1271489240421945344
1271489221518340097
1271489161388843009
1271489145932615680
1271489140081651712
1271489121303752704
1271489091088134145
1271489074855993344
1271489048897519617
1271489039862882305
1271489004848902144
1271488974226223104
1271488973056032768
1271488968605851654
1271488918525865987
1271488871520276480
1271488839794806785
1271488762992668677
1271488728679079944
1271488666527883264
1271488649012674560
1271488563226578945
1271488550781902848
1271488542372331520
1271488427029000192
1271488331738742792
1271488304232325121
1271488239728128001
1271488116508016641
1271488070605574145
1271487969661038594
1271487947993317376
1271487934445899777
1271487893492490240
1271487852493201409
1271487834017296385
1271487804472770567
1271487799896633344
1271487752710746112
1271487652752056320
1271487592219934725
1271487590726881283
1271487565384740872
1271487543498936320
1271487540084609029
1271487361982124032
1271487337315229696
1271487333175418880
1271487114958434304
1271487068548370432
1271487058100367360
1271487049644810242
1271486881268547585
1271486827707367424
1271486820165881856
1271486814147055616
1271486805863542785
1271486773961601027
1271486765438648321
1271486761902977027
1271486701135785985
1271486592981430272
1271486573842804736
1271486561671094273
1271486548190441473
1271486496797679617
1271486413179990018
1271486293298475009
1271486291696214016
1271486100419174400
1271486047604502534
1271485874098720769
1271485844759515136
1271485801998639110
1271485579004268544
1271485525774331905
1271485402826883073
1271485384828968961
1271485334522560515
1271485315035705346
1271485282169155585
1271485247339839488
1271485194503983104
1271485045115666432
1271484937414209542
1271484868539699203
1271484835832295425
1271484752210677761
1271484749861679105
1271484715783069697
1271484683558088704
1271484662196637697
1271484627719319558
1271484583788371973
1271484476720177152
1271484455002140673
1271484301360717827
1271484301260046338
1271484271673442307
1271484133491961856
1271484051535179776
1271483881561239552
1271483872681832449
1271483765060014080
1271483582838501377
1271483373442105344
1271483314247884800
1271483263551451137
1271483214608171009
1271483155879530496
1271483077777293316
1271482955420954626
1271482924295172098
1271482923200344067
1271482812051230720
1271482540289691650
1271482530034745344
1271482352254902277
1271482333095268352
1271482289470320640
1271482217970257921
1271482190241488896
1271482009471205376
1271482000117989382
1271481933696917504
1271481809738575880
1271481797264752643
1271481745150377984
1271481666649722881
1271481592373018625
1271481530825703426
1271481471245705217
1271481198955520000
1271481178013368325
1271481091707338753
1271481012304953344
1271481008165019650
1271480930046144513
1271480895330017284
1271480833166073858
1271480824047656963
1271480658817212417
1271480651363938304
1271480584171184128
1271480551963148288
1271480525383856129
1271480476021260290
1271480453179072513
1271480363416784898
1271480236627030023
1271480130213482502
1271480086395412480
1271480052287303685
1271479978669064192
1271479696551604224
1271479563512451072
1271479513814372352
1271479481371222017
1271479452829188096
1271479433547747331
1271479361510629377
1271479313553113090
1271479291381866496
1271479286982156297
1271479179633020928
1271479108690567168
1271479045356531717
1271479028483084289
1271478982429609989
1271478922128080897
1271478882085060615
1271478796638490624
1271478795254460418
1271478760735494146
1271478752497852420
1271478730238509057
1271478719551504387
1271478709719977984
1271478671769919491
1271478649271848962
1271478617785204736
1271478572205604865
1271478551892488192
1271478528563806208
1271478520032759808
1271478469029801984
1271478402910838784
1271478396514480133
1271478286497935360
1271478284497215494
1271478275789828100
1271478255049216000
1271478246287212544
1271478231883902976
1271478111830343680
1271478043031113728
1271478026807570433
1271477996604411905
1271477986160566273
1271477969840558081
1271477935401127936
1271477763422040064
1271477748960120833
1271477727464431616
1271477716915597312
1271477636473085954
1271477600867643399
1271477591149629444
1271477546320752640
1271477460832407553
1271477432701218816
1271477429907918854
1271477421489950727
1271477295606161408
1271477283799265282
1271477029234339840
1271477024800993282
1271476878872768513
1271476851647660032
1271476815186423808
1271476778738028546
1271476760060678144
1271476741253595140
1271476738279608320
1271476700816134144
1271476683963428864
1271476656494874625
1271476635544350720
1271476616485646337
1271476589952450560
1271476541990428672
1271476522507833345
1271476427167109120
1271476394707558401
1271476338545905665
1271476146014547968
1271476110828527616
1271476056763985921
1271476027907137537
1271475944222527488
1271475942351912961
1271475938547490817
1271475900144668672
1271475780808175616
1271475752953720832
1271475728811352064
1271475640487882756
1271475588809633792
1271475556064919552
1271475538159271936
1271475522933977089
1271475444894834688
1271475439266156545
1271475414247055361
1271475381795602432
1271475345066098688
1271475329496801280
1271475237561880576
1271475235586367488
1271475233027960837
1271475206255570945
1271475202124214273
1271475200995979264
1271475107643428865
1271475099955269632
1271475091558326273
1271475090954190848
1271475068497997827
1271475058792206338
1271475029075562496
1271475006485098496
1271474981629804545
1271474916940935168
1271474870694449152
1271474868647690241
1271474784832876545
1271474762917781504
1271474686312890368
1271474644680204290
1271474530855215105
1271474530020519936
1271474524106588160
1271474505207001090
1271474498836082688
1271474439360663556
1271474334633275394
1271474328954118146
1271474211509481477
1271474175346081795
1271474163442737156
1271474111227678720
1271474023805800449
1271473999487225857
1271473884907237378
1271473856524369921
1271473842121084928
1271473838115762177
1271473836870025217
1271473730619760640
1271473721392246784
1271473674961338369
1271473674801930244
1271473608536109057
1271473561945821184
1271473534955483136
1271473518966759428
1271473461903233024
1271473415669440513
1271473409461899265
1271473261960986624
1271473235649982464
1271473226535759872
1271473128087019520
1271472999477067776
1271472984830570497
1271472975875719168
1271472946788220928
1271472938093445122
1271472880841142272
1271472838591967232
1271472834661867520
1271472830878605312
1271472770338164741
1271472718517374978
1271472700675014657
1271472698061799425
1271472647315079169
1271472596639518722
1271472522337361926
1271472513432903689
1271472444700676096
1271472423335067651
1271472384822988801
1271472380641112065
1271472314006134785
1271472281852641281
1271472268145618951
1271472267235438593
1271472192732217353
1271472191234768897
1271472150264905730
1271472124977221634
1271472071457951744
1271472058573045760
1271472040474636290
1271471913714372608
1271471859096305665
1271471834081325056
1271471834060341248
1271471830004453376
1271471829144739846
1271471780075458562
1271471760962011136
1271471719824289793
1271471699121147906
1271471650261917696
1271471587334610946
1271471564186218497
1271471355133865985
1271471352990449664
1271471339984035844
1271471287009976321
1271471286821064708
1271471253040349185
1271470913343631360
1271470896021004288
1271470840291438592
1271470731801448448
1271470693532594177
1271470690185760775
1271470672582266880
1271470662012420096
1271470647080677376
1271470609659310081
1271470587404140546
1271470585483112448
1271470543527571456
1271470475114405891
1271470372253085697
1271470347775209472
1271470140199022593
1271470110645948416
1271470094225305605
1271470052764598272
1271470039561056256
1271470026701393921
1271469986029150208
1271469922644889601
1271469854957006848
1271469853996544001
1271469625427898372
1271469550966456320
1271469533799178240
1271469525293076480
1271469516027883523
1271469406208442368
1271469315338854400
1271469266491985920
1271469241271648256
1271469143858876416
1271468959473086464
1271468897464508416
1271468891156303873
1271468827352731650
1271468802169958401
1271468700147814406
1271468688407961600
1271468626160181250
1271468625417981957
1271468612797132800
1271468414456872960
1271468389945561090
1271468352653778945
1271468257912881152
1271468210097807360
1271468179005399041
1271468129307115524
1271468089213845505
1271467992925102082
1271467934762688512
1271467798082945024
1271467781968584704
1271467747025641473
1271467714029056000
1271467678843072513
1271467637202202625
1271467599612620802
1271467566251180032
1271467509258936326
1271467470407139328
1271467277506867201
1271467243931492354
1271467183999078400
1271467071952637952
1271467061491847169
1271467033431949313
1271466989546962945
1271466971733753856
1271466893094776832
1271466889747722240
1271466703075999747
1271466685975810050
1271466669358092289
1271466588269498375
1271466556506038277
1271466518975361024
1271466497030799361
1271466494161940493
1271466417666351104
1271466400305930241
1271466399085428736
1271466281003147265
1271466277538639872
1271466224938090499
1271466210467569665
1271466172962111490
1271466160748261382
1271466136664567808
1271466064530903045
1271466037104439296
1271465997732442112
1271465965889470464
1271465853981044736
1271465752542023681
1271465750117531653
1271465719167741952
1271465605426671616
1271465597511974912
1271465588641222658
1271465559826198528
1271465420172611584
1271465408730738689
1271465396239884290
1271465309300568064
1271465290384072704
1271465251809054720
1271465241243717635
1271465238177525760
1271465205755674625
1271465149468225537
1271465109051699201
1271465091838341127
1271465013463724033
1271464997995110400
1271464959793229824
1271464889660305408
1271464882727247872
1271464877605806082
1271464789571563521
1271464670176538625
1271464353640984581
1271464280160792577
1271464078813220864
1271464057867063296
1271464037537116160
1271463980930871297
1271463953181192196
1271463808989609985
1271463645193670657
1271463602017447937
1271463562486013952
1271463458786050048
1271463430180835332
1271463403588947968
1271463314040795141
1271463202505793536
1271463155130982400
1271463135514370048
1271463122465779712
1271462930698010636
1271462871235346432
1271462838444400646
1271462828411682817
1271462814201212928
1271462759062925312
1271462735520444417
1271462531249303552
1271462503860416514
1271462438144061440
1271462393785303041
1271462349074042882
1271462253368393728
1271462187123400704
1271462107544981504
1271462031103754241
1271462024304668673
1271461989135589382
1271461965152636929
1271461952192217092
1271461641117286402
1271461633630466048
1271461317254119426
1271461312032169985
1271461263135043591
1271461199117291520
1271461158256439301
1271461142313832449
1271461137742213120
1271461085405536256
1271461002278653953
1271460956204199937
1271460938571378688
1271460597331193860
1271460574816342016
1271460565450457091
1271460488149381123
1271460169969332224
1271460106576822272
1271460008350355456
1271459792427446272
1271459678086725633
1271459677482749952
1271459494724173824
1271459360258945024
1271459321344335878
1271459238758383616
1271459202020413440
1271459189580152833
1271459138283986945
1271459120097357824
1271458976450908161
1271458943085064193
1271458929004797953
1271458877901606913
1271458826571538432
1271458632597553153
1271458597558300675
1271458422689431552
1271458331496812546
1271458318444347398
1271458257945505793
1271458195500761089
1271458068581187590
1271458041171529728
1271457903300407296
1271457768495550464
1271457762246037504
1271457733384888325
1271457623452217345
1271457528065388545
1271457485216350208
1271457417889320968
1271457405004439554
1271457356988198916
1271457227698659329
1271457177102925824
1271457066348142598
1271456903822888960
1271456894704590848
1271456888178085893
1271456710729756674
1271456660557410305
1271456643817996288
1271456567842361344
1271456563232899077
1271456529477103617
1271456269497282567
1271456161464610816
1271455971068579842
1271455786137337862
1271455782136098817
1271455708068761600
1271455693086679040
1271455653366624256
1271455604247150593
1271455579261693953
1271455571531583488
1271455548924362755
1271455464715255809
1271455247962169345
1271455218073399296
1271455087148142592
1271455062317862912
1271454841215180800
1271454836605644800
1271454803068178432
1271454687904989189
1271454624466137089
1271454594560909313
1271454551225167872
1271454496644874241
1271454473244704768
1271454348984242177
1271454348787150848
1271454218147201024
1271454137205620737
1271454057757134853
1271454035778826240
1271453936495595520
1271453924155777024
1271453902089535489
1271453659671470085
1271453584316682240
1271453566809640961
1271453509456523264
1271453460983136258
1271453163598594048
1271453035982516225
1271453015317323782
1271452853815607297
1271452710730993665
1271452632389832704
1271452416563720193
1271452387132223488
1271452229237522432
1271452122240909313
1271451944465268737
1271451881315930112
1271451846029135872
1271451777947389953
1271451761467940864
1271451686880460804
1271451606005866497
1271451432818884609
1271451395808309248
1271451294310346752
1271451257937559554
1271451100567216134
1271451075241897987
1271451071035015169
1271450884858277888
1271450846438526976
1271450838205181954
1271450683624099850
1271450632331776007
1271450292941320196
1271450085558300680
1271450069322080257
1271450062732828675
1271450013873262592
1271449956457443329
1271449931157434370
1271449800328851456
1271449657743298560
1271449650801913858
1271449576336027654
1271449518165254144
1271449483709222913
1271449458795036672
1271449359540826115
1271449197095424001
1271449040018911233
1271448938457952257
1271448899455090688
1271448691363192832
1271448578410582017
1271448540611477506
1271448357936996352
1271448351154638848
1271448322184638465
1271448047172501504
1271447903853178881
1271447767739535361
1271447767676866560
1271447746797375491
1271447632574132225
1271447575690764289
1271447321759215617
1271446980670173185
1271446808191877123
1271446786561978372
1271446739879370752
1271446514410221574
1271446506537697281
1271446235983908871
1271445751634096129
1271445750740856832
1271445698496442368
1271445614908157955
1271445394573025280
1271445378915659779
1271445371395375104
1271445035892879360
1271444871748952067
1271444315722543104
1271444287205621761
1271443877782646784
1271443811768598528
1271443704524558337
1271443614518915072
1271443422944116737
1271443420368842752
1271443416023531520
1271442856432095233
1271442546418495488
1271442459076243457
1271442392625885185
1271442349806292993
1271442202024185856
1271442127411720194
1271442117081079809
1271441870149652487
1271441723265372161
1271441601211047936
1271441054214942720
1271440783674048513
1271440574990692353
1271440344111071238
1271439992636739585
1271439956444090374
1271439938014371840
1271439711177977858
1271439576108642304
1271439092245499904
1271439011341615104
1271438985970278400
1271438915019440128
1271438602992525314
1271438382892228610
1271438362822479872
1271438197852119040
1271438122925076486
1271438081917202432
1271437689850650624
1271437425840177152
1271437350250446848
1271436685499392007
1271436402522292232
1271436020844834816
1271435768653889536
1271435584070918145
1271435294932418563
1271435088035799049
1271434946251567104
1271434884070780928
1271434785324441601
1271434726012784644
1271434663375052802
1271434607519567872
1271434258528317440
1271434172847005696
1271434046283939849
1271433881359532033
1271433529424052229
1271433374163513345
1271433332027514880
1271433330190417921
1271433324154757120
1271433109326540800
1271432636544831488
1271432592424701953
1271432449080397827
1271432432059891715
1271432309128994824
1271432235653054469
1271431822484705280
1271431759528431621
1271431711012913154
1271431613646282752
1271431393608781828
1271431293377622016
1271430865000660993
1271430687283916802
1271430478436990977
1271430380848123909
1271430348010741760
1271430185716297728
1271430177629835265
1271430005663227905
1271429844518285315
1271429794803187713
1271429684266520576
1271429417726808066
1271429407811526657
1271429320485961728
1271429219701198850
1271429212071776258
1271429210326867968
1271428878276280320
1271428873880813568
1271428258366738433
1271427872251658245
1271427521637158914
1271427128660119552
1271426674727563265
1271426651923111937
1271426564476080128
1271426505688535041
1271426402554908673
1271426245822201856
1271426218374684673
1271425792006897664
1271425739980709900
1271425661735964673
1271425074365595650
1271424927636295686
1271424884749602816
1271424784769912833
1271424771733852160
1271424690284716032
1271424577864896512
1271424540606955520
1271424424303046661
1271424393705517056
1271424240949104641
1271424208359370754
1271424080265252865
1271423957053378562
1271423621165170690
1271423569445228544
1271422636472573954
1271422617791102981
1271422120136933377
1271422067209113602
1271422062976995328
1271421611074367488
1271421115156619264
1271420872285437953
1271420799988256768
1271420782938337281
1271420759529775105
1271420651690250240
1271420593934655489
1271420577576816640
1271420440926453760
1271420025799401472
1271419490958364672
1271419399346372613
1271419306883112961
1271419075659350023
1271419035025051649
1271418828367507457
1271418731084877825
1271418644111732736
1271418460606812161
1271418375873474561
1271418167743647748
1271418094364360705
1271418083928875009
1271417922595020807
1271417753396817923
1271417683603525633
1271417608244539393
1271417247031087105
1271417190235987969
1271417114474295296
1271417073948856320
1271417073118445568
1271417068101877762
1271416980441006080
1271416974564786177
1271416820415766529
1271416795795095552
1271416419020914688
1271416417573900289
1271416120411598849
1271415989930987522
1271414954776723456
1271414747313946625
1271414707140939777
1271414498792964098
1271414376302620673
1271414258614571015
1271414210593947648
1271414201924321282
1271414042045923334
1271413754824179715
1271413673488199680
1271413592873721856
1271413544492376064
1271413263285264384
1271413099413884930
1271412805715980289
1271412549486075906
1271412492850417666
1271412389989277698
1271412387111976960
1271412368963244032
1271412261786091520
1271412156572016647
1271412116340322304
1271411980679573507
1271411980067147779
1271411669286166528
1271411600755482626
1271411585211383808
1271411540357451776
1271411458614665217
1271411230356447233
1271411170470178821
1271411114308501505
1271411111749918720
1271411109547790337
1271411019655581697
1271410956606812160
1271410655376150528
1271410651089469441
1271410474194808832
1271410378933706753
1271409912954970112
1271409881350799363
1271409851747512322
1271409505579020288
1271409503850897408
1271409502173171715
1271409500491329544
1271409378009255936
1271409333746704384
1271409090560962560
1271408965851774977
1271408922516209664
1271408386622578688
1271408299062239235
1271408240723705857
1271408188072452096
1271408068899803136
1271407911047172096
1271407748299833344
1271407588978995200
1271407555621904385
1271407539251482626
1271407456409845760
1271407403876208641
1271407324268163072
1271407287832317953
1271407269595557889
1271407189291401216
1271407013638135809
1271407004913983488
1271406998458961921
1271406821895483392
1271406796624846848
1271406604739641344
1271406524708069376
1271406406785253377
1271406149716316160
1271406038131134465
1271405969650659329
1271405807746367488
1271405557962989569
1271405500542922753
1271405489142759424
1271405479705616386
1271405295651168258
1271404856914464769
1271404723942367233
1271404590148321281
1271404266633277442
1271404221364084736
1271404066762108931
1271403879079370765
1271403724402044931
1271403611826913282
1271403601068462082
1271403062750588929
1271402939442253824
1271402912640630785
1271402838074236929
1271402803672604677
1271402663851233281
1271402561141161984
1271402509588971520
1271402496746033152
1271402317431144448
1271402232760713217
1271402125273321472
1271402057715638274
1271401992150188032
1271401887254949891
1271401479539212291
1271401257379520513
1271401095802257408
1271400970359050241
1271400937014333445
1271400849684795399
1271400528845602820
1271400455554269186
1271400251270651905
1271400082030526465
1271399898877960192
1271399766262288387
1271399714441826305
1271399586398076928
1271399547923816450
1271399526826487809
1271398610631102480
1271398336629792776
1271397704900308992
1271397653033648132
1271397433453486080
1271397261747064834
1271397083048804352
1271396718593167362
1271396690025684995
1271396672212525059
1271396210532855808
1271396124876824576
1271395978743029760
1271395931926249473
1271395642959638528
1271395553323225088
1271395404530188289
1271395363891576832
1271395048660389888
1271394924534083585
1271394844586520576
1271394580005617665
1271394408622182400
1271394255462977536
1271393799818878976
1271393651340566535
1271393182807400449
1271392782683377670
1271392489283387392
1271392488977321985
1271392431720796160
1271392305270919169
1271392267283116033
1271392210408427521
1271392133602254849
1271392126719459328
1271392106255351810
1271391836649775104
1271391819939696640
1271391791082876928
1271391718328451073
1271391487587221506
1271391474207391747
1271391430125051905
1271391122120749058
1271391004051025920
1271390939378933761
1271390923704934403
1271390768897372160
1271390673481216001
1271390304982257666
1271390235985883136
1271390143593811969
1271390028200108032
1271389783726702593
1271389714302427136
1271389701535137796
1271389698431356930
1271389605258883073
1271389585260589056
1271389553799172096
1271389438346657792
1271389178320703488
1271388675440627715
1271388368656642049
1271388328286474240
1271388320891887616
1271388310951399425
1271388016397950976
1271387981035823104
1271387719487369216
1271387667989770240
1271387567364149251
1271387470748319746
1271387312920956930
1271387153902243840
1271386843121057793
1271386821725913093
1271386683334774787
1271386607220936705
1271386425280344064
1271386383157014531
1271386368552271874
1271386199450628096
1271385996396056579
1271385952863178752
1271385944999034881
1271385841244540929
1271385593184952320
1271385574906232840
1271385416709468161
1271385406261669889
1271385294785282049
1271384969361883136
1271384716961292300
1271384550745296899
1271384496554811393
1271384482973495296
1271384309790883840
1271384114114048000
1271384055997702145
1271384045218390016
1271383769262538752
1271383647204106242
1271383307176075264
1271383204595990528
1271383099725811712
1271382698716774401
1271382615245959173
1271382594979090440
1271382566549979137
1271382474220875776
1271382289235226624
1271382287612096513
1271382204690595842
1271382061648162817
1271382047014244352
1271381771012182016
1271381736077787136
1271381596969418752
1271381515042250753
1271381345743355907
1271381177686003713
1271381142600650752
1271381005975162886
1271380893819641856
1271380562918465537
1271379683662336002
1271379587616985089
1271379524480090113
1271379424420802566
1271379290547007497
1271378961218576384
1271378919317528576
1271378638815051777
1271378593835180032
1271378589670408192
1271378503213158405
1271378458556477440
1271378384455708673
1271377956372385797
1271377792010031104
1271377765602861056
1271377629002825728
1271377526594711553
1271377264781987840
1271377214706266113
1271377154606010371
1271376870127230977
1271376669631057920
1271376384921939968
1271376058227490816
1271375800432906240
1271375798285373440
1271375745839964160
1271375558706819073
1271375492998979584
1271375466998480896
1271375430080172038
1271375384404164612
1271375352292675591
1271375193433239553
1271375179193745409
1271375053675016192
1271374981352402944
1271374966974341120
1271374686665035777
1271374581538881538
1271374516132995072
1271374333986906112
1271374325325725697
1271374041341988864
1271373786781286400
1271373573756780544
1271373560888475648
1271373524716961792
1271373321905606657
1271373109036232704
1271372872280346624
1271372839464120320
1271372835454218240
1271372616499167232
1271372435229564929
1271372378782793729
1271372286625345541
1271372114843643909
1271371904541249538
1271371638660050944
1271371626433650688
1271371479905697792
1271371348854444032
1271371286820925440
1271371262158417922
1271371233221840898
1271371146194235392
1271371029387055104
1271370929554087937
1271370899485122561
1271370679619923977
1271370552121450496
1271370354741608448
1271370163930238976
1271369967418687488
1271369932387823619
1271369525292929025
1271369235026116609
1271369212523687937
1271369054406815744
1271369044764041216
1271368944767639552
1271368793206460417
1271368768401350656
1271368767637991424
1271368727012020224
1271368106141777920
1271367952986767363
1271367874049978368
1271367770953920514
1271367638573350913
1271367296817270784
1271366890502459394
1271366865894338562
1271366693709807616
1271366228037316608
1271366052551655424
1271365953998200835
1271365852491853824
1271365811438006277
1271365783873097730
1271365719695994880
1271365696824512514
1271365575017730048
1271365570622099456
1271365529685700608
1271365520479129602
1271365478825562112
1271365460148264961
1271365323736993793
1271365259928965120
1271365080597348352
1271364982874218497
1271364825147416577
1271364750509735936
1271364605114306560
1271364566325309440
1271364388469997570
1271364359877361664
1271364266327597063
1271364222002307073
1271364128146444288
1271363999343489024
1271363954602905600
1271363895677108224
1271363857659748352
1271363704391643140
1271363664050823168
1271363455451148291
1271363437424148481
1271363401235693568
1271363309422497793
1271362743724056576
1271362516514455552
1271362159956627457
1271362119922077697
1271362114943410178
1271362088431124486
1271362059691835394
1271362011448909826
1271361996949278728
1271361953986985984
1271361661862109184
1271361545478508545
1271361475186229248
1271361474489876480
1271361382747947008
1271361321267847168
1271361286861983745
1271361185942835205
1271361109916880898
1271361083098501120
1271360957294489600
1271360928823472128
1271360841070317568
1271360815711621120
1271360704755482624
1271360615404224523
1271360576686448640
1271360546424729601
1271360504712265730
1271360322629181441
1271360285023010817
1271360114063282176
1271360106110898177
1271360068479565824
1271360039127785472
1271359777524850689
1271359770138759169
1271359656083050502
1271359642199883776
1271359587866873856
1271359569688702976
1271359486196879360
1271359338771288064
1271359309729931266
1271359217551708160
1271359208907251712
1271359190775332868
1271359157032169474
1271359153643180033
1271359133279678464
1271359062945472512
1271358711534100480
1271358686183776256
1271358621327200256
1271358608341639170
1271358525260906496
1271358413272780802
1271358345383993346
1271358287724916736
1271358188328308736
1271358095302832129
1271357823012782080
1271357782973976579
1271357758655340544
1271357747565649921
1271357683887747073
1271357603013148673
1271357588337315842
1271357454262194181
1271357342328766470
1271357114901037056
1271356970277240832
1271356884793114634
1271356871224569857
1271356772394156034
1271356722813087744
1271356661022765061
1271356590348697601
1271356569184358400
1271356507410620416
1271356492139171846
1271356298269990912
1271356234269110272
1271356155302903809
1271355990622056448
1271355945868619776
1271355942626562049
1271355487829790720
1271355480498192385
1271355415859810305
1271355246330208258
1271355236817547265
1271354986736365568
1271354923863678976
1271354854884212736
1271354731370352640
1271354479565320198
1271354451652079620
1271354327878205445
1271354118666358791
1271354092791701504
1271353986570911749
1271353950558498816
1271353738502918144
1271353648191139842
1271353545095368704
1271353456071192576
1271353376761143298
1271353275275755521
1271353262663446528
1271353136867954688
1271353083755474944
1271352765105803266
1271352673590280192
1271352493319041024
1271352414801625088
1271352334543544321
1271352143442657281
1271352040552386560
1271351875565228033
1271351516620820482
1271351282327072769
1271351236705554432
1271351147719254018
1271351017658093568
1271351011123347457
1271350738191613952
1271350735855378432
1271350717975052288
1271350433047592965
1271350431344742401
1271349866308890624
1271349807576231937
1271349538520018950
1271349522703233024
1271349514650124289
1271349395577958400
1271349369862868993
1271349330813702144
1271349275797135360
1271349239830937601
1271349107001643008
1271348858132541440
1271348464329256960
1271348248863744001
1271348167221616640
1271348151992176640
1271348037906907137
1271347843715026945
1271347329585512448
1271347253362462722
1271347139675734017
1271346359019298817
1271345918810488832
1271345650542747648
1271345207183732736
1271344686477737985
1271344074772090880
1271343602317156353
1271342511810908163
1271342358768914432
1271342306793148416
1271341854605393923
1271341834837479424
1271341709671235584
1271341123731099648
1271340793148530688
1271340680749527040
1271340475438346241
1271340474041798657
1271340383847493632
1271340241400606720
1271339255277580293
1271339184192716800
1271338937424977920
1271338918257004545
1271338786488811521
1271338111348420608
1271337974177820673
1271337967982911488
1271337540851773441
1271337446685446144
1271337392289591296
1271337330582990849
1271337092631707648
1271336937614434315
1271336809713319936
1271336549997838338
1271336542976573441
1271336390370955265
1271335266008150017
1271335214309146626
1271335007471034369
1271334362915770368
1271333596972888067
1271332822960099329
1271332002076200960
1271331790783803393
1271331593706233861
1271331267988996097
1271330657126371329
1271330531217571842
1271330454281400320
1271330025548083203
1271330023589294088
1271329802641797121
1271329791598161920
1271329554116669440
1271329508126191616
1271329500484136960
1271329102511828992
1271328641998192646
1271328573979160578
1271328363546697730
1271328124152643584
1271327943931777025
1271327585192960008
1271327584748310534
1271326913768779778
1271326757073780743
1271325583855644674
1271325578931482625
1271325070997090307
1271324644792909824
1271323539065339904
1271323495876575233
1271322100951732226
1271321335721951233
1271320756312346627
1271320660640362496
1271320651823869953
1271320521443930113
1271320444608450564
1271320183135588354
1271320128001421314
1271319876150325253
1271319819262951424
1271319771607298048
1271319681656184833
1271319422569857024
1271319376042418182
1271319267057655811
1271319211793510400
1271318937150451716
1271318898873257984
1271318814546735108
1271318055818153985
1271317590413983745
1271317460054994944
1271317425468788737
1271317403914231808
1271317159650586625
1271316741495250948
1271316421486632963
1271315819050364929
1271315808090652673
1271315791766368256
1271315637013409793
1271315510123102212
1271315246712422408
1271315210448416768
1271315151153532929
1271315004835262465
1271314870806306816
1271313895781576705
1271313594236329984
1271313439332331521
1271313412014796800
1271313070665502728
1271312536428634112
1271312509517983745
1271312189505155072
1271311606098452480
1271311509927260162
1271310924104626177
1271310781930369024
1271310471136546823
1271310221143494658
1271309905408868353
1271309896084910083
1271308526040879104
1271308143151087616
1271307815819173890
1271307381356457984
1271307074744410114
1271306988077580288
1271306972130729985
1271306893437403136
1271306748448522240
1271306742689705985
1271306388480724992
1271306240547680258
1271305919796658181
1271305855888166912
1271304920554065926
1271304895275171840
1271304839822217216
1271304680937684993
1271304674679889921
1271304501333381122
1271304304796643328
1271303982108065792
1271303724707778561
1271303717288099841
1271303696500920323
1271303625273270272
1271303462580400128
1271303280635740160
1271303137253457920
1271302949088657408
1271302164795793408
1271302079609356289
1271301628113506304
1271301122943311872
1271300946698604546
1271300595895267328
1271300529877065728
1271300501393428482
1271300295939719169
1271300004079075328
1271299431644749825
1271299385578500097
1271299383653474305
1271298940391038976
1271298811722207232
1271298790536798210
1271298306661105664
1271298120450703360
1271297974883082240
1271296834527469569
1271295862669479936
1271295558754459648
1271295351547445248
1271295261017595912
1271295082092810240
1271294985107890176
1271294073404403713
1271293747964174339
1271292735362928640
1271292622909263873
1271292581083860992
1271289934708498432
1271289185219928065
1271289062179999746
1271289058438770693
1271288602144600072
1271288458531627016
1271287370613047296
1271286752779501573
1271286246443110405
1271285437710163968
1271285122113826818
1271282644341395456
1271282614142410753
1271282529488732160
1271281738677841920
1271281272195706882
1271281225693564929
1271281224489684992
1271281139601289218
1271280669004492800
1271280626310639616
1271280555334569990
1271280522833125376
1271280440213680128
1271280371494256646
1271280274089836545
1271279913434148864
1271279545635819521
1271279311962558465
1271279190004899840
1271278838811590656
1271278383368830977
1271278258290483202
1271278136685137921
1271277680411815937
1271277636325502976
1271277551638310912
1271277485221707776
1271277159877754880
1271276998502080512
1271276922585088001
1271276826476904448
1271276694549090305
1271276491893063680
1271276400075472898
1271275832326193152
1271275812256268288
1271275146561667073
1271275012494942208
1271274858199101442
1271274328584224773
1271274165295775746
1271274160438870016
1271274157565755394
1271274155703443456
1271273748629458947
1271273707462418432
1271272950210142209
1271272761311342592
1271272714376933376
1271272633401847808
1271272469580537857
1271272384524214275
1271272272355979266
1271272047981719558
1271270852848484353
1271270399125237760
1271270372739100672
1271270260772163585
1271270134888488961
1271270012976680960
1271269754213470208
1271269644913893376
1271268731977633794
1271268308193628160
1271268228073951232
1271268219345666050
1271268186500091906
1271268079272628225
1271268017708679169
1271268012142854144
1271267817778642945
1271267740871991296
1271267507450646534
1271267505512706048
1271267294128205824
1271267145121271809
1271266344860823552
1271266305308528642
1271265681858867200
1271265637608968192
1271265557023731714
1271265241939144704
1271264982483775489
1271264955770249216
1271264523996073992
1271264466378915842
1271264436284727298
1271264414382071809
1271264267426136066
1271264087196893184
1271263245291175937
1271263171093958656
1271263120628092930
1271263088122134532
1271263049652068352
1271263021306953737
1271262993767112704
1271262966118309888
1271262837265047553
1271262716557094913
1271262711679037440
1271262384175247361
1271262186875138048
1271261775850278912
1271261521000034305
1271261432814776321
1271261298618032128
1271261283963277313
1271261201364774912
1271261114840625152
1271261036788674560
1271260885747548160
1271260518788018177
1271260451985215489
1271260430737031168
1271260289833418752
1271259841156218881
1271259190023999494
1271258322100944903
1271257800270917632
1271257656653746176
1271257235734188033
1271257004208730115
1271256906963783683
1271256590339858432
1271255350856089600
1271254743151673344
1271254531834249217
1271254405719879683
1271253621573894144
1271253374260797440
1271252414096642056
1271251592939859970
1271251542356574208
1271251541580709888
1271251154974973952
1271250684751384576
1271250318634782721
1271249931165106177
1271248751529652227
1271248515973312512
1271247806909603841
1271247762932346886
1271247686138597376
1271247579301335042
1271246664687222785
1271246396260257794
1271246270670221315
1271244895274119168
1271244041514938368
1271243993494335488
1271243869661745153
1271243555642707970
1271243531462438912
1271243324951867397
1271243217711910917
1271242763493752832
1271242130598637569
1271241174553169920
1271240892633026561
1271238713423605761
1271238648617488385
1271238312435412992
1271238307763060736
1271238163516788736
1271237756321247234
1271237724364779521
1271237334781046786
1271237213213331457
1271236843112144899
1271236795087204353
1271236645476536320
1271236641076600832
1271235912513449984
1271235886743617536
1271235725967724550
1271235705843453952
1271235678311874560
1271235263952384001
1271235117000716288
1271234864201650176
1271234721603878913
1271234471606411264
1271233665742376960
1271232966656774146
1271232843440549894
1271232617602584576
1271231916923027457
1271231345377685509
1271231338151137286
1271231062019104768
1271230692911771649
1271230684728717313
1271230266258755584
1271229927463907329
1271229859432288256
1271229756021731328
1271229275572596737
1271229250637631488
1271229163073044482
1271228874614018057
1271228510397435905
1271228381296820229
1271228090581041154
1271227993831010305
1271227803086712834
1271227760833441792
1271227476740460545
1271227266983268353
1271227164093022213
1271226940217798656
1271226879127588864
1271226840183476225
1271226749787860992
1271226643571519489
1271226633639231488
1271226633169469440
1271226506451095552
1271226397759901696
1271226381981167620
1271226378659270658
1271226337055784961
1271226328726016002
1271226217773981697
1271226035728551936
1271226029026103297
1271226020839018497
1271225985296449536
1271225860046102528
1271225822372745216
1271225792966488064
1271225737492619264
1271225646358945792
1271225451793600513
1271225290056970244
1271225191784304640
1271225182187737088
1271225061437923328
1271225015514673152
1271224942630260741
1271224916767956992
1271224889354129408
1271224617223389184
1271224520653680641
1271224416798511104
1271224348792123392
1271224291107966976
1271224122782212097
1271223956272345088
1271223597181186048
1271223543892598784
1271223362690273281
1271223159165943808
1271222914554245122
1271222810204086273
1271222725978152961
1271222702544760834
1271222677466906624
1271222618775932928
1271222536013938688
1271222364110565381
1271222295273463811
1271222148179378177
1271222026821423105
1271221913134804992
1271221871497920514
1271221853445472256
1271221811808743424
1271221672289460230
1271221646792241154
1271221558971785219
1271221515942494209
1271221447982120960
1271221387424915457
1271221248811556865
1271220715753050112
1271220333044006913
1271219779236433922
1271219738631438338
1271219662320209923
1271219602605957125
1271219459253047298
1271219432631816193
1271219360221351942
1271219360208580608
1271218523520397314
1271218477374689280
1271217961081208833
1271217635510808576
1271217561879928834
1271217344325414912
1271217018965032966
1271216444651401216
1271215850255642624
1271215350625886208
1271215311274995712
1271214937453494277
1271214528945098754
1271214247691739136
1271214001393815552
1271213940287078402
1271213933781639171
1271213917885300740
1271213375825907714
1271212719186653184
1271212538055684097
1271212419583377408
1271212315266781184
1271211885736734720
1271211877264248837
1271211817147281408
1271211278221094914
1271211217894268928
1271211084591050752
1271210979511189511
1271210909076054019
1271210841166274560
1271210527604314112
1271210125835960320
1271209636767678464
1271209566093574146
1271209549610049537
1271209510628143104
1271209348811812866
1271209226376040453
1271208869050511360
1271208838591438848
1271208103208464384
1271208100125708289
1271207902053875712
1271207755509051392
1271207716770287617
1271207695257874435
1271207142121451521
1271206994171609089
1271206702323392514
1271206485616472065
1271205855661158401
1271205731560239106
1271205583518121988
1271205434037350401
1271205078309863424
1271204855667920897
1271204854908796928
1271204670938243075
1271204576482516993
1271204084654018562
1271203976109797379
1271203564610891778
1271203475939090434
1271203312000544768
1271203211982995457
1271203190592008193
1271203020265656321
1271202898886766593
1271202733824118785
1271202624004673537
1271202438326808577
1271202187817844737
1271201956351152129
1271201867524182018
1271201833613004801
1271201825497153536
1271201597826248705
1271201592767741952
1271201571393716226
1271201437146439681
1271201234498711552
1271201040579399686
1271200991904333825
1271200934966820867
1271200872345645058
1271200806923120645
1271200772659838978
1271200509081370624
1271200394560053249
1271199291638345732
1271199117717286913
1271198977996791810
1271198799935963137
1271198649943379968
1271198525548752896
1271198477704409089
1271198399371542528
1271198376755965957
1271198151488098305
1271198065429377024
1271198027630419972
1271197983032389634
1271197819211259905
1271197812651372545
1271197735979450381
1271197614277423104
1271197612172103683
1271197495268384776
1271197362766176256
1271197333959487488
1271197015297441792
1271196770890997760
1271196611083976710
1271196394817232906
1271196273903886337
1271196181012647937
1271196087533989889
1271195721002344448
1271195204092071936
1271195119178440707
1271194979491184640
1271194741397491714
1271194433057415169
1271193967636480000
1271193944718741509
1271193868273438720
1271193865907732482
1271193815718617090
1271193728858894344
1271193678439219202
1271193587527503872
1271193577763323904
1271193540849098752
1271193372179521539
1271193103966314500
1271192977038348291
1271192636649607170
1271192633050894337
1271192601056743424
1271192589883113472
1271192463638777864
1271192210378092545
1271192066815492099
1271191929758322689
1271191720793956353
1271191607698735110
1271191560613433344
1271191336863973377
1271191331067490305
1271191276319277059
1271191090796695552
1271190870792867840
1271190823057661952
1271190816887881733
1271190737569239040
1271190703855464449
1271190616551165953
1271190542383267840
1271190481909792768
1271190401215414272
1271190391971131393
1271190353610182663
1271190195321397259
1271190079248179203
1271190059421536257
1271189928555057152
1271189917343809536
1271189849442185216
1271189800255582208
1271189649843785728
1271189524727635968
1271189497678610432
1271189326760751110
1271189204492582912
1271189196275953664
1271189154919903233
1271189153024221186
1271188977874112512
1271188811213688834
1271188748508643331
1271188693768962049
1271188608427278336
1271188330777100288
1271188123762872320
1271188000387379200
1271187946587033600
1271187935883378690
1271187863967760384
1271187842635567104
1271187829175943168
1271187810909741056
1271187453982806016
1271187125669523456
1271186872211959809
1271186775789260804
1271186766930690048
1271186519995355142
1271186330572042240
1271186281058447360
1271186059842519040
1271185765318434818
1271185698037604352
