1288580004658458624
1288579949461491713
1288579894323097600
1288579836726915077
1288579779323723782
1288579722465640449
1288579653591085062
1288579574402605062
1288579486288687109
1288579420383576069
1288579355426336768
1288579290045579265
1288579234320060418
1288579169908076549
1288579087842377728
1288577453246550018
1288576988177997830
1288576472379203588
1288576027791446016
1288575967317942274
1288575778586857473
1288575702774800384
1288575686903463936
1288575411497193473
1288575355322880001
1288575102288879616
1288574537970458626
1288574411801600002
1288574325373771777
1288574074696892416
1288573558449471489
1288573489860026369
1288573468703772672
1288573317306298369
1288573068823146501
1288573050024321026
1288572516013879302
1288572211738091520
1288570055865892866
1288569408768573440
1288568621648826368
1288568259634171906
1288567370282344448
1288567061548093442
1288566131054317568
1288565835557208065
1288565698822889478
1288565698617278464
1288565680380551168
1288564867532836864
1288563944278433795
1288563892323594240
1288563836728102921
1288563830180716544
1288563270782246919
1288563263832301575
1288562825460420608
1288562464519606277
1288560500767223808
1288557890505256963
1288556747960070144
1288555936362029056
1288554641232363520
1288554602418315266
1288554549150703622
1288554501377589250
1288554451033362432
1288554401066622978
1288554349174632450
1288554303272243207
1288554242056130561
1288554184112054275
1288554121239437312
1288554065148948480
1288554002771324928
1288553948174065664
1288553890745638913
1288553820520407041
1288553723254444032
1288553665972834304
1288553607579787264
1288553554140114944
1288553483621343234
1288553393628368900
1288553243652562950
1288553201793368064
1288553151218487296
1288553094410899457
1288553036927950849
1288553027561877505
1288552959815618567
1288552903834247168
1288552854454755330
1288552769222258690
1288552714239180801
1288552613156454405
1288552554318778368
1288552487964811265
1288552472009748481
1288552432495136771
1288552365013032961
1288552286252412932
1288552217797156864
1288552162771922944
1288552152009498624
1288552145256677377
1288552088981647360
1288552025136013314
1288551953048440832
1288551873881034752
1288549910854295553
1288548371964149760
1288548140187103235
1288547899786309635
1288547340392030215
1288547154575925253
1288547115371765760
1288547067225309186
1288547021507506176
1288546972954238977
1288546923687874567
1288546875063369728
1288546829748011008
1288546777088565250
1288546747019677701
1288546705600909314
1288546651934687232
1288546599187120128
1288546568774119424
1288546551376248834
1288546502927953922
1288546455632908288
1288546404802146305
1288546383545286656
1288546339903741953
1288546278591389696
1288546215114821634
1288546183565148160
1288546157136883712
1288546087129821184
1288546049871708161
1288545834636804097
1288545777783111680
1288545720128151552
1288545719859716103
1288545663781920773
1288545549935874049
1288545498266324992
1288545441173442561
1288545386672644096
1288545334000529409
1288545319899115521
1288545180224819200
1288545122276253696
1288545064998887424
1288544999043477504
1288544936279842817
1288544829933326338
1288544811226738689
1288544736828182528
1288544620343898119
1288544561988603904
1288544494858776577
1288544482355535872
1288544438344613888
1288544374452817920
1288544220865855493
1288543786063273984
1288543591435034624
1288543263285284865
1288543021240406016
1288542823525101568
1288542572399464450
1288542517403820034
1288542073487073283
1288541908617367557
1288541833891655681
1288541570623508481
1288541165940244480
1288540303520141313
1288540106211635201
1288539439657029633
1288539123570159617
1288538863594602497
1288538615627370499
1288538235195596800
1288538107315445761
1288537842222804996
1288537799847817218
1288537296040493057
1288536518974472193
1288535464681578497
1288534894600171520
1288534254867976192
1288534029302730762
1288533671918608385
1288533036959707136
1288532496758513665
1288532033933905921
1288531422307856388
1288530995549880320
1288530400026013698
1288529836697432066
1288529547613237248
1288529309670313984
1288528112376979457
1288528061915430913
1288527434871189505
1288526998537723905
1288526402187407360
1288525259524714496
1288524920713027585
1288524514922500096
1288523515440910337
1288523142177206272
1288522438347694080
1288522379778498560
1288521873140178945
1288521796740952067
1288521738855342080
1288521658282770432
1288521589613633538
1288521528863268864
1288521463490842626
1288521408172236800
1288521349791649795
1288521266455085057
1288521207176998914
1288521154462978053
1288521099416920065
1288521046228951041
1288520993275883520
1288520925592379392
1288520860177965056
1288520801722011650
1288520746134896640
1288520690614833152
1288520631366057985
1288520572859817985
1288520521475334146
1288520448158900224
1288520331460784129
1288520279082315778
1288520226829668384
1288520149109288960
1288520078510653441
1288520024840445953
1288519968938754051
1288519913720680448
1288519859140263936
1288519844728635392
1288519789141524484
1288519690483118080
1288519098524209152
1288519076428623874
1288519074360840193
1288518893141741574
1288518272002875393
1288517193764831232
1288515895820726278
1288515864489152512
1288515423768440832
1288514203465256960
1288514164751839232
1288514114063654913
1288514054240206849
1288514006576136195
1288513953451192320
1288513897775992838
1288513837747052544
1288513782239629313
1288513733095038979
1288513681882525696
1288513626047905792
1288513622067437569
1288513544984690688
1288513487682117632
1288513442765250560
1288513390844039168
1288513385001295874
1288513352017178624
1288513334007017474
1288513280043094017
1288513227886866432
1288513179589529601
1288513129278734336
1288513078875885568
1288513029244682240
1288512974248972294
1288512918598942721
1288512861325520897
1288512782598643713
1288512240866516993
1288512201209323522
1288512154057015296
1288512074528837632
1288512022208970757
1288511963442622465
1288511910405644290
1288511857058340864
1288511801680945157
1288511730948231168
1288511650883153923
1288511599011983360
1288511598345191425
1288511551373221890
1288511505302945796
1288511460721799169
1288511401796018176
1288511347379130369
1288511278877736961
1288511177253953538
1288511149932257281
1288511123491295232
1288511069388967936
1288511018419748864
1288510964996939777
1288510904716361730
1288510855202648065
1288510800462839809
1288510746809204736
1288510688252624897
1288510635899326465
1288510583034216451
1288510528965562369
1288510470027120640
1288510401320292353
1288510316482043905
1288510259275890691
1288510211175538689
1288510178208485377
1288510095677161473
1288510051892764673
1288509984981094405
1288509912084094978
1288509859961417730
1288509797042655233
1288509735818452994
1288509671725293569
1288509616675000325
1288509563134709761
1288509512866045952
1288509463012540418
1288509374516924418
1288509305860370432
1288509289846407169
1288509253905522689
1288509199450865664
1288509144748744705
1288509091829161984
1288509029396996096
1288508976041209859
1288508909456691202
1288508858575589382
1288508802304823297
1288508749104193536
1288508722344534016
1288508693609353218
1288508638336897024
1288508572515602433
1288508515213082625
1288508450499067904
1288508390763827200
1288508328235024385
1288508268189569025
1288508209683103746
1288508143442505728
1288508009761693696
1288507921677062147
1288507563827507200
1288505416117129219
1288505356721807360
1288505204690698240
1288504803916644353
1288501981078642689
1288501033908473857
1288499771804614656
1288498282080210945
1288494638064705536
1288493868539928576
1288493329978728453
1288493083810824192
1288493004081291265
1288492944668930049
1288492895297830920
1288492847474389000
1288492784362692609
1288492700304420864
1288492617408352263
1288492561049489408
1288492490044080129
1288492356711440386
1288492280270262275
1288492205909385216
1288492149928013827
1288492086719918082
1288491997397950464
1288491945216614402
1288491868012064768
1288491813003767808
1288491757353807874
1288491682778972160
1288491659832053760
1288491608565047296
1288491556161368066
1288491437894574081
1288491327815061504
1288491267056443392
1288491211628646401
1288491162152697861
1288491101255540736
1288491042841427974
1288490984188391425
1288490923798794240
1288490865296646148
1288490807918571522
1288490731561246720
1288490500635459585
1288490406397779971
1288490383425462275
1288490339339206656
1288490275032031233
1288490204861530113
1288490028763578369
1288489951617835011
1288489841727078401
1288489772499992586
1288489650777194496
1288489575913054209
1288489513946423302
1288489498960113664
1288489439824576512
1288489299487358976
1288489209603461120
1288489133409796097
1288489060055613446
1288489001805062145
1288488945874083840
1288488942657056768
1288488877414649859
1288488734875410438
1288488686443798528
1288488671172337664
1288488614016487425
1288488518185082880
1288488455513812992
1288488348449939457
1288488287343124480
1288488225892372480
1288488153855262721
1288488055297290240
1288488051132563458
1288487946241409024
1288487812388524034
1288487786266460160
1288487621249970176
1288487556494098434
1288487490559578112
1288487473362984960
1288487425560453121
1288487363694538753
1288487296338210818
1288487233947930624
1288487167547899904
1288487106730500099
1288487018352312322
1288487005660348416
1288486710893056001
1288484863054450689
1288483949984055299
1288481727380361218
1288481569854959617
1288478977649258496
1288475826346917890
1288475400704860160
1288474549231792129
1288473721955422208
1288472571772645376
1288472326129016833
1288471177976045572
1288470119421628417
1288469286894415877
1288469231416283137
1288468582377181184
1288468222791090176
1288468183305924609
1288468123365113856
1288467889822011392
1288467854522810369
1288467804145045504
1288467736620933120
1288467689497821185
1288467639896080386
1288467504160034818
1288467452138065920
1288467382554550274
1288467218993422338
1288467163200856064
1288467116404940800
1288467065884614659
1288467018535108609
1288466969117839361
1288466908011012097
1288466851761184768
1288466799013617664
1288466729908211713
1288466142219194368
1288466064196722688
1288465999369510913
1288465936480174082
1288465885557067777
1288465836534116352
1288465753386225664
1288465695999754240
1288465629348016129
1288465563426213890
1288465484736847874
1288465411797856257
1288465349348937728
1288465295145938945
1288465237969186816
1288465178682626049
1288465108339957760
1288465046809595904
1288464956313214978
1288463906403311618
1288462912453918720
1288462538666135552
1288459966794391553
1288459501536980992
1288457859412500480
1288455594467303428
1288455294368927744
1288452791271337984
1288452134237863938
1288451824832385025
1288450388014690304
1288450239943323653
1288449496435896320
1288448915096973313
1288448028253327360
1288447908778573824
1288446841890189312
1288446698344284160
1288446651380768768
1288446650466414593
1288446610700005376
1288446598914154496
1288446543100510209
1288446477988233217
1288446419246952448
1288446364582653953
1288446306852179968
1288446247112761344
1288446190984536064
1288446131920351232
1288446079856517123
1288446023849869312
1288445909450334209
1288445848075087872
1288445776511807488
1288445496152002560
1288445457463742464
1288445406133850112
1288445345534443521
1288445266866196481
1288445193440690178
1288445136490438657
1288445081150791680
1288445013010128898
1288444954084290563
1288444892218368001
1288444837394558978
1288444780201029639
1288444721556336643
1288444667135250432
1288444605273460736
1288444516740071427
1288444467536637953
1288443266178981890
1288440211488354304
1288440105229836288
1288440067095175168
1288440008932823040
1288439949650530304
1288439886995914753
1288439834462359552
1288439776211861505
1288439721488769025
1288439652664463363
1288439594938138624
1288439530257776641
1288439467662102528
1288439421059162117
1288439362443780097
1288439305548029952
1288439250564915202
1288439187214159872
1288439130683211776
1288439057245040640
1288439054497910786
1288438957433409536
1288438902982877184
1288438830870274049
1288437931024306177
1288437894777110529
1288437834924392450
1288437773515608064
1288437725344014337
1288437677747052544
1288437630070411265
1288437570091790337
1288437503662448641
1288437452097695744
1288437392874123266
1288437327421898753
1288437248212467713
1288437204277223425
1288437131740884995
1288437072651603970
1288437018402402304
1288436965394849794
1288436914446569473
1288436852295438337
1288436799925256193
1288436714873204737
1288436637911982081
1288435928160243712
1288435892785483776
1288435841124179970
1288435792386371584
1288435715647340546
1288435667400364032
1288435617391681536
1288435564799242240
1288435550047711233
1288435516501889026
1288435456917602306
1288435406158147587
1288435349249720320
1288435300000305153
1288435246342508550
1288435190919041024
1288435137227751434
1288435081753833472
1288435019514621952
1288434962266501120
1288434894067175424
1288434832327016448
1288434763418734592
1288434682217062400
1288434536343392256
1288434480483532800
1288434424191889409
1288434372077658113
1288434311977467906
1288434261201125376
1288434203760238592
1288434148445761536
1288434089461153792
1288434023715549189
1288433965506924544
1288433910460948480
1288433852428550145
1288433759432454144
1288433643782836225
1288433548849012736
1288433492989280256
1288433385204060162
1288433308267884544
1288433212260261889
1288432600130846722
1288430561246281728
1288429910437105664
1288429652843741184
1288429247363653632
1288429172386344961
1288428900041850880
1288427763578351621
1288425767567872000
1288425369268346881
1288424918716211200
1288423484243300354
1288421760581267463
1288421186083237888
1288420724726730758
1288416595996442624
1288416266517204992
1288416223768850434
1288416161940545537
1288416103803363328
1288416049180925952
1288415990963937281
1288415936677060608
1288415886852882433
1288415877998751746
1288415813645606912
1288415759815892993
1288415706577612800
1288415654446600198
1288415583067938816
1288415525358501888
1288415453564620800
1288415390486401024
1288415333871747073
1288415264292442112
1288415210945089536
1288415158054912000
1288415098021785601
1288415042828935169
1288414988005187586
1288414931977752576
1288414900096610304
1288414876759658496
1288414826755248129
1288414773521141761
1288414713668349952
1288414649566846981
1288414554897240064
1288414502929735680
1288414448168980480
1288414394595127296
1288414336319356928
1288414285694205952
1288414228714528771
1288414171709702144
1288414097298595842
1288414042160324609
1288413951441633281
1288413885561798656
1288413785523462144
1288413704757837824
1288413640966774784
1288413581415976961
1288413519629746179
1288413440839757824
1288413373948887041
1288413312171073536
1288413255346659334
1288413129001639936
1288413067936772096
1288413009082232833
1288412951674789888
1288412886252101632
1288412880640118784
1288412811371196416
1288412752583819264
1288412697885892609
1288412493526663169
1288412293953273857
1288412064520663041
1288411913475555332
1288411858123329536
1288411776049131520
1288411713650425856
1288411641332338688
1288411544129347584
1288411355586990081
1288411315116085249
1288411199458115586
1288411136967217152
1288411081480822785
1288411018675322881
1288410957207801856
1288410895283101701
1288410840253816833
1288410772381499392
1288410749728100353
1288410707311067137
1288410650050531328
1288410576595623937
1288410456319823874
1288410380566437888
1288410322454433795
1288410258193473538
1288410199175372800
1288410123967266821
1288410064651456512
1288410006463950848
1288409947403948032
1288409883897978882
1288409818030649345
1288409756122722305
1288409692478349312
1288409626648748032
1288409570063286273
1288409510932090880
1288409452362838016
1288409393806094342
1288409334343446528
1288409273005989889
1288409202726178816
1288409125869826049
1288409062519050240
1288409002397904897
1288408936970952706
1288408874702209024
1288408736978153474
1288408670561357826
1288408584141910017
1288408522997342208
1288408453917048833
1288408357242634240
1288408298350411777
1288408285654077440
1288408231916830721
1288408166913511425
1288408107182432256
1288408011787075585
1288407938537869312
1288407878362071040
1288407810871422977
1288407638833856512
1288407577521532928
1288407517278679040
1288407453122650113
1288407395505524738
1288407318716125186
1288407254073516032
1288407247035535360
1288407193847504897
1288406922031501313
1288406856780652544
1288406791274012672
1288406714870566917
1288405853045833728
1288397266970193920
1288396520375476224
1288395876008955904
1288389297725419520
1288389110449635329
1288388201690923008
1288382757698060289
1288382530622644224
1288380216268558336
1288378528120086529
1288378335844802561
1288376703392321536
1288376227317731328
1288375001914187777
1288372040425181184
1288370695492087808
1288367585894060032
1288366606809206784
1288365571159912448
1288365194922532864
1288364884623671296
1288364585049657345
1288363871867215872
1288363036412194817
1288361197838860289
1288360672544227328
1288360376048873474
1288359824871260160
1288359546704994304
1288357304828596224
1288357068840239104
1288356905421811712
1288356131283378176
1288354814922043393
1288353803985653761
1288353651950592001
1288351670120914945
1288350228874055680
1288339282718085120
1288338348843708416
1288337756590989313
1288335934220640258
1288334906058104832
1288333913866358784
1288333771343720448
1288332835565129729
1288332775540453376
1288332445314580482
1288332434807824387
1288332351328542721
1288331886436085761
1288331835865477120
1288331660040142849
1288330881967349760
1288330449509441536
1288330135179890688
1288329985548103680
1288329782829096961
1288329063845658624
1288328801487732739
1288328479155425282
1288327919345872896
1288327676705378306
1288327425466621954
1288327317316677633
1288327028681265153
1288326791686496257
1288326502585520128
1288326369412296704
1288326347228577792
1288326307844038664
1288322137694953472
1288319632168820739
1288319465818480643
1288319438815506432
1288317874860199937
1288317633335406593
1288317544290332673
1288314790834835457
1288313241865576450
1288312436446003200
1288312181004500998
1288311897842843650
1288311608008040448
1288311291296194563
1288310397267660803
1288309626144866304
1288308594849406976
1288308092304625669
1288303141373517824
1288303130338304000
1288302483194945536
1288302211559092226
1288302059960193024
1288301442508312576
1288301247553036288
1288300518129807360
1288300438442237952
1288299743878295554
1288299272958406658
1288298227989729281
1288296207123730442
1288295955733852160
1288294573366579200
1288292351430012933
1288286659142983687
1288284890463637506
1288284725224845312
1288284443090837504
1288284152698212355
1288283911450243073
1288282891693293569
1288281190961762305
1288279055008018432
1288277722221785088
1288275553187815424
1288270012948647936
1288269474618126337
1288269126788616193
1288268735451729926
1288267830299889665
1288267245014024192
1288261410200354820
1288260594345353217
1288260386534256645
1288260320155189249
1288260085299306496
1288259695057149954
1288258841575006208
1288257971936428034
1288257945399169024
1288256436846440450
1288256260610101252
1288256165147803652
1288255721566425089
1288253583612420102
1288249350120931329
1288248330573819905
1288247208064610304
1288246059077115905
1288243966622806022
1288243422478753792
1288243260071325700
1288243182946455552
1288242437597679618
1288242093555683330
1288242040598396929
1288241870712090624
1288241149627502593
1288240954814664707
1288240348486086658
1288239309762342914
1288238054768025600
1288237606027722752
1288237525090185216
1288237500033454080
1288236083549999104
1288235715281608706
1288234927675387910
1288234499889922048
1288234060171677697
1288233139073056769
1288232698138550273
1288232438494310401
1288230064170172427
1288227227679821825
1288226283965550600
1288226213379608582
1288226211223740417
1288225030338252800
1288224211383676928
1288223898358763521
1288223776979779586
1288223179765358594
1288220700906606595
1288217881453494273
