1289304734071844864
1289304079437426688
1289303475432484866
1289299694527512577
1289299646666416130
1289299117374500864
1289298664016371714
1289298381173477377
1289297668573782016
1289297620343689220
1289297276616298497
1289294943131824128
1289294194335522823
1289293797382164480
1289293505609826312
1289292999722057728
1289290259029778433
1289290178721243136
1289290161818222592
1289290085674790912
1289289870557364224
1289286927523303425
1289286168152928256
1289285973247959040
1289285342688718848
1289283069233561603
1289280350670196736
1289279605312897024
1289278846974345216
1289278655865053185
1289278632578256896
1289278506979844096
1289277720921137158
1289277617439305728
1289277333505900549
1289276975954006016
1289275321041051648
1289272678692487169
1289272604281286656
1289272549319221248
1289272500921147394
1289272488644485122
1289272424320643077
1289272365629636608
1289272299904999424
1289272249111863297
1289272200013295616
1289272135844651008
1289272079456456704
1289272027786829826
1289271962385043461
1289271890540818434
1289271642795827200
1289271557274005505
1289271511241506819
1289271446280208387
1289271391326363648
1289271299013926913
1289271244714577920
1289271183653797888
1289271124346286080
1289271066649661441
1289271008642371584
1289270950039449600
1289270879977746433
1289270819374284801
1289270752680636417
1289270675127988224
1289270430633615360
1289270216879300608
1289270181424816128
1289270132397637632
1289270081147432963
1289270022049640449
1289269972934381569
1289269924192563207
1289269863857324032
1289269811407593474
1289269762904805377
1289269756344725506
1289269710954078219
1289269655211655168
1289269601822339072
1289269547598569473
1289269494896967680
1289269425187762181
1289269364697391104
1289269275224498176
1289269200540770304
1289269090616516613
1289269033943015424
1289268974136356865
1289268917492318208
1289268856926674944
1289268798810398720
1289268729130303489
1289268674218475521
1289268610154676224
1289268576893968389
1289268553703555072
1289268488024940544
1289268410795225088
1289268333842321408
1289268134667460610
1289268045987291136
1289267977402146816
1289267749001158656
1289267096493277185
1289267029065703426
1289264541910482944
1289263717255798784
1289257862250680320
1289255723130486785
1289253636355379200
1289252500978061312
1289250256446611456
1289249432316207105
1289247948610494464
1289247907825123328
1289247850459623425
1289247799779840007
1289247748491943936
1289247692325916672
1289247636315426816
1289247577896968193
1289247504442122241
1289247453456171009
1289247444564234243
1289247393783808000
1289247342336659457
1289247281351233536
1289247226951340033
1289247163734618112
1289247108164456448
1289247051264360449
1289247042816991233
1289246984990101504
1289246923275120640
1289246870234189832
1289246813854167040
1289246761522008066
1289246707708960768
1289246636619726848
1289246567111643137
1289246504662626304
1289246451948634114
1289246396495695872
1289246315776368640
1289246186637910019
1289246116874248192
1289246054848790529
1289245997168594945
1289245965564538881
1289245936485638149
1289245813579763712
1289245753907408898
1289245691248861185
1289245620788633600
1289245565755121664
1289245505726234626
1289245447853182977
1289245388851916801
1289245331247362048
1289245264662929409
1289245203774050305
1289245139802578944
1289245077072523264
1289245016259354624
1289244957874610176
1289244881223692288
1289244816853929988
1289244760637444097
1289244700155748352
1289244636620324865
1289244580651520001
1289244517497843715
1289244445573971969
1289244204837691393
1289243296691179523
1289242137377173504
1289241446994722818
1289236655556243456
1289236616599539712
1289236568364871681
1289236517223903234
1289236468221620224
1289236409543401472
1289236353041891329
1289236294808133633
1289236243209785344
1289236193599602690
1289236142366298119
1289236080194027522
1289236031124811776
1289235973063106560
1289235920814632960
1289235865936379905
1289235811980861441
1289235760592240656
1289235704053002240
1289235642157658112
1289235589460398080
1289235532799791104
1289235475908026368
1289235417615671297
1289235361143484424
1289235307393499136
1289235240490119170
1289235168570380288
1289235071887478785
1289234990606082048
1289234945714483202
1289234884557299712
1289234827376394240
1289234767372619778
1289234704311316480
1289234647260336129
1289234592445030400
1289234523339644928
1289234486031507457
1289234465810558976
1289234396696866817
1289234338362478593
1289234271740321794
1289234212575379456
1289234153980928000
1289234098402164736
1289234097307561984
1289234041539973121
1289233977992085505
1289233911118213121
1289233851219238912
1289233785679237122
1289233721858707460
1289233658264481793
1289233582259449856
1289233515037433858
1289233432262803465
1289233366240256000
1289233277333770241
1289233184819777537
1289232053628628992
1289231847545810945
1289230586314252289
1289230444446117891
1289229976550559749
1289229386814836738
1289228819702796288
1289228130700259329
1289226735515389954
1289222220179320832
1289221471722586113
1289218713447567361
1289218662977527810
1289218607549833216
1289218554345078792
1289218499697455106
1289218447981727745
1289218392528785408
1289218322324586497
1289218266578132994
1289218214287769600
1289218160525103105
1289218096041877507
1289218036633939968
1289218000378159105
1289217975426273280
1289217907239550977
1289217845826482176
1289217788960153600
1289217717489348610
1289217636161720322
1289217612149174272
1289217579324715009
1289217514971361280
1289217457660366850
1289217387577970689
1289217257415958530
1289217214596427776
1289217151593635842
1289217092055478277
1289217037252857857
1289216976544509952
1289216905576734721
1289216837209788418
1289216777444982785
1289216771535171584
1289216706724818945
1289216639079079937
1289216581067657216
1289216520762142721
1289216514403360775
1289216484431073281
1289216458988433408
1289216385978118145
1289216323646394370
1289216322539106304
1289216252205060096
1289216186836750341
1289216120990228482
1289216054200168448
1289215990568542209
1289215894137131010
1289214618724732928
1289214333466025985
1289214249852637184
1289212405092724736
1289205436973846528
1289204916032958466
1289204262057074688
1289203686049103872
1289202421424467968
1289201594790055939
1289201179021344770
1289200740221689856
1289200537401884672
1289200198074241024
1289199294348767241
1289198153141346306
1289195283838939137
1289194922491252737
1289194865255944192
1289194729775812609
1289194677296459777
1289194619108900864
1289194567493775361
1289194519712247808
1289194462908788736
1289194406558433280
1289194340649177088
1289194288300142592
1289194236374446081
1289194183991926784
1289194119185801218
1289194057680457728
1289193983546028034
1289193894379479041
1289193840843214850
1289193785625198595
1289193723939524609
1289193691446300672
1289193581379375104
1289193521220472833
1289193465125904389
1289193408280420353
1289193347123298305
1289193280559706114
1289193217301258242
1289193099177025537
1289193030411415554
1289192969245868032
1289192910219608064
1289192830523645952
1289189887678111745
1289189089577639941
1289187714483380224
1289184747747385344
1289184300722577410
1289182911669743617
1289182874051252226
1289182816937357312
1289182761664704514
1289182708933914625
1289182659265155074
1289182606550904841
1289182540776038400
1289182471519707137
1289182428691480576
1289182371997052930
1289182309879406592
1289182247799656449
1289182188982792203
1289182126919651328
1289182050700804099
1289181787470487555
1289181665701646341
1289181625033490432
1289181561917603840
1289181507861405697
1289181456850235392
1289181389309403136
1289181334959603712
1289181275161591808
1289181210934161408
1289181145842642944
1289181087273369601
1289181024887255040
1289180963969421313
1289180904439476225
1289180822143004675
1289180802580770816
1289180751133470721
1289180735006371840
1289180708863385600
1289180644468297728
1289180586460868608
1289180526587162624
1289180468441571328
1289180416579174401
1289180396677021697
1289180335125622790
1289180273930731523
1289180208285675521
1289180141759807488
1289180077247275008
1289180007013560320
1289179934917685249
1289179842856927233
1289178245120684034
1289177332280786946
1289176208899362816
1289176101130891264
1289175540881006595
1289173279190560769
1289172469652189185
1289171540265902080
1289169056835092480
1289168366586826753
1289165036275957760
1289163194158776321
1289162984053301252
1289161181677191168
1289159953006043136
1289155728918351876
1289153986512257024
1289149967647440896
1289148794655973376
1289146258456752129
1289146235543326722
1289146018899075072
1289145507365806082
1289145092394094593
1289141711848038400
1289141680558530560
1289141679128289280
1289141632902803456
1289141572014149635
1289141510429081600
1289141452207988737
1289141398529335296
1289141343764328448
1289141283504758784
1289141225803718656
1289141156320870400
1289141085739024385
1289141043515076608
1289140979409342464
1289140905862139905
1289140837008506883
1289140770520399873
1289140703537364992
1289140624764153856
1289140559978860550
1289140459143602176
1289137844615892992
1289137713959100416
1289137661471580160
1289137604089217026
1289137551979229184
1289137534832988162
1289137492315299840
1289137441908105216
1289137384987254787
1289137333623828480
1289137266057773058
1289137177796976640
1289137129067552768
1289137077674811393
1289137007587975169
1289136952248238080
1289136894958342144
1289136839471894530
1289136784123846656
1289136721746108416
1289136622726983681
1289136147277516801
1289136107066658816
1289136055401222145
1289135998429954049
1289135956319059968
1289135938891911168
1289135883325706243
1289135832322977792
1289135765532925952
1289135705076236289
1289135646481817601
1289135590433226754
1289135527640420355
1289135474318114816
1289135413295296513
1289135353069273089
1289135265202790400
1289134322994356224
1289134284025090048
1289134224860237824
1289134156430139394
1289134084741050368
1289134009642090498
1289133904121729026
1289133813910646785
1289133757757300737
1289133691592216576
1289133634331594753
1289133574550097920
1289133514521300992
1289133450864349185
1289133381444349954
1289133167404822528
1289133099775754240
1289132995555790848
1289132888076820480
1289132837224972288
1289132779364646912
1289132717045678082
1289132638595354626
1289132573185257474
1289132512292360192
1289132429417099265
1289132347036663808
1289131602942013440
1289131469193895939
1289129905922416640
1289127685856296960
1289127645054107650
1289127590989639680
1289127538120429568
1289127481946013697
1289127427554324480
1289127373493985281
1289127316757643264
1289127251280302080
1289127193117888512
1289127126730452994
1289127073257316355
1289127012452401152
1289126951232458753
1289126880210292739
1289126715025952768
1289126664212041730
1289126587292680192
1289126523455385600
1289126457478914048
1289126397215113216
1289126337488265216
1289126276838629376
1289126209327173632
1289126148073500672
1289126087210012673
1289126023620104192
1289125949762605185
1289125885837299712
1289125790580441089
1289122595288182784
1289121722654838784
1289119385618010112
1289117764242857984
1289117306182946822
1289115544902414336
1289112216550211586
1289112031828811777
1289111746360283140
1289111597164769280
1289111557759213568
1289111509084319746
1289111455288168448
1289111423801593863
1289111402049941509
1289111350812315648
1289111298370867200
1289111231207530497
1289111174571753477
1289111113569906688
1289111048868462592
1289110991582658560
1289110929712582657
1289110873911570432
1289110792009322496
1289110732769034240
1289110677844635649
1289110621124997122
1289110539319357440
1289110413674721281
1289110331013373953
1289110271609450497
1289110212620754945
1289110148921937920
1289110086925852674
1289110030948630529
1289110020513320960
1289109953110777859
1289109895132991488
1289109832797224960
1289109824890863617
1289109777906372609
1289109707228155904
1289109638684778498
1289109575187214336
1289109513602240512
1289109416239931392
1289109339203018752
1289109267216302080
1289109184273883137
1289109118465314816
1289108466670489600
1289105436914794496
1289099483557425152
1289098716713037827
1289097614181502977
1289096975992926208
1289096497288695808
1289095634923008001
1289094647013408768
1289094116631031809
1289094027560792069
1289093710668599296
1289092337797300224
1289091668692447233
1289091471090634752
1289091135764340736
1289090720696066049
1289090311294275584
1289089599176925184
1289089356444119040
1289089193428295680
1289088598818471936
1289088367611781122
1289088353984557058
1289087955408023552
1289087776399360000
1289087576809197568
1289087371078762497
1289086300721688576
1289085763045466114
1289085578684882944
1289085578105876481
1289085365530382336
1289085055982284800
1289084731238354949
1289083874660757505
1289083488629481472
1289082469640278017
1289082142421430273
1289081658826784768
1289081369461751808
1289080815209426944
1289080791264305152
1289079783146639360
1289079346699866112
1289079180295122944
1289079054222622720
1289078829231804416
1289078596775092225
1289078589661630465
1289078443842449408
1289078245871292417
1289077933814845441
1289077334419611648
1289076994668482561
1289076399123431425
1289074842604654594
1289074832009605122
1289074647615467520
1289074065907621888
1289073140023394305
1289072337468432384
1289072184049258498
1289071995892772864
1289071647387979777
1289071403128545280
1289071168368963586
1289070853624406016
1289070748154249216
1289070535767289857
1289070087115280384
1289069963718864896
1289069184480169985
1289068809198931969
1289067970665226240
1289066946634252288
1289066326275760131
1289066226061324295
1289066168226062337
1289066064282898432
1289065977649541120
1289065186012299265
1289064753529147397
1289064531914895360
1289064214506553350
1289063554054840320
1289062172731928576
1289062112522915841
1289061317341577221
1289060258095169536
1289059829483368449
1289059477627506688
1289058861152968705
1289058178970329089
1289057851005165570
1289056779977084928
1289055949034942466
1289053480938856448
1289053313418264582
1289053229599334400
1289053106978906112
1289052056259629060
1289048380048637952
1289046968057159680
1289046331709730819
1289044233274265601
1289041848418340865
1289040604295553025
1289039840902815745
1289039004860547072
1289038025775706112
1289035241252847617
1289034977418661889
1289032224046751744
1289030440666292224
1289029586878177280
1289028671223803904
1289028329631186945
1289026723409879041
1289023676944453638
1289023497822502912
1289023192330371074
1289022039165210635
1289020711726723072
1289020016923475970
1289019175789363200
1289014974786998273
1289014159754002434
1289012029764915200
1289011866660986882
1289011494219382784
1289011361553379334
1289010426978668546
1289010269121699840
1289010166189436928
1289008577831550978
1289008059390468097
1289007801784774662
1289007436498690048
1289007192729718784
1289006677031825409
1289005259348561921
1289004734020452352
1289004601388105728
1289004346286514177
1289003859382239232
1289003647976779780
1289001985639940096
1288999937976471553
1288998346879897600
1288997091386286080
1288996836410236929
1288996620810375168
1288995832302190594
1288995273134338048
1288994271572439040
1288990636453122048
1288990198706122754
1288988692405784576
1288988485492375552
1288985895282937856
1288985463596826624
1288984944954552328
1288981331624562690
1288980442708758528
1288980378674372608
1288977468259545089
1288973434060447744
1288972975832588289
1288972876029333505
1288969699477336066
1288965205188399105
1288960649087930370
1288957670796402688
1288957073963835392
1288954551312121856
1288953458717065216
1288952809178759169
1288952425798406149
1288951144807530503
1288950391611301890
1288948827127349250
