1281332150625763328
1281331446817394690
1281331240474251264
1281330858855522304
1281330835187208192
1281329591206862853
1281328951713918976
1281328928934723588
1281328702282846208
1281328002085777408
1281327766927863809
1281327722787201024
1281326105828433935
1281325307157454855
1281325160105156616
1281324897885708288
1281323471868329984
1281322785659379718
1281319033309204481
1281317826259632128
1281315816026365952
1281314215630983174
1281312714317615116
1281312667471278080
1281310417235648512
1281310255759179778
1281308245722894336
1281307884874272768
1281307483047411714
1281303971403980800
1281303394158813184
1281303149534416902
1281301981600968704
1281301836885082112
1281300993548795905
1281298539038101506
1281298178189352965
1281297316427657216
1281297244692664322
1281296062095872000
1281294758992687104
1281294408399253505
1281293191778574337
1281293133599424515
1281293059561529353
1281292992234520578
1281292916514852872
1281292842879631360
1281292776286703616
1281292706485088260
1281292627560796163
1281292556182093825
1281292479703236610
1281292412875345920
1281292344604622848
1281292259896569857
1281292177709113349
1281292097535053827
1281292014093578241
1281291920917045248
1281291832815751170
1281291753690148864
1281291663089061893
1281291539117940743
1281291132853538822
1281291013647216640
1281290921649283072
1281290829412392960
1281290728619081732
1281290637921443841
1281290550692495366
1281290468240822274
1281290374619807744
1281290292876972032
1281290187721539584
1281290090715787265
1281289952651870215
1281289830303969280
1281289727019307010
1281289629170388992
1281289547435868162
1281289452351037443
1281289362613944321
1281289250378481664
1281289145957126149
1281288929245827081
1281288561858355201
1281287665204240384
1281287663794995200
1281287229877350401
1281287163095797760
1281286069728604163
1281285892422893569
1281285700843761664
1281284679073742852
1281284627978731522
1281284556486778884
1281284485426876416
1281284413876252676
1281284343722323968
1281284275967537154
1281284210771230720
1281284188122099713
1281284108044447752
1281284037949169667
1281283963005394944
1281283891408633857
1281283797724606464
1281283725859475456
1281283639058317322
1281283609538646017
1281283558657703940
1281283481750904832
1281283387546841089
1281283290364813321
1281283232848326659
1281283205174374406
1281283202452197376
1281283086802661386
1281283005764587520
1281282923765862402
1281282835169644544
1281282759533740035
1281282662834024449
1281282575068270594
1281282475692564480
1281282452196122624
1281282430947770370
1281282198763720704
1281282044312649728
1281281710693347329
1281281319952175107
1281281252889366529
1281281142306586625
1281281055270621186
1281280963008397315
1281280870607978501
1281280771861483521
1281280681310552065
1281280574737481728
1281280486552350720
1281280388644646912
1281280300140703744
1281280204925779968
1281280101469114370
1281280012629483520
1281280010767208449
1281279880089526272
1281279764624482309
1281279654347890689
1281279557052612608
1281279473531355136
1281279458805194752
1281279447539343366
1281279442413858819
1281279407991250944
1281279368262750209
1281279271462490114
1281279175073153026
1281279073013161985
1281278970554658816
1281278864921149443
1281278826887163904
1281278753335906306
1281278639682789377
1281278623438245888
1281278520262606849
1281277925497737222
1281277787915997184
1281277648367349762
1281277333920415745
1281277149840764929
1281276445864734721
1281276301651800064
1281275793876766723
1281275538477207552
1281275205688713216
1281275172180291586
1281274919674736640
1281274726946488323
1281274631639490561
1281274403808923648
1281274208656318465
1281274073700462594
1281274054368845824
1281273965097279489
1281273417493184513
1281273406256828421
1281273341979099137
1281273257866428417
1281273172243996673
1281273076324470785
1281273053767331840
1281272981973598208
1281272876310695939
1281272778445000704
1281272680361144327
1281272650573070336
1281272584940765184
1281272482230648832
1281272351347273729
1281272322155044865
1281272228353433601
1281272130957647872
1281272049202114560
1281272002607808513
1281271989810851840
1281271930344148992
1281271855681134593
1281271852166496256
1281271768339152896
1281271698541723649
1281271628769476608
1281271582476787713
1281271550906454016
1281271473810731010
1281271471076249604
1281271387848613889
1281271315433914368
1281271241559728129
1281271214221037568
1281271120478588928
1281271002262102017
1281270933668290561
1281270913850380290
1281270828173230083
1281270756060442630
1281270745197416451
1281270679237623808
1281270670278766593
1281270578431827969
1281270473851052034
1281270380259430400
1281270371174346753
1281270286789292033
1281270202559275008
1281270100595814401
1281269978310881281
1281269391045332992
1281269155140972547
1281268921652445186
1281268892049068032
1281268430038065153
1281268136650526720
1281267684529901575
1281267406766104577
1281267308795592706
1281267018977730564
1281266105215049730
1281266048260595712
1281265984511377418
1281265976663846912
1281265902009319426
1281265827082313729
1281265742088994819
1281265668206268427
1281265594139058178
1281265547884130306
1281265500790689799
1281265402249506816
1281265394389594112
1281265339234422785
1281265324743110657
1281265251393175553
1281265170610827282
1281265105091522562
1281265085927829505
1281264998287884289
1281264974493433859
1281264909662257153
1281264881942044673
1281264820050964480
1281264707530342405
1281264389182586880
1281264010696908800
1281263890488229888
1281263817918382080
1281263753389113344
1281263739153649665
1281263655313702914
1281263574191661059
1281263514762358784
1281263501525291009
1281263416884240385
1281263303604518912
1281263112964804608
1281263103955484674
1281263081683910656
1281263009277587456
1281262927014739969
1281262850099609602
1281262767832477696
1281262682394501121
1281262590052700163
1281262503515701251
1281262381604040704
1281262377674117123
1281262336896929792
1281262076304822273
1281262013554003970
1281261676658999298
1281261533683572739
1281261389705691136
1281261085262327808
1281261006363275264
1281260007720271873
1281259729264750592
1281259433041883136
1281258939741585408
1281258884359794688
1281258773487607809
1281258573645873153
1281258511087910912
1281258176197931009
1281258091636383745
1281257982194593792
1281257693299085312
1281257487916654592
1281257140334718976
1281256848516096005
1281256317911515138
1281255135780335617
1281254984584097792
1281254883761373184
1281254249427599360
1281254116660924418
1281254115759149057
1281253814562144256
1281253540594245633
1281253449838051328
1281253358339330059
1281253078193156097
1281252751695966208
1281252615720849408
1281252344055783424
1281251976991260673
1281251881269039109
1281251866672680961
1281251762658177025
1281251540448264193
1281251334948130816
1281251103296741376
1281251054890430465
1281250756037926912
1281250607710363650
1281249756543504385
1281249482798030848
1281249028760633349
1281248732307021824
1281248460222746624
1281248254517227521
1281248213530341376
1281248176125513728
1281247909896286209
1281247679490621440
1281247408572239881
1281247145341771779
1281246683997720581
1281246581526638592
1281245979828772865
1281245922400309257
1281245858772762625
1281245778653204480
1281245707312214018
1281245653444820993
1281245635132473350
1281245556250198016
1281245473542672385
1281245394735976449
1281245284891320320
1281245253681414145
1281245140062011392
1281245070268735489
1281244995543064576
1281244916560138241
1281244839779217412
1281244831457697792
1281244746573373440
1281244653250101248
1281244564800581634
1281244474673442829
1281244368679075840
1281243794919342081
1281243586101522433
1281243487313317891
1281243430333681664
1281243356593618944
1281243282790629376
1281243208379445259
1281243168172699648
1281243138183528448
1281243069493493761
1281242998009929729
1281242929802153985
1281242861216956416
1281242799577456641
1281242731168305152
1281242667771453441
1281242583356841986
1281242511600730113
1281242431028178945
1281242356369547264
1281242354976985088
1281242280825958409
1281242204682498049
1281242128270733320
1281242046620205058
1281241963304570880
1281241911588773888
1281241895939608576
1281241889765720065
1281241812762603520
1281241739601367041
1281241647368540162
1281241584428818433
1281241547514744832
1281241442552287233
1281241383337148420
1281241291888693248
1281241218018471937
1281241208581435392
1281241126834495491
1281241044147978241
1281240949830672387
1281240860521312257
1281240776379445248
1281240679054749702
1281240598440292352
1281240514046701569
1281240512402354177
1281240423978143747
1281240335360888837
1281240243249831936
1281240157799297024
1281240060071940097
1281239973618991109
1281239883537887232
1281239795973398528
1281239692600586241
1281239678402932736
1281239594504040448
1281239585155166208
1281239485792104451
1281239394670821376
1281239300470964225
1281239290706571264
1281239201560825856
1281239064210006016
1281238943241924608
1281238782000263169
1281238086664552453
1281238033669423104
1281237929487187968
1281237866341789699
1281237857332584448
1281237821508874240
1281237752172986380
1281237660691050502
1281237581267709952
1281237445170720769
1281237356926971904
1281237316330291201
1281237274378866688
1281237199133061122
1281237120703778818
1281237022154330112
1281236876305641474
1281236565495185409
1281236312553553928
1281236107145867264
1281236049130336260
1281235782867529728
1281235681868517380
1281235525026713601
1281235270260518913
1281235118565326849
1281235055797510147
1281234966043557888
1281234858786934789
1281234822258540544
1281234755594465281
1281234702725193729
1281234671175639041
1281234568700399617
1281234483841204229
1281234388873863169
1281234283768709120
1281234189464096769
1281234092302852098
1281233960589279237
1281233908634226688
1281233894503825408
1281233438440255493
1281233168956194817
1281232913837592576
1281232696706920449
1281232133873209345
1281231854192844801
1281231712933105664
1281231196689596416
1281231012693970944
1281230936776949761
1281230846733647872
1281230694849511424
1281230479446773761
1281230444873125888
1281230212311609344
1281230021118459906
1281229901798862851
1281229830436999168
1281229678288633856
1281229561867448321
1281229385362583554
1281229311941328900
1281229280781824000
1281229162196250624
1281229076380872704
1281228905668579334
1281228796461322247
1281228529871568902
1281228425903161345
1281226583106367490
1281225650502881283
1281224740863119360
1281224580644900865
1281224203912523779
1281223922227314688
1281223486049050630
1281223091125981189
1281222597057921026
1281221618199678976
1281218950790098944
1281218090085371907
1281218035412619265
1281217951861964803
1281217877031505921
1281217794210742272
1281217675126099974
1281217597967683584
1281217516753256448
1281217431973892097
1281217340689047552
1281217249110622208
1281217173839544320
1281217095389392896
1281216781017890816
1281216682984423424
1281216570744766465
1281216534069772290
1281216072914358273
1281216005809766400
1281215915540066304
1281215810128744448
1281215706248491013
1281215603647397894
1281215484445237250
1281215382645346304
1281215291104641025
1281215199551401984
1281215103938048000
1281215004562382849
1281214908424523779
1281214812337438722
1281214709883076611
1281214531075739651
1281211795290685441
1281211718945976320
1281211433171156992
1281210641127280646
1281209193421299715
1281209135942467589
1281209040668942341
1281208975862751232
1281208906207956995
1281208788742295552
1281208718668058626
1281208640125501440
1281208570210668544
1281208454670102530
1281208374621863936
1281208301355753474
1281208220904718336
1281208128739082240
1281208047919038479
1281207884035096576
1281207610629292032
1281207514546176002
1281207369242947585
1281207313173483522
1281207226955444229
1281207142863769600
1281207064849797121
1281207053600591876
1281206976886734848
1281206844061605895
1281206749706571777
1281206663647805447
1281206558047731712
1281206473553580034
1281206384835661825
1281206298453913601
1281206206430949378
1281206112541446145
1281205928176599042
1281204501005950986
1281203910951292928
1281202919757365250
1281202245187432449
1281201316950421506
1281201266090278912
1281201198754914306
1281201130215804932
1281201052394704899
1281200972832952326
1281200902511222784
1281200802623864832
1281200722953097217
1281200652090331136
1281200577427509248
1281200500021624832
1281200419558088704
1281200340793282560
1281200255107829760
1281199361473548288
1281199300144480259
1281199226169577473
1281199152857321472
1281199075740790785
1281199004039159808
1281198916910841859
1281198837445603331
1281198759909765120
1281198682453544960
1281198595333664770
1281198495697907713
1281198407252619264
1281198306769678337
1281196722128072704
1281193525149925376
1281193212061892609
1281192977810042886
1281192927222530048
1281192857446035456
1281192789464711169
1281192683927724032
1281192604097556487
1281192542189608961
1281192529925414912
1281192459914092545
1281192379299647488
1281192248474992641
1281191354236895234
1281191343167954944
1281191167720411138
1281190981572927488
1281189030273703936
1281188819077906435
1281188384468340736
1281187066693300225
1281186067257921537
1281185772025110528
1281185335435595776
1281185095467048962
1281184775198441473
1281183563417825287
1281183536955953158
1281181601284542465
1281181590106681345
1281181541125644288
1281181537044586497
1281181457730490370
1281181396678000643
1281181390105726976
1281181286652973056
1281180572363059202
1281179930034794496
1281179683447402497
1281179525586366464
1281179402202734592
1281178745181798401
1281178323800948737
1281177650963329025
1281177568058789888
1281176485114544128
1281176362649255938
1281176291320922112
1281174789139435520
1281174733678149632
1281174667357806592
1281174600819388429
1281174527217676294
1281174461677518849
1281174381008424963
1281174335391227905
1281174291128692736
1281174221092278272
1281174199520952320
1281174131791273984
1281174059523411968
1281173987809210371
1281173912844251141
1281173831152021505
1281173753284739072
1281173605251010564
1281173407451709440
1281173344272945153
1281173249347420160
1281173164035358720
1281173151397773314
1281173066148655105
1281172972104044548
1281172878642286595
1281172768923570176
1281172669690449920
1281172591680552962
1281172499326291968
1281172451284496384
1281172414001528833
1281172308342853632
1281172217313792000
1281172089140056066
1281172024979787776
1281171978767007744
1281171924412968965
1281171806951321600
1281171348379914241
1281171259326255105
1281171196210319360
1281170784225038336
1281170165913116672
1281169843215986688
1281169391078473728
1281168167054659594
1281167925928505344
1281166130564993026
1281164305019396096
1281163132367339520
1281162271708889093
1281161383539867649
1281161169915518976
1281161131537694722
1281161116756914176
1281161049484525568
1281160976415498240
1281160908136493057
1281160812216954880
1281160728741806085
1281160642423029761
1281160522428289024
1281160461556293632
1281160444988792832
1281160350256238592
1281160241107869696
1281160113513017344
1281160069980323840
1281160008638648320
1281159991391670272
1281159895904137216
1281159808939446277
1281159722167603200
1281159634443816960
1281159537333067776
1281159443779129346
1281159421490540544
1281159341236682753
1281159240795783170
1281159174278262784
1281159155089313792
1281159008322236416
1281157344945111040
1281156327453143041
1281153469957713920
1281150818566242310
1281150479049928705
1281150056951885824
1281149803196489728
1281149626754662401
1281147943857336321
1281146433811484675
1281145462108459008
1281145422224883715
1281139925744787456
1281138733526515712
1281137698254790656
1281136585145229312
1281136245154779137
1281134998699966465
1281133205958078465
1281131926351298561
1281130694970798081
1281127885965688832
1281127667148808192
1281127465742729217
1281127172489568256
1281126317350686725
1281126248337403905
1281125937719869440
1281125936403034117
1281125400999940096
1281125149245190144
1281124848853413888
1281124843274944512
1281124550655295488
1281124361957769217
1281124331821518848
1281124029273829377
1281123565392277506
1281123478230441984
1281123454947782656
1281123151435333633
1281122974716686336
1281122807313661954
1281122566678118400
1281122430057144320
1281122144437616640
1281122042985672705
1281121358320033792
1281121283866947586
1281120878042902528
1281120877866819585
1281120607627665408
1281120401792200710
1281120250063454208
1281119897859141632
1281119656900808704
1281119287017496576
1281119028535328769
1281118849845387264
1281118515358052352
1281117934878724096
1281117515825872896
1281116071899140096
1281112711657472001
1281112268738949121
1281110895733739520
1281110066956042240
1281108896439054337
1281107987222986752
1281107173427294208
1281107083857932289
1281106993873408000
1281106855855640577
1281105025016741889
1281102502071619584
1281102236211269632
1281101030801973248
1281099683893559302
1281097408475066368
1281096091887448064
1281095711443038210
1281095131924508672
1281092514234032128
1281092475654942722
1281092471343251461
1281091922543738880
1281090769189822464
1281090608338292739
1281089066616881152
1281080117717020672
1281079562890141697
1281078867453546502
1281078260411953154
1281078163892776961
1281078121698115584
1281074825532973059
1281074241228677125
1281074027273084929
1281073264987693056
1281072206852747264
1281070726284316672
1281069559022186496
1281069529393778689
1281068806824235009
1281068286864736264
1281067933196865536
1281067545752199169
1281067197008351232
1281067163730825217
1281066358499926019
1281062882378231808
1281061421883682817
1281060902125686784
1281060862741164033
1281060013272895489
1281059609600356352
1281059578298449921
1281058840704806913
1281058803782488064
1281058721548959744
1281058603374456837
1281058527122010112
1281058051852849152
1281057693223059457
1281057637082320897
1281057486951247875
1281056992505757696
1281056954941661186
1281056903611715585
1281056778957008898
1281056710153703426
1281056625273507840
1281056474731393024
1281056467869560832
1281056448873664512
1281056422298517509
1281056385606844417
1281056184229904384
1281056183411814400
1281056117221732352
1281056056018219008
1281056047482822656
1281055966797066242
1281055760667930624
1281055695169699840
1281054692328517635
1281054673542119425
1281054355651809282
1281053546109186050
1281053264109322241
1281052446207307776
1281052403517788160
1281052152513867777
1281052048792989696
1281051277582049280
1281051268924899329
1281050663326285824
1281049200474624001
1281047419812274177
1281047173820538891
1281047100994789376
1281046292202848257
1281045810084536322
1281045774898511872
1281045160403632128
1281044537520132098
1281043828049350661
1281043810001117184
1281042775996334080
1281042651563692034
1281042260608446466
1281042037610098693
1281041945213763584
1281041142142959616
1281039940046868480
1281038731743563776
1281037923350085632
1281037916727382017
1281037580465778693
1281037436601024514
1281037315884806146
1281036434200301576
1281035483099922433
1281035311368159233
1281035132422574082
1281034350604189696
1281034245952208902
1281033804170346502
1281033003771269122
1281031983427133453
1281031965257412609
1281030895617609728
1281030418792357888
1281030244959506432
1281030096946692097
1281030075639619585
1281029679768408065
1281029442849161224
1281029232655663104
1281028752374464512
1281028443119988737
1281027966848233472
1281027638019133440
1281027209457786880
1281026415580733440
1281026411889819649
1281025551944355841
1281025184422658048
1281023779150286849
1281023714599944192
1281023365197828097
1281022550265430016
1281022501968109569
1281022017098051584
1281021982495182848
1281015717706399744
1281015444577624064
1281015412981764097
1281015274947436545
1281014954498437120
1281012403266871301
1281011112054525952
1281010638282620928
1281009619368804352
1281007771882631168
1281007507943706624
1281006579849068544
1281003993070788608
1281003539490394112
1281002997926035461
1281001622555037696
1281000221456191489
1281000018535735299
1280999596320317442
1280999294737227782
1280999137044058112
1280999074154586113
1280998713133895680
1280998524411236352
1280998468094435329
1280998442731331585
1280997963511279627
1280996842285813765
1280996295205928961
1280995998156730368
1280994200138498053
1280992641967063040
1280991228234829825
1280990360156528640
1280989224829771776
1280988678026784768
1280988584040894464
1280987830127259649
1280987513394528257
1280987160137654277
1280987074099769345
1280986082599768064
1280985786716839936
1280985600875732993
1280984947927339008
1280984335324078086
1280984200301015040
1280983928061345792
1280983886466551808
1280983762646388737
1280983691204804608
1280983253311160320
1280982997404016640
1280982959428784128
1280982868169068544
1280982487447949312
1280982350705291265
1280982162133651461
1280981374481154049
1280980934976630784
1280980393315889152
1280979625137455104
1280979536717287424
1280979415300575232
1280979099326877696
1280978303260569600
1280978211556356096
1280977856324087809
1280977074610634753
1280977054767304704
1280975297966485510
1280974977597165570
1280974915383025664
1280974852225216518
1280974785632239617
1280974717223141378
1280974701485944832
1280974667344470016
1280974635107057670
1280974588915089408
1280974552437100544
1280974348287971328
1280974280713539589
1280974201571155974
1280974138023325696
1280974050098020356
1280973981181411333
1280973712049799177
1280973579333570567
1280973485171445762
1280973371338039296
1280973292749406209
1280973280384598017
1280973166932787201
1280973104454328320
1280972636831518723
1280972588479508480
1280972566631497729
1280972499879186449
1280972428827602951
1280972360372359169
1280972294450528256
1280972200300941315
1280972127819247617
1280972109477339136
1280972104230412289
1280972034361585664
1280972031287320578
1280971949393371136
1280971940560343041
1280971867382300672
1280971784066609158
1280971696716099584
1280971617896669185
1280971537533808640
1280971433431240704
1280971340481277952
1280971215755231235
1280970873860743169
1280970854826864641
1280970558788624384
1280970113852887042
