1288940922818846720
1288940864727912448
1288939476069289984
1288939305507999745
1288938888841424896
1288937507913007106
1288935595817840640
1288934593479864320
1288933983103913984
1288932807515844610
1288928382009434115
1288928307283668992
1288928244616568832
1288928177272901639
1288928111065812996
1288928038609211397
1288928005025390594
1288927973593186308
1288927916370399232
1288927864268750850
1288927808341921795
1288927756127002624
1288927700707614722
1288927635356164098
1288927579500679169
1288927525054418944
1288927469869977601
1288927413964025863
1288927378593456134
1288927356111982597
1288927276382420995
1288927215800012800
1288927176457420800
1288927118798225411
1288927057527951360
1288927005078171648
1288926941991534593
1288926888686223361
1288926834332139526
1288926766862684160
1288926710092767235
1288926655508033537
1288926592710909952
1288926533923614721
1288926473924096000
1288926411017924609
1288926348065546240
1288926281405472770
1288926214414098432
1288926124291088384
1288926037007642625
1288926005478985732
1288925484156432385
1288925445124218880
1288925383388213249
1288925338425327616
1288925288122986500
1288925237128630272
1288925183898718212
1288925130937311233
1288925075736080386
1288925001568210944
1288924915442294786
1288924871892836357
1288924810542821376
1288924755563892736
1288924703059513344
1288924645832495106
1288924588525617155
1288924532028379145
1288924479910027267
1288924387438190593
1288923170330771457
1288923125489512455
1288923071668195332
1288923018715160578
1288922965476806658
1288922911508660224
1288922853082112000
1288922794479226880
1288922737528971264
1288922684605292544
1288922624790323200
1288922551092224000
1288922452370882560
1288922366081458178
1288922305238884353
1288922252935868416
1288922194874163206
1288922140042027014
1288922084249341954
1288922018021343232
1288921949771632643
1288921882927005698
1288921810898227201
1288921512507060224
1288920605992132608
1288920570634133504
1288920516829614080
1288920467399737345
1288920408448802816
1288920355407618048
1288920287988387841
1288920213761777664
1288920171093123075
1288920110783242240
1288920051140173824
1288919999525072896
1288919935851409408
1288919853483593734
1288919091697377281
1288919043077025792
1288919026031370240
1288918983983468546
1288918931256868869
1288918880933552128
1288918831575044096
1288918799228469252
1288918779213340675
1288918676754833421
1288918599529267200
1288918531875143682
1288918489265250305
1288918431400681477
1288918365231288321
1288918305978408960
1288918243005083648
1288918179620753411
1288918107893923840
1288918006861647872
1288916788101750784
1288916687350370313
1288913675143741440
1288912602463186944
1288910701843689473
1288909790236880899
1288909347662311424
1288906975644921857
1288906334205665281
1288905769547694082
1288903543165014016
1288903494448144384
1288902887310077965
1288896297093734401
1288896246816681988
1288896197898522626
1288896148091043842
1288896087336640512
1288896010488619009
1288895959951384577
1288895895526936578
1288895836320083968
1288895777503350786
1288895717088600065
1288895672217870336
1288895660377473025
1288895595361513473
1288895530341470209
1288895463589109763
1288895371238834179
1288894916341506048
1288894864365686786
1288894794425602048
1288894740503592962
1288894687277916162
1288894628805128200
1288894554419138560
1288894490716053506
1288894443018489857
1288894385850064896
1288894301842345985
1288894238143516674
1288894179553226752
1288894097097359360
1288893535945658368
1288893493306368012
1288893440152018947
1288893381687607303
1288893326385651714
1288893270135726080
1288893188682457089
1288893132701151232
1288893057342017541
1288892985623666688
1288892931567505408
1288892867155505152
1288892799832731648
1288892734917443585
1288892674188214272
1288892617862782976
1288892549374115840
1288892423406583814
1288892048423161856
1288892005972611073
1288891936053633024
1288891879514398721
1288891821930819585
1288891761423785985
1288891699654266883
1288891624530075649
1288891563658092547
1288891497790799874
1288891433823416322
1288891370292367366
1288891304382992384
1288891240663134209
1288891179002671104
1288891118390829057
1288891061373468674
1288890969631358976
1288890879864864769
1288890818942636036
1288890739544465409
1288890674541101056
1288890608237649921
1288890506693533701
1288890313747173376
1288890271644684288
1288890219668873220
1288890164778094592
1288890108876402688
1288890054396518404
1288889995969933312
1288889884699168774
1288889821545537536
1288889759796989952
1288889688854614016
1288889632151740419
1288889490703089664
1288889426849026054
1288889364966191104
1288889301414088704
1288889235328696320
1288889168991531011
1288889080420409345
1288889008022597635
1288888935410814979
1288888868314460162
1288888794004033536
1288888704757637121
1288888682250985476
1288888042451804161
1288886043052257280
1288886022294577152
1288885492025524225
1288882489730179073
1288882163971239937
1288878129830821894
1288877308821086209
1288876611996192776
1288876247532044288
1288875517018595333
1288875467920027649
1288875405609492480
1288875402174373888
1288875347811930112
1288875294447869955
1288875242690142210
1288875195650932736
1288875141741543424
1288875090139127810
1288875076314697728
1288875033587331076
1288874983033311233
1288874931393110016
1288874874799259654
1288874818784329729
1288874759439241216
1288874672591982593
1288874623887695874
1288874569076482048
1288874481008640001
1288874428215037952
1288874341376102403
1288874286493716481
1288874214183895040
1288874153488068608
1288874097271767042
1288874033522581506
1288873976438173699
1288873909706805250
1288873851682578432
1288873709835517954
1288873647327842304
1288873584379801600
1288873525714071553
1288873461608321024
1288873353898536962
1288871166120275968
1288870685260095488
1288869628471652353
1288869566530179072
1288869502617296896
1288869446157766656
1288869388192546817
1288869332391526400
1288869274690506759
1288869185603371008
1288869122634387457
1288869064400568325
1288869008423505922
1288868953578774531
1288868894913048580
1288868835857174530
1288868774985248769
1288867921205383168
1288867860492713985
1288867811021017088
1288867759229632512
1288867691198062592
1288867636630167552
1288867580405522433
1288867525736960000
1288867469319376896
1288867410859229184
1288867343276412928
1288867288213577728
1288867231460470785
1288867178154995713
1288867121838120962
1288867060462821377
1288867005538459648
1288866996906602498
1288866946977607685
1288866894926274561
1288866892246122497
1288866836885442561
1288866782825021441
1288866706081878016
1288866647340711938
1288866590734286848
1288866507141910528
1288866143613136896
1288866028957491200
1288866022297088000
1288865956094185472
1288865901627023361
1288865841791066112
1288865770475327494
1288865707795587075
1288865652862836737
1288865575213703169
1288865520448671749
1288865457383051266
1288865404383891457
1288865348415094784
1288865291456393217
1288865224980934659
1288865150410412037
1288865077479772160
1288865015609597957
1288864945598345216
1288864884696985600
1288864826077392896
1288864764144353282
1288864708628545538
1288864653729300481
1288864576096927744
1288864516047097858
1288864443577884674
1288864390951907331
1288864386367524864
1288864324761587713
1288864267257761792
1288864206360645635
1288864143941001216
1288864086831357953
1288864022918574085
1288863946443837443
1288863844719263744
1288863779288162306
1288863717581565953
1288863634303725574
1288862864048975873
1288861162826801159
1288860302998634496
1288858223894597632
1288857345330688000
1288857127256236032
1288856859961483264
1288856545883758592
1288855198857920513
1288853813986762753
1288852191768219651
1288850296417001474
1288849723043053569
1288848947277176839
1288848120672063488
1288848083305062400
1288848012362407937
1288847945123745792
1288847885673562112
1288847834486276099
1288847778379071493
1288847725526736896
1288847668643540992
1288847610611105798
1288847560543805440
1288847506370166784
1288847457477185537
1288847407048990721
1288847349398278145
1288847298009669632
1288847237217320960
1288847161573158912
1288847106854264832
1288847050285748224
1288846989006962689
1288846910099460096
1288846842764107779
1288846777723113472
1288846718444896256
1288846663294095360
1288846595061166081
1288846526098419715
1288846312532738048
1288846292492251137
1288846290579726337
1288846254546522113
1288846145331003392
1288846087822938113
1288846027102081024
1288845971028414467
1288845906868162567
1288845826006097920
1288845765209665536
1288845704438386688
1288845640794071042
1288845581100748802
1288845520144936963
1288845457955926017
1288845391161679875
1288845301864857602
1288840502377435137
1288838195078205440
1288838134751473664
1288838083933351936
1288838030011269123
1288837964135628801
1288837899618852872
1288837769737973760
1288837718429052928
1288837633750310918
1288837444352319488
1288837407924781062
1288837405294895106
1288837348134969346
1288837280929636355
1288837218275033090
1288837158908895233
1288837091900690432
1288837029799886848
1288836933804871681
1288835637945217025
1288833459687788545
1288831354118045696
1288829195842473985
1288828534870376449
1288826511500419072
1288826329316483072
1288823542616928257
1288821787896283137
1288820236012093440
1288819576382398467
1288818909567684609
1288817416072499201
1288817255279742977
1288816241768103936
1288814043600388096
1288811741506342918
1288810866784305154
1288810341493813249
1288808406850187266
1288808360079433729
1288808302172942339
1288808234271350784
1288808176863907840
1288808120651780096
1288808060593610755
1288808009334956032
1288807947250937857
1288807875989692417
1288807825024651265
1288807796826308608
1288807775854833665
1288807722973122561
1288807671269908481
1288807613988311042
1288807559256842242
1288807492483514370
1288807436795678722
1288807356726476800
1288807220210282497
1288807163704545280
1288807093185794048
1288806885743898632
1288806881348263937
1288806829259137025
1288806764973105153
1288806710996537346
1288806655002583042
1288806599671402496
1288806540774785025
1288806467865325570
1288806400429260802
1288806312848101377
1288806250030026752
1288806187769659392
1288806131830267904
1288806070396358656
1288806011701211141
1288805942872735745
1288805824442314752
1288805015944138756
1288797812604493825
1288797686020399105
1288797661471158272
1288795689766584320
1288795058657951744
1288793800194658306
1288792497242673153
1288791541402787840
1288789914574819328
1288789868403974144
1288789815182360577
1288789764586569728
1288789709431463936
1288789652850323456
1288789599368761344
1288789549661986816
1288789496763494401
1288789440362680329
1288789386591637509
1288789329263890432
1288789253862887427
1288789160438964224
1288789112409989121
1288789046114779136
1288788989856690178
1288788918813564930
1288788862391799808
1288788802543267841
1288788699765972993
1288788632543940608
1288788576352731136
1288788517703823361
1288788442583793664
1288788345787686912
1288784928847650816
1288784773004103680
1288782688309129216
1288777008202342401
1288776561806647297
1288772025104949248
1288770694570848257
1288767440223182848
1288767393775464449
1288767344622305280
1288767292608778240
1288767244852506624
1288767191651934209
1288767143430037504
1288767091663867904
1288767038136160256
1288766987804512258
1288766926672494592
1288766862197764096
1288766802521202689
1288766730769244162
1288766654743293952
1288766611550285824
1288766551827582976
1288766478838378496
1288766422609469440
1288766361360007174
1288766294356103169
1288766237229621249
1288766177251033089
1288766112067391488
1288766042857246721
1288765960464355328
1288765884572598278
1288765793619124224
1288765143682293760
1288763115803353090
1288762208290254848
1288761396986085377
1288758683288121344
1288757081345003523
1288750829336494084
1288749650040590336
1288749238491389952
1288748775159324672
1288748209620353024
1288748171099885569
1288748105505153027
1288748050572283904
1288747999716409344
1288747948034097152
1288747898470096896
1288747854412910592
1288747846079066113
1288747790395269120
1288747734359515136
1288747677870690305
1288747622912729088
1288747557724848128
1288747491316424704
1288747450250010626
1288747397296906241
1288747342875820033
1288747273845985282
1288747221417156608
1288747167725879297
1288747124084166656
1288747104874233859
1288747047861080064
1288746963375095808
1288746907557343232
1288746846953844736
1288746765433352192
1288746140242935808
1288746083632517120
1288746031488864256
1288745977705365504
1288745928619446276
1288745871002214400
1288745815272456194
1288745761476415488
1288745701036494849
1288745632560291840
1288745571726098439
1288745518244429825
1288745461814366208
1288745389156380672
1288745323293224961
1288745269761368065
1288745216250458112
1288745162714357760
1288745101813075968
1288745032250535936
1288744981419696128
1288744927829139456
1288744873802313728
1288744816415842304
1288744759968833536
1288744678909673472
1288744622131482625
1288744557438435330
1288744451859525633
1288740009416294402
1288738470983335937
1288738097266663424
1288730054319583233
1288726310823616512
1288723115376336897
1288722797230010370
1288721612359909377
1288718486596980736
1288717351496687616
1288717266943696896
1288716390787166208
1288715820063916032
1288715195892850688
1288713550794575873
1288712892477579264
1288712691943645184
1288712240393261057
1288712014655889408
1288711580272807937
1288710831761326080
1288709562741207040
1288709504855691265
1288709445229228032
1288708839341162498
1288708670772195330
1288708258975416320
1288707237817528321
1288706230912000001
1288703248543682563
1288703210719522816
1288700137230012417
1288699843100192770
1288697507317526528
1288697348646932480
1288696819862638598
1288696203828498432
1288695599429308416
1288690348617682944
1288685533628174341
1288683929856286721
1288681521604210688
1288680299694444544
1288679769832390656
1288677406157541376
1288670967435341826
1288669890027483136
1288665349844475905
1288664461834743808
1288662934101430272
1288661647767281664
1288658487501873153
1288657850861080578
1288657791121608704
1288657087598399488
1288656359286886400
1288656217456488448
1288656005971292167
1288655488268161024
1288655037850419204
1288654955872649216
1288654552884023297
1288654170984198144
1288653906176876545
1288653782704775168
1288653742120882177
1288653273390620673
1288653172634988545
1288652998424629252
1288652923170324481
1288652519535595520
1288652270305857536
1288652067314294786
1288650810616938497
1288650799120228354
1288650708745457664
1288650520500899840
1288650473487163393
1288650245031825408
1288649631556132864
1288649001911410695
1288648514449420288
1288648050102206465
1288648033769590784
1288647493635452928
1288647009386352641
1288646331104481281
1288645580688949259
1288644439204749312
1288644291464634368
1288644097381675008
1288643882377310210
1288643550968721412
1288642655807778816
1288641130750455817
1288640900311273472
1288639062388011008
1288638975280848901
1288638052361895936
1288637577017225216
1288636740501032960
1288636707613495296
1288636548116893698
1288636238220496897
1288635439826558976
1288634947931078657
1288634502101835776
1288634103533895680
1288634001708785664
1288633982226173952
1288631509721788416
1288630007078821888
1288627621421617153
1288627204943994882
1288625465276665861
1288625409605668866
1288624493989171200
1288623636232974343
1288623477180649472
1288622714568286209
1288622431545024518
1288622110856884224
1288621424744247307
1288621422110105600
1288620880445177856
1288620708646522881
1288620646176563200
1288620269846880256
1288619934738722816
1288614989822132241
1288614978602315777
1288613213605629952
1288612922822995969
1288611594189058054
1288610056687230982
1288609581481054208
1288609526816690186
1288609182782877697
1288607516134440960
1288606620939886594
1288606258241712139
1288606229670043651
1288605819030863872
1288605443754004483
1288605278343254016
1288605005625176064
1288604621766885378
1288604290253193216
1288604147110096903
1288602755528089607
1288602272725897216
1288598484023738371
1288596590723244034
1288595428754239491
1288594792172138509
1288594307725787136
1288592905167351808
1288592717593882625
1288589997751369729
1288586601476612104
1288586175352057856
1288585131444371456
1288585122216804354
1288584857992527872
1288584618455830540
1288583965230669824
1288583951993335808
1288582671740932096
1288581738931851270
1288581577581244418
1288581427823599621
1288581365039083528
1288581311448453120
1288581258142982156
1288581255873822720
1288581198269370368
1288581143395209227
1288581078727438337
1288581064080920582
1288581019617165313
1288580964453625856
1288580910745624576
1288580855867289603
1288580805518917640
1288580754520375296
1288580689785425922
1288580633258860544
1288580573221597193
1288580514362937344
1288580400974045185
1288580309341151233
1288580236658040832
1288580203204063233
1288580186569678848
1288580135415951360
1288580060849549312
