1286766760650133504
1286764620410048513
1286762501057773569
1286761321543811073
1286760607551836168
1286759062353240064
1286758273627160588
1286757408577130498
1286755527679078400
1286754769554595841
1286754510757433344
1286754298802647041
1286754280959954944
1286754062986178560
1286753814163402754
1286753547946561536
1286753083113037824
1286751068265865218
1286749105490862080
1286748597703380992
1286748582205222912
1286748462201991169
1286747826047901696
1286747693398859777
1286745517645430785
1286745021002088449
1286744409271201794
1286743986590236672
1286742711358218241
1286741309051424768
1286740839541231617
1286740751552897024
1286740502776184833
1286739930128031751
1286738870760091649
1286738834445807617
1286738788107026432
1286738736886276098
1286738728103194625
1286738682628710403
1286738626345304064
1286738575770488832
1286738512570654720
1286738448892690432
1286738411521544193
1286738342407802880
1286738290104840200
1286738249981939715
1286738234618400770
1286738176657195010
1286738148563664896
1286738115244306432
1286738037028904960
1286737956372267008
1286737794300178432
1286737765103595520
1286737740638359560
1286737155448946688
1286736963471433728
1286736831443120130
1286736728934346752
1286736459836219392
1286735717784145920
1286735327604830208
1286735123661107200
1286735086357032962
1286735028836339714
1286734964294393856
1286734908476588033
1286734852889378816
1286734798170529794
1286734701600940034
1286734651046887424
1286734595954823174
1286734546281598976
1286734485145489414
1286734427851292672
1286734373950283776
1286734320246415360
1286734267301728256
1286734197357510656
1286734128956739585
1286734042923229195
1286733973390012419
1286733935284756480
1286733872642785280
1286733821078122497
1286733769764999169
1286733717797568513
1286733653393973250
1286733599555948549
1286733528332472321
1286733467439570946
1286733415128150016
1286733364280602627
1286733311495352324
1286733259288846337
1286733202514747392
1286733165005078528
1286733123825344512
1286733001456484353
1286732920196079622
1286732880790446080
1286731942449250304
1286731900837662725
1286731839470796801
1286731783892066308
1286731727231213569
1286731670092230659
1286731589339222016
1286731523518062594
1286731479226122245
1286731393616281600
1286731342886117376
1286731285248053249
1286731227903471619
1286731131707183104
1286730571574652929
1286730520714457088
1286730459846672392
1286730409808670721
1286730357153333255
1286730294444335104
1286730211715887109
1286730155948474371
1286730089959489536
1286730035228028934
1286729977858273280
1286729922719948800
1286729868529602561
1286729803605987329
1286729749784657923
1286729660223692800
1286729575444226049
1286729510944210946
1286729453662539777
1286729395638542338
1286729340563197952
1286729314713645056
1286729277820592129
1286729203271041027
1286729137944702978
1286729098065326081
1286729044722147330
1286728995187433472
1286728943039590400
1286728886743638016
1286728865461805062
1286728794364170243
1286728717683830791
1286728660955922432
1286728619767877634
1286728604131483650
1286728551513894915
1286728473998917633
1286728415635214337
1286728357695102977
1286728294428217344
1286728231916392450
1286728139033452544
1286728079436656641
1286728014202642432
1286727939355299840
1286727874087657479
1286727801752686599
1286727705338290176
1286727584483598336
1286727073315393537
1286727025407995905
1286726967027535872
1286726905358671874
1286726842020503554
1286726767567396864
1286726696478093314
1286726624608755723
1286726549304156161
1286726466219245568
1286726380911296513
1286726319485722625
1286726243103186947
1286726189319585794
1286726185402212354
1286726137683615745
1286726075557515264
1286726021472026625
1286725966719520768
1286725912621395968
1286725842144387073
1286725824054546434
1286725325553106944
1286725277377331203
1286725208288755714
1286724941979754496
1286724881560805376
1286724829844971521
1286724779660189698
1286724719992025090
1286724641692823554
1286724565830438916
1286724511241506817
1286724453335027712
1286724400017022980
1286724348078956553
1286724296061136896
1286724238108438534
1286724181107802112
1286724126456020992
1286724047796088834
1286722457047650304
1286722258942283778
1286722199043203072
1286719634369060865
1286719618460131330
1286719574776389634
1286719508137291776
1286719449282883589
1286719395490942977
1286719343284367360
1286719267082297345
1286719204822061056
1286719150329671680
1286719100568375299
1286719042204700672
1286718986403614720
1286718929231020033
1286718860159221761
1286718800503635969
1286718740911075329
1286718679116386305
1286718624372326406
1286718534198988800
1286718459741720583
1286718418054455296
1286718312680914947
1286718231705726976
1286718175552380932
1286718116991504385
1286718064659226628
1286718010380767233
1286717947529101313
1286717888376852480
1286717743077572608
1286717679647236098
1286717618494341122
1286717554032021507
1286717493126537216
1286717356991844354
1286717276922826762
1286717128868089857
1286716014177030146
1286714982416224256
1286714938606714880
1286714876187025408
1286714816460185601
1286714764538925056
1286714707018211334
1286714646456676352
1286714590303260678
1286714534242156546
1286714470920867843
1286714406311731200
1286714339458789376
1286714280423956480
1286714208210628608
1286714120176271361
1286713546152214530
1286713504100212741
1286713451331629056
1286713387314040835
1286713317755691012
1286713307848519682
1286713264500604929
1286713199388241920
1286713141053751301
1286713061622140928
1286712986267193345
1286712944814850048
1286712885650096139
1286712824258088963
1286712765944606729
1286712701109055493
1286712634621005824
1286712571043741698
1286712459043233792
1286712062815670272
1286712022374260738
1286711966900400132
1286711910830936070
1286711903415410692
1286711843499671553
1286711788839612417
1286711730068914177
1286711646208090114
1286711590868393984
1286711537571434497
1286711471565611009
1286711417631121411
1286711337696006145
1286711278568910850
1286711235321499651
1286711179113648130
1286711152932724736
1286711126563201025
1286711068920881154
1286710997714116617
1286710949290876930
1286710900322439168
1286710843095252996
1286710781011267584
1286710777739726848
1286710731799502848
1286710676728225799
1286710578531229696
1286710486487228416
1286710078276501505
1286710038028070912
1286709990208741377
1286709936274264067
1286709886890512384
1286709881102381057
1286709826219802629
1286709770955689986
1286709711883120640
1286709649559957511
1286709591439486976
1286709534959050754
1286709479329988610
1286709401982828546
1286709339911262210
1286709280431841281
1286709219744526343
1286709210399432704
1286709166971785216
1286709162026688513
1286709093269491712
1286709010348085248
1286708943813738496
1286708835101573121
1286708599797043200
1286708558608859136
1286708499683127299
1286708448210694145
1286708395014316033
1286708334054313991
1286708163346145282
1286708107041792005
1286708048615165954
1286707835951357960
1286707756637069316
1286707689452707841
1286707579452874753
1286707482329522177
1286707381800501248
1286707315924709377
1286707238590177281
1286707216091758592
1286707170894065664
1286707098647031813
1286707064325246976
1286706656588382209
1286706247983681537
1286705716506501123
1286704749245427712
1286703948603088896
1286703724673540096
1286703716129636353
1286702893915975680
1286702074974162948
1286701270670036992
1286701214290198530
1286701165678415874
1286700770243383296
1286700704627748870
1286700683622842370
1286700683584868352
1286700561576759296
1286700142796525573
1286700046679814144
1286699811685597185
1286698163009593344
1286697986437726208
1286697553950470144
1286696874221551618
1286695487974699014
1286695404910911488
1286695239944531968
1286694580180713473
1286692769038311424
1286690983174975491
1286690930251235333
1286690873384865792
1286690805760036870
1286690741029404672
1286690683798065152
1286690619696590856
1286690563593588737
1286690507385475072
1286690434002178049
1286690373205659648
1286690288648564737
1286690284550721539
1286690216439353345
1286690148046995457
1286690054618746880
1286689424122806274
1286689364785934336
1286689290689417216
1286689288248328192
1286689229968465920
1286689166689030144
1286689107515711490
1286689033926651904
1286688933741498378
1286688872185962496
1286688800148725762
1286688740107321345
1286688678262247426
1286688098391396353
1286688008322850817
1286687676037582850
1286687622442745857
1286687568927621121
1286687522467217415
1286687497645363206
1286687445422153728
1286687397271478288
1286687352254083074
1286687287930245120
1286687235199434752
1286687182921506816
1286687118933348354
1286687068136054784
1286687017544421379
1286686960896155649
1286686904902201345
1286686843480739840
1286686787130339328
1286686715093155841
1286686654242136064
1286686551905361921
1286686464261201922
1286686317028478983
1286686277199450112
1286686216881135617
1286686162334224385
1286686103467171841
1286686020537331712
1286685964497190912
1286685910118129665
1286685856435187712
1286685802894962688
1286685746712268804
1286685678877671426
1286685622716030977
1286685557347758080
1286685495175581699
1286685428150685697
1286685368771923972
1286685287746330625
1286685230666063876
1286685150147993600
1286685058871459841
1286683730178973701
1286681981628092419
1286681937717932034
1286681881971482624
1286681818423537666
1286681761154465797
1286681707492651009
1286681649959313410
1286681559001706496
1286681470657081344
1286681390306795522
1286681334811897863
1286681281061937152
1286681207560908801
1286681050446430209
1286680957567762434
1286680886247936001
1286680823580811265
1286680755196825600
1286680680232095750
1286680567153475585
1286680500124483585
1286680418482368512
1286680356062666752
1286680293492097025
1286680232448200704
1286680163225407488
1286680097609711617
1286679971034009601
1286679899558871040
1286679828159172609
1286679768059064322
1286679693970866177
1286679627969302529
1286679563406389250
1286679486969319424
1286679419977977856
1286679324066799622
1286678400506224641
1286673249565388800
1286672717077516290
1286672174259015686
1286670324826808323
1286670161748008961
1286668671876825090
1286668632643207168
1286668613844377601
1286668408428339205
1286668349431320576
1286668299733000194
1286668237720215552
1286668184804786177
1286668113019314176
1286668045541347329
1286667986984669186
1286667937785483264
1286667876238348289
1286667821158666241
1286667766615945218
1286667714048778240
1286667696076070914
1286667654481223682
1286667594892816384
1286667496028868609
1286663819595571205
1286663773944774657
1286663717107580928
1286663661365362689
1286663597574193152
1286663542763126784
1286663474836275200
1286663416237699073
1286663345832112136
1286663281294348288
1286663186247286786
1286663127287947269
1286663059335979009
1286662990188687360
1286662923671212032
1286662858676342786
1286662766888198150
1286662671589416961
1286662244407836672
1286660039822909440
1286659215122030592
1286658867020140545
1286657349520953347
1286656421648506880
1286655883959771142
1286655706750312448
1286655487602237441
1286655075490754562
1286654713111482372
1286653270237167616
1286653207763021824
1286651377129791491
1286648865807044609
1286647908511576066
1286647421565636608
1286644708622524416
1286644558483226624
1286643635199651840
1286642297203863553
1286641919100162049
1286641903304286210
1286641435953963008
1286640989923356673
1286639414995820547
1286638002161295495
1286637030525374465
1286635764516827136
1286635392897355780
1286633824953208836
1286632715433971712
1286632519862034432
1286632420012437504
1286631883493838848
1286630795986243585
1286629420879536129
1286629348238340096
1286629284979912705
1286629261495816192
1286629160950136832
1286629108483596289
1286629053500461059
1286629000513835011
1286628986412384262
1286628948345069569
1286628893533904896
1286628841142849537
1286628784825929728
1286628733013626881
1286628681327181824
1286628600452702209
1286628539857600514
1286628489291083776
1286628433078951937
1286628374836916226
1286628313776128000
1286628259162206210
1286628201448472577
1286628142459781121
1286628112709693440
1286628112302657537
1286628083206885379
1286628023773667328
1286627963774144512
1286627869813280772
1286627786501824513
1286627730444910592
1286627669975629825
1286627606658506753
1286627546247958529
1286627480384741378
1286627411795288064
1286627315074715648
1286626664995262464
1286626470979239937
1286626075108311040
1286625786150244355
1286624554329288710
1286623895827689472
1286623755834396672
1286623635268964353
1286623380037226496
1286622698429267968
1286622474826846213
1286622405427900416
1286621455321460736
1286619611329372160
1286619328100610048
1286619018149928960
1286618054940557312
1286617477250777089
1286616815112785927
1286613983001219072
1286613540212805637
1286613031376629761
1286612957770788864
1286612901298606081
1286612681747767296
1286612229236957184
1286611866882641921
1286611495586091008
1286610078716526592
1286608963245572096
1286608875542765569
1286608660781817856
1286608620159934466
1286608564723875841
1286608511934267398
1286608444791885824
1286608382397489153
1286608327238127616
1286608272141803521
1286608210300932100
1286608153870774272
1286608091866431490
1286608034844811265
1286607981103243264
1286607914342453249
1286607853562847232
1286607782502961152
1286607708041379840
1286607461474955265
1286607387403718656
1286607243165741057
1286606651680677890
1286606601936347137
1286606544126312448
1286606480582619136
1286606416757784576
1286606359102980101
1286606300265185280
1286606223677313024
1286606157122076672
1286606097789394947
1286606035260715014
1286605963898781696
1286605903786119169
1286605839609061376
1286605768280748034
1286605697485090817
1286605610868514816
1286604926211170305
1286604015933861888
1286603140351983617
1286602870054363136
1286602210680475648
1286602030505701376
1286602030186999808
1286601248553107456
1286600484594372608
1286600230100709378
1286596874397310976
1286596163513094144
1286595962971066368
1286595704949899265
1286595199179935746
1286595155580071937
1286595103482683394
1286595048063328258
1286594985987584002
1286594924415262720
1286594859713941506
1286594803526967296
1286594743703687169
1286594731288322048
1286594686174494720
1286594628607762433
1286594566292996097
1286594497028259842
1286594438723252225
1286594425284489223
1286594377377251328
1286594318053060617
1286594258850459648
1286594202890055680
1286594143867809792
1286594088318402560
1286594027039662080
1286593966637486081
1286593905279086593
1286593845787070464
1286593785540075520
1286593702618632192
1286593476918947840
1286591966721974272
1286591912867176449
1286591872320905218
1286591809506902016
1286591747972366336
1286591682721583104
1286591681580564482
1286591624773079041
1286591568233861120
1286591510465482754
1286591447572062208
1286591387081879552
1286591326105088000
1286591274078937088
1286591267976228866
1286591202100477952
1286591138938474496
1286591078477508608
1286591042737692674
1286591015013568513
1286590981685600256
1286590954032500736
1286590884721680385
1286590869378748416
1286590818707542017
1286590747043651584
1286590682413576193
1286590613715066880
1286590548351033345
1286590482328498176
1286590386119544832
1286590254481170433
1286590091171774464
1286589144278290439
1286588159313182722
1286587897257144320
1286587520021602305
1286587482604277765
1286587432176099328
1286587381345288196
1286587320741789698
1286587250923503616
1286587201367805954
1286587137249480704
1286587079040864257
1286587030315687941
1286586977064759296
1286586917212086272
1286586864850423811
1286586807925321728
1286586745866326016
1286586657924317184
1286586391439302667
1286586351052304384
1286586296136339458
1286586238737186817
1286586185645797376
1286586130431975425
1286586103160422400
1286586075276816384
1286586017827479554
1286585960822714368
1286585941587460096
1286585901188100097
1286585842593652736
1286585784129159173
1286585722183524354
1286585651635408897
1286585584341917696
1286585522740174849
1286585449591353344
1286585423574294529
1286584426340790272
1286584094051115009
1286583906142167040
1286583438942715904
1286583387885535232
1286583375214477312
1286582882341920768
1286582599306153984
1286582051743780865
1286581759677616129
1286581609651515392
1286581408274583552
1286580881121931264
1286580433585504256
1286579865215369217
1286579357910147072
1286578725669150720
1286578533905526787
1286578470747697152
1286578352401326085
1286578127641047040
1286576992142479360
1286576950446891010
1286576899871956992
1286576845094293504
1286576793735041024
1286576737418182656
1286576678433693702
1286576606551605249
1286576553363677184
1286576509629526016
1286576495662596102
1286576425030615040
1286576235976577024
1286576193140121601
1286576133056626688
1286576065306075136
1286576005835038720
1286575947085426689
1286575873378967552
1286575840575107078
1286575805829652480
1286575750993371136
1286575720219607040
1286575690045890560
1286575604343676928
1286575598039478272
1286575189719834624
1286575005439012864
1286574008272596993
1286573568147492871
1286571689959215104
1286565579202138112
1286562403493257222
1286561824297689093
1286561358180491266
1286560890599493632
1286560232588611584
1286560075595874304
1286559550452248579
1286558531307610112
1286558438714114049
1286558052095795200
1286557720326307841
1286557406651064320
1286556964336656384
1286556889225089029
1286556615420907521
1286556296670568448
1286556128529113089
1286555855014580224
1286555834114289664
1286555771577069568
1286555671828156416
1286555558099771392
1286555392449949696
1286555036265455616
1286554480490631168
1286553321839493125
1286552961259208704
1286552807256989696
1286550689259421696
1286550437534081024
1286550251571044352
1286550051905581057
1286549940857196544
1286549548043653122
1286549370381275136
1286549275984330754
1286548700429291521
1286548614521790465
1286548104376967174
1286547876487876609
1286547767775526912
1286547761769394176
1286547679430860800
1286547349309927424
1286547273132826624
1286546950473551878
1286546691135610880
1286546347735343106
1286545938782224384
1286545540394647552
1286544626111979521
1286544288759898113
1286543404793507841
1286543245946699777
1286542769482133506
1286542462140334082
1286542250948743168
1286541991933689857
1286541359445241857
1286539361627049988
1286539124854284288
1286538796683554817
1286538748793159680
1286538403396243456
1286538347226202113
1286536293242085377
1286534683799543811
1286533783768965131
1286533498082394117
1286533187628421121
1286533034850820097
1286532807708348416
1286532556360495104
1286532183512031237
1286531940506640384
1286531685530710016
1286531624792973313
1286531573429436416
1286531094247018496
1286530301485879296
1286529571697971201
1286529405561577472
1286529020411015168
1286527819514667008
1286527808311898112
1286526565065453568
1286526191810338816
1286525317109161988
1286524519302205440
1286523653614702593
1286523324617461761
1286522934056685568
1286522758080401412
1286521758246461445
1286519076580466694
1286518615781646337
1286515357830787072
1286515107552473088
1286514009970298880
1286513658403659776
1286513511108050946
1286513332112044037
1286513131070599169
1286512353261977600
1286512106657865734
1286511884443586562
1286511123068522502
1286510740094849025
1286509947425972225
1286509928509665280
1286509424669069312
1286509219298947072
1286508541298257921
1286508102356029446
1286507758032953350
1286506370087497729
1286506340479725568
1286506014473433088
1286505958777032706
1286505752534761472
1286505578634731521
1286503556183404555
1286503154633367555
1286503133544316928
1286503074194960384
1286502884067225600
1286501509962727427
1286501162628390912
1286499743800025089
1286499615051718656
1286499524928614400
1286499348860137473
1286499019691134976
1286498555000025091
1286498337244372993
1286498236912435200
1286498053138989065
1286497564305448961
1286497478951333889
1286497324827422721
1286497239465041920
1286496741655625728
1286496041513164800
1286495746733178881
1286495408202555392
1286493925679616000
1286492979029348353
1286491985830961153
1286490928602120192
1286490658950258692
1286489734722723842
1286484679298777088
1286484217493434381
1286483324593213445
1286482653848276992
1286482505839841281
1286482185848070144
1286481640168906752
1286480380208590848
1286480273631150080
1286480068802490368
1286479072328122376
1286476630509211650
1286476164442345474
1286473801497157634
1286473579828191232
1286473376551206913
1286472397323767809
1286468760497422338
1286467544027627520
1286465889789861888
1286464879423975425
1286464737979424769
1286463767698604035
1286463169360203776
1286463083163144192
1286462601715752960
1286461610308009984
1286459000893120512
1286458459458764802
1286458006306279425
1286452834423234560
1286451301191233541
1286449527629721605
1286449027089936389
1286447847030718464
1286447781192716288
1286447297753051137
1286446946954223618
1286446215484383239
1286445247556399107
1286444801567494144
1286444160019390464
1286443476691742720
1286442694143696897
1286442475444269057
1286440456293736448
1286439471831973888
1286439422687236096
1286438720149655552
1286437529789620227
1286436203831599105
1286435663538081792
1286434474759159808
1286433236613242885
1286431549982826496
1286430205381419014
1286428453756178432
1286426828656259073
1286424559596560384
1286423359929155586
1286422484829511680
1286420918160502790
1286420511124336640
1286419159216197632
1286416517408727045
1286415222324879360
1286415080591175680
1286413460415434764
1286412400577609728
1286412050047086598
1286409877401686016
1286409628260028416
1286409523289194496
1286409467764961280
1286409304162017280
1286409176147615744
1286408840112562176
1286408357423783936
1286408103886573568
1286407865582751745
1286407732493336576
1286407131781111808
1286406984544247808
1286406978273783808
1286406439200854017
