1292198391712284672
1292195451110924294
1292194772409626625
1292194029854240774
1292186669622460416
1292186222811418629
1292185331069063169
1292179966839455745
1292175926076289025
1292174960056610816
1292167862673534977
1292167387786043392
1292163315574210562
1292161704227479552
1292160444858327045
1292160394920898560
1292159940988030981
1292156919608676354
1292156599335714816
1292154421493866497
1292153724987756544
1292152388242092035
1292152015611662337
1292151744982441984
1292145606396264448
1292143642619129863
1292134230789685251
1292132768814686209
1292129389744807936
1292128480105242630
1292125800502763520
1292124981850263552
1292124686529118209
1292123602196877313
1292123047470567425
1292122629684342785
1292120692352327681
1292120457026531335
1292118748275630081
1292118338466971650
1292116405928763392
1292106849135755264
1292106674627424256
1292105818507272198
1292103375983718402
1292102473998467079
1292101364995112960
1292098973524570114
1292098589850660864
1292097187879489536
1292095231555444736
1292090639132303363
1292090337138286592
1292084959386140676
1292083363063488512
1292079564064161792
1292077763478913024
1292077216654716931
1292075829086781446
1292075702834139136
1292075222770778114
1292074816346955776
1292074455892660225
1292074196273684480
1292074060868919296
1292073984239063040
1292069694464090113
1292068228131426307
1292066590196867072
1292056425460641792
1292053092582789125
1292049335757287424
1292048716912893956
1292048415539560450
1292043823992975361
1292043675493695489
1292042287090933760
1292039405968994305
1292039164754526208
1292038057059913730
1292032790066847746
1292028894497906688
1292028049450504192
1292025232186892288
1292025156198641664
1292025071738015745
1292025006793404417
1292024943719387137
1292024866292617216
1292024799879995393
1292024732796235776
1292024662403276802
1292024585597202432
1292024519260024836
1292024455498280960
1292024378625011714
1292024306164269056
1292024236123586560
1292024162278662144
1292024088563724289
1292024005785001985
1292023922846826496
1292023847814942727
1292023759407403008
1292023650795892739
1292023594638348290
1292023490762231809
1292023410097258498
1292023337997279233
1292023269026136065
1292023200222720000
1292023083470065664
1292022976678965253
1292022880994308096
1292022805119238145
1292022736446001152
1292022659509886977
1292022589087461376
1292022471630245893
1292022397487513601
1292022318336741377
1292022227324620800
1292022147657936902
1292022031211470849
1292020241007022080
1292020204982149120
1292020151647449089
1292020096932745218
1292020049956540416
1292019996131033088
1292019947489681408
1292019893823508482
1292019830476939264
1292019776655626240
1292019723656404992
1292019654551130112
1292019574913851392
1292019510548074496
1292019432219451395
1292019328397828097
1292019286735806465
1292019235590471681
1292019181131575296
1292019126257549312
1292019063233880064
1292018993126047745
1292018941460717569
1292018881834422273
1292018798267170817
1292018743401418752
1292018687281692673
1292018624874545152
1292018566569623557
1292018476043907072
1292018217234264064
1292017025934659585
1292016822393413632
1292003752581488641
1292002169965752320
1292002060909461504
1292000150685188096
1291991626596917248
1291990141725106177
1291984345792577537
1291978665476194304
1291977460066770944
1291973180446380033
1291972165622013958
1291972034650615808
1291966329579241472
1291965607039111168
1291964779024789507
1291962358395473921
1291961227187351558
1291959435317764099
1291958722118299648
1291952357316734976
1291951677201723395
1291951335349211136
1291951179904188417
1291950510271008768
1291949800720609281
1291948174911791104
1291945287016157184
1291944667630710784
1291944616720121858
1291944061239271426
1291942985576386562
1291941636377894913
1291940259144650758
1291939010986770432
1291935318849937408
1291933889821171714
1291933677140639746
1291932145343238144
1291930167175196672
1291929116040626176
1291927782390288385
1291927604732272642
1291925180621651968
1291923943306211328
1291922249696653315
1291922186526003200
1291919193013723139
1291918111709499392
1291917381040824320
1291913309134913536
1291906982606184448
1291903112903458817
1291902880459489281
1291900026894114817
1291898184617332741
1291897634752430081
1291897487066828805
1291894884820025351
1291893617511063555
1291891332563304448
1291890413897486343
1291889412402483200
1291885361870917633
1291883638452346881
1291882924917182466
1291876065372262401
1291874923359731714
1291873184711454721
1291870369591238657
1291870267296354305
1291865126769958915
1291864235174236160
1291863787268521984
1291863677449068544
1291850527718834176
1291847420062597121
1291847305188872193
1291846167828013058
1291843886348992515
