1272996967015002112
1272996491196391425
1272996452336271360
1272995364392636416
1272994445781282816
1272994263391973376
1272993721894580224
1272993665879769092
1272993337662935044
1272993333866950656
1272993201918480385
1272993160852123650
1272993099955032066
1272992944023310337
1272992907327344642
1272991986132357122
1272991488310276096
1272990653190934530
1272990256002936833
1272989450113605632
1272987830155804672
1272987537267515392
1272987500982788097
1272986988057165824
1272984796986212354
1272984292902264832
1272984030401777669
1272983332372897792
1272983093905960960
1272983056287100929
1272982868155789312
1272982701302317058
1272982617609113601
1272982566518358018
1272982524491378690
1272982017597030400
1272981668480106496
1272981528465809410
1272981424585478164
1272981261385003008
1272981239532711937
1272981162705719303
1272981153222463491
1272980813630574593
1272980402043449344
1272980143854751747
1272980027517394945
1272979311721615367
1272979295464566787
1272978374424621056
1272977811670814721
1272977228415074312
1272977107199627264
1272976926685224966
1272976877960007682
1272976689476202497
1272976362207404034
1272976135043854337
1272975977451143169
1272975932161167362
1272975840482070528
1272975752628260872
1272974968444370944
1272974730660917249
1272974307036143617
1272974305677238283
1272971876789129216
1272971442796331009
1272971405659828224
1272971374097838085
1272971086611615744
1272970149583192064
1272969723118944256
1272969614163574791
1272969366670397442
1272968763508473859
1272968708525260801
1272968372414709762
1272967989030248448
1272967927319400448
1272967502738440194
1272967452561899525
1272967107773444098
1272967050055618564
1272966741161906177
1272966700183556097
1272965631093231617
1272965608800309248
1272965494501339136
1272965293367795723
1272965265651793924
1272965200778530816
1272964896494284801
1272964311657431040
1272964040222863360
1272963692234227713
1272963442329169920
1272963334124507136
1272963327614873600
1272963144143511561
1272963016582205442
1272962897996546050
1272962849430573056
1272962685383127042
1272962473725792256
1272962384370503681
1272962334105972737
1272962323435737091
1272962097849282560
1272961130839724033
1272960820809535488
1272960771278979073
1272960204267753473
1272960160751902726
1272960130557063169
1272959974402973697
1272959517471326208
1272959494276988929
1272959391776399361
1272959265494298624
1272958791462588417
1272958681764823043
1272958425232584709
1272958312842063874
1272958107325394944
1272957443748831233
1272957415475089415
1272957399050022912
1272957163757948929
1272956889882431488
1272956452206858241
1272956238570106885
1272956193762238464
1272956177685479424
1272956137323794433
1272955773732126721
1272954866420404224
1272954670328274944
1272954612199223296
1272953721656430592
1272953443271966727
1272953311038062593
1272952786234347520
1272952544814383104
1272952543845462023
1272952535050059777
1272952189858861056
1272951958253588480
1272951820726517767
1272951574256513024
1272951060919922690
1272950998999240705
1272950899955171329
1272950150147665920
1272949693870419969
1272949679169339392
1272949150037020673
1272948869580697605
1272948751905112064
1272948735215976448
1272948581591388160
1272948411336097800
1272947944174616577
1272947836330573831
1272947784489021440
1272947783746502656
1272947665697996802
1272947608592367616
1272947533694656513
1272946840720125953
1272946135426936832
1272945523062902785
1272944895641051136
1272944622965272579
1272943957467594754
1272943534664974336
1272942967205003264
1272942365834047493
1272942136405655557
1272941900249497601
1272941801511571457
1272941546065690624
1272940949367214080
1272940930719506432
1272940378870763520
1272939888846012416
1272939766812569601
1272939690060992512
1272939292273315840
1272939280776564737
1272939254696435713
1272938843633782785
1272938744576790528
1272938629606891528
1272938439239925760
1272937285718179841
1272937088443392002
1272936807353573376
1272936280649850882
1272935846749122560
1272935824779329536
1272935768562991104
1272935446113169408
1272935284389416960
1272935058920411136
1272934886823931907
1272933738079350784
1272933613940682752
1272933552972128261
1272933494688067586
1272933292262649857
1272933282808688640
1272931988962508800
1272930974381137920
1272930614170116096
1272930495907745794
1272930183490662401
1272930067606392834
1272929912278511616
1272929658716078081
1272929431774990336
1272929230691528704
1272929206188544000
1272928963002683393
1272928942236680193
1272928912255795206
1272928710883082245
1272928399581827077
1272928213426151427
1272927575791329281
1272927550679834627
1272927176875061255
1272927106180222976
1272926959991844864
1272925126481215488
1272924844326367240
1272924761367040000
1272924648552968192
1272924350128291842
1272924294532784129
1272923821499207682
1272923776813092865
1272923186888228864
1272922777532547072
1272922440402952197
1272922329526333440
1272922184483319811
1272922107547013121
1272922071086125058
1272921973148938245
1272921578347495425
1272921387959644161
1272921136368582656
1272921034308505600
1272920851470364672
1272920716145541121
1272920622683828225
1272920511505293312
1272920166263738368
1272920059401302017
1272919774679326721
1272919551181635586
1272919442851315712
1272919189423038466
1272918319264399370
1272918259482988556
1272918236552663040
1272917807181836294
1272916161353723904
1272915036680396800
1272914921337106432
1272914503332741120
1272914445828841472
1272914415403372547
1272914260818120706
1272914196045287430
1272914163027849217
1272914148226023426
1272914035566993409
1272913987672240129
1272913960031969280
1272913394211971072
1272912597940154369
1272911586542473217
1272911354601639941
1272910939893923846
1272910714714365958
1272909739467378692
1272909096518389766
1272908822487732225
1272908822290419712
1272908542236749824
1272908150480547845
1272907979180965892
1272907006236639232
1272906653831180291
1272906584482557952
1272906331540905990
1272904819876003841
1272904648425381888
1272904395882201088
1272904037906681858
1272903398837432322
1272903156939345922
1272902935815618562
1272902020492558337
1272901850199703557
1272901766976241666
1272900349024706561
1272900007121780739
1272899745741246465
1272898836986544128
1272898779608502272
1272898610594709506
1272897970636234752
1272897960251207682
1272897886930505733
1272897876868444161
1272897819490299908
1272897715383472128
1272897583002902534
1272897548685058049
1272897439725498370
1272897269378007040
1272897236884762626
1272896924975333386
1272896881052520458
1272896703520288770
1272896439790731264
1272896076786401283
1272895479957934088
1272895134309535750
1272894500504055808
1272894391540166659
1272894217698848769
1272893434328682496
1272893095198195712
1272892612467359748
1272892606993903617
1272892602690527237
1272892524076679170
1272892129317191681
1272891866569150464
1272891769462706177
1272891477065113600
1272889854133665795
1272889370828312580
1272888980971929604
1272888850713645067
1272888802663686146
1272888534412787723
1272887947201634304
1272887796068466698
1272887653277581313
1272887465473343497
1272887235520745472
1272887215408975874
1272886335481589760
1272885883918856192
1272885796085747712
1272885441138692100
1272885342446645248
1272885145331068928
1272884942851063809
1272884938770198530
1272884591846547456
1272884287273005056
1272884121690419201
1272883892379201536
1272883718063968256
1272883623989874688
1272883479148023808
1272883458013093888
1272883084904370176
1272883069813473281
1272882942893649920
1272882859951316992
1272882763516071936
1272882678291853312
1272882162589741057
1272881850076151808
1272881620781903872
1272881344910028800
1272881034565005313
1272880816855461890
1272880660911276034
1272880600739872770
1272880580657590272
1272880418316906498
1272880257993859072
1272880136518434817
1272880111981912064
1272879989470269440
1272879856188039168
1272879762885804032
1272879649656311809
1272879544958103552
1272879368738500609
1272879328347316224
1272879242653597696
1272879219924537344
1272879037967298562
1272878962591649792
1272878821679628288
1272878574861578241
1272878454531219457
1272878178265169926
1272878106261352451
1272878011323305984
1272877986090553346
1272877742745243649
1272877677435777030
1272877034583126016
1272876791795859456
1272876364547461122
1272876127896440834
1272876116567523328
1272875348775092224
1272875341644656640
1272874530848071682
1272874509469655041
1272874225250885632
1272874169001054209
1272873997571518464
1272873645631668224
1272873623603146752
1272873479482814468
1272873424067723265
1272873420649377793
1272873319319166976
1272873264130322433
1272872985267859456
1272872596464263176
1272872447121874944
1272872205685161984
1272872204070301698
1272871872137277442
1272871651470909443
1272871498353487872
1272871473724743682
1272871082576367622
1272870997759152129
1272870777285758981
1272870654644125699
1272870562117775361
1272870337596686345
1272870233192034304
1272870173637136387
1272870108356964352
1272870087251263488
1272869997220519936
1272869896024539143
1272869818132238342
1272869605308956680
1272869508932341761
1272869505488699392
1272869374723002368
1272869319983067136
1272869280904810499
1272869127833583616
1272869083235545090
1272869053028134915
1272868942986412033
1272868933280956418
1272868599523348480
1272867448316813313
1272867183928975362
1272867162764394502
1272867159291465728
1272867147040133120
1272867008108015618
1272866052938977281
1272865977357590529
1272865645714042880
1272865474963861505
1272865431842250753
1272865280092442630
1272865094829920258
1272865085636128770
1272864765359075328
1272864573683494912
1272864413091946496
1272864391600324610
1272864214688940032
1272864165858664448
1272864114788843520
1272863911520243714
1272863854049947651
1272863463816085508
1272863399953625089
1272863344181968897
1272863282530070528
1272863073804496896
1272862947585359874
1272862782656929792
1272862697734852609
1272862623520841729
1272862517170061315
1272862393480040448
1272862259107127303
1272862258922696704
1272862113774530560
1272862057935917060
1272862037572493313
1272862015275466753
1272861810430017538
1272861782881648640
1272861772618366978
1272861678875574272
1272861597359206401
1272861499921330176
1272861353171091458
1272861293805002752
1272861186262839296
1272860918397890560
1272860645310922752
1272860617549000705
1272860358831566849
1272860156502528002
1272860110310838273
1272860062248128513
1272859919285272577
1272859845138382849
1272859643279290368
1272859477897699328
1272859137257336832
1272859038154321920
1272859014540353536
1272858925998592000
1272858913264881664
1272858876568694784
1272858820243415043
1272858659110846464
1272858534099611648
1272858304897667072
1272858270403719177
1272858207510163457
1272858137163374592
1272857872200695809
1272857733713113094
1272857356976533504
1272857252978802689
1272857172888731655
1272857032756834305
1272857021813886976
1272856932999589888
1272856922295873536
1272856734327963648
1272856716623798272
1272856635204161541
1272856609635446785
1272856547429933059
1272856520699506689
1272856467838611457
1272856444287811590
1272856255963344897
1272856013574533125
1272856012047872000
1272855910746959872
1272855772314009602
1272855762860216320
1272855745210519552
1272855673714311170
1272855467325153280
1272855424841048064
1272855364812238849
1272855229013258243
1272855115964092416
1272855097127473152
1272854918987051009
1272854779912282113
1272854444372135936
1272854442694463488
1272854378068631552
1272854312499032066
1272854201140310016
1272853986895249409
1272853890128588807
1272853774290186240
1272853642769346560
1272853573789872129
1272853476406636547
1272853299629187072
1272853271162601472
1272853216896614401
1272853179323973632
1272853149070417920
1272852993994420227
1272852780974145537
1272852672962367488
1272852664800276480
1272852443768819712
1272852402979237888
1272852373568921603
1272852281566867456
1272852251665502208
1272852135034535938
1272852001617965063
1272851781505085441
1272851714387972098
1272851397852053504
1272851258098024450
1272851165231767552
1272851087557562368
1272850994125135873
1272850833982406656
1272850806413426694
1272850674586288129
1272850661273513984
1272850655556722688
1272850614142160896
1272850529941467136
1272850369136099328
1272850349586386944
1272850163933933568
1272850161392209921
1272850144828862464
1272850045688139776
1272849998472835073
1272849906722467840
1272849774136311810
1272849520456372224
1272849490676903937
1272849467230871556
1272849129895387136
1272849107103539200
1272848991164628992
1272848990602702849
1272848960214806528
1272848933568393218
1272848797287149568
1272848718404874240
1272848653699276800
1272848520253497344
1272848509343940608
1272848452859265026
1272848330536611842
1272848314908594176
1272848140962594816
1272848129268703234
1272848039338639361
1272847881116848128
1272847801764855809
1272847617702219781
1272847607077851137
1272847191237726210
1272847121935298560
1272846995606999044
1272846817848225793
1272846702748135425
1272846674814214144
1272846433868148739
1272846406642888704
1272846326162694145
1272846262216224768
1272846059094466560
1272845998700650496
1272845969583779841
1272845749512896512
1272845647549304833
1272845601600794629
1272845571833856001
1272845539902500864
1272845418875875329
1272845364261842944
1272845260347998216
1272845252068388864
1272845158766108672
1272845105045463040
1272845055473020928
1272844949491380224
1272844917434462208
1272844662269607936
1272844545454010368
1272844469230919680
1272844427472433160
1272844335826874368
1272844084143509504
1272843944318038016
1272843604353056769
1272843292284039168
1272843170653454338
1272842974825594880
1272842833297211393
1272842673666301952
1272842382313168898
1272842226633019392
1272841190455619584
1272841090157047808
1272840772144881664
1272840630440349696
1272840486215053312
1272840307000766464
1272839955245436928
1272839419897077760
1272839366453288965
1272839349709783041
1272839031873667072
1272839008075292676
1272838814529024000
1272838686883737602
1272838571800424448
1272838030030594049
1272837828150390784
1272837466517635078
1272837454156820481
1272836962907348992
1272836815796367361
1272836584107319299
1272836292879896577
1272835958677872642
1272835794550394880
1272835678473080832
1272834565371879424
1272833973606068224
1272833655304417281
1272832844918927360
1272832813583290368
1272832649502089217
1272832447663738880
1272831707511689216
1272830658071728128
1272830397999710208
1272830166247575552
1272829505225269248
1272827695026577408
1272827290821496833
1272826839061401600
1272826254434107392
1272826090466078720
1272825500759658496
1272825459009413120
1272825132952797185
1272824683784617986
1272824553631252481
1272822936429191169
1272822184952696832
1272821552283869185
1272820943795163136
1272819816034959361
1272819805456908295
1272819494935621632
1272817555888013313
1272817524501966849
1272817361599582208
1272816749365379072
1272815886538166272
1272815743743205376
1272814816000909313
1272814325330296832
1272814039714824193
1272813450465619970
1272810465014538240
1272810188849000448
1272810054060781569
1272810050374045696
1272809815618793472
1272809728574459904
1272809664485494785
1272809527717646337
1272809344443301889
1272809021305749504
1272808555444350976
1272808434799456257
1272807981403574272
1272806396103323648
1272804396016025600
1272804096823590914
1272801326427242508
1272801085061623808
1272800574254219265
1272800273715662849
1272796924379357189
1272795597217685505
1272794083443052544
1272793331471462401
1272791719038169088
1272791543766675456
1272791352498098180
1272790718696902657
1272790597800255490
1272790444146069505
1272790274922762241
1272790085281427457
1272790060136620038
1272789631600394241
1272789283192090625
1272789272358248448
1272789121233235968
1272788966585118720
1272788721335775232
1272788105330909187
1272788103476973568
1272787851026010113
1272787557223477249
1272785852695842821
1272785630422904832
1272785335282524160
1272785065831878656
1272783963715563522
1272783638317248514
1272783412164620289
1272782294353195009
1272781850709069825
1272781218631778304
1272780720180736001
1272780150116175872
1272779950873956352
1272779601962586112
1272778114381287425
1272777263638069249
1272776321618280448
1272775445327511558
1272775244495777793
1272773718285131777
1272772511483039744
1272770569126240262
1272770492189966341
1272770173162926080
1272769706873761792
1272769487222329348
1272768991417663490
1272767747680808961
1272767741343170560
1272767628164169728
1272767624540127232
1272767609675689984
1272767168351014913
1272767065456246790
1272766989556162560
1272765529716150273
1272763655575097346
1272763137306091522
1272763000563412992
1272762543388397568
1272762160335200256
1272761337328869376
1272761218688827392
1272760940497379328
1272760796615827457
1272759127429853184
1272759040632733697
1272758909145505792
1272758597915602944
1272756430962122754
1272756424746156033
1272756411840319489
1272755813606551553
1272754797259653123
1272754730582695937
1272754149608714240
1272753337683697666
1272752390253338624
1272752239686283265
1272751776274493442
1272751456303689734
1272750095755173889
1272749722143318021
1272749328910540801
1272749304369672192
1272749022923550720
1272748782409576449
1272748772699721734
1272748526653472769
1272748383489290240
1272748121693597696
1272747669102817280
1272747601847181313
1272747189706600454
1272747187781410818
1272747175030583296
1272746908847689733
1272746523198214145
1272746501236719616
1272746351676162048
1272746155642929152
1272746136348979201
1272745516749795329
1272745475012255744
1272743702981574661
1272742918198120448
1272742429523947521
1272740541948551170
1272740154734608384
1272739796620886020
1272739577040519176
1272739453925089281
1272739320131133440
1272739057798459392
1272739020628426753
1272737303409176576
1272737080771305472
1272737056775520257
1272736807453708288
1272736593804234753
1272736492134240256
1272736088646451201
1272735875890204674
1272735542736588800
1272735127681015810
1272735003214929920
1272734651828715521
1272734503983702019
1272734429329477632
1272732942586875904
1272732763515469825
1272732657810640897
1272731926449680386
1272731690356682758
1272731436743659521
1272730965052403717
1272729441135923207
1272727302955249665
1272727147166105606
1272726751878295553
1272726494335299584
1272726421052350465
1272726315863379969
1272725931971338240
1272725759203958784
1272725248350261248
1272724738356342785
1272724715937894401
1272724339847319552
1272723782583476224
1272723762245439490
1272723570163146752
1272723250934505473
1272722143537532928
1272721962163412995
1272721870517751810
1272721185478868992
1272720711572955138
1272720578172997632
1272720390415101952
1272719613516820483
1272719543710838785
1272719404766093312
1272719374856499200
1272719104831447040
1272718866808926210
1272718704652910592
1272718534926372864
1272718492429545472
1272718283788042241
1272718039016861696
1272717739300290561
1272717165095862277
1272716587582345217
1272716225714327552
1272715230766755840
1272713020624470016
1272712780035039232
1272712779993145346
1272712540665942016
1272712455517601792
1272712417714167814
1272712312902660096
1272712221882290181
1272712104894697472
1272711770180857856
1272711660659228672
1272711603033702404
1272710038998704129
1272709388923555840
1272708979840307200
1272708901251608576
1272708858180440065
1272708229726756864
1272708044145582080
1272707855712313345
1272707719145779200
1272707687806128128
1272707405260795907
1272707348193333248
1272707239187492864
1272707238348513280
1272707236234584065
1272707094559547393
1272707078222643201
1272706983406297090
1272706903228010498
1272706889772498944
1272706603423326208
1272706235989733376
1272705986063740935
1272705706236485632
1272705591236898816
1272705441630507015
1272705189212860416
1272704923210330112
1272704563364102145
1272704278834974721
1272704011326586880
1272703339008937985
1272702785251762176
1272702681740705798
1272702462240137217
1272702381080354816
1272702073524682757
1272701721299619840
1272701554873774080
1272701162471317504
1272701070997774336
1272700911891017730
1272700733926674432
1272700595284045825
1272700371861999616
1272699886266392577
1272698938139701248
1272698781234892800
1272698654977961985
1272698488589934592
1272698270352134144
1272698227876261891
1272698105897472001
1272698009512361989
1272697966990688257
1272697729479782400
1272697562508587010
1272697402168729600
1272696865440628737
1272696519939014658
1272696249007955969
1272695523401592834
1272695311006339072
1272695310003798016
1272695239392858112
1272695203715936256
1272694915424636928
1272694527233409024
1272694357913731074
1272694233913319433
1272694124421021707
1272693630139092992
1272693560450715648
1272693501361295361
1272693454150254592
1272692477972152320
1272691776063758337
1272691653917265922
1272691038134681600
1272690994341982209
1272690869162950659
1272690664006922241
1272690637138202629
1272690501980950529
1272690344992182272
1272689960726990850
1272689933753495552
1272689739783495680
1272689672406413313
1272689522090708992
1272689274291437568
1272688636174221315
1272688575969218561
1272688552619528199
1272688493039251456
1272688225170194432
1272688143414820864
1272688092034609156
1272688028784316416
1272687711183204353
1272687709375651847
1272686819449004032
1272686817100419073
1272686809214881793
1272686748116701184
1272686743679127552
1272686640121569280
1272686377243566080
1272686279566725122
1272685734399541258
1272685456849764353
1272685411144531968
1272685304151851008
1272683576220241921
1272683354031194112
1272683053802905602
1272683049659006982
1272682116149579778
1272682042073862144
1272681877015597056
1272681510584217600
1272681391352942595
1272681066747199489
1272680842326937608
1272680462129852416
1272680355523440640
1272679295740268550
1272679225154248705
1272679126906929154
1272677878363275264
1272677781286109186
1272677747610079233
1272677098843406337
1272675029512335363
1272674995966218242
1272674959358296065
1272674570672263168
1272674557837656066
1272674529647587328
1272673925466488832
1272673460192530432
1272673247067283457
1272672335049285634
1272672191604277249
1272671676929581056
1272671447266156547
1272671162594664453
1272670952510361602
1272670937532362752
1272670628181495808
1272670596392837120
1272670134138621953
1272670068342763525
1272670049468387328
1272669320900775937
1272669234263359491
1272668996903464961
1272668991950127106
1272668519394508800
1272668371834691584
1272668223150923779
1272668136899325960
1272667954774228992
1272667839267328001
1272667672325611521
1272667604411449345
1272667531514245122
1272667235258109954
1272666800795324419
1272666714682122243
1272666598260776960
1272666041043357696
1272665584975503360
1272665184444624896
1272665069420081152
1272664722794590214
1272664456955387909
1272664230890790913
1272663693004808192
1272663516156067841
1272663331531300867
1272662710505730048
1272661581256630273
1272660930137133057
1272660766429241345
1272659760928690177
1272659678946885633
1272659174720245761
1272658484333436928
1272657646743629825
1272656803462107136
1272656364343623680
1272656350955200512
1272655949312884737
1272654957355941888
1272654827793907714
1272653597885427712
1272652421605371904
1272652001722150914
1272650273836593154
1272649972626812929
1272649653721448448
1272649300888162305
1272649271188299778
1272649252292882433
1272648744027250690
1272648439462060038
1272647793438420992
1272647588848812034
1272647502572007431
1272646009856892928
1272645499405950977
1272645210393194503
1272643881851445249
1272643807373230080
1272642719702278144
1272641948160065536
1272641614805176322
1272641553266176000
1272640947231342593
1272640307667009538
1272640191866515457
1272640145766912000
1272640120110428163
1272640045267197955
1272640011175964673
1272639915482890241
1272638584546304006
1272638559506350081
1272638297119039492
1272637675066011652
1272636991000080384
1272636702075559936
1272636247484350466
1272635881220984837
1272635875101466625
1272635708675624960
1272635632536313856
1272635421948882948
1272635382841163779
