1291116630030913536
1291115687788924928
1291115332606865410
1291110773368946688
1291109901801009153
1291109667213582338
1291109568047648768
1291109267429359619
1291109150844485633
1291108295562887169
1291108224352083969
1291107481205211136
1291107359662768136
1291106407605993481
1291106221727023104
1291105991187144706
1291104312479940610
1291103924255166465
1291103626178551808
1291103551104536577
1291103457890377729
1291103213748457479
1291103194303537153
1291103082139529219
1291103041446391814
1291102742212214784
1291102649454981121
1291102517590401024
1291102214652657665
1291101723831021577
1291101576879316992
1291101365394120704
1291101305298182146
1291101128806084609
1291100941639471107
1291100748525252610
1291100261973467136
1291100099930738697
1291100075893174274
1291099990463569920
1291099834812858368
1291099768744288257
1291099588473114624
1291098360674488321
1291098237009571841
1291097967131271169
1291097258876981249
1291096543064289280
1291095725116280833
1291094949920940032
1291093854041636865
1291091839999709184
1291091550248808451
1291091258321129472
1291089797302423552
1291089756445712384
1291089707242344448
1291089658479284225
1291089608156078081
1291089561364430848
1291089514006372352
1291089498705670145
1291089442703368193
1291089389561544704
1291089342371450884
1291089273786163200
1291089227929866244
1291089182052450305
1291089132786266112
1291089084409171973
1291089036086476802
1291088983108263938
1291088923788271620
1291088871762071553
1291088814870585346
1291088641138335745
1291088593088389120
1291088538990186499
1291088478730584066
1291088426566123527
1291088366516264965
1291088312829124611
1291088251600736258
1291088190657441794
1291088136848769024
1291088075368673282
1291088017445330944
1291087959551246336
1291087899883184130
1291087845755674627
1291087785609383937
1291087690167984129
1291087619724587015
1291087558089285633
1291087496114307075
1291087423263453194
1291087348722212867
1291087251624079365
1291086424360591360
1291086179316768768
1291086131812065282
1291086075641962496
1291086001671217152
1291085939691880448
1291085885845446656
1291085817776082945
1291085750763544576
1291085697781321733
1291085644261974016
1291085589853491202
1291085536115986432
1291085483477479425
1291085430687965186
1291085369723756545
1291085312433807361
1291085257500958720
1291085194632613895
1291085141591429127
1291085083747717122
1291085022108225540
1291084968865693696
1291084912779571202
1291084853061070848
1291084792612741120
1291084725612941318
1291084662010523649
1291084603638321154
1291084545614389249
1291084484264304640
1291084478601924609
1291084426080813056
1291084416408748033
1291084353150357504
1291084285462675458
1291084205091442688
1291084132630634496
1291084070810791941
1291083990401720320
1291083915135000577
1291083828950433793
1291083747920666626
1291083618383728640
1291083533830815745
1291083439303794694
1291082280232841216
1291081754686697472
1291080453852672001
1291080385447829505
1291080335141351425
1291080284998336513
1291080213884022785
1291080148071178240
1291080099471794176
1291080078470848512
1291080049601454080
1291080006156857346
1291079954730496001
1291079885612552192
1291079829484212225
1291079776707522561
1291079678762070017
1291079628266799105
1291079576962117633
1291079521182126081
1291079463246200833
1291079390995124224
1291079336888541184
1291079266520662019
1291079206445690880
1291079107464376320
1291079056163831810
1291079005039468546
1291078940128423937
1291078881974288387
1291078828803141632
1291078775917236224
1291078717821902849
1291078661672710150
1291078608681869315
1291078529946456064
1291077518741475328
1291077319315120133
1291077267507105794
1291077208153497602
1291076962769932296
1291076907702812675
1291076858998599685
1291076806720856064
1291076754849832962
1291076702295281664
1291076640492093441
1291076587564208128
1291076529036955650
1291076479476998144
1291076414448467970
1291076360534994945
1291076304843018240
1291076249121705985
1291076196290174978
1291076127507853313
1291076068019965953
1291075020979150852
1291074961189240833
1291074901768642560
1291074844583485445
1291074785200549889
1291074779429076993
1291074728476790784
1291074671031529473
1291074609849270272
1291074544376197123
1291074539447889920
1291074488172457984
1291074428428791809
1291074370065113095
1291074299722440705
1291074235604054017
1291074170034556929
1291074080138055681
1291073600783560706
1291073313901621250
1291072752003276807
1291072120810864641
1291071044858646529
1291070876046295040
1291069815923396610
1291069286497296385
1291069245951008773
1291068808120217602
1291068747495739393
1291068676838481925
1291068610065117185
1291068552229924866
1291068498274398209
1291068411498438657
1291068358297817089
1291068296184430592
1291068222033338369
1291068166584651781
1291068116907233282
1291068062087753732
1291067987785584642
1291067921914101761
1291067907074473985
1291067862078181389
1291067793585180677
1291067736483921922
1291067671178600449
1291067612286324737
1291067500323643394
1291067448335257602
1291067386234310658
1291067222065061889
1291067158257119234
1291067100388364289
1291067019102748673
1291066959044501509
1291066829469876237
1291066766442070016
1291066710112468992
1291066653422354432
1291066600267878401
1291066429312311303
1291066364321574912
1291066194628358145
1291065469487714304
1291065273714388992
1291064501912117250
1291064461265113088
1291064404432355328
1291064350028046336
1291064294927486976
1291064240913223686
1291064172583817217
1291064121270697985
1291064064316235783
1291064005646221313
1291063957189537792
1291063898884452352
1291063862125563913
1291063834573234176
1291063775735537666
1291063718630109186
1291063660048273408
1291063606096867330
1291063556788682752
1291063407538577412
1291063356078653442
1291063301376544769
1291063254152880128
1291063205305954304
1291063155951652869
1291063149135888385
1291063091925528579
1291063006718287877
1291062954222387201
1291062901407653890
1291062834932178947
1291062769312301062
1291062712961847298
1291062644556914688
1291062591704489984
1291062534959706113
1291062475291602944
1291062419167551488
1291062364775813120
1291062307406192642
1291062229715099648
1291061989389807616
1291061939880243200
1291061871823511553
1291061792660164608
1291061733528920064
1291061648439083010
1291061559989620736
1291061501684572160
1291061450354630658
1291061395438608385
1291061334407340033
1291061281278107650
1291061222176100358
1291061168807780352
1291061113594023937
1291061052856250369
1291060991787241474
1291060920857264128
1291060861306642432
1291060402143584256
1291060343242989568
1291060196098236416
1291060041483800576
1291059973712236545
1291059904824958976
1291059834465529856
1291059779478212608
1291059727779102723
1291059670086492161
1291059628688551937
1291059614956621825
1291059555221340162
1291059495658020866
1291059440893022209
1291059370638311424
1291059309237985284
1291059249829871617
1291059185023619073
1291059126156644352
1291059065536348160
1291058976885547010
1291058884229111814
1291056895671795713
1291055542643748864
1291054993789931524
1291054399318634496
1291052847178510336
1291051866592354304
1291048731853430788
1291048596624867330
1291048347529179139
1291048335147581440
1291044506385686529
1291042855041945601
1291041402521096192
1291041314369306624
1291039638178717696
1291039566124560387
1291038718015438848
1291037899639656450
1291036660126355459
1291036428432941056
1291035211527053317
1291034923499913217
1291031700005421057
1291028895660224512
1291028646560325636
1291027913706541061
1291027870047850496
1291027812128886790
1291027754771718145
1291027692155002886
1291027633912918016
1291027550916018176
1291027480141234181
1291027416270471175
1291027364571418624
1291027306392301568
1291027239732219904
1291027174636630020
1291027024849645569
1291026975746920448
1291026920591831041
1291026866531442690
1291026809044205568
1291026732628283395
1291026664835735554
1291026642647879687
1291026560607227906
1291026471104937984
1291026415098396673
1291026362917060610
1291026304888971264
1291026287901855746
1291026211494416385
1291026140988157952
1291026049074167811
1291025990190338048
1291025931872632832
1291025868735881219
1291025811454271491
1291025717556326401
1291025601437081608
1291025537192927232
1291025478170685441
1291025420670902273
1291025316832587776
1291025211459088385
1291025052218150913
1291024952196575232
1291024810152165377
1291024625384792064
1291023484404064256
1291022733019697152
1291021872277192711
1291020732126896128
1291020702590676993
1291018686317371395
1291018246921924609
1291017949311107072
1291017497706102790
1291017388536877057
1291016675043741702
1291016591375831046
1291016517178589185
1291016464711815168
1291016444650622977
1291016384982536194
1291016331387691010
1291016272990347264
1291016185631383552
1291016058342715396
1291015989371469824
1291015927438417922
1291015836593946625
1291015777752174592
1291015708202033152
1291015652568969217
1291015592435122178
1291015535845613569
1291015241946615813
1291015165341839360
1291015094411894785
1291015023477891076
1291014957887258624
1291014858507530246
1291014798302498816
1291014695168745472
1291011931956903936
1291009250353917952
1291007510867070978
1291007358261317634
1291007065553612805
1291004281194192898
1291003729441939457
1291003404450488320
1291002437223034881
1291002364527353858
1291002308814397442
1291002248303083520
1291002216770342912
1291002193198415872
1291002182016421888
1291002140371148805
1291002061958643712
1291002023828226049
1291001991758589952
1291001957562425345
1291001848690769920
1291001816986071041
1291001792520691715
1291001787458232325
1291001693056856069
1291001691899334658
1291001638363320322
1291001613411405825
1291001582499364865
1291001531899293697
1291001531370700801
1291001482305830912
1291001434050265088
1291001358896832522
1291001292794540032
1291001287828557825
1291001230278500355
1291001178608852995
1291001128973459457
1291001079275180033
1291001028398198784
1291000977462562818
1291000924761137153
1291000832708816898
1291000796205776902
1291000778572943361
1291000770175750145
1291000735338057733
1291000576734527489
1291000521369833472
1291000459650572288
1290999848607649792
1290999793741963267
1290999735793459201
1290999669666054148
1290999618818408448
1290999567161401350
1290999515651211264
1290999456373055491
1290999391239708672
1290999341432406020
1290999286533165056
1290999227464777729
1290999164143316998
1290999075593236483
1290999018433261569
1290998958370807809
1290998893870710785
1290998818125893633
1290998763323039752
1290998698483359744
1290998631164710914
1290998564366188544
1290998444560130049
1290998193182973953
1290998055534198786
1290997982121385985
1290997923463954434
1290997862034214912
1290997811190943745
1290997708975673346
1290997585570934784
1290997524363444229
1290997479736061953
1290997463902494721
1290997414703366144
1290997357866291200
1290997280691163138
1290997208511393792
1290997146267930626
1290997082078273537
1290997020610658304
1290996962360283137
1290996923219009538
1290996901324697600
1290996829413412864
1290996776707784704
1290996721766604801
1290996603986366464
1290996553411440641
1290996491381809154
1290996432074350592
1290996376957050881
1290996315451793408
1290996255427002369
1290996192495710208
1290996082160349186
1290996078729363457
1290996014242029570
1290995955198832641
1290995894624624643
1290995833564012544
1290995720628113409
1290995659693264896
1290994500417069058
1290994102230802433
1290994016125845504
1290993958605094913
1290993948966752256
1290993873553174528
1290993807325040641
1290993731106148353
1290993661824700416
1290993596565463040
1290993503409967105
1290993405179367425
1290993186215583745
1290990219815202817
1290989847335915520
1290989751177281537
1290989713977937920
1290989665269538816
1290989615709593602
1290989554334343172
1290989502555664384
1290989451783675911
1290989399153479682
1290989350092705793
1290989178998710272
1290989120622395394
1290989068101328899
1290988987503476737
1290988915436945409
1290988866149797889
1290988811711852544
1290988732263399424
1290988658196086784
1290988590646939650
1290988452276768768
1290988401311846400
1290988313139191810
1290988254255296514
1290988205190385664
1290988154191777792
1290988104317272064
1290988043000782848
1290987992581120002
1290987937124032517
1290987885030772736
1290987829686931457
1290987768252960769
1290987709994082304
1290987647876333569
1290987590187982852
1290987513759313922
1290987455227858944
1290987399347089409
1290987329759453190
1290987252139601922
1290987196103745536
1290987076662497281
1290987023155761153
1290986921217400832
1290986860559376386
1290986802283675649
1290986730666053634
1290986526369775616
1290986479397867521
1290986325324238848
1290986034512171008
1290986032054374401
1290982872048951299
1290982723033673733
1290982154277617665
1290981421213839366
1290981172173049856
1290980768492032000
1290980512635523072
1290979924858331136
1290978129587195910
1290978048662212609
1290977993796530177
1290977925878218752
1290977818168512513
1290977727424626688
1290977665311219712
1290977540304252928
1290977433810853888
1290977369801596929
1290977308774404097
1290977234749140992
1290977124103454722
1290977046395527168
1290976986043764738
1290976923045306369
1290976857735692291
1290976795207045122
1290976713099411460
1290976601472208897
1290976542173126668
1290976470001647617
1290976388678389761
1290976326053134336
1290976144217563136
1290976129914998785
1290975944098947074
1290975867049476096
1290975799915491334
1290973453709959168
1290970856617848835
1290970222988529666
1290970121675169794
1290970051873570816
1290969976980099073
1290969917412519936
1290969852849594371
1290969781626187777
1290969709274431493
1290969620250341376
1290969562004033537
1290969502130348035
1290969437378576385
1290969374543798273
1290969299184693248
1290969242943225857
1290969182025261057
1290969118120783872
1290969046503116800
1290968936322867200
1290968878139441153
1290968765837070336
1290968693879578630
1290968625072033797
1290968524370980866
1290968452543512576
1290968245076467712
1290966600510824449
1290966523780177920
1290966468994138112
1290966415613337602
1290966353780920320
1290966301029138432
1290966252765224962
1290966202169393153
1290966145844076544
1290966062780080128
1290966048926244864
1290966010967793666
1290965954214625280
1290965901244850176
1290965822849024000
1290965802133446658
1290965727479050240
1290965680507035649
1290965635556663297
1290965632025006080
1290965571941654533
1290965462742859778
1290965398872035329
1290965349589024768
1290965298498150402
1290965248925732865
1290965186900303873
1290965128867983361
1290965075227009025
1290965046957309952
1290964997498195975
1290964986827874304
1290964887359946753
1290964835774222337
1290964772620570625
1290964753670643713
1290964721458446337
1290964669834956801
1290964609273344000
1290964538515509248
1290964483385495554
1290964410387881984
1290964350627385346
1290964297628168194
1290964240883421185
1290964183606079489
1290964122453016586
1290964033278038016
1290963724988231681
1290963688103579648
1290963638245826563
1290963589201895425
1290963538123595778
1290963488878272513
1290963433303814144
1290963385635528706
1290963294669471745
1290963227938041858
1290963167489789952
1290963122140983296
1290963058022592513
1290963004306202624
1290962915831549953
1290962866049290245
1290962777004220416
1290962672519991296
1290962622800592897
1290962571902754817
1290962520535113728
1290962470073491457
1290962389756764165
1290962342193377280
1290962282495856652
1290962212715212800
1290962140493500417
1290962085342576642
1290962031068303360
1290961978144563205
1290961923291459586
1290961847630405633
1290961778051108864
1290961711227449344
1290961629505519621
1290961566435876868
1290961499977023488
1290961440657022976
1290961362026405888
1290961231348629504
1290961005741322240
1290960441695449088
1290953211474583553
1290953122806927360
1290953050191011840
1290952993429389312
1290952935451615233
1290952876555153409
1290952818174689281
1290952763996766208
1290952702965448704
1290952638922661889
1290952584493248513
1290952515173912577
1290952448660639745
1290952391974686721
1290952335854886915
1290952275624710144
1290952217046986752
1290952153054556161
1290952086604185600
1290951972141637632
1290951480682389505
1290951369202053125
1290951311681363969
1290951200414760961
1290951144274108416
1290951001084768258
1290950939747254273
1290950885229690880
1290950828468121600
1290950768904863744
1290950703339511809
1290950624016773121
1290950568526196736
1290950506400153600
1290950440964808707
1290950348094439424
1290948891534336000
1290946853182287872
1290946810631028739
1290946760274317312
1290946696420237313
1290946647334301697
1290946601285033984
1290946550584225792
1290946494858698752
1290946445785399296
1290946396904972296
1290946345575034880
1290946298456223744
1290946246291738626
1290946192420069376
1290946135289475072
1290946080084033538
1290946027533606919
1290945978560925696
1290945926585032710
1290945876584812544
1290945821379301376
1290945761929199616
1290945698691796994
1290945644266479616
1290945587270037506
1290945532584767490
1290945478369124355
1290945420017967106
1290945365336887296
1290945348152602625
1290945304775348225
1290945245912469504
1290945190736408578
1290945133060534274
1290945068648595457
1290945008737177600
1290944941833818112
1290944877405048832
1290944811919446019
1290944689823264769
1290944622005559296
1290943002291118080
1290942951431053313
1290942899337809920
1290942847533944837
1290942796250087425
1290942722749104128
1290942667728314370
1290942612694802433
1290942558974205952
1290942505605890049
1290942450291351552
1290942381362163713
1290942297513906177
1290942245013729280
1290942193591558145
1290942137224364033
1290942073122820102
1290942019825807360
1290941956345004033
1290941895330471938
1290941835075084288
1290941782906351617
1290941726157426689
1290941656959721474
1290941600667971584
1290941539758288896
1290941482153771009
1290941422124838912
1290941358916673537
1290941298313179136
1290941246685548545
1290941187461918720
1290941114653061121
1290941020574822401
1290940963133825025
1290940905306959877
1290940839284350976
1290940738210074626
1290939445508620288
1290938286546907136
1290937136066289665
1290936645051531264
1290935811005964288
1290934739415769089
1290933375973363712
1290931346500722689
1290924320177319936
1290912784436297729
1290912747283251200
1290912695961694209
1290912638189395968
1290912515019415553
1290912468580077569
1290912406558965760
1290912349310910464
1290912290494005250
1290912228628205569
1290912165491355649
1290912113934897152
1290912058318487552
1290912002949492737
1290911948842962945
1290911891787780102
1290911837568081921
1290911776058609670
1290911677056262145
1290911602422816768
1290911546693029888
1290911183621574656
1290911123114516480
1290911010619105281
1290910869778563072
1290910829446144000
1290910777377947649
1290910717177143296
1290910660235350016
1290910558628315137
1290910502877638656
1290910223297925121
1290910167685619712
1290910048433119232
1290909974437273600
1290909914899132418
1290909857529421830
1290909798599405570
1290909379965915137
1290909323196063744
1290909259832549376
1290909207118716928
1290909138671808512
1290909075400806403
1290909013471723520
1290908936288305152
1290908877014405120
1290908802922029056
1290905058205466624
1290904974453542912
1290904814243721216
1290904779074543616
1290904730739396609
1290904679828852737
1290904631623680000
1290904557237817344
1290904508479004672
1290904457979592710
1290904408537149440
1290904355835727872
1290904283945283585
1290904227968102402
1290904173781946369
1290904122305261570
1290904058803499013
1290903998069911553
1290903943455875073
1290903889076781056
1290903787260059648
1290903706750394368
1290903659199565829
1290903595630637056
1290903515485937665
1290903463371722756
1290903407419699200
1290903352096821250
1290903293376569344
1290903238645100544
1290903181468327936
1290903131015000064
1290903067332874241
1290903008755228672
1290902955735035912
1290902901452349440
1290902844497960960
1290902778626400259
1290902719864229888
1290902635005059072
1290901497937567744
1290900523504160770
1290898034075803649
1290897133193711616
1290894349534978048
1290892946787704832
1290892067866992642
1290891257741479942
1290891232546234369
1290889098190708737
1290885840994881536
1290880201975463939
1290879863495172096
1290876952186728448
1290876399197323264
1290876176584470528
1290876078534385670
1290875905888395265
1290875601679552512
1290875471652102144
1290875067384004608
1290874877134610433
1290871609927127045
1290870977845288963
1290869500443791362
1290868554439548928
1290867844327124993
1290866750876196865
1290866683045961730
1290865150938013698
1290864924118392832
1290864110029221890
1290863453159272448
1290863173554171904
1290862679398199302
1290862019197972482
1290859025345773573
1290857764151947271
1290853496552595458
1290853042795843590
1290852740944470018
1290852496013893633
1290852028089081856
1290852011617865728
1290848900752920577
1290848492555055104
1290848472422404096
1290848387600801793
1290848004870737922
1290847727538933760
1290846471168745473
1290846344882597889
1290845546006155266
1290845223338287105
1290844971205967872
1290844793745084418
1290844083439587329
1290842838624681984
1290841818372829184
1290841188426121216
1290840908124975105
1290840680538021889
1290840046719787010
1290839516354207746
1290839355150434305
1290838393249607681
1290837569408770048
1290837489691705344
1290837314667716609
1290837310758703104
1290837163517632512
1290836553829294080
1290836351839948802
1290836217760591873
1290836076505047041
1290835724049223681
1290835510521286656
1290835483346468869
1290835390044106755
1290835063312125958
1290834302649937920
1290834035254521856
1290833544558686208
1290833541148934146
1290833110444068864
1290832753005604866
1290832675628969985
1290832289446809600
1290831519628570624
1290831017524289543
1290830972225613825
1290830823575269376
1290830620709523467
1290829542119149569
1290829333813051392
1290828588955176962
1290826854346166273
1290826677673758721
1290826653476818947
1290826629313437696
1290825742629175298
1290825701701095424
1290825012446998530
1290823871340265473
1290823798909030400
1290823243079720961
1290823172200243201
1290822355418337285
1290820827890491395
1290820720562450433
1290820109364342784
1290817955962531841
1290817564248080385
1290815956848193536
1290814782329806848
1290812105130561536
1290810491053506565
1290809282674470914
1290808961390841856
1290807524656988160
1290807232486084608
1290805216879751171
1290804884988735489
1290804811957379072
1290804628053868544
1290803473458638848
1290803385734770689
1290803289198678019
1290799739856969729
1290796174530818048
1290792605962448896
1290792186645221382
1290787194928594944
1290784846122569728
1290784746772090880
1290782438176645121
1290781509134286848
1290781496702197760
1290780891514634241
1290780090863882240
1290777093782081539
1290776934377545728
1290776760020357120
1290776444457517057
1290770104158887938
1290768613712908288
1290764848419287042
1290763719975161856
1290760045802684418
1290759873433604096
