1272634217386688512
1272634014634033153
1272634000033619971
1272633847335792648
1272633321932062727
1272633299324846082
1272633295767891968
1272633180907020296
1272632659643072513
1272632589224984579
1272632564080091138
1272632472652722179
1272632348320894976
1272632023543357441
1272632014118797312
1272631192945385473
1272631136313720832
1272630971263864835
1272630860546813952
1272630139004899329
1272630050303680514
1272629909521915904
1272629596127506433
1272629550447333376
1272628781476282369
1272628717559349248
1272628009468559360
1272627537357819906
1272627260651167746
1272625715918315520
1272625528361701377
1272625525840732163
1272624853640712194
1272624807398555653
1272624007246987267
1272622010171109380
1272621949466771457
1272621940507729920
1272621887919656961
1272621291267411969
1272620659470974979
1272620567850553344
1272620122759245824
1272620097572610050
1272619616125108225
1272619588849524736
1272619452433969152
1272619072245518336
1272618543130054656
1272618539938086912
1272618443745845248
1272618018095403015
1272617967381970944
1272617786913763329
1272617776658726913
1272617202278182917
1272616967829164035
1272616776946286592
1272616738623012888
1272616720490889216
1272616659791024129
1272616658650062848
1272616346073915393
1272616060001402886
1272615946721456130
1272615749446782978
1272615125053091840
1272615063686389760
1272614832995524613
1272614453670969346
1272613992490397697
1272613840988053506
1272613506924392449
1272613093911212033
1272612917394001920
1272612300818694144
1272611862446825473
1272610962277838856
1272610858196066306
1272610847186194433
1272609884329123841
1272609369159380993
1272608686863720450
1272608516293955585
1272608199527534595
1272608079889215490
1272608020602785794
1272607652888170497
1272607594943840259
1272607188784209922
1272607039894650880
1272606807366578176
1272606704828481536
1272605015669182465
1272604976083357699
1272604900812185600
1272604777101352960
1272604355011719168
1272603983006167040
1272603333589479424
1272602391259602946
1272601983598370820
1272601440457043976
1272600940231528448
1272600916500217857
1272600332468719617
1272598617518247936
1272598307077083141
1272598094245318662
1272597204117512195
1272596950202716160
1272596949317926912
1272596796901122048
1272596730966691840
1272596616898326529
1272596254548205570
1272595408619892738
1272595393155457024
1272595310678667266
1272595059800543236
1272594946495672321
1272594892506750977
1272594664781209600
1272594488741912577
1272594417690558466
1272593916165005312
1272593848812875779
1272593841841999873
1272593814214127617
1272593775752359936
1272593741933686788
1272593731300896768
1272593704352534529
1272593416992501760
1272593400123056130
1272592681588252672
1272592680611020802
1272592630745047042
1272592212342251521
1272592154582368258
1272591970234363904
1272591916144766978
1272591812637503489
1272591405978914818
1272591393060315136
1272591041766600706
1272590362423549964
1272590351669305345
1272589974639202307
1272589851292954625
1272589690957369345
1272589608740675584
1272589553413603328
1272589396932530177
1272588351032266752
1272588183180472320
1272587897405763584
1272586612346511361
1272586187740348421
1272585885712707584
1272585495588069376
1272585216268177408
1272584946247512067
1272584679636385793
1272584361624338434
1272584248306724864
1272583642296926208
1272582288979554306
1272582083907551232
1272581923739590656
1272581551914655758
1272581145251557376
1272580967656337411
1272579598379700224
1272579422391021571
1272579149035528192
1272578443083804673
1272578333507756032
1272577934621061128
1272577898419871744
1272577829914329089
1272577823492931585
1272577774725861377
1272577662297481218
1272576856445915137
1272576756415819777
1272576679806996480
1272576679634849796
1272576631991869440
1272576527285321729
1272576301455544320
1272576247688605696
1272575991383306240
1272575902073761792
1272575681088520192
1272575344466227200
1272575260039303168
1272575093965598721
1272574824699707392
1272574770492686336
1272574711529115648
1272574492217237507
1272574195671740417
1272573792972410882
1272573614424903680
1272573054732824576
1272572945953689604
1272572893512249344
1272572590377381888
1272572452904685568
1272572326303932417
1272572125317156864
1272572107298271233
1272571626727649280
1272571533299519488
1272571324376870912
1272570870112739328
1272570849208315905
1272570784221986816
1272570669012746243
1272570374929014784
1272569877882998785
1272569631996289031
1272569508708966400
1272569428236996608
1272569341834342400
1272568850920476672
1272568670934441984
1272567984326758411
1272567397086629898
1272567282141736961
1272567279520120832
1272567174528479233
1272566653914501142
1272566636634136579
1272566408027738116
1272566129253212161
1272566041952972800
1272565688545300482
1272565675878318080
1272564821742039040
1272564056713551873
1272563661320540163
1272563643482165250
1272563345128914945
1272563332336300040
1272563020837814279
1272562472176594946
1272562432066506760
1272562399510319110
1272562289342738432
1272562163962519554
1272562146845564928
1272562096429862912
1272562078147100673
1272561392512577538
1272561230796869632
1272560749378846721
1272560488975646721
1272559564584636417
1272559409260978177
1272558986957594629
1272558821462773760
1272558792320987137
1272558781503868929
1272558188164976640
1272557700040101889
1272557420267651074
1272556377282658306
1272556181546921984
1272556153742950403
1272555967109103618
1272555792953159683
1272555773843968000
1272555464623034368
1272555320041181187
1272555076050194432
1272554908407955457
1272554801885253632
1272554665465516033
1272554641499324417
1272554449018462217
1272554379241979904
1272554283171536896
1272554237654900736
1272554185855303681
1272553446894440448
1272553384197763074
1272553053888163845
1272552824753188864
1272552559220318214
1272552032302489600
1272551927306477569
1272551454033797121
1272551427236343808
1272551376682397696
1272551306222202888
1272551175502602240
1272550740158906371
1272549958571290624
1272549772159787010
1272549114107047937
1272548832958713858
1272548522223681537
1272548420142673920
1272548312248471559
1272548227762421761
1272548027731832833
1272548016700833807
1272547882743271424
1272547717177171968
1272547561719595008
1272546748494483458
1272546429521719297
1272546337481879552
1272546152827834373
1272546107567071232
1272546005590978560
1272544577623330816
1272544504340459523
1272544402976751617
1272544366226268161
1272544315231920128
1272544222156140545
1272543972020412416
1272543860628094981
1272543805057708034
1272543688393216001
1272543566137450498
1272542754804043779
1272542264976379904
1272542031148179460
1272541965599543300
1272541497133596673
1272541214252740609
1272540814611288066
1272540806705025030
1272540780578603009
1272540322791391233
1272539996734410752
1272539751518781440
1272539489785843712
1272539396437356544
1272539273686855680
1272539114668163074
1272538715114610691
1272538457366130688
1272538400105607169
1272538281624797184
1272538073688129537
1272538041194864640
1272538035834490884
1272537882918629376
1272537426674749440
1272537292863934467
1272537188861968386
1272536961480380416
1272536801513738245
1272536300495790080
1272536182103117824
1272536180928602112
1272536072572919808
1272536058174099457
1272535365979713536
1272534978279202818
1272534790693158920
1272534721323548673
1272534573562372098
1272533734894579714
1272533438395027457
1272533242768429059
1272533241954697218
1272533232639066112
1272532935263096834
1272532919387664385
1272532580269768709
1272532469619793922
1272532437596332032
1272532228761927680
1272532137598738433
1272532089523617792
1272532053008007175
1272531617806979074
1272531533585317888
1272531193565794305
1272530911876182016
1272530204959936512
1272529798947110914
1272529640595296258
1272529408079912962
1272529300554686471
1272529181671190528
1272528313903431681
1272528290738311168
1272527869290459139
1272527812390461441
1272527800533233670
1272527717712478219
1272527064617431040
1272526407474659329
1272526116499136514
1272524484835258371
1272524279582568448
1272524209898520576
1272524082324652032
1272524038053789699
1272523713724985345
1272523327257473024
1272523312430583808
1272522902458568704
1272521970773524488
1272521885646020610
1272521844231290880
1272521477968072706
1272521288221749248
1272521095875158017
1272520993593077761
1272520833802678274
1272520766211461131
1272520664742653952
1272520301465624576
1272520146247180289
1272519994908323841
1272519947894190080
1272519678661816320
1272519600022777861
1272519430950383618
1272519110002262022
1272518802710781952
1272518671785766912
1272518647404277760
1272518572816740352
1272518543708479489
1272518419368210433
1272518348249726976
1272517941330710533
1272517749105815553
1272517271886364673
1272516973725839360
1272516957661794305
1272516876690698241
1272516670565711873
1272516559932739584
1272516367103651840
1272515973833084928
1272515815682818050
1272515778764554241
1272515686598836225
1272515647659020288
1272515431648157699
1272515216635564033
1272515129331105794
1272514937244602370
1272514569030656002
1272514342685151233
1272514250913845254
1272514238695780353
1272513938652004353
1272513849846042625
1272513580521357313
1272513493334462464
1272513052533981186
1272512731292274696
1272512375116238849
1272512002112589826
1272511890602721281
1272511718908985344
1272511658871554048
1272511292193079296
1272510867209433089
1272510722652733440
1272510458436751361
1272510217067081728
1272510205608235009
1272509704405757952
1272509543457513472
1272509484380958720
1272509363735998466
1272508687857233921
1272508625844670464
1272508224986644480
1272507644549509120
1272507569848881153
1272507520553086976
1272507017131896832
1272506317903724544
1272506247472914433
1272506131328442368
1272505575910387712
1272505037806350337
1272504645622157313
1272504507935657984
1272503936084312064
1272503441034706949
1272503360847933441
1272503357937238017
1272503286399209472
1272503262713872385
1272503046841470976
1272502392055951361
1272501792190971904
1272501709210710017
1272501597189353473
1272501323234238464
1272501298592485376
1272501295233015815
1272501217026084864
1272501162080710657
1272500933478412288
1272500424587739136
1272500220979535872
1272500131837984771
1272499882239164416
1272499807823622144
1272499730308902912
1272499443514957825
1272499385507577857
1272499384878538753
1272499328062500864
1272498579505065984
1272497985746866176
1272497474549284866
1272497360942305280
1272496654466322432
1272496492935286784
1272496271593484288
1272496222889115650
1272496180698779649
1272495906529689600
1272495836950380545
1272495334804131840
1272495018222194688
1272494973628354560
1272494862789681152
1272494689896316928
1272494541782814721
1272494450963603460
1272494308315336704
1272494264702902272
1272494038273458177
1272493935672385536
1272493847675879424
1272493797562126338
1272493732710006785
1272493713084887040
1272493681422057472
1272493638354796545
1272493637876752389
1272493316869947397
1272493049818443777
1272492966821666818
1272492865457999873
1272492746935238663
1272492685425881088
1272492663988727808
1272492121275207680
1272491997446787078
1272491719486029825
1272491612224933888
1272491581568765954
1272491561918640129
1272491521284194304
1272491244132933632
1272491242417524741
1272490903983226882
1272490899101102081
1272490705252999170
1272490372837650432
1272490337953603585
1272490281401712640
1272490231221104640
1272490083543912448
1272490039243661313
1272489948046921728
1272489935417872385
1272489847345774593
1272489839531884544
1272489827116765184
1272489651849375747
1272489160578867201
1272489022057779202
1272488597883703296
1272488379058466817
1272488219364524032
1272486729845485570
1272486431592550401
1272486386931728384
1272485643088781312
1272484989758775298
1272484527332614144
1272484077090865152
1272484072196124685
1272483539930378240
1272483090540175360
1272482512057577473
1272482388241719296
1272482169378746370
1272481803601956865
1272481186841899008
1272480258030071808
1272479849475604480
1272477267172765696
1272477079683162112
1272476332803256320
1272474692620816386
1272474629580472321
1272474374550020102
1272474371693707270
1272473772210163713
1272472788167798784
1272472576179212288
1272471118411182081
1272470130056970241
1272469967166943233
1272469775227240448
1272469165476122626
1272467963224838144
1272466151503572992
1272465232636583936
1272465082140762117
1272464271948029962
1272464212938424320
1272464038983798785
1272463383502172162
1272462954018021376
1272462491172380672
1272461922185744385
1272461321745940481
1272460138901901312
1272460053878960128
1272458781830643712
1272458716131049472
1272458392683130880
1272458050797010944
1272457858903310336
1272457786417348608
1272457632645865475
1272455566149877760
1272455432687190016
1272455314135232512
1272455174724841473
1272455137819271168
1272454723040395268
1272453410940506113
1272452660675960832
1272452303786778624
1272452005928202240
1272451935459778562
1272451493552062464
1272450313505648640
1272447650982477826
1272445094285783040
1272443793820790784
1272443034400104449
1272442844545003521
1272441114834894848
1272440997272838144
1272438952465707015
1272438699213504512
1272437486351011840
1272437359439560704
1272437034548953088
1272435828116066304
1272435557998776322
1272435382823550976
1272434616180174853
1272434448622116865
1272433425778118658
1272433346791047170
1272432358751428608
1272431726292348928
1272431459643674626
1272429842034720768
1272429786913107971
1272428706967896069
1272428377199325184
1272427858179350531
1272427725739962368
1272426534293458944
1272425928635961347
1272425839964106753
1272424517063675904
1272422373442990080
1272420929637933056
1272420723185737728
1272420355651616768
1272420206967615489
1272419632721379328
1272419502219657218
1272418279739363328
1272417694218956801
1272417368765943809
1272417260729020416
1272417199169376258
1272415831868219393
1272415539286044681
1272415478644969474
1272415373950947328
1272413912483483649
1272413444025618432
1272412833309954048
1272412800393101313
1272411135283691520
1272410725282168833
1272410485736919040
1272410220204040193
1272409103617449984
1272408512652406784
1272407702409363457
1272405936720818178
1272404524305653761
1272404474921967619
1272404263214465029
1272403463184539650
1272402605487030272
1272402212048822272
1272402198262153216
1272401990035763205
1272401789988614152
1272401411196817413
1272400692808826880
1272400505566871554
1272400442127904769
1272399931622387712
1272399241906970638
1272398874607525888
1272398830055628801
1272396047424188417
1272396002557865984
1272395995792519170
1272395586558234624
1272394814349291526
1272394482512793611
1272394036930678785
1272393897616928769
1272392981673377793
1272392555125190657
1272391277728931840
1272390868993966082
1272389894623637504
1272389547133829120
1272388926565527552
1272388384200093697
1272386565399068672
1272385425450192905
1272385273553281024
1272384544667205632
1272384526635790336
1272384079090970624
1272384023734566913
1272383930931351553
1272383803202211840
1272383770465714177
1272383748940525568
1272383664018427904
1272382095378264064
1272381436947918849
1272381158194507777
1272380824227393536
1272380515006525440
1272380241131036672
1272380141239521280
1272379541806354432
1272379362986225664
1272379051869601797
1272378979605831680
1272378909330493447
1272378238757527553
1272377830605590529
1272377684119732229
1272377657729007621
1272377476560404480
1272377218493149184
1272377115724431360
1272377049760493568
1272376292328038400
1272376289866010624
1272376034093137920
1272375960025915392
1272375284478676993
1272374662547279872
1272372965309636608
1272372746450808832
1272372453117956096
1272372412231942145
1272372147713794053
1272372066176716800
1272370654973554689
1272370077891825664
1272369378932060161
1272367114633064448
1272367008223342592
1272366668002426885
1272365981298569216
1272365397602455552
1272363749983178753
1272363259178467331
1272363094128431104
1272362879589715969
1272362014183022592
1272361698284929029
1272361598347284482
1272360628263374848
1272360529076482049
1272360389699760134
1272360206652116992
1272360163400388610
1272359485194014722
1272359298782367744
1272358814847774721
1272358536790622208
1272358218476511232
1272357569349156865
1272357274728742912
1272356954468278273
1272356877008076801
1272355774963089409
1272355752850665472
1272355694063353857
1272355450801942529
1272355412482887694
1272355358992855040
1272355058739535877
1272354216015773697
1272353976302751749
1272353841179172867
1272353644491313152
1272353234238095364
1272352740505800704
1272352340813778952
1272351943403454464
1272351711760461825
1272351405538344962
1272350770986397698
1272350761419182080
1272350494258692096
1272350456828715008
1272350148534861825
1272350115613888513
1272349676361207810
1272349395313242112
1272349283539279872
1272348764024561664
1272348591726702592
1272348472256102400
1272348275459469313
1272348156672520194
1272348147881312256
1272348027475419137
1272347241865375744
1272346627408199680
1272346560618258432
1272346225208164355
1272345586369302528
1272345490449825792
1272345384329850881
1272345067605221376
1272344991432572928
1272344899195736065
1272344859441938432
1272344771269459969
1272344146867417088
1272343487422308352
1272342918989115393
1272342868410204160
1272342385528205312
1272342191227187205
1272342044359274496
1272341774401515523
1272341515931656193
1272341217569890305
1272340997616267264
1272340987113807872
1272340597634809857
1272340312761884672
1272340301085126656
1272340284437753858
1272340171703218177
1272339897135710208
1272339874092167168
1272339827803865088
1272339778709536769
1272339619170840576
1272339538044547072
1272339473297051648
1272339462945734657
1272339155721150467
1272339025542574081
1272338419608215552
1272338369452728321
1272338283645763584
1272338100723712000
1272337951905640448
1272337918993010690
1272337563206979584
1272337508676669440
1272337491161485314
1272337473524416512
1272336671644803073
1272336568745779202
1272336393004515334
1272336194425282560
1272335767755526144
1272335703310024704
1272335659374727168
1272335338317414401
1272335178581577729
1272335088974327808
1272334733448548352
1272334192043589635
1272333884965912577
1272333804317937664
1272333218809737217
1272333087117062145
1272332770715598851
1272332727631491072
1272332299456188416
1272332115787595777
1272332082245599232
1272330595205558272
1272330591535534080
1272330049040068608
1272329528627601409
1272329298821644289
1272329258057306113
1272329097213915137
1272329083381264386
1272329025160019969
1272328918389927939
1272328730619318277
1272328598603603968
1272328581784297472
1272328576537440256
1272328514293948416
1272328441807822848
1272328414846992387
1272328221929943040
1272328173196378112
1272327893012680704
1272327242148990988
1272327149752668161
1272327020878401536
1272326951559024640
1272326772277772290
1272326734826725378
1272326732616351750
1272326719064735744
1272326290499145729
1272325819650789376
1272325099123814401
1272324719467884544
1272324571916636164
1272323750214721536
1272323274630991872
1272322915225219072
1272322852885196801
1272322678997704704
1272322618075475969
1272322521312817153
1272322503050854401
1272321877478789120
1272321811607220226
1272321733588971521
1272321708775452672
1272321388377001993
1272321374678220800
1272321335889256449
1272321301193998336
1272321259460718594
1272320831662800899
1272320763836547072
1272320742479159296
1272320567337791488
1272320369764990980
1272320343982649344
1272319755098169349
1272319257406312453
1272318761048002560
1272318609721720833
1272318243223592962
1272318016039108609
1272317967804575745
1272317879011160067
1272317612811341825
1272316847996628992
1272316427702276096
1272316380097007622
1272316361033822209
1272315709616463873
1272315583095353345
1272315383597408259
1272314896995188736
1272314103835607047
1272314032385667075
1272313859752243200
1272312861201764352
1272312078846525441
1272310651076120578
1272310449564839941
1272310377037135873
1272310156362223623
1272309830754148352
1272309558313172992
1272309256448958470
1272309051691589632
1272308907957006337
1272308892601593857
1272308717199986688
1272308291155066880
1272308131435999233
1272308118962110464
1272307845027860480
1272307772005089280
1272307757765410816
1272307452999077888
1272307451451322370
1272307157787123713
1272306503706443787
1272306494382329856
1272306167910264832
1272306044077629441
1272305978286002178
1272305914335330304
1272305867371671555
1272305307373494278
1272304522338197505
1272304348274364416
1272302719634677760
1272302707706146817
1272302449064325121
1272301903037247489
1272301864525000705
1272301294296993792
1272301208464744448
1272301052738654210
1272300812975460353
1272300636151873536
1272300235587543040
1272299860449013765
1272299733487431680
1272299503433977862
1272299463915245570
1272299426875392000
1272299392796631046
1272299372299026433
1272299329462599687
1272299302526820354
1272299281240686593
1272299260118216705
1272299227620802563
1272299214580543488
1272299193529503744
1272299061022986245
1272298969633357825
1272298961936801798
1272298934531231745
1272298911886192643
1272298783423041539
1272298217187704834
1272298176905699329
1272298150078930945
1272298125194072064
1272298054960459777
1272298033871544321
1272297984764661760
1272297940812541952
1272297918192640001
1272297895535001600
1272297872193662976
1272297602193768449
1272297508178444288
1272297463433629696
1272297346307690501
1272297320911167490
1272297287100891136
1272297225889120258
1272297185867173896
1272297117781053440
1272297110952689664
1272297085921099776
1272297006552231937
1272296642612473857
1272296170686013441
1272295102837329921
1272294766974103552
1272294563068157959
1272294364182507520
1272294082660823040
1272293210413510659
1272293193095294977
1272293185499299840
1272293174808109056
1272292680781922313
1272292671445491713
1272292270910222336
1272291970522677248
1272291596566921216
1272291434713022471
1272291310687436801
1272291270266884097
1272290299256213506
1272290249503387648
1272290234483511296
1272289876516327425
1272289803266998272
1272289713303498752
1272289707976613888
1272289620009590784
1272289514715660290
1272288984098463745
1272288847238438912
1272288619278012417
1272288231917117440
1272287574158180352
1272287097496522753
1272286874925703169
1272286703181430784
1272286615893835776
1272286574349299712
1272286573552381953
1272286032311042053
1272285755067383808
1272285661870030848
1272285514876334081
1272284840541519878
1272284525025013760
1272284251334066181
1272284081510854657
1272282978174021632
1272282247442231296
1272282242870579206
1272282009814085634
1272281932903198720
1272281873721540609
1272281392446083077
1272281061398130695
1272280961707700225
1272280573176938499
1272280566847528962
1272280051585777664
1272279964633702400
1272279455487180800
1272279311731564545
1272279207578677248
1272279147985932297
1272278953798127618
1272278703792287744
1272277898011963392
1272277715639586818
1272277489549807617
1272277475981221893
1272277398013259781
1272277292757196802
1272277052721262592
1272276680074309633
1272276528215326720
1272276523479977984
1272276383545217027
1272276272748670977
1272275877489934336
1272275759520837632
1272275545078796291
1272274961747542023
1272274542501732352
1272274258819985410
1272274164926369794
1272274132969885696
1272273635957407755
1272273442373537793
1272273380171972610
1272272673981304833
