1265387204542697472
1265387179842338816
1265387165229465606
1265387115073978377
1265387094999957505
1265387069490241536
1265387069263806467
1265387068768661504
1265387053686165504
1265387049185677320
1265386977341423616
1265386888153772033
1265386877894475780
1265386847859085313
1265386834860924931
1265386832612798468
1265386830775701504
1265386826690330628
1265386775024930818
1265386763905884163
1265386735162331136
1265386710726213632
1265386703247851521
1265386699535892481
1265386668158267393
1265386655344668673
1265386622687694848
1265386592400822272
1265386589317992448
1265386580778385413
1265386571265724420
1265386563992723459
1265386559433576451
1265386544615038978
1265386517679259650
1265386499358568455
1265386497735372811
1265386496430870528
1265386493067100162
1265386486461075464
1265386483470356480
1265386402176471040
1265386348875264000
1265386326859354119
1265386319703945226
1265386301836201984
1265386297369284609
1265386281825112065
1265386271146414080
1265386252221767680
1265386200904409089
1265386185750437888
1265386162169868288
1265386156927201282
1265386119056809986
1265386114686365697
1265386096210382849
1265386081509412865
1265386064740564999
1265386059254415361
1265386051792711680
1265386051448770566
1265386024353566720
1265386023690940417
1265386015583285251
1265385993680666624
1265385988404232226
1265385957685178369
1265385951280447500
1265385938424913922
1265385911392616449
1265385903415070725
1265385894351122440
1265385891423551488
1265385884750413825
1265385861857849344
1265385844405424128
1265385838076100608
1265385795646562304
1265385794736476165
1265385781956411392
1265385743003893761
1265385689434263560
1265385672409518080
1265385666612916224
1265385633809403906
1265385598468198402
1265385571125469184
1265385561319247874
1265385513835474947
1265385506109632512
1265385497045749763
1265385491140096004
1265385468583174145
1265385463558348810
1265385451365466112
1265385434261213191
1265385394599845893
1265385391554727938
1265385388279050246
1265385380280504323
1265385363419193344
1265385351868231682
1265385328828874752
1265385313217593344
1265385298999103489
1265385268128825344
1265385249346912264
1265385242141102080
1265385219156250624
1265385218854187008
1265385205944266757
1265385170615414785
1265385164663906304
1265385159865634818
1265385104400158728
1265385091074797568
1265385080320638978
1265385075027447810
1265385072879980544
1265385059709837312
1265385041129082884
1265385039891763201
1265385022632181762
1265384992210853896
1265384986049425409
1265384974930325509
1265384974280245249
1265384969431646210
1265384960908648449
1265384944601378825
1265384938066653186
1265384883368742920
1265384881602924544
1265384866964799491
1265384855593984002
1265384849336082434
1265384840767123458
1265384834744147970
1265384824937811969
1265384816771346432
1265384790133530628
1265384786832560128
1265384772425134080
1265384764091006977
1265384745640263684
1265384741722828800
1265384729710379008
1265384722449993729
1265384717953773568
1265384717655969792
1265384717328830464
1265384666095370241
1265384656108740612
1265384655848644609
1265384645060894721
1265384608448856068
1265384595626885120
1265384581303328771
1265384577322885120
1265384569009852418
1265384547186806784
1265384537556758531
1265384534264160262
1265384496494514177
1265384494678315010
1265384490513371137
1265384474063319040
1265384458095558660
1265384434620141569
1265384401636134913
1265384398628757506
1265384375480442882
1265384360301203457
1265384356287336449
1265384355746197507
1265384340864851974
1265384323454308353
1265384316235849729
1265384301371232258
1265384294031273984
1265384286837968899
1265384276666843137
1265384260183220230
1265384243775094785
1265384216445038593
1265384209344053248
1265384189937037313
1265384159909986304
1265384091018498049
1265384089625952257
1265384081656774658
1265384073561849858
1265384042419097603
1265384032470171651
1265384009103577088
1265383996155998210
1265383994310438913
1265383987926704136
1265383953579544577
1265383919253323781
1265383906892820480
1265383892091047936
1265383883157106688
1265383868355485696
1265383854761750529
1265383851955757058
1265383842195501056
1265383833362448385
1265383826748067847
1265383811740766209
1265383804585336832
1265383804090429440
1265383791935225862
1265383738415996934
1265383713136873473
1265383701455736833
1265383684166819843
1265383673471406082
1265383672330534915
1265383647047225349
1265383628416192513
1265383626981728256
1265383618123304961
1265383600066908162
1265383590281515008
1265383587009843200
1265383577849671680
1265383571063287808
1265383553510060033
1265383552343924736
1265383546706964481
1265383530651168773
1265383521885081603
1265383516172402689
1265383511999078400
1265383507938775041
1265383466780278785
1265383445984837633
1265383445716492290
1265383422333157385
1265383413890023426
1265383411708985344
1265383407686688770
1265383377512869889
1265383374132150272
1265383355845169154
1265383341412532225
1265383338182918149
1265383332390547457
1265383311007858689
1265383310223695872
1265383286022516736
1265383275826081792
1265383264212180993
1265383257572618240
1265383249561432067
1265383233585209344
1265383232243040257
1265383198256701440
1265383192342781953
1265383192330039296
1265383178996453376
1265383160176619520
1265383139339198464
1265383133525966853
1265383110465781765
1265383110063149056
1265383098440712193
1265383081340481549
1265383075589918720
1265383068040388610
1265383067570581507
1265383065314000898
1265383052496326656
1265383047379255297
1265383011438247939
1265382993675370501
1265382978093551616
1265382976399069185
1265382951413579776
1265382948100083714
1265382946044854272
1265382922137350146
1265382905104216067
1265382894140370949
1265382889505656832
1265382883449016320
1265382880051593218
1265382867472912384
1265382820647710721
1265382801710501888
1265382800187895810
1265382778864111616
1265382768927744004
1265382766805385217
1265382759268323334
1265382743325769729
1265382737566928896
1265382734358290434
1265382730298253316
1265382726863126528
1265382664716115974
1265382658571370498
1265382655115366400
1265382642574393345
1265382635737669635
1265382633376288769
1265382626988261378
1265382610894716929
1265382597259145222
1265382589474443265
1265382574207250433
1265382560424755206
1265382556205223936
1265382543739826176
1265382542754152453
1265382531190403075
1265382479432749056
1265382470515638277
1265382467390918656
1265382466891718657
1265382448788992000
1265382438710071296
1265382437552640001
1265382413447946241
1265382394649096198
1265382353830117376
1265382349891604487
1265382325849915392
1265382321462693889
1265382286486310912
1265382256476073987
1265382234594381825
1265382226688192512
1265382225387950080
1265382216953147393
1265382213023121409
1265382193557393408
1265382181708406784
1265382179976081409
1265382160183234563
1265382144978956289
1265382144513314819
1265382142034378752
1265382125156683776
1265382044172943361
1265382032764481537
1265381945556504578
1265381932667469830
1265381929446227968
1265381918373285895
1265381902938075137
1265381899704446976
1265381832738197510
1265381812349607937
1265381811049377793
1265381805395501056
1265381789390057473
1265381774886084613
1265381761095208960
1265381752442322952
1265381746641600512
1265381740056633344
1265381735879127040
1265381724277682178
1265381719160610818
1265381682351308802
1265381665620275202
1265381658301169664
1265381653054136321
1265381626244104194
1265381617385779200
1265381607151669250
1265381600520536072
1265381552822857728
1265381539036180480
1265381534653128705
1265381533080264706
1265381524599382017
1265381502470238221
1265381478294151168
1265381455028465665
1265381441237630978
1265381398262812675
1265381397549776896
1265381370899173384
1265381369695342593
1265381365710757888
1265381325059563528
1265381314540253186
1265381276984451078
1265381250816184320
1265381235762892800
1265381217303748608
1265381193119420417
1265381184567218182
1265381164765806592
1265381145711005702
1265381097984196608
1265381064869961728
1265381058524131330
1265381053163810816
1265381051884544000
1265381050534019074
1265381026773315584
1265381009186586629
1265380953758842882
1265380942652362752
1265380942203453440
1265380940018323456
1265380911274758144
1265380904136048641
1265380897064435712
1265380892404518912
1265380892207439876
1265380874457100294
1265380871042981889
1265380869927309312
1265380860091609088
1265380823756234752
1265380818689699852
1265380734287527936
1265380726972854272
1265380709079961601
1265380675529641985
1265380675521327105
1265380668407779329
1265380658102317059
1265380633641091076
1265380629774061574
1265380616494886919
1265380603081502721
1265380571661979648
1265380562178641922
1265380560312119296
1265380552766640129
1265380533523173381
1265380532696866818
1265380530381639680
1265380530201165824
1265380518679531521
1265380490753773570
1265380467685183488
1265380466317766656
1265380463289479168
1265380452921155585
1265380437062549505
1265380405995286530
1265380403231240192
1265380399636713479
1265380393563435009
1265380376165462018
1265380357764984832
1265380350865346560
1265380338441699328
1265380324189577217
1265380316870512640
1265380266719272964
1265380251389038594
1265380231650717697
1265380219545956354
1265380193889378304
1265380165414277122
1265380161664491525
1265380154781700101
1265380149836623872
1265380094236782593
1265380073609277448
1265380066210525184
1265380053782757377
1265380049231978496
1265380047348736001
1265380030395408387
1265380005040840706
1265379968411938816
1265379937114038273
1265379935243419650
1265379911650275328
1265379911264583683
1265379895405948931
1265379892037857281
1265379878439878657
1265379874732150796
1265379860366516225
1265379854310166536
1265379852628250624
1265379847083298816
1265379838015217664
1265379834470989827
1265379829521813507
1265379820369842180
1265379809041027072
1265379781425717249
1265379757031653377
1265379751436451845
1265379740984184837
1265379731924570113
1265379709052952581
1265379689142640640
1265379678879199237
1265379663670579205
1265379646935310338
1265379631856644096
1265379616413437952
1265379615146749953
1265379613716500487
1265379546053959680
1265379531998838790
1265379501149696000
1265379486289272832
1265379458397155340
1265379437241143302
1265379424486281218
1265379412024811523
1265379406492643329
1265379394509570048
1265379388398460934
1265379382211813383
1265379374913728514
1265379371818209280
1265379367158525953
1265379366302875650
1265379315811827714
1265379282907529221
1265379280067813376
1265379277555417088
1265379271901679617
1265379251492175873
1265379239173459968
1265379234991820801
1265379232294690816
1265379226519289858
1265379225701318657
1265379225688854534
1265379212745113603
1265379192327352322
1265379178083483649
1265379148178087940
1265379136735981568
1265379134156541955
1265379097062117381
1265379090359599104
1265379085913481217
1265379083820494848
1265379077889961985
1265379037305868298
1265379022382432257
1265379009057173505
1265379002199478283
1265379001792704517
1265378989826138112
1265378982305968129
1265378980594622466
1265378931869433857
1265378896620462083
1265378880120111111
1265378869135257601
1265378866761252864
1265378845940727809
1265378826667921422
1265378796896739330
1265378789875429380
1265378763254247430
1265378752407769089
1265378751216447488
1265378750893568003
1265378733042647044
1265378726180720646
1265378718576455681
1265378700218060800
1265378690986319875
1265378668995584001
1265378642160488448
1265378624846409728
1265378621398679554
1265378615673253888
1265378609742536704
1265378608400470027
1265378596866097152
1265378591312941056
1265378590205579264
1265378582894870530
1265378565245337603
1265378547474014208
1265378509318488069
1265378508160864256
1265378491782045704
1265378461805314050
1265378448513675264
1265378426287988737
1265378423255511051
1265378420743176194
1265378410257408000
1265378388879040520
1265378379550937089
1265378378519064577
1265378364711411719
1265378345509892098
1265378336131481602
1265378328866885632
1265378298067992576
1265378295274704896
1265378279793602561
1265378275880288258
1265378266938060802
1265378221874458624
1265378219349495808
1265378212667891712
1265378210138796032
1265378207664156674
1265378200865116162
1265378176189988869
1265378173199560704
1265378130354569216
1265378123878727682
1265378117763436545
1265378114835755008
1265378112109510665
1265378099237175297
1265378086297595904
1265378076638228480
1265378071248502784
1265378058321776642
1265378004290670594
1265377956060332033
1265377955150168064
1265377933272719360
1265377921981653000
1265377915925139457
1265377907360313344
1265377868244307969
1265377855711571969
1265377853580775424
1265377845536325632
1265377834232688640
1265377796584505344
1265377796173553664
1265377795355693057
1265377786073661446
1265377756956766209
1265377755237093378
1265377747708280832
1265377741324595202
1265377713470218248
1265377688434376710
1265377687847264259
1265377655555309568
1265377654640971784
1265377605160710144
1265377596256157698
1265377586621841409
1265377576962359298
1265377555978293251
1265377553973460993
1265377517671718913
1265377516115636225
1265377514949615618
1265377487112089603
1265377473837109251
1265377461312860160
1265377453809250309
1265377450319654912
1265377432196038656
1265377408288423936
1265377406631792641
1265377401242103808
1265377399715368963
1265377396838019072
1265377379460898816
1265377367444291584
1265377359680745478
1265377347454320646
1265377330622578691
1265377318463291393
1265377316361945092
1265377291636486144
1265377288885088258
1265377271109607425
1265377263094243331
1265377262955872258
1265377256475635712
1265377227522428934
1265377213635088396
1265377193430925312
1265377192114085889
1265377185541558272
1265377181808693249
1265377181053652992
1265377170261716993
1265377123088416768
1265377104436305921
1265377082495963136
1265377057128828934
1265377040406138880
1265377029823901696
1265377020940300289
1265377008793595904
1265377006033780736
1265377003215163402
1265376997611655172
1265376989512445959
1265376980662353923
1265376959015448577
1265376956708765696
1265376955563737090
1265376950048231424
1265376949427302401
1265376940862705664
1265376931714871302
1265376929147846656
1265376918033108994
1265376905458520065
1265376898873536512
1265376879474814980
1265376871644041222
1265376868695498755
1265376850970324993
1265376847505903616
1265376846499192844
1265376840224509952
1265376823686422534
1265376819886395392
1265376805243977729
1265376803226619906
1265376770989031424
1265376748436434945
1265376747840774147
1265376719218892804
1265376716941336576
1265376714353500161
1265376704249294848
1265376671558963200
1265376661090045954
1265376653854769160
1265376647508832257
1265376640571449346
1265376619579006977
1265376608363466754
1265376602180980736
1265376561429131267
1265376541921497090
1265376539144847361
1265376536334675976
1265376525307822085
1265376512112541696
1265376505552650241
1265376496060956673
1265376495708618752
1265376490558013446
1265376446488477701
1265376418088747009
1265376413978411008
1265376409481969665
1265376391333392384
1265376381787082752
1265376355262267395
1265376349763534852
1265376349662871559
1265376337709023232
1265376331606429698
1265376328209047555
1265376327256899584
1265376326309023744
1265376309003210752
1265376301315129345
1265376299205312512
1265376288967217164
1265376257941729280
1265376254599069697
1265376224098037761
1265376223594676225
1265376206255460357
1265376192141701120
1265376192032628737
1265376161498116103
1265376150324477952
1265376147388456960
1265376124168802304
1265376112424751107
1265376105227223042
1265376084935278592
1265376065645694985
1265376065637306370
1265376065595281408
1265376063804358659
1265376063783395330
1265376060545404930
1265376052999852032
1265376041457065984
1265376030535147520
1265376019143372802
1265376012314882048
1265375986691997701
1265375980165771266
1265375977930194950
1265375969784860672
1265375968086155265
1265375959752019969
1265375952579645440
1265375939946561536
1265375931595702273
1265375931415199744
1265375927472656388
1265375913438580736
1265375911031050240
1265375899215704065
1265375895755292674
1265375888918667267
1265375885546446850
1265375883524784132
1265375879225581569
1265375877694717966
1265375872120492032
1265375863723491328
1265375846401019911
1265375843028815872
1265375838645739520
1265375829183389696
1265375820308197382
1265375812217442311
1265375807381348357
1265375784144908288
1265375782735675397
1265375746295566339
1265375746165530626
1265375736292093953
1265375715761029120
1265375712124571649
1265375709784129537
1265375709691871233
1265375687155875842
1265375674614910976
1265375663927803904
1265375659565748230
1265375622039326721
1265375604133822469
1265375603542425601
1265375589088866305
1265375578544365570
1265375567970471936
1265375560760537090
1265375553567297537
1265375550572564481
1265375540560703488
1265375540262965248
1265375513624948741
1265375435510231040
1265375412525379584
1265375392124329985
1265375387472756736
1265375386948587520
1265375362072133634
1265375361623343112
1265375358955728898
1265375355788984320
1265375345294876672
1265375330300309505
1265375329008472065
1265375321496391685
1265375294803902465
1265375266760806405
1265375265062113280
1265375237291626496
1265375232501653511
1265375211983179777
1265375209491554304
1265375200935362560
1265375162301644802
1265375160070213634
1265375136175124481
1265375136062099457
1265375119062577152
1265375112129392643
1265375110325731329
1265375104697077765
1265375093674385408
1265375069498306560
1265375060354912257
1265375025303035906
1265374994667839492
1265374970475053057
1265374957128880128
1265374914091061252
1265374883439095815
1265374880196853761
1265374854544588808
1265374841525489670
1265374827629723648
1265374814170222593
1265374812454576128
1265374799544619009
1265374793626537985
1265374734209953793
1265374732771299328
1265374730544185347
1265374727431950338
1265374710600290306
1265374664953663490
1265374661631774722
1265374627494330374
1265374625460035593
1265374598750748672
1265374594724253701
1265374594095099913
1265374588533424129
1265374558221107200
1265374557554323457
1265374554689396736
1265374530387795981
1265374527938269184
1265374503061897228
1265374498079092737
1265374490701312000
1265374468932874240
1265374459067850754
1265374458077995013
1265374418160803840
1265374403350728704
1265374392491614210
1265374363483848707
1265374363144110080
1265374362795823104
1265374357909647360
1265374353945964546
1265374352448655360
1265374297847201792
1265374246110466064
1265374233263292418
1265374228335001600
1265374226564997129
1265374210404364294
1265374197452353536
1265374155228295168
1265374153487589376
1265374147535876100
1265374106641403905
1265374101105004544
1265374082956005376
1265374070910181378
1265374052476166144
1265374052048408581
1265374047321362432
1265374042367934465
1265374023904628736
1265373986264940545
1265373984318775296
1265373962500026368
1265373942694457347
1265373928073113605
1265373920431157256
1265373889917358080
1265373884989177857
1265373878601334789
1265373877095497731
1265373861471805441
1265373856644190208
1265373852399546370
1265373841318187009
1265373825874583552
1265373820837400576
1265373804064387077
1265373792278384643
1265373792022532096
1265373791938662400
1265373791917674496
1265373778923659268
1265373778881794059
1265373778781110273
1265373777250189316
1265373740663296002
1265373736548646912
1265373709486997504
1265373709386297347
1265373693116547073
1265373675622203395
1265373671100608513
1265373663366438915
1265373651899166721
1265373612648861697
1265373611751243776
1265373608504889345
1265373608274206720
1265373607917760513
1265373607745785856
1265373607611564033
1265373605707292679
1265373605409501187
1265373605338271749
1265373603035590663
1265373599864586240
1265373583225872385
1265373581657157634
1265373568080195584
1265373566591270913
1265373537671446532
1265373513520680962
1265373505912258560
1265373465437224961
1265373462161494016
1265373455815340032
1265373444008488961
1265373427478790157
1265373412614168581
1265373407073521664
1265373401247412224
1265373391596523520
1265373382826131457
1265373366606848000
1265373354015498240
1265373349863178240
1265373342510571522
1265373329856307200
1265373301288902657
1265373273505873920
1265373247606067200
1265373235551576064
1265373234209402880
1265373232602939392
1265373215045582848
1265373212977713153
1265373203188285445
1265373197752430592
1265373197077065728
1265373183059861510
1265373180908179472
1265373173622738950
1265373139845996544
1265373134003351552
1265373132900220933
1265373028365598720
1265373021965029379
1265372979199868928
1265372970425425925
1265372953711120384
1265372945754599424
1265372942227189760
1265372899055226881
1265372881992769536
1265372873041956865
1265372867752910848
1265372841840689158
1265372836144787456
1265372813562712071
1265372811083706368
1265372801113956352
1265372783015534592
1265372750325198853
1265372731618385920
1265372726669295616
1265372715063693313
1265372697799917572
1265372680905203712
1265372671325413377
1265372671073812482
1265372657551319045
1265372627117498370
1265372618271739905
1265372617495793671
1265372592258658311
1265372587712032774
1265372529708929024
1265372502437568512
1265372499665137667
1265372466106503170
1265372460804964355
1265372457613111297
1265372436582801409
1265372435156807681
1265372435072811013
1265372432321449986
1265372424272478208
1265372416156536833
1265372410062266368
1265372365850116103
1265372365145415683
1265372356177989632
1265372350066970625
1265372343595077633
1265372339233009664
1265372323277729792
1265372319230447616
1265372312246894593
1265372291199795204
1265372262351269893
1265372251240759297
1265372231976222720
1265372181514424325
1265372178515660801
1265372150472626183
1265372117954170882
1265372104066818050
1265372083267284993
1265372046877491201
1265372038346268676
1265372014010945541
1265371980427079680
1265371979458269186
1265371972453699584
1265371922180833288
1265371920230281216
1265371899409940480
1265371889930629120
1265371882934669313
1265371871681351681
1265371865004064776
1265371863104053251
1265371859744415745
1265371851829714948
1265371846117150721
1265371838294654977
1265371828513574912
1265371768182714370
1265371756581314565
1265371752034697218
1265371713140699138
1265371699710738433
1265371688545460224
1265371686330937344
1265371680077119489
1265371677388496898
1265371664881197058
1265371641300877313
1265371629762285576
1265371623147868170
1265371618211233792
1265371607310057472
1265371596442796032
1265371575865561090
1265371572925317121
1265371567082672128
1265371540532670464
1265371497788592129
1265371471054098433
1265371450699063297
1265371445904977920
1265371441022873602
1265371433313669120
1265371412535148547
1265371410471550983
1265371379953807362
1265371356780208129
1265371343312257025
1265371321157861377
1265371302099136513
1265371272612999168
1265371250374762496
1265371242548191232
1265371223128588288
1265371195869933569
1265371188576092161
1265371170829930498
1265371161107533824
1265371159173963776
1265371139175563267
1265371138408042496
1265371127498420224
1265371120993067008
1265371109882564609
1265371099375771648
1265371096255270912
1265371089292664834
1265371076948869121
1265370965766258688
1265370962381492225
1265370960695300098
1265370951320911873
1265370941070159880
1265370939098755073
1265370927514222592
1265370913559719944
1265370913517662208
1265370909126385667
1265370897051004937
1265370892911226881
1265370886305206274
1265370882148573184
1265370870626779136
1265370865715351555
1265370839047909376
1265370830290255872
1265370807787761670
1265370779354619906
1265370764607401984
1265370762699030528
1265370718239252481
1265370711662739462
1265370690359885826
1265370689336250368
1265370688904474625
1265370673570025473
1265370623057907712
1265370620797300743
1265370616254914570
1265370610076696581
1265370569568137216
1265370552082063360
1265370543102050306
1265370510222901259
1265370487149887489
1265370465650069505
1265370448327372800
1265370436063330307
1265370427096006657
1265370426521161730
1265370421949616128
1265370401212968963
1265370391075307523
1265370374017032192
1265370373081759747
1265370334045376513
1265370322557186049
1265370275518038016
1265370259147522050
1265370249823760385
1265370246258364417
1265370232203468800
1265370224234242049
1265370223647117316
1265370201341771785
1265370196568670208
1265370193255182337
1265370164503044096
1265370121809379329
1265370106030247936
1265370096278667264
1265370095624298497
1265370066461261829
1265370063999127552
1265370062510125056
1265370038346924032
1265370032055484422
1265369990204547073
1265369979790254087
1265369966955712512
1265369954754400262
1265369916770844674
1265369888912179201
1265369878245982208
1265369843408175104
1265369808155148288
1265369786780966913
1265369785724010496
1265369748939964416
1265369726504574979
1265369719776989184
1265369717440733186
1265369711417720834
1265369705868656642
1265369594673467396
1265369588407164928
1265369574075219970
1265369572346982400
1265369540692754433
1265369517431144450
1265369514285264896
1265369494219866112
1265369493041295361
1265369450255200256
1265369437357723651
1265369436279771139
1265369436250411009
1265369418550382593
1265369404075732993
1265369390289162247
1265369373662945284
1265369351441592322
1265369344923652096
1265369338355335168
1265369327718588417
1265369319527063555
1265369307489406978
1265369282449272833
1265369273507160074
1265369206972993536
1265369137561382914
1265369132926668802
1265369106364194818
1265369105718145024
1265369092447444992
1265369079583346688
1265369065398374401
1265369059543199750
1265369054283530243
1265369046507282433
1265369028207484928
1265369004509728769
1265368995127013380
1265368992966832128
1265368981436805121
1265368968325468170
1265368961341894656
1265368945529364480
1265368943331553280
1265368910313984001
1265368876684128258
1265368865128808449
1265368855641305090
1265368833952493568
1265368790528856075
1265368789283147778
1265368785135046656
1265368779913154560
1265368765396594691
1265368763714723845
1265368732634738688
1265368728981721092
1265368726997737474
1265368725705949185
1265368706512752640
1265368663588290560
1265368652976656384
1265368639559159809
1265368617266360322
1265368607397199876
1265368602791813122
1265368577026273281
1265368572701925379
1265368562979356672
1265368521883521026
1265368517974593538
1265368500970885123
1265368466342764546
1265368403373690880
1265368382976733184
1265368368028291072
1265368366178500608
1265368357999726592
1265368345207091201
1265368273178238977
1265368270540070913
1265368221777084417
1265368167167254529
1265368164055109634
1265368161278443520
1265368157083930624
1265368131364630528
1265368129410121728
1265368115115950094
1265368096619053057
1265368082303856645
1265368048015376390
1265368010304430085
1265368003803328512
1265367991350329344
1265367980143230979
1265367979761565696
1265367973369458688
1265367968378228743
1265367930994294784
1265367922547048452
1265367864413958145
1265367854121091072
1265367771782828032
1265367771552133130
1265367744314302466
1265367738131689472
1265367722168168449
1265367711745560577
1265367705026265093
1265367700030623744
1265367687804444672
1265367679461974030
1265367673694588929
1265367653411102724
1265367631009374209
1265367625779068930
1265367604354445313
1265367591570280449
1265367579037593601
1265367578920325128
1265367572943458304
1265367572498825222
1265367563082633227
1265367561513787392
1265367456463413250
1265367454361976834
1265367438104973312
1265367409545940998
1265367409483034626
1265367391002931200
1265367361768620033
1265367330491518976
1265367313445982208
1265367280118116357
1265367238669934598
1265367219804012557
1265367210245136384
1265367173343649792
1265367123338997761
1265367120432582656
1265367100341829633
1265367036710080513
1265367033711136773
1265367030049341445
1265367029986533376
1265366998843826176
1265366995064762369
1265366960944099329
1265366942422007809
1265366926039175168
1265366905046605830
1265366903893053440
1265366899447214083
1265366873362792454
1265366869437042689
1265366848201261056
1265366796992950272
1265366782837002240
1265366781167841280
1265366744740347904
1265366732383928320
1265366713962504192
1265366674510942213
1265366669238718466
1265366667422568448
1265366647608573953
1265366627253661697
1265366623071813632
1265366611034333184
1265366576104124423
1265366575902797824
1265366535725514752
1265366529379651584
1265366522752614400
1265366504054362113
1265366387477774337
1265366330766766081
1265366309086408704
1265366296532865026
1265366267986358272
1265366267868872706
1265366252551385093
1265366225359699972
1265366216752889857
1265366209446412291
1265366188638515200
1265366185438306304
1265366173279010816
1265366167926923264
1265366147970392065
1265366099564138497
1265366091183935492
1265366083768406016
1265366052973789184
1265366020233080832
1265366004772728832
1265366000146341888
1265365992903004160
1265365992550498304
1265365985902690304
1265365962972450816
1265365960900464642
1265365954751614976
1265365933213642752
1265365923747291136
1265365896702369792
1265365876116619265
1265365838493814786
1265365823973138432
1265365781497380865
1265365780583141377
1265365760928550913
1265365758932107269
1265365737088131072
1265365716422844417
1265365706838888467
1265365687393976325
1265365678913024000
1265365664325386240
1265365658281394178
1265365652837208064
1265365626148749312
1265365611170971648
1265365608033591296
1265365597849878530
1265365583874441218
1265365581752152064
1265365536109723648
1265365464915509248
1265365452240433154
1265365449367326723
1265365401115951106
1265365341347237888
1265365334342676480
1265365289212002304
1265365261722554371
1265365202310225922
1265365186766090240
1265365146358210561
1265365131959185409
1265365106189381632
1265365099788644353
1265365078481739783
1265365055320842245
1265365046089129987
1265365042893119488
1265365038841376770
1265365036048007169
1265365025927172096
1265364969572442113
1265364966627897344
1265364950261862404
1265364867017519106
1265364842308755456
1265364757810499586
1265364730744655872
1265364686490472448
1265364686306004998
1265364671227453440
1265364670103379971
1265364667377074182
1265364654072590337
1265364645604462593
1265364638134231040
1265364637605924864
1265364633470283777
1265364623798218754
1265364596468191232
1265364595608354821
1265364594870169601
1265364571633655810
1265364559923118082
1265364559163875330
1265364542944612355
1265364529027911685
1265364527098576896
1265364511382478848
1265364506038931456
1265364451861110786
1265364418994503681
1265364400040554496
1265364396278255618
1265364374128132097
1265364359590674442
1265364350266757121
1265364342750486529
1265364314740883456
1265364241999159299
1265364201004044292
1265364199779307521
1265364198005059586
1265364176425422849
1265364170788294656
1265364155399200768
1265364139087728641
1265364138412433410
1265364134960324608
1265364115641511937
1265364068623249408
1265364036604084224
1265364027879849986
1265363990894559234
1265363958699102209
1265363925270441984
1265363917854986240
1265363901123891200
1265363877186789377
1265363874481668098
1265363864172060672
1265363842760089602
1265363838767071237
1265363774455808002
1265363758010032129
1265363749743058944
1265363749336211457
1265363748790861824
1265363703375036420
1265363685507301376
1265363681006714880
1265363675008942082
1265363669300494337
1265363648911937537
1265363642632900608
1265363631421755400
1265363616158625794
1265363611951796226
1265363594356633603
1265363514400653312
1265363505080700928
1265363402504970246
1265363395160739842
1265363379826372615
1265363379092434947
1265363338223144960
1265363290802327553
1265363232136458240
1265363182111121410
1265363172178956288
1265363147529084936
1265363145276694529
1265363117141381122
1265363102331092992
1265363084518002688
1265363037734744078
1265363020592668673
1265362974425993222
1265362939676176390
1265362923234484225
1265362807261933570
1265362745072988165
1265362698235187201
1265362665901350912
1265362593746690050
1265362592056344579
1265362571638513667
1265362570980048900
1265362509210570755
1265362493716791296
1265362478545985537
1265362412561149954
1265362364238409728
1265362351806611456
1265362260366680065
1265362206423683073
1265362203454160897
1265362192989327360
1265362109128486912
1265362072726093825
1265362045932720128
1265362039171624961
1265362005067776000
1265361986264666112
1265361967973232640
1265361941733744640
1265361858686525440
1265361814134628354
1265361761257078784
1265361637235724288
1265361580276891648
1265361561755045890
1265361252295024647
1265361220753817602
1265361219600384000
1265361190814916608
1265361128273645569
1265361023252471811
1265361006030540800
1265361003497140226
1265360992277614600
1265360983775678467
1265360982844624896
1265360945368502273
1265360893115682818
1265360880532721664
1265360737549123585
1265360734395011079
1265360733866467328
1265360729667846144
1265360716858621953
1265360699750060032
1265360675267739655
1265360670192623617
1265360668493885440
1265360590870122498
1265360580174626817
1265360525937926144
1265360508275884033
1265360459093295104
1265360285285613569
1265360240301703171
1265360216574398464
1265360207993061379
1265360149423816704
1265360016552284160
1265359809227808768
1265359762545430529
1265359732153303041
1265359727636000769
1265359722086948866
1265359683914592256
1265359637668335618
1265359594907406336
1265359571377360902
1265359503320588290
1265359469036404740
1265359460257554432
1265359440523390977
1265359382927126548
1265359207416594443
1265359183848800258
1265359178811359233
1265359160943796224
1265359113027907584
1265359082069749761
1265359056375611392
1265359055893049344
1265359023655747585
1265358994341847041
1265358853081829377
1265358769317228545
1265358744420057094
1265358722764865538
1265358673766907905
1265358646071791617
1265358623254986759
1265358620499283970
1265358620054614018
1265358597464059904
1265358541377818624
1265358419579420672
1265358399405002754
1265358344149241857
1265358325148835840
1265358290248179714
1265358212859146251
1265358143745331200
1265358026715865088
1265357985032933376
1265357820175712256
1265357717381709824
1265357697404170240
1265357606144446464
1265357569452892160
1265357552415576072
1265357454038257670
1265357383817199617
1265357382755860483
1265357352720613376
1265357302242127873
1265357294448963584
1265357214765776898
1265357212647636995
1265357132330864641
1265357118640738305
1265357098101215235
1265357035379363842
1265356910355595264
1265356801299660801
1265356785776422917
1265356683154522114
1265356665341214720
1265356618553798656
1265356544591437827
1265356533971529731
1265356533967323139
1265356515705147392
1265356496222773251
1265356495463514113
1265356471778390018
1265356401918070790
1265356393848221699
1265356319239761920
1265356297534410753
1265356129170841600
1265356129057505280
1265356098128809984
1265356078231048193
1265356075571838981
1265356058433912835
1265355926510264320
1265355807845220357
1265355805492236293
1265355804875653122
1265355751431770116
1265355738907639808
1265355666287452161
1265355634117095429
1265355628379361281
1265355582590128128
1265355560096063488
1265355537899646976
1265355531247661057
1265355528450068484
1265355523555287041
1265355522133364737
1265355496082386944
1265355494119653377
1265355477740851202
1265355467502620680
1265355394358091777
1265355331594403840
1265355220504260611
1265355151310757889
1265355118485975040
1265355113817833475
1265355100492570624
1265355094356373505
1265355081437851648
1265355079399247872
1265354978434129925
1265354954358706177
1265354816873811968
1265354798791966720
1265354788566335490
1265354774397894662
1265354698174971906
1265354682437902337
1265354652754706432
1265354640310353924
1265354598841270272
1265354529714900992
1265354504532180994
1265354494528884739
1265354439185108994
1265354431924707331
1265354417450160129
1265354415848009730
1265354409522761728
1265354334331699201
1265354287842033664
1265354201238056968
1265354183844167681
1265354104576135170
1265354059294400512
1265353990923063297
1265353985805791232
1265353951521767424
1265353937529589766
1265353925764550658
1265353844290183169
1265353827160485889
1265353807984132097
1265353757895909387
1265353742355849216
1265353730280452096
1265353710860791808
1265353705194430464
1265353684105465856
1265353673737228290
1265353653201887232
1265353639532597248
1265353630330130433
1265353548109316097
1265353466693783555
1265353426474618880
1265353399761088517
1265353323005325313
1265353315111464960
1265353267309170688
1265353234836848645
1265353234786516993
1265353200158281728
1265353138351017991
1265353115752116224
1265353114296750083
1265353107921227778
1265353087922962435
1265352933018710017
1265352826307268608
1265352753737609217
1265352740764450816
1265352740504551436
1265352689057067008
1265352666407895041
1265352614998310914
1265352564595441665
1265352557876183048
1265352547319103489
1265352462656868352
1265352415848665096
1265352393882992643
1265352356448829441
1265352313440333825
1265352303042674689
1265352270503391232
1265352265776410624
1265352219379011584
1265352146452709377
1265352135547465729
1265352098335596547
1265352078978940935
1265352021785415680
1265352010779570177
1265351984338567173
1265351971948675072
1265351971239837697
1265351878193405962
1265351874951041024
1265351872048558080
1265351860707135488
1265351855296729089
1265351844093665280
1265351803857702912
1265351768021573636
1265351720344879105
1265351694864572416
1265351673762820096
1265351611867512832
1265351582557917185
1265351555726753793
1265351515176394754
1265351505231712256
1265351500261470210
1265351469684781056
1265351455940190209
1265351452416897025
1265351451309678598
1265351386025336839
1265351382539927554
1265351353217331200
1265351276570849285
1265351274406514693
1265351266017751041
1265351244425637893
1265351098174517249
1265351073742684160
1265351072538865665
1265351030113554434
1265350987130138624
1265350944096694274
1265350899603365889
1265350882545356800
1265350868909592581
1265350860181307392
1265350823363608578
1265350822789087232
1265350820427706368
1265350811661619200
1265350801830096897
1265350779822579712
1265350772981592064
1265350747505471493
1265350684779483136
1265350645839589377
1265350644510179328
1265350635198844929
1265350567444037635
1265350517535805440
1265350450938667008
1265350413093687296
1265350404302307331
1265350379232878592
1265350361155538944
1265350357733048326
1265350353412853765
1265350347792494592
1265350307963273216
1265350298089992195
1265350294701039616
1265350258395095041
1265350231098486784
1265350182146842631
1265350155391270912
1265350144423104515
1265350138903617536
1265350105185452032
1265350100563394562
1265350041331535874
1265350028727443456
1265349954580725760
1265349894627373058
1265349885135589377
1265349760162152450
1265349739941371907
1265349635238813697
1265349597007884289
1265349566758637571
1265349497665847296
1265349486852767745
1265349486492205057
1265349473032523776
1265349460651126786
1265349450077212674
1265349443710263298
1265349427277021191
1265349412425011201
1265349391663149061
1265349267289341953
1265349231784624131
1265349212407029766
1265349209269702657
1265349146434842624
1265349106462932992
1265349094727462913
1265349085210521602
1265349073026068480
1265349071306399748
1265349038641000448
1265349026536394753
1265349003467649025
1265348970731261953
1265348957263233031
1265348894856105985
1265348861012385793
1265348853005463553
1265348740564606976
1265348709098774529
1265348691776475136
1265348560742211584
1265348516366487554
1265348499752747009
1265348469809709057
1265348461244944385
1265348432232767488
1265348427115724800
1265348387718733825
1265348340671221761
1265348334803435525
1265348325257158658
1265348298262675456
1265348215110545413
1265348191970607107
1265348128187744258
1265348061464801283
1265348055789862915
1265347978937729024
1265347977406812160
1265347882057519104
1265347819721940995
1265347810058256391
1265347795025788928
1265347677786714113
1265347660623601672
1265347624879755265
1265347596886949894
1265347560547508230
1265347551659728898
1265347527601160195
1265347523088191489
1265347512774332424
1265347509179875329
1265347432474443777
1265347348361773058
1265347343064477700
1265347312836128770
1265347282087575553
1265347279197818880
1265347275422867457
1265347109030694912
1265347038394191872
1265347029498245123
1265347027149426688
1265347020287545363
1265346972443201536
1265346950154477568
1265346950150393861
1265346939618459649
1265346883494522880
1265346844386660353
1265346766100148227
1265346760282644480
1265346754796498944
1265346726778400768
1265346721288269825
1265346669320830977
1265346647392837632
1265346643093848064
1265346635485323270
1265346630644948992
1265346622835359758
1265346605634510850
1265346591529086978
1265346587439566851
1265346551016112128
1265346547337887744
1265346537326026752
1265346467918684161
1265346422012084225
1265346408208568320
1265346383394955265
1265346324041469956
1265346319448788993
1265346309860581376
1265346303338459136
1265346270912229377
1265346208102584320
1265346204084383744
1265346179946156032
1265346121527787520
1265346098606092290
1265346056260370434
1265346012991848449
1265345990145585152
1265345938203148288
1265345895584972800
1265345842858377216
1265345790970597376
1265345755793031177
1265345733017743360
1265345720699232256
1265345697148047360
1265345673945165824
1265345650713116675
1265345634338508801
1265345623441772544
1265345594802860032
1265345572892016643
1265345525433458689
1265345507716726784
1265345469498175488
1265345459125735429
1265345438833672192
1265345293429559296
1265345269580718080
1265345252401000448
1265345238949941252
1265345223976247296
1265345214585221122
1265345180716142593
1265345161019695106
1265345140790607875
1265345097354358785
1265345062369624067
1265345051028119552
1265344988566769666
1265344947743420416
1265344878105559040
1265344853141053440
1265344800016007174
1265344781955325954
1265344736824623106
1265344733385240582
1265344672521687040
1265344655329288192
1265344652200288263
1265344632000581638
1265344608478785536
1265344593505193984
1265344586379124741
1265344489956179971
1265344482402328577
1265344472696737794
1265344422088187904
1265344393260576768
1265344372259737600
1265344370678562816
1265344366303985664
1265344343117836289
1265344258342518784
1265344254911504384
1265344215581634561
1265344200318619650
1265344171302440961
1265344168894713856
1265344141946507274
1265344115438489602
1265344109906137091
1265344091732111360
1265344085805527040
1265344081212788741
1265344042268753925
1265344007758020615
1265344002737373184
1265343985259855872
1265343959628464128
1265343932726214656
1265343916926283777
1265343857392115712
1265343815436709889
1265343674210123776
1265343672960323588
1265343653788221441
1265343644313227265
1265343622364487682
1265343607961255936
1265343603640918016
1265343596644843520
1265343518949683200
1265343516672065538
1265343467888111616
1265343467028451328
1265343416516390915
1265343391363207170
1265343346152701955
1265343320743710720
1265343305790996482
1265343289441615878
1265343269669494784
1265343226841567234
1265343141722406915
1265343058138353664
1265343004392525825
1265342987162259469
1265342898041761801
1265342897152458752
1265342883541942272
1265342736196087809
1265342722350518272
1265342711579635713
1265342707846782981
1265342682433454083
1265342648509886464
1265342613319815169
1265342599558320129
1265342566087737346
1265342555505360896
1265342548727521280
1265342464828805122
1265342438144696321
1265342424798449664
1265342391730536448
1265342367340597248
1265342342145257473
1265342322155413504
1265342321434021889
1265342290588991492
1265342290203205632
1265342277700005888
1265342219856289800
1265342202722390016
1265342186343653378
1265342179230318593
1265342151136862208
1265342106014330880
1265342058954399747
1265342021998391299
1265341931338399744
1265341921649733641
1265341874539163648
1265341845539655680
1265341817899356166
1265341794881089543
1265341793647751168
1265341764786810881
1265341735401480192
1265341693706088448
1265341674550464512
1265341621844967427
1265341608628805637
1265341574898122753
1265341539292766208
1265341490840178688
1265341484569464832
1265341466794242049
1265341452625870853
1265341443822018562
1265341429368401928
1265341428072419334
1265341385793777664
1265341382790529024
1265341318403932169
1265341308069167105
1265341288108482560
1265341266113462272
1265341209750405120
1265341199294042114
1265341156650614784
1265341149809717248
1265341128406155264
1265341127009480705
1265341125310795777
1265341058352906241
1265340966724145152
1265340952220229633
1265340947849572352
1265340924906950657
1265340865674952709
1265340863808446465
1265340853263970306
1265340824113512448
1265340815699857415
1265340799312695298
1265340735882063873
1265340699379027973
1265340683008782339
1265340676809654272
1265340658140819460
1265340630907174918
1265340627769872385
1265340612737286144
1265340594374823936
1265340586636136448
1265340584828571654
1265340563949260800
1265340562774855682
1265340561835335681
1265340540599406593
1265340525802119170
1265340454050189314
1265340356431958016
1265340354737303552
1265340337267961857
1265340331098116096
1265340328338509824
1265340325847011331
1265340301012545544
1265340297090916358
1265340288215678978
1265340245278625792
1265340230397308929
1265340202408644611
1265340201599225856
1265340160490815488
1265340131386388487
1265340103804796932
1265340047059869696
1265340046128766977
1265340036410736647
1265340033441153025
1265340027313238017
1265340024998027264
1265340011819307008
1265339978973958151
1265339966411988998
1265339948590383104
1265339939203559425
1265339934765977600
1265339910862626817
1265339837445484544
1265339669497217024
1265339667618152452
1265339637347778560
1265339635909132295
1265339629890306049
1265339620688105473
1265339597820739584
1265339564354416646
1265339545433919498
1265339458393649154
1265339446326632453
1265339418111553537
1265339406698909697
1265339399757275136
1265339350566334464
1265339329951514630
1265339328282198018
1265339305561657345
1265339294211887105
1265339268366393344
1265339216331931649
1265339214583009280
1265339186338361345
1265339172832841728
1265339130919206914
1265339117145149441
1265339077227958272
1265339039168827395
1265338985125154819
1265338846327308290
1265338826349821953
1265338804682010635
1265338765532250112
1265338720540114948
1265338718669410310
1265338704203264000
1265338700902223872
1265338692425723904
1265338640042844160
1265338628332564481
1265338600192958472
1265338514603945984
1265338489702318085
1265338428599808000
1265338420794195969
1265338409452593152
1265338408261615616
1265338399793262607
1265338344130691074
1265338302661406720
1265338286760812544
1265338255307763713
1265338250820026369
1265338218960113670
1265338190703067138
1265338187704160256
1265338162685018112
1265338118577827845
1265338105655066624
1265338066346049538
1265338055679860736
1265338034423238657
1265338032275808258
1265338008527466498
1265337899727286272
1265337877375803392
1265337845541150720
1265337844526198784
1265337834535374848
1265337803224887303
1265337755363663873
1265337724505997312
1265337682894508041
1265337679165526017
1265337663080599553
1265337597884198912
1265337594910515201
1265337531899547650
1265337526295957504
1265337510600859653
1265337482410786818
1265337456452403200
1265337451196878856
1265337439113134083
1265337416140890112
1265337407400030209
1265337384792657926
1265337343461867521
1265337301019721729
1265337281554124804
1265337280958529539
1265337218505138176
1265337202122403846
1265337138914234372
1265337133046411264
1265337098346913793
1265337059511660544
1265337057083260930
1265337049932013568
1265337049403588609
1265337038980726787
1265337021884661766
1265336976020066305
1265336960488439810
1265336945732980736
1265336942545207307
1265336921104015361
1265336921095634944
1265336887310454784
1265336866347331593
1265336844012498945
1265336838119493632
1265336770062884864
1265336768867512327
1265336705688707072
1265336677255520258
1265336657072578562
1265336630988152833
1265336619088912385
1265336597064626176
1265336528542334978
1265336461781544963
1265336437605457920
1265336416474710016
1265336412380921857
1265336407352057857
1265336406068678656
1265336402591526913
1265336402499317772
1265336384530927619
1265336380743454721
1265336344085180419
1265336331607015424
1265336297297764353
1265336246458556424
1265336220759912449
1265336195095179265
1265336161121132544
1265336079105785862
1265336076916477953
1265336074882240514
1265336073393180673
1265336015402807297
1265335969181569038
1265335959496929280
1265335945404039168
1265335932871495681
1265335923820171264
1265335910905729024
1265335900373909505
1265335873610092544
1265335855222337536
1265335827468627973
1265335822066298890
1265335821990854663
1265335812666859521
1265335811177885701
1265335773982752770
1265335765275377672
1265335752881299457
1265335726809505795
1265335693431246854
1265335689874456576
1265335677241221125
1265335636677898240
1265335614775398402
1265335576028315648
1265335557212852226
1265335525130584064
1265335505568358403
1265335486379446274
1265335472764657664
1265335471175077891
1265335457388335109
1265335432390291456
1265335310793297922
1265335310361247744
1265335282993451010
1265335256212791297
1265335199086399489
1265335198683672578
1265335173681491969
1265335158707834882
1265335156673523713
1265335126394908676
1265335124910116870
1265335110544564226
1265335110171160576
1265335105654009860
1265335096661495812
1265335092232237056
1265335086699905024
1265335055217496065
1265335040587726851
1265335015078051840
1265334984107339780
1265334914397794304
1265334892843450368
1265334857036697607
1265334856826978315
1265334836270632967
1265334814565154816
1265334803886305280
1265334794268925953
1265334749016588288
1265334738144956417
1265334669593075712
1265334634348457988
1265334633727774720
1265334633530621952
1265334602186416128
1265334597606354950
1265334595270004736
1265334538755956736
1265334489175097349
1265334459689304065
1265334431973281792
1265334418186665987
1265334410888359936
1265334400390234120
1265334387358531586
1265334385227829248
1265334372590399492
1265334360313643013
1265334358182899712
1265334316286042112
1265334315832901632
1265334296971182082
1265334271344087049
1265334193472536577
1265334114141396992
1265334085490290688
1265334072924164101
1265334062165745664
1265334060697694209
1265334021355159556
1265334009221038082
1265333997326012416
1265333986211102720
1265333957027135490
1265333948961492994
1265333948584022018
1265333944033083393
1265333928006647808
1265333918393384960
1265333883219951624
1265333837925462016
1265333814882164737
1265333813208666115
1265333795621703680
1265333781285789698
1265333755339833344
1265333747194437632
1265333743683866624
1265333722280321025
1265333708648841227
1265333654286405632
1265333627598102533
1265333612737556480
1265333602964910087
1265333577241235461
1265333566650617857
1265333558324887553
1265333551014088704
1265333500993028101
1265333476334735360
1265333474430464008
1265333444348981250
1265333423218003970
1265333415420837909
1265333376061444096
1265333339155726336
1265333337696206848
1265333332063268866
1265333273166852097
1265333271019368449
1265333245983457280
1265333199108005888
1265333197916626945
1265333195320352770
1265333146092011521
1265333129713246208
1265333093285625858
1265333083101892608
1265333076994949122
1265333058057764869
1265333050348654592
1265333047206936576
1265333042446467072
1265332998423142403
1265332993390006272
1265332991431081984
1265332991095521281
1265332981536903168
1265332965409615874
1265332965095153675
1265332943511306240
1265332888628875266
1265332886410072064
1265332882568105984
1265332850125156354
1265332833029103622
1265332817925476352
1265332802246959104
1265332760178114560
1265332732244172805
1265332697272066050
1265332676879237120
1265332636878331906
1265332624542883841
1265332594217857025
1265332575112921094
1265332540606423046
1265332529415897089
1265332522046668801
1265332505424662528
1265332480715837440
1265332470066577410
1265332450634407937
1265332432930246657
1265332370263203840
1265332367897526273
1265332342526222336
1265332333953126402
1265332319923077123
1265332314566991872
1265332288444907520
1265332273701892102
1265332264474415105
1265332263870517248
1265332188972814337
1265332146824151045
1265332144139878407
1265332059897245696
1265332058399870977
1265332052754419712
1265332039127117826
1265332011222405122
1265331992683524098
1265331975218499586
1265331952023977984
1265331939332030466
1265331918062616581
1265331858922971136
1265331846398820356
1265331832528220160
1265331739536306184
1265331726315896832
1265331726080974848
1265331701095563265
1265331699119984642
1265331698339926018
1265331685979115532
1265331657264922634
1265331630865973248
1265331619294044162
1265331573383204865
1265331567054008320
1265331558694748166
1265331553363652611
1265331534388740098
1265331528764207104
1265331503539671040
1265331498858749952
1265331465765769221
1265331448472637442
1265331439530205185
1265331430546161665
1265331353723318272
1265331341626880003
1265331340993597445
1265331292050198534
1265331237847252992
1265331235712315392
1265331207354662913
1265331189340086275
1265331187335270401
1265331183627276288
1265331174219689984
1265331138391834625
1265331108343930881
1265331100429271040
1265331067201912832
1265331030346600450
1265331020850749440
1265331019072196608
1265330977271922689
1265330965678895110
1265330944690528256
1265330911865982977
1265330886372982784
1265330871659302912
1265330861261668353
1265330860640866305
1265330852130623492
1265330812452507649
1265330789371326465
1265330782249385989
1265330754105597952
1265330752562094087
1265330728977530882
1265330726863605763
1265330721909956608
1265330702226161666
1265330654876766211
1265330627823513615
1265330582604693504
1265330557547921408
1265330524563951616
1265330496298459138
1265330484097277957
1265330439310512129
1265330415423741953
1265330401960067072
1265330358746329094
1265330347874504705
1265330331793494016
1265330318233473028
1265330301141688326
1265330299178758144
1265330296867770368
1265330286499434497
1265330260423442434
1265330244996739072
1265330242631151616
1265330167322308609
1265330128793612290
1265330102688243712
1265330096178593793
1265330086494035975
1265330082605723648
1265330082064879617
1265330080890228736
1265330055443632129
1265329990238973952
1265329872106373126
1265329849771724806
1265329827948777479
1265329768838443008
1265329768112648192
1265329753864585217
1265329735955091457
1265329679851905024
1265329662122737664
1265329643311321092
1265329619206537219
1265329601913458688
1265329599195435009
1265329569411858432
1265329543595937797
1265329503909425154
1265329453795770368
1265329449375084546
1265329445419642880
1265329391128719361
1265329385353220100
1265329364201164800
1265329359231090689
1265329309209812994
1265329295167123457
1265329264485732352
1265329259989663744
1265329257850560519
1265329256797810689
1265329204331077632
1265329193681731585
1265329153332719623
1265329152636276736
1265329059162193927
1265329056372965379
1265328943411924993
1265328926257184771
1265328921240719360
1265328848956207109
1265328844300582912
1265328803003469825
1265328772103852032
1265328751077965826
1265328741846265858
1265328625076838401
1265328621285146624
1265328587034423296
1265328533439688707
1265328530239492097
1265328495854596096
1265328494059405312
1265328428435279872
1265328427730472960
1265328422198415361
1265328416519270406
1265328384483221506
1265328339033735169
1265328253411233792
1265328242556354560
1265328139149819905
1265328117083709440
1265328095189446661
1265328092815425536
1265328062721228801
1265328006169423873
1265327970983596032
1265327968991109121
1265327959910395904
1265327953161920515
1265327941308813318
1265327882919907329
1265327882349490187
1265327868600606729
1265327856370044929
1265327797020565504
1265327778766995457
1265327769359208449
1265327726438821888
1265327698840338433
1265327680951668741
1265327667810795524
1265327654753845248
1265327649657946118
1265327640220762113
1265327616732487680
1265327600324562946
1265327562357706754
1265327549091020802
1265327517944238086
1265327462164070401
1265327374473854978
1265327358199967746
1265327262758432768
1265327260988583936
1265327247101173772
1265327219158679554
1265327194890436609
1265327173688340486
1265327168411906048
1265327141614387202
1265327140968583174
1265327118541520898
1265327106508181505
1265327060135956480
1265327041743925253
1265327011171532803
1265327008323690499
1265327002363457537
1265326958658936834
1265326913016528900
1265326909891710978
1265326837930090499
1265326773505601537
1265326772893241347
1265326759500746752
1265326758947180544
1265326747660300288
1265326652994846722
1265326590386483201
1265326537710227462
1265326524653338624
1265326438795939841
1265326339185430531
1265326338065326080
1265326285896769538
1265326232440365056
1265326210885783552
1265326200332988417
1265326115993735168
1265326098591764481
1265326062575247360
1265325971420348418
1265325920237367298
1265325875630931971
1265325855783317504
1265325841891962881
1265325832215511040
1265325766096695297
1265325748019216384
1265325746530267137
1265325727911723008
1265325671540113408
1265325668432297985
1265325645342670850
1265325642670919681
1265325640758280192
1265325611440013312
1265325553567096832
1265325502950080512
1265325469072842752
1265325458008276992
1265325454900310017
1265325425271754752
1265325424516751362
1265325386692468736
1265325349287559168
1265325320170868738
1265325309227864064
1265325223747993601
1265325170295742464
1265325164754944001
1265325149148065796
1265325137462730752
1265325113530081281
1265325081263300608
1265325063894695942
1265325056659464193
1265325020689108992
1265324989592543235
1265324988237778946
1265324962539343872
1265324956247883777
1265324955555807242
1265324933900496897
1265324933816750080
1265324932684288000
1265324910735314945
1265324910504742920
1265324908600537088
1265324902665486336
1265324889566666752
1265324880549027843
1265324806435565568
1265324754375806977
1265324741411438594
1265324727838683138
1265324691310489600
1265324672268238848
1265324646548848640
1265324644778811392
1265324625115836417
1265324618778370053
1265324590806564864
1265324526931447808
1265324517548793856
1265324468609507328
1265324440759328769
1265324421050294274
1265324400074731523
1265324398019514369
1265324363718557701
1265324350883926017
1265324334840766468
1265324257132806150
1265324251315343366
1265324224136138756
1265324218624823296
1265324202036527106
1265324195140919297
1265324184613408769
1265324164371668993
1265324110525145098
1265324094133874698
1265324081374793740
1265324075225722880
1265323940379049984
1265323902810484739
1265323877258887172
1265323837182414848
1265323813237067778
1265323766227369986
1265323749613633537
1265323744769257473
1265323720941416450
1265323679988224000
1265323657456496640
1265323604562137088
1265323596794101760
1265323595540160512
1265323594151866369
1265323589064110087
1265323584702029824
1265323576774791170
1265323555782299656
1265323519409221632
1265323514871103489
1265323512882962432
1265323510999678977
1265323497657700356
1265323488618913792
1265323394129674240
1265323391923310592
1265323384134602752
1265323362399780865
1265323354816421891
1265323325217280001
1265323284238938113
1265323275250536448
1265323257240092673
1265323226395181062
1265323194963169283
1265323184733200388
1265323170350972931
1265323167070990337
1265323159504457730
1265323126906372097
1265323094996123648
1265323087408648199
1265323041648754690
1265322970668584961
1265322965211766790
1265322946341613570
1265322932441698307
1265322807803678724
1265322792507125761
1265322785099993090
1265322768712601600
1265322717848494081
1265322688303767553
1265322677545299969
1265322662752129028
1265322649154191361
1265322634029432832
1265322619034714112
1265322576408186882
1265322574952763392
1265322568233349120
1265322535870218249
1265322530014978054
1265322513736912896
1265322497144164353
1265322496439529481
1265322474582847489
1265322421126602753
1265322401526513664
1265322353015296000
1265322348460335106
1265322344442191874
1265322344307965954
1265322341283827713
1265322338192670722
1265322323898519559
1265322304998903814
1265322260858109952
1265322224636112896
1265322172270034946
1265322165387354115
1265322160513355779
1265322143908278272
1265322131593674752
1265322122383065090
1265322120533413888
1265322089415946241
1265322084911271937
1265322059657146368
1265322050819743749
1265322049234505729
1265322044981420032
1265322038018871297
1265322024169123840
1265322016787185670
1265322013863919620
1265321981705981952
1265321963221921793
1265321922688102410
1265321900391227392
1265321886776545282
1265321881395216384
1265321871182086144
1265321861002465280
1265321860239175682
1265321839179390978
1265321790706003975
1265321746602831877
1265321746011488265
1265321736817410050
1265321723974451202
1265321666428768261
1265321657264152577
1265321653921370114
1265321653388664838
1265321645071372290
1265321603304435717
1265321572891422720
1265321564536557571
1265321564196802561
1265321545204994049
1265321526343188480
1265321524724105217
1265321515127656448
1265321468767789056
1265321443115651072
1265321427043069952
1265321331014471693
1265321326509723648
1265321320516026374
1265321314954498048
1265321282545033218
1265321265621086211
1265321265063133184
1265321238785916930
1265321210390491136
1265321210147147776
1265321196566056961
1265321154279084034
1265321134007832576
1265321116320575489
1265321095336427521
1265321091880357889
1265320999597285382
1265320980962070531
1265320959986327554
1265320930303148032
1265320900632686592
1265320882328788993
1265320882324541440
1265320877010366465
1265320777269690370
1265320747104374790
1265320742180327431
1265320719052877825
1265320707849887746
1265320689713778688
1265320665856368640
1265320656918523904
1265320655647584263
1265320638375477254
1265320633753153536
1265320611124899840
1265320604854517760
1265320604057718784
1265320590577188865
1265320568078753794
1265320562022326272
1265320534159560705
1265320511711571968
1265320510369325056
1265320508981035011
1265320496201191426
1265320470993403904
1265320469382565888
1265320460729884672
1265320450332254209
1265320448323137537
1265320360137748480
1265320332308606977
1265320330891079681
1265320294748688384
1265320272338575363
1265320266927931394
1265320234040221696
1265320232530345987
1265320226343784449
1265320222808051713
1265320221310480385
1265320218089467908
1265320204357324803
1265320175169089538
1265320163794014208
1265320146924691456
1265320140423540743
1265320113357668352
1265320110023233538
1265320086858063872
1265320066888818689
1265320060354211840
1265320056952631296
1265320033045155840
1265320009812893698
1265320004079230979
1265320003479515137
1265319976900198407
1265319972739432450
1265319925997907969
1265319907438313472
1265319877272887299
1265319860038520832
1265319815390146561
1265319796721299461
1265319769001033729
1265319760998383624
1265319744330182658
1265319743004778497
1265319731457753089
1265319714160431104
1265319711933378564
1265319678743908352
1265319622842212352
1265319618186338304
1265319595570651137
1265319568362307586
1265319504940347392
1265319496794980355
1265319493640884224
1265319454545784832
1265319445175681036
1265319439068794880
1265319433725022208
1265319431464312838
1265319403375165446
1265319379668996096
1265319360685641728
1265319334349586443
1265319332176896001
1265319318176268288
1265319260567601153
1265319255131787269
1265319254976598017
1265319249435938817
1265319230234378242
1265319228552425472
1265319206494638082
1265319184315097090
1265319169441951745
1265319144666382342
1265319117021683712
1265319106384986114
1265319067688341512
1265319067289870338
1265319064525733889
1265319059857584129
1265319052748173312
1265318989716246530
1265318976793518082
1265318955306156033
1265318927955111936
1265318904093642752
1265318810426519558
1265318798057451521
1265318783985614851
1265318771826339844
1265318742889771009
1265318739366621185
1265318733062389760
1265318728604016640
1265318720886489088
1265318718709600256
1265318653748183040
1265318646634643456
1265318640708128770
1265318628058107904
1265318570856075266
1265318555517673479
1265318543802974208
1265318536710369285
1265318530343333888
1265318506813325317
1265318459753279490
1265318446423633920
1265318443663982593
1265318427507347457
1265318426412752896
1265318406712184833
1265318404279332866
1265318371819749378
1265318363527602177
1265318339066224640
1265318328563884033
1265318322968711180
1265318313380511744
1265318303561510912
1265318302705954818
1265318273392037889
1265318257642352641
1265318251627786241
1265318249878761472
1265318231432138754
1265318224922587136
1265318204643045376
1265318180530139138
1265318158640001025
1265318158291763202
1265318153778688001
1265318104537673729
1265318087206883333
1265318062842089474
1265318034731749376
1265318022065074177
1265318010337873920
1265317961839099904
1265317944730562566
1265317925029924864
1265317890711945216
1265317886610100225
1265317863876894720
1265317863558086656
1265317847305199617
1265317824215625729
1265317779818848256
1265317764228698113
1265317757911994370
1265317744943251456
1265317726572216321
1265317694301106176
1265317686508224513
1265317676290920453
1265317654283390976
1265317634611937280
1265317625426587653
1265317616844976134
1265317615150469120
1265317610939461632
1265317605415415810
1265317588365717504
1265317564734943234
1265317545113985025
1265317510502445057
1265317506215968769
1265317465073975298
1265317463044034560
1265317460103880704
1265317444811456515
1265317443230027776
1265317407842844672
1265317367648784384
1265317364519886850
1265317324686589955
1265317324099387394
1265317289274093570
1265317285276852224
1265317282944815105
1265317265093918720
1265317170327752705
1265317091382566913
1265317085967716352
1265317085753872385
1265317046855675904
1265317004073934848
1265316998424264705
1265316993705611265
1265316992250232832
1265316986969522176
1265316983756804096
1265316922796761091
1265316910465458178
1265316908020174849
1265316883613483010
1265316869462020100
1265316864864944128
1265316824914317318
1265316815627935744
1265316797705785346
1265316789921210369
1265316766122758145
1265316677769723906
1265316677014761472
1265316664356286470
1265316653757333504
1265316642764046337
1265316634891337730
1265316631833698305
1265316607041196033
1265316580109570048
1265316570382860288
1265316569749610501
1265316553408446467
1265316548362801152
1265316536513789954
1265316533581959170
1265316505723551751
1265316498396102656
1265316463914569728
1265316456234770433
1265316452082552832
1265316434231640064
1265316422638600192
1265316421233500164
1265316408436588546
1265316343454134273
1265316325070495744
1265316322168233987
1265316318397566977
1265316305441132545
1265316290069135361
1265316287544246273
1265316231575474183
1265316224918929408
1265316191578529793
1265316187245817857
1265316150776381440
1265316140135247872
1265316120048873472
1265316064910610434
1265316038515871746
1265315975563526145
1265315968554881024
1265315960552075265
1265315943498088449
1265315914154729472
1265315762367016960
1265315759095517185
1265315740854489088
1265315704196132866
1265315694457098240
1265315645559889926
1265315611011280897
1265315604887744521
1265315582058156034
1265315563083042819
1265315527481856000
1265315525346971649
1265315477330550790
1265315444765982720
1265315424817811456
1265315419063308288
1265315406841024516
1265315384510631939
1265315383017263105
1265315376163893249
1265315315401048065
1265315310850146304
1265315310770565121
1265315296522448898
1265315291795533831
1265315272287715332
1265315211302633472
1265315198941843457
1265315192491016192
1265315192197578754
1265315150107742208
1265315123977224192
1265315059112112128
1265315041412333569
1265315014136803339
1265314990652887040
1265314989662810112
1265314966606884867
1265314896549425152
1265314863703719937
1265314839511076866
1265314822075428865
1265314816752828416
1265314816631193600
1265314759244681217
1265314749878874112
1265314744526876673
1265314743507513349
1265314720959148034
1265314636766855169
1265314618387443712
1265314607444393984
1265314594375053313
1265314591208288258
1265314521654210560
1265314495066406921
1265314432361664515
1265314407296520192
1265314352493735938
1265314344524537856
1265314336664358914
1265314303613079553
1265314303546208257
1265314218640736257
1265314215490920450
1265314152295383051
1265314128752553988
1265314088474771456
1265314088336449536
1265314030551314433
1265314024817864705
1265313979007565824
1265313943695667200
1265313935730802689
1265313934850101248
1265313925484158976
1265313924452409351
1265313871826423808
1265313852461326337
1265313847058915328
1265313845028978696
1265313801215320064
1265313765983125504
1265313748664942594
1265313696693264385
1265313689923715072
1265313650115477504
1265313638891442176
1265313581488320513
1265313565923323905
1265313565440909314
1265313561699631104
1265313555311624194
1265313540438720520
1265313515843158017
1265313515339780096
1265313399052869633
1265313361631367170
1265313347479756800
1265313339212611590
1265313319579254790
1265313308225220608
1265313233226944514
1265313149219209216
1265313146874613761
1265313122291679232
1265313121662652421
1265313097415352320
1265313068738887681
1265313049004695554
1265313035905687552
1265312989047119873
1265312955731791879
1265312904510877698
1265312899397898240
1265312850949615622
1265312803193106438
1265312775062147072
1265312766807756802
1265312757781606404
1265312737363542021
1265312719902609408
1265312714638983169
1265312640215236608
1265312640034725888
1265312630316597251
1265312610909650946
1265312602436976640
1265312592685342720
1265312570644344832
1265312553049128968
1265312509554241538
1265312488817647618
1265312484929527815
1265312431389073408
1265312425290629123
1265312402259824643
1265312378700337152
1265312355145207808
1265312332114276352
1265312328293052416
1265312322412843009
1265312320756027392
1265312285519642624
1265312285435686912
1265312282298417152
1265312249448718336
1265312247104102400
1265312246885908482
1265312209300869120
1265312187356188672
1265312167147913218
1265312161397723136
1265312102127935489
1265312069609566208
1265312063968206852
1265312030489300992
1265312003280773126
1265311973442334721
1265311926294372352
1265311873781637121
1265311870308802562
1265311836443992066
1265311808090304514
1265311807650107393
1265311794505175041
1265311787597078528
1265311782979035137
1265311744303312896
1265311733209391109
1265311642239201280
1265311609464987651
1265311585419083778
1265311557900255234
1265311555438039045
1265311470750961665
1265311433610444805
1265311418175258626
1265311417068072960
1265311346163400705
1265311343260905474
1265311338546462720
1265311294980345856
1265311286843396096
1265311254652030977
1265311186679193609
1265311077010673678
1265311075957985281
1265311064641732608
1265311060694876165
1265311052402536448
1265311039471697920
1265311034983829510
1265311032844660737
1265310994743595012
1265310971247157248
1265310951563300864
1265310922823725056
1265310915668217856
1265310862237196294
1265310844532985858
1265310808579473408
1265310807249862656
1265310801910362112
1265310780691484672
1265310752518307842
1265310730250788871
1265310700789854208
1265310684889387013
1265310620041318400
1265310590140112897
1265310568073789446
1265310566626795520
1265310550558466049
1265310516353867776
1265310440634093574
1265310439816269824
1265310422996881408
1265310422682517505
1265310407977308162
1265310387467059213
1265310376276692992
1265310371319029762
1265310360229175296
1265310352230752257
1265310332009852928
1265310223851544576
1265310204389806082
1265310196185751555
1265310164078321668
1265310151269122048
1265310128951222276
1265310102137049089
1265310053399216135
1265310016397082624
1265309976555290628
1265309925988864000
1265309894346969089
1265309836151062531
1265309831520493570
1265309712657993730
1265309696514232321
1265309684275113990
1265309638834229248
1265309636493635584
1265309599961407490
1265309591128031232
1265309579539288067
1265309564527878144
1265309559729635332
1265309542759489537
1265309535943766016
1265309522320637958
1265309512430485505
1265309473075351561
1265309416875835392
1265309401155465216
1265309370092597248
1265309362874023937
1265309223921029120
1265309192983908352
1265309189821390853
1265309147198783488
1265309137308651524
1265309121563316224
1265309119294124038
1265309113908592642
1265309110695636993
1265309101531303942
1265309084414119937
1265309079288852480
1265309077036511233
1265309075635666945
1265309056018808834
1265309041624076290
1265308950854918145
1265308932429565952
1265308892956962816
1265308888443883522
1265308847536816135
1265308828050116608
1265308815639171073
1265308806487171074
1265308792658542594
1265308778636943361
1265308721481166850
1265308692020420609
1265308681756749827
1265308678342787072
1265308677499580417
1265308655571939328
1265308653692821504
1265308581735419904
1265308564849123329
1265308542040371202
1265308504778330120
1265308497585061890
1265308456505966593
1265308410997850113
1265308402458284033
1265308396846059520
1265308365690998784
1265308350977318919
1265308323609370624
1265308319830413312
1265308295314751488
1265308250804817921
1265308244341166080
1265308236179103744
1265308174719963136
1265308161365413888
1265308137248174081
1265308106302590981
1265308101034610688
1265308067815661572
1265308054423318532
1265308048987283456
1265308048022798347
1265308030243082245
1265308015521083393
1265307994343878656
1265307962194776073
1265307959447261184
1265307958155640834
1265307916409716739
1265307912391417856
1265307909296197633
1265307891612954628
1265307853604208640
1265307755931410438
1265307750055260160
1265307729045999618
1265307714558795781
1265307707910885376
1265307657382039552
1265307626025308160
1265307615212560384
1265307575928512515
1265307575161098242
1265307554571333643
1265307551379460097
1265307547218706434
1265307518550630402
1265307508727562240
1265307454365204481
1265307424510132225
1265307408416587777
1265307407569358853
1265307404494725120
1265307357476782080
1265307346017845248
1265307323339362309
1265307287910068224
1265307265999011840
1265307234407518208
1265307233526702083
1265307208239235073
1265307166300405761
1265307161766383616
1265307148772413441
1265307075195871232
1265307074952658949
1265307033500372993
1265307032166567938
1265307020506222592
1265307018199314432
1265307017322942465
1265306980387864577
1265306972682948614
1265306905322196994
1265306892408102914
1265306855284207616
1265306855007334402
1265306845771714560
1265306838620418051
1265306825450127360
1265306808027136003
1265306709289062400
1265306663445291010
1265306635469295616
1265306628552888320
1265306625407160323
1265306622651490306
1265306612237041670
1265306576493015040
1265306574765121536
1265306493420810242
1265306464135950337
1265306460491116544
1265306388663762949
1265306359374979075
1265306321668063232
1265306297219584002
1265306286939344904
1265306259655450624
1265306201472020482
1265306145666682881
1265306117648920578
1265306112062107649
1265306094072557569
1265306088263634945
1265306016054423552
1265306006080360448
1265305999130402817
1265305979324899328
1265305971154395136
1265305969254424578
1265305959716487169
1265305953550860296
1265305751276281857
1265305736671907840
1265305728975323145
1265305718669918208
1265305716576968705
1265305634003734528
1265305627385102336
1265305616458952705
1265305563312918530
1265305553791844356
1265305524674977792
1265305521902497793
1265305519927033856
1265305493209337861
1265305474678665216
1265305471319257088
1265305439794855939
1265305439337619457
1265305426519678977
1265305357959794688
1265305356961366016
1265305235532251138
1265305224593510400
1265305140283813888
1265305096423911424
1265305074777165826
1265305055160406016
1265305047056990215
1265305018674171906
1265305012692938753
1265304965461000194
1265304954207703043
1265304927196319752
1265304897538400258
1265304887610478593
1265304867024797696
1265304819608072192
1265304798611603456
1265304793674928132
1265304763840823296
1265304735550226433
1265304722338197507
1265304685210107904
1265304685059149824
1265304676163076097
1265304631678287875
1265304565810974721
1265304554767364097
1265304548069068805
1265304542301863937
1265304518205603840
1265304515928039424
1265304510471327744
1265304468377174017
1265304431479992320
1265304420423806976
1265304415357059073
1265304411934527491
1265304411728986118
1265304410646884354
1265304382805028865
1265304378187137028
1265304351792336896
1265304350861164545
1265304316597776385
1265304282745704452
1265304262600466432
1265304219378241536
1265304196007497728
1265304186532626432
1265304178127187968
1265304157650649096
1265304152684539913
1265304146762174467
1265304111970385923
1265304095830749190
1265304075949785088
1265304055397703680
1265304038872174595
1265304029300695042
1265304007792381955
1265304003757383682
1265303994399940609
1265303983435866113
1265303971838730241
1265303971322888195
1265303956286083075
1265303954948227074
1265303882072276993
1265303881082421248
1265303865785757701
1265303863474651136
1265303784529502209
1265303776870744064
1265303730104094720
1265303689893380101
1265303630208479234
1265303618514714624
1265303555990327297
1265303518908383240
1265303517851455489
1265303504710782978
1265303498087960578
1265303494086582272
1265303488512262147
1265303486427619330
1265303464260689920
1265303452600741888
1265303436083552256
1265303377417830402
1265303304369836032
1265303282433642496
1265303263001239554
1265303231594409986
1265303204465717248
1265303149734170626
1265303114850205697
1265303075373416448
1265303045770002432
1265303024982994944
1265303012362207232
1265303012031021058
1265302997627744256
1265302994863763456
1265302993714532355
1265302947199700992
1265302943928025095
1265302930179137537
1265302895169351680
1265302870808764416
1265302862730584065
1265302861384122369
1265302854140669955
1265302804442353664
1265302788994629632
1265302782942367745
1265302772917899265
1265302686834012161
1265302683092647939
1265302671059189761
1265302643079077889
1265302592256647175
1265302579233292289
1265302551144136704
1265302549265080323
1265302502431313921
1265302491094228992
1265302477651443713
1265302474262446080
1265302449721573377
1265302362253639691
1265302311112491010
1265302307291488256
1265302276404633601
1265302267885834240
1265302255638626304
1265302190249390080
1265302162050973697
1265302158079143937
1265302137623523329
1265302097156648960
1265302095332290560
1265302035035049987
1265302027288170499
1265302026436710400
1265302012868116482
1265302005884563457
1265301999706349568
1265301994895540226
1265301961508864000
1265301894446157824
1265301883826077696
1265301879229210625
1265301853941592065
1265301833096011779
1265301796064579586
1265301793048854529
1265301792256077826
1265301778888712192
1265301772844875777
1265301749620932608
1265301732508282881
1265301713122217985
1265301683523014659
1265301657258164231
1265301648588627968
1265301647607169024
1265301645052821504
1265301569865736206
1265301561435136000
1265301540832776193
1265301531269541890
1265301526278529027
1265301507542573056
1265301432942465028
1265301406430396420
1265301400696700929
1265301400407420933
1265301397874016258
1265301383965806592
1265301373723324417
1265301359953313792
1265301331725729792
1265301329850830854
1265301317762920456
1265301303376392194
1265301290478944256
1265301285525471232
1265301282551717888
1265301267922006017
1265301267028545542
1265301237244801030
1265301225924366336
1265301211193978881
1265301201442258944
1265301179170459648
1265301139760832512
1265301125835694080
1265301093946470411
1265301070420611072
1265300975218307073
1265300964061437952
1265300895417479168
1265300866497753094
1265300853684043777
1265300807487905792
1265300795160956932
1265300793651015682
1265300787967569920
1265300738655191042
1265300737921290244
1265300647781388288
1265300644174483457
1265300580005748736
1265300573789622275
1265300565732372480
1265300546673614857
1265300515837161472
1265300495536717824
1265300450338918400
1265300426506874880
1265300424963371015
1265300370995191808
1265300351772692486
1265300345791660032
1265300323188555779
1265300295317360640
1265300244155285506
1265300218272264194
1265300186554867719
1265300158390185987
1265300121081851905
1265300074516615169
1265299995957366786
1265299985245102080
1265299892580352006
1265299866722459648
1265299856064688129
1265299813240889344
1265299756470775808
1265299749302865920
1265299735281381376
1265299722337693696
1265299652334751752
1265299621917741056
1265299590829334530
1265299569912537089
1265299539919060994
1265299520948142081
1265299504066170880
1265299469723107333
1265299465453387776
1265299458889265159
1265299424466567169
1265299394263429122
1265299381063946241
1265299353410760705
1265299351049568260
1265299221638414336
1265299195260538885
1265299167796056064
1265299166793732102
1265299114473992192
1265299106236424193
1265299036527042562
1265298985293623296
1265298972710592512
1265298962623463425
1265298957334466561
1265298955266637825
1265298935121313794
1265298904796614656
1265298781538521090
1265298751939321856
1265298650017804296
1265298519696556038
1265298510733283328
1265298442861101057
1265298433214050305
1265298406190301185
1265298285797036033
1265298226397057025
1265298162346065922
1265298100832235522
1265298058117611520
1265298037137702913
1265297969911336965
1265297880857948161
1265297808296419328
1265297803657404416
1265297741061804040
1265297737903419392
1265297724439769090
1265297701723426817
1265297687412461569
1265297657146343426
1265297656257142787
1265297604990177284
1265297574614925312
1265297542419546112
1265297536606244866
1265297523973009408
1265297518432325632
1265297513550053378
1265297469627346946
1265297466833997825
1265297434453913600
1265297421745246212
1265297363993636864
1265297357236625416
1265297320377298946
1265297317424500737
1265297292019580928
1265297254417444865
1265297219516870656
1265297219323940867
1265297181357027332
1265297176109789184
1265297147710357504
1265297109735084032
1265297100205707265
1265297059047002113
1265297047177105409
1265296989148700678
1265296950917816321
1265296948619165697
1265296910937620481
1265296810660200450
1265296774584918016
1265296691760189440
1265296665508024321
1265296656506818561
1265296616933613569
1265296567126446081
1265296552744103942
1265296527779483648
1265296499937882114
1265296461773840385
1265296425988038656
1265296421718315011
1265296402701320192
1265296387173953537
1265296317032681477
1265296311017967617
1265296300981063681
1265296289786281984
1265296236740927490
1265296190423232512
1265296171125420032
1265296160698195969
1265296136040058880
1265296121913622528
1265296017282523138
1265296001038004224
1265295967600775169
1265295921362939905
1265295898260631553
1265295842690445313
1265295807701491714
1265295766324559884
1265295762491129858
1265295757269250048
1265295695730413568
1265295658271023105
1265295640533389313
1265295630492225536
1265295627761713152
1265295625383317504
1265295587106267138
1265295452049678336
1265295388480765952
1265295372169220096
1265295367635165184
1265295365194100736
1265295308134572032
1265295284185300992
1265295264132157440
1265295239486541825
1265295187322056704
1265295165943623681
1265295159840976900
1265295148705087488
1265295133957861376
1265295053595041796
1265295006933430272
1265294947441238017
1265294939916849152
1265294898095362048
1265294887274119168
1265294881687080960
1265294826842599424
1265294784987574272
1265294781053353987
1265294775910981632
1265294768830988291
1265294763739226113
1265294740087615489
1265294731673812997
1265294730319015936
1265294724073689090
1265294709326479361
1265294658667786241
1265294632868614149
1265294580510908417
1265294504581627904
1265294497526644736
1265294485543694337
1265294472507785216
1265294393948372992
1265294386193141760
1265294384104431616
1265294370489720834
1265294361048342528
1265294255817359360
1265294228768411648
1265294212947415040
1265294085578821632
1265294082374602756
1265294062363516930
1265294055581405186
1265293985125412864
1265293973213646848
1265293964371881984
1265293944625287169
1265293931836846080
1265293916716269569
1265293909850304513
1265293878128672771
1265293832482181121
1265293831848841216
1265293822948499460
1265293796239118345
1265293766937718784
1265293753725714439
1265293746201133056
1265293722302001153
1265293707957481475
1265293626369642502
1265293518974496769
1265293502512013312
1265293481402040321
1265293476087967746
1265293475647492096
1265293451374915584
1265293450561368064
1265293438771171329
1265293409872424960
1265293371620364290
1265293352016191488
1265293346563637249
1265293293241409537
1265293252388884480
1265293189134594048
1265293141306982401
1265293069378891776
1265293052215791622
1265293019676381184
1265293006132908033
1265292945672089601
1265292910616104963
1265292898880368640
1265292894304337920
1265292890294665217
1265292881545375744
1265292877996818439
1265292854588518402
1265292830802685952
1265292806194630656
1265292805804560390
1265292763551203329
1265292740268560385
1265292689580478470
1265292686157705219
1265292679476391937
1265292677408587778
1265292643812114433
1265292636082114560
1265292621964066816
1265292562853769219
1265292510819225600
1265292485619617797
1265292464556048387
1265292440224690176
1265292430208905216
1265292370570067976
1265292298255872000
1265292281768226816
1265292279373332480
1265292262537416707
1265292224914493445
1265292211903557634
1265292184506568704
1265292077182734336
1265292006860951554
1265291981439160321
1265291965165211649
1265291948769906693
1265291946689540099
1265291938405720064
1265291919099416577
1265291915798417411
1265291877508505600
1265291824941465600
1265291818557673473
1265291781345693696
1265291713251291138
1265291642313023489
1265291627482034179
1265291600642662403
1265291576860979200
1265291556052971522
1265291551707664385
1265291547597307907
1265291543012880384
1265291526164398081
1265291521995268103
1265291513938038784
1265291496061841408
1265291479460638725
1265291435416395778
1265291424293171204
1265291393070698497
1265291376662654977
1265291375286853633
1265291343577837569
1265291288250920961
1265291264074952704
1265291218092580866
1265291198194909184
1265291194990395392
1265291193258303488
1265291191358283781
1265291186526400514
1265291160697724928
1265291115097460751
1265291111641124865
1265291068209336322
1265290967952785409
1265290955516764161
1265290937414168577
1265290882284126211
1265290799757103104
1265290792878379008
1265290787929165824
1265290777514651648
1265290770782679040
1265290759315521536
1265290713320882177
1265290679510597632
1265290678470348800
1265290665497210880
1265290606445723649
1265290581871259649
1265290554994315264
1265290488275505154
1265290460987301889
1265290421984546817
1265290413990129668
1265290389893844994
1265290358428237824
1265290346637991937
1265290344738041858
1265290314295713794
1265290308348190724
1265290237678366723
1265290203121569792
1265290202030931968
1265290105838809091
1265290038755147776
1265290020082024448
1265289981209305091
1265289960862687238
1265289943880019970
1265289937416531969
1265289911944523781
1265289900515102720
1265289885562306560
1265289871347855360
1265289807288242177
1265289799050629120
1265289772358139905
1265289737407025152
1265289729651736578
1265289708420153344
1265289633161715716
1265289629093081088
1265289496662335492
1265289496649764866
1265289447643504647
1265289441821831172
1265289393645838336
1265289326742532098
1265289323911544832
1265289321122271234
1265289256186056705
1265289218353508352
1265289216763867137
1265289178255962113
1265289159104741377
1265289139039145986
1265289106608848900
1265289030054354945
1265289011800739840
1265288979101954048
1265288975381643264
1265288973368406018
1265288875360083969
1265288847195205634
1265288802144268290
1265288798696587264
1265288770309492736
1265288749174460423
1265288739829530629
1265288723136155648
1265288693562163203
1265288642282631168
1265288633961119744
1265288605678829568
1265288589723734019
1265288577157644288
1265288575177814016
1265288566680231937
1265288557352177666
1265288478297915393
1265288474111942656
1265288464435761153
1265288434093965312
1265288402834001921
1265288388028116994
1265288352007421953
1265288336337444867
1265288318561980416
1265288245581164547
1265288200542658562
1265288165654433793
1265288153365012480
1265288151897120769
1265288131290501124
1265288084050100225
1265288052026544129
1265288023253700609
1265287954651418625
1265287873319833603
1265287825936781312
1265287816231227395
1265287792021704706
1265287781892476937
1265287730356838401
1265287717371273216
1265287692725612545
1265287668872679424
1265287662254133248
1265287652124889088
1265287596529328131
1265287512244748288
1265287483467739138
1265287474357719041
1265287422235103234
1265287404723875847
1265287358947168258
1265287348293718016
1265287337833050115
1265287246112067585
1265287218630885378
1265287212477763586
1265287211228020746
1265287153334005765
1265287140147068932
1265287018571014145
1265286998945923072
1265286994566897665
1265286966653915139
1265286946143768580
1265286924983349248
1265286918478143498
1265286914694885386
1265286843425329152
1265286810349035520
1265286780280090625
1265286728526508034
1265286719055646721
1265286698860249088
1265286694791712768
1265286658015948802
1265286621735186434
1265286553477083138
1265286543054340096
1265286492861222914
1265286472242008067
1265286382261604353
1265286286690172935
1265286230834642946
1265286144914317312
1265286076589051904
1265286017269084162
1265285954924875777
1265285906556207105
1265285891192500227
1265285831322984451
1265285826847608836
1265285819742523392
1265285814952607747
1265285778256658432
1265285696882790403
1265285683834261505
1265285617325309952
1265285596601188352
1265285576955174917
1265285530503315456
1265285514934042631
1265285512765468672
1265285511339552774
1265285494260117504
1265285481274769408
1265285478242123777
1265285449024708610
1265285430863429633
1265285427042254849
1265285392674230272
1265285334457298944
1265285326639071232
1265285317659103232
1265285308385497097
1265285214097596417
1265285209689337858
1265285154446225408
1265285056966336512
1265285041099288576
1265285020001996803
1265284948208091137
1265284858554863623
1265284820281765894
1265284757677539333
1265284720142757889
1265284707165536257
1265284689843163137
1265284689033670656
1265284653075902472
1265284567973466117
1265284548314763264
1265284546943205378
1265284536096653312
1265284533269733378
1265284490668265472
1265284451619287040
1265284295985332229
1265284260321284097
1265284253610377216
1265284211403042816
1265284189471023107
1265284140422881282
1265284042796261376
1265283895731290114
1265283865826013194
1265283796934557699
1265283790680850437
1265283702944419840
1265283696665538563
1265283666172882946
1265283636036882436
1265283598158114816
1265283469120278534
1265283466876407808
1265283401139007489
1265283377244094465
1265283245500968960
1265283243332587520
1265283240081973250
1265283177788116999
1265283094401232897
1265283075887583232
1265283070954999821
1265283052407869441
1265282940751294466
1265282903090626566
1265282448662958080
1265282402236223488
1265282374885085190
1265282360599367685
1265282309923667968
1265282259780853760
1265282232605904896
1265282214444568576
1265282112019730433
1265282088502276096
1265282040464842753
1265281987880849409
1265281934860718081
1265281808708534272
1265281805831331840
1265281667981348864
1265281622720622592
1265281616567578626
1265281589552074755
1265281243781840896
1265281195769843712
1265281037245902848
1265280936222117888
1265280917339353088
1265280787638882304
1265280691929001984
1265280535825395719
1265280358444085248
1265280268186910725
1265280210729140228
1265280191779266560
1265280186586673152
1265280127027552261
1265279965957894144
1265279825473761283
1265279781333086208
1265279628370944000
1265279266536648705
1265279160106151937
1265279035338190848
1265279019781468162
1265278925409865728
1265278550044803072
1265278420273049601
1265278292958998530
1265278175673634820
1265278094618898432
1265278079674380294
1265278054290673664
1265277882022019072
1265277813877178369
1265277659950571520
1265277604107448322
1265277584666800128
1265277453297016835
1265277385416626176
1265277205325717504
1265277198002339841
1265277189672452096
1265277131640066055
1265277117660569602
1265276926991708160
1265276750042365952
1265276678672191488
1265276634644561920
1265276609445064704
1265276507607400448
1265276327722192896
1265276265361096704
1265276076013453315
1265276014286057472
1265275914159603713
1265275699000037376
1265275620881248256
1265275529533382657
1265275397333286913
1265275134325125122
1265274829541949441
1265274586679164928
1265274493607395328
1265274289353302016
1265274226984062977
1265274220440948736
1265273879263621120
1265273653538635776
1265273643887706112
1265273568054648832
1265273464484556802
1265273413662158848
1265273093066502145
1265273016495116288
1265272728661024772
1265272660046548992
1265272329514426368
1265271973753556992
1265271922511708163
1265271409816883202
1265271148935368706
1265271116668506113
1265270970387963904
1265270838837813250
1265270540903813120
1265270506548322306
1265270482934173696
1265270429406633985
1265270388780605442
1265270222484836355
1265270190352338947
1265270138435231745
1265270068792918016
1265269904657260549
1265269869257392128
1265269588486479872
1265269464838389762
1265269302850191360
1265269154686406662
1265269012721795072
1265269008154144770
1265268848447688705
1265268824829460481
1265268813295161345
1265268760480550912
1265268503860391938
1265268445979033601
1265268426232250369
1265268415545122817
1265268387372040195
1265268307072090113
1265268299232948224
1265268158203658241
1265268043413966854
1265267995217063937
1265267951667679234
1265267753293959168
1265267440054919168
1265267435789139970
1265267211259637760
1265267210009874435
1265267170449203202
1265267147485446149
1265267043760291841
1265267010046513157
1265266634400444416
1265266503089303553
1265266324923723777
1265266168174120960
1265266127816601600
1265266030688866309
1265265825675689984
1265265601699885058
1265265420103286784
1265265308425752578
1265264866618728450
1265264832455954432
1265264569351618561
1265264176605380608
1265263629080735745
1265263210627809280
1265263061830709251
1265262812365860865
1265262781626044416
1265262684104204294
1265261662522806272
1265261012997070848
1265260855127654401
1265260210404425728
1265260034847539204
1265259944187658240
1265258777667928066
1265258403879944194
1265258373215387648
1265258122844782595
1265256785067364352
1265256607442710528
1265256579290431489
1265256211949199361
1265255910064209923
1265254955511930880
1265254855217569794
1265252262152151040
1265250796070985728
1265250146255806469
1265249384972857346
1265247724036907008
1265247003648368648
1265245906003083264
1265245774776086528
1265244995566567424
1265244901182246912
1265243584959258624
1265242284133625856
1265241851382190081
1265241799217631232
1265241668355346433
1265241332613820421
1265240895374458880
1265240878416908289
1265240729603002369
1265240515773169664
1265240408579354624
1265239153320566784
1265226424052592646
1265179037510631427
1265169524502003718
1265161670814507008
1265129300497317888
