1271185269031649283
1271185097539178496
1271184923068641285
1271184398277210113
1271183649065570304
1271183617860014080
1271183414192988166
1271183268885532672
1271183215445901312
1271183088870141952
1271182981122666496
1271182582382804997
1271182545183481856
1271182486664601606
1271182481262247936
1271182325536022528
1271182307756519424
1271182189774790656
1271182179641331712
1271182101014908929
1271182070031757312
1271182058677821441
1271181832264929280
1271181740359348224
1271181541746651141
1271181532175138824
1271181320341897217
1271181254688272384
1271181209377308673
1271181117912055808
1271181055094140928
1271181017773203459
1271180906200551426
1271180760431710210
1271180609222782976
1271180443384193030
1271180277855985664
1271180215188938752
1271180202530336768
1271179901375299584
1271179774900293640
1271179679140122625
1271179333256663040
1271179328974356480
1271179224716623873
1271179001885835267
1271178653074948096
1271178607822544898
1271178389941075970
1271178115331624963
1271178054811951106
1271177828839514112
1271177691010600960
1271177629933199361
1271177325728673793
1271177162763243521
1271177142861266944
1271177131838656512
1271176894306832386
1271176888094990336
1271176711133151232
1271176574138830850
1271176357897273344
1271176247234703362
1271176160697696256
1271176134072455169
1271175981399568384
1271175966962769920
1271175945739743232
1271175898985910272
1271175838776598528
1271175251297218561
1271175232410095616
1271175163367718912
1271174962875895808
1271174921293574150
1271174743312396288
1271174648185737222
1271174414965657606
1271174248309153797
1271174202905812994
1271173582131994624
1271173322387197955
1271173054866116619
1271172486240055296
1271172207423688707
1271172078629158919
1271171925423816704
1271171769005727746
1271171643554103298
1271171641213583363
1271171558380310529
1271171449592721408
1271171394198474753
1271171321704189964
1271171108868444160
1271170873240645632
1271170793809084423
1271170587914842112
1271170489881448448
1271170413549281280
1271170379571179522
1271170282976358401
1271170190026424320
1271170019280457729
1271170016143183872
1271169996677414913
1271169993040965634
1271169440814678017
1271169423982735360
1271169141811052544
1271168875187580929
1271168665027780610
1271168607339323393
1271168233983246336
1271168068979474434
1271167732936048641
1271167342245023747
1271167261747937281
1271166890639912960
1271166783991566338
1271166640198168576
1271166637941690373
1271166451651448833
1271166319107473408
1271166306084171780
1271166294642044930
1271166271950897153
1271166266406043648
1271166208226795522
1271166029616558081
1271165988755566592
1271165538778206210
1271165428316999685
1271165291251339265
1271165283097391104
1271164980101029888
1271164690857590787
1271164481138237442
1271164231057125376
1271163717909204995
1271163716562804749
1271163446609002500
1271163191045681152
1271163070518194177
1271162725448720387
1271162601968467969
1271162595660218374
1271162565687738369
1271162537615282182
1271162530342285312
1271162464323997698
1271162448498712576
1271162267854426113
1271161478402510849
1271161019641901056
1271160980924502022
1271160664594276353
1271160268278685703
1271160261160943619
1271159921258770433
1271159714060042240
1271159531284938753
1271159478004654084
1271159381049184256
1271159202644463617
1271159051972468736
1271158961065144321
1271158848875892737
1271158779103641600
1271158457580744705
1271158367097106432
1271158325087031297
1271158047658979328
1271157852678340609
1271157823506911233
1271157683328974848
1271157608674721798
1271157525908512768
1271157349600890882
1271157295897096194
1271156976429514759
1271156970284888064
1271156896100085761
1271156741003231232
1271156671134474242
1271156656525770752
1271156618454093829
1271156587122561024
1271156490657660928
1271156170162499584
1271156101589934082
1271156059919581184
1271155925886414849
1271155653176782848
1271155621140639744
1271155584054657024
1271155526349570058
1271155439896457216
1271155377346957314
1271155328831324168
1271155116599640066
1271155116062588929
1271154872428253186
1271154841969217544
1271154699857809414
1271154698133934080
1271154528113614850
1271154368432275457
1271154330243141634
1271154278921580547
1271154270222467073
1271154251339882497
1271154210109865984
1271154130124451842
1271154048725483520
1271153986628878337
1271153893544620033
1271153669723967488
1271153415196999680
1271153307965435904
1271153224255287296
1271153061646315520
1271153028700295168
1271152767952998400
1271152441828884480
1271151996104409088
1271151730353463296
1271151550434590721
1271151528687042566
1271151183852421121
1271151169025519620
1271151024204546056
1271151020157132810
1271151017216917507
1271150944844222464
1271150819036090373
1271150690509959168
1271150677239238656
1271150404236165121
1271150341132890114
1271150299802148867
1271150090435072001
1271149940983705601
1271149932666408961
1271149880363429891
1271149868170567680
1271149776730501121
1271149644702257156
1271149593460305920
1271149371929886721
1271149191524466688
1271149119906742273
1271149034263232515
1271148935340593152
1271148723049988098
1271148707342319616
1271148184950263809
1271147936299339777
1271147918540537856
1271147851939266560
1271147648033140737
1271147529577603073
1271147467069894658
1271147068749422597
1271146882828566532
1271146687994777600
1271146522630119426
1271146506838564865
1271146305176231936
1271146293180747776
1271146198024376321
1271146118517157888
1271145792900743168
1271145783383949323
1271145476532899842
1271145230255808512
1271145188216451074
1271145006489899010
1271144938013589504
1271144741632126979
1271144630579585026
1271144423896674305
1271144422038634496
1271144394956181505
1271144360197926914
1271144332343590912
1271144196238237697
1271144143503462404
1271143967262822406
1271143965434220548
1271143728460247042
1271143708797267969
1271143673401573377
1271143441532141568
1271143432950513664
1271143228193091584
1271143172979163137
1271143145133105153
1271143067291021312
1271142913653772289
1271142887615426560
1271142818522763269
1271142713451098112
1271142608547569666
1271142439449792512
1271142278854332421
1271142209866199040
1271142204778508288
1271142115746238467
1271142077884071936
1271142026785034240
1271141929560858625
1271141863156846592
1271141834388054016
1271141786715652097
1271141661087653890
1271141415540539394
1271141345101520896
1271141104847597570
1271141079010533377
1271141034895040512
1271141007359447042
1271140965575729153
1271140933531131904
1271140916078743553
1271140878380384262
1271140846054731778
1271140835854172160
1271140779721756672
1271140755449528320
1271140738764603393
1271140717688049667
1271140632568963073
1271140619558121472
1271140614910865408
1271140559638474753
1271140534627827713
1271140443401736199
1271140396253487104
1271140383276351489
1271140212056436737
1271140171933720576
1271139984364515328
1271139905394159616
1271139876243599360
1271139820434227208
1271139715413168130
1271139650636308480
1271139569748963331
1271139463293329409
1271139416195477504
1271139409014882304
1271139335589335041
1271139261777973248
1271139220799848450
1271139146233495553
1271139080483606530
1271138838463893504
1271138728686292998
1271138655755735041
1271138549337862146
1271138344370688002
1271138240829980672
1271138236828725249
1271138050437836800
1271138032540725249
1271137959555760131
1271137946993713152
1271137654873063424
1271137342015692802
1271137297833082882
1271137195038920706
1271137042488049665
1271137016483381249
1271136739269251073
1271136658491047941
1271136569483821057
1271136412964962305
1271136279011315713
1271136198153498624
1271136079941382144
1271136032113778699
1271136026564734977
1271135933232906241
1271135487395233798
1271135163318185986
1271135131705712642
1271134883897724928
1271134859189256198
1271134769573761025
1271134676422471688
1271134488572178432
1271134404958720000
1271134357449838598
1271134346645291012
1271134295772585984
1271134270418026497
1271134157528346624
1271134147252232193
1271133984802713601
1271133871833100289
1271133675367915522
1271133658758471687
1271133269518622723
1271133214044807168
1271133123913437186
1271132431932940288
1271132268829048832
1271131740837380098
1271131509358055425
1271131484242554880
1271131296274755584
1271131042292760581
1271131014283374593
1271130868787093505
1271130742089752577
1271130737341849602
1271130542407221249
1271130502825676801
1271130362886971393
1271130275347603462
1271130129687814146
1271130084867440641
1271129878822129664
1271129822325018628
1271129773331435522
1271129695493541889
1271129600127635460
1271129549229772802
1271129517852164096
1271129427888541698
1271129378383151104
1271129201588998145
1271129092885282816
1271129081090846725
1271129059590897664
1271128670824955905
1271128603896557568
1271128561097879553
1271128387910762496
1271128364728934400
1271128006774394881
1271127846623248384
1271127718625755138
1271127580603793408
1271127268283371521
1271127219243569154
1271127098074238978
1271127053472071681
1271126845120012288
1271126731760570370
1271126687867121665
1271126649262800904
1271126308815241218
1271126285687889921
1271126098202505216
1271126071212150793
1271126045639376899
1271125989716897794
1271125974961344512
1271125857403273223
1271125658731773954
1271125543191293956
1271125211161735169
1271125210947878913
1271125171349229568
1271125028441120768
1271124853232467968
1271124811830439941
1271124795443339264
1271124733619306497
1271124589486235650
1271124578547400710
1271124434108194818
1271124386360315905
1271124381578792966
1271124364877082624
1271124310233620481
1271124251656011777
1271124247147143168
1271124108818997250
1271124008990367745
1271123984386424837
1271123592613441547
1271123536321474565
1271123491086110720
1271123090710228997
1271122994673389569
1271122838423027713
1271122757531701250
1271122601931411456
1271122565814259717
1271122288130363395
1271121969958838274
1271121788119003136
1271121637052743680
1271121622737530883
1271121532593586177
1271121359213641735
1271121300824690689
1271121295653179392
1271121251616972800
1271121212966670338
1271121085489049605
1271121044963618827
1271120979041943552
1271120971701813248
1271120911748521993
1271120770928750593
1271120709851455494
1271120594847830017
1271120564997033985
1271120546701479938
1271120488757186561
1271120485858906114
1271120098288439298
1271119716648706051
1271119606027960321
1271119563275538432
1271119545051332611
1271119440713789440
1271119137629261827
1271119131241254915
1271119124719120385
1271119070558146560
1271118972851806209
1271118908989284362
1271118902211346433
1271118820317581313
1271118815984746500
1271118753267400704
1271118689991929857
1271118681519489024
1271118597323214848
1271118495657463809
1271118399851069440
1271118357295771654
1271118188718276611
1271118053993058306
1271118053221302273
1271118009910865921
1271117821410451458
1271117796785770496
1271117709527351297
1271117659636146176
1271117583283105798
1271117193363836931
1271117174082613248
1271117051789279233
1271117033397194753
1271116998265769985
1271116972059697153
1271116961733378048
1271116902438486016
1271116815238823938
1271116751053492235
1271116682887663619
1271116662515916804
1271116606446469120
1271116490734030849
1271116399977660417
1271116288346206211
1271116268079386628
1271116193693413376
1271116125561131009
1271116099912957953
1271115969990180864
1271115944564228098
1271115579336855553
1271115564589756416
1271115472562462726
1271115433500905474
1271115377372803072
1271115198594715650
1271115174196531202
1271115168295063553
1271114973822009348
1271114860982493184
1271114603070545920
1271114583554625537
1271114530173657097
1271114516085039104
1271114463303868418
1271114400146034688
1271114342130421762
1271114273205489667
1271114047501619202
1271114039431761921
1271114006900535296
1271113828101693440
1271113381395775490
1271112671715299329
1271112465590484997
1271112211059011589
1271111935128408066
1271111702898069509
1271111085597159425
1271111022548406272
1271110835029434369
1271110592691089408
1271110399551651842
1271110396955496450
1271110295486820352
1271110030142705671
1271109847946342400
1271109829973757959
1271109574662160385
1271109572841922564
1271109437327990784
1271109347024736257
1271109035463499777
1271108908493369349
1271108810179063810
1271108580926558209
1271107934601334786
1271107728048562178
1271107637476655104
1271107524729507841
1271107393481355266
1271107344072617984
1271107307586220039
1271107255065174016
1271107198320472065
1271107170122321920
1271107069219729414
1271106952303525888
1271106920359710720
1271106852881747968
1271106734937894917
1271106719620435973
1271106712351780866
1271106615870025728
1271106508764270592
1271106409191571457
1271106383379914753
1271106367701557250
1271106328916684800
1271106224587780096
1271106220175155200
1271106111047901185
1271106004441317376
1271105887495770116
1271105782411640835
1271105772949090304
1271105724324761600
1271105512982052866
1271105393624637441
1271105286162563074
1271105240624959497
1271105119065497600
1271104946717380608
1271104935598460929
1271104877549117440
1271104138290450433
1271103976461594626
1271103681308459009
1271103615919222784
1271103485929566210
1271102859338149888
1271102758016385027
1271102717381865475
1271102387151761409
1271102268071444481
1271102213126008832
1271102141286014977
1271101924322893826
1271101786846146560
1271101769972699137
1271101693623767040
1271101578150211584
1271101350185762823
1271101337086750721
1271101331839819779
1271101294078578688
1271101273018970113
1271101099865448449
1271101017719861248
1271100941434052611
1271100902032769025
1271100789503799296
1271100771652849664
1271100766204440578
1271100765654773761
1271100640824090624
1271100609395998720
1271100416705441792
1271100344446132225
1271099871039127552
1271099790999379968
1271099777007128577
1271099726763450368
1271099552486100994
1271099408520826881
1271099060313894914
1271099008358834179
1271098863466643456
1271098644893241345
1271098401715699712
1271098373697761281
1271098324943360002
1271098191811936260
1271097972969930752
1271097799438929921
1271097690214952960
1271097485444804609
1271097309976240132
1271097249611812866
1271097055335735297
1271096820068835329
1271096702452199434
1271096528359350277
1271096286339633152
1271096273505058823
1271095986526584832
1271095918486417409
1271095697136324608
1271095574377508864
1271095550029361152
1271095511282483201
1271095466814582784
1271095443783630848
1271095365786193920
1271095198400098317
1271095188405043201
1271095018032226304
1271094975380496384
1271094834397315072
1271094821172572160
1271094780878106625
1271094775668768769
1271094654784634880
1271094606726418434
1271094440661155840
1271094313930326017
1271094167020568577
1271094009285541888
1271093892079849472
1271093889424936960
1271093868000276487
1271093801252270081
1271093775234936832
1271093726606053376
1271093508703748096
1271093488940052480
1271093483076550657
1271093372585943040
1271093115902996482
1271092989968789511
1271092830493126657
1271092769319202816
1271092753615781889
1271092239750647808
1271092239146651650
1271092116169637891
1271091974968401920
1271091858337419266
1271091728590663681
1271091664967421955
1271091634550329344
1271091586173153280
1271091560613019648
1271091538072920067
1271091521853493248
1271091403376844800
1271091060958089216
1271090813699854338
1271090793118404608
1271090769244405760
1271090615774703617
1271090474451959808
1271090237465227265
1271089860309389315
1271089464903897093
1271089393302933504
1271089333991280641
1271089310607892480
1271089118781624322
1271089109705113606
1271089031372320768
1271088865852391426
1271088803818676225
1271088627272101888
1271088387634667520
1271088337944748032
1271088314347450370
1271088291878776833
1271088287319576576
1271088221150220289
1271088191320317953
1271088140371910656
1271088086919806978
1271088055156445186
1271087610279182337
1271087574115684354
1271087509620097025
1271087493501329408
1271087288529719296
1271087271131795461
1271087154853302275
1271087136620654593
1271087057620865026
1271086990746947595
1271086990130401282
1271086953937715200
1271086771019878402
1271086622734340097
1271086469277528064
1271086428605362181
1271086310837547009
1271086241648271361
1271086130541195266
1271086072311750658
1271086055480070144
1271085836252196864
1271085789804290053
1271085777515098114
1271085157219516416
1271085109794484224
1271085024771784704
1271084815941541896
1271084791945986049
1271084681124106240
1271084628166823936
1271084592548786177
1271084578183221248
1271084508394205185
1271084505999323136
1271084440937279488
1271084385266262020
1271084344954757121
1271084050925535233
1271084016477720577
1271083896931708936
1271083840178737153
1271083672553361409
1271083439693971456
1271083355988099077
1271083049997012992
1271082823642779648
1271082066654838785
1271081893581258754
1271081821862719488
1271081693802164224
1271081535995707392
1271081372472561666
1271081335843586050
1271081295431507969
1271080495078494209
1271080490171334658
1271080331689541632
1271080312131346432
1271080183332732931
1271079835901853697
1271079822614319104
1271079770323734528
1271079753429200899
1271079742603755520
1271079550257160199
1271079385378902022
1271079339006681090
1271078678039089159
1271078661060464643
1271078639656931328
1271078390242607108
1271078326438973440
1271078251314675712
1271078123245731842
1271077980844982272
1271077882853502976
1271077842491600896
1271077767254167552
1271077750825156608
1271077586274340864
1271077300457680896
1271077221751496704
1271077024984072194
1271076797170487298
1271076422061301761
1271076249650081793
1271075892329095171
1271075834468728836
1271075694328643584
1271075637999083523
1271075635545309185
1271075564976209922
1271075351788060672
1271075241335443456
1271074728820817921
1271074455805218817
1271074441804632065
1271074423982956549
1271074336334643203
1271074128271937539
1271074093647921153
1271074074853117954
1271073963742040064
1271073677199605761
1271073557464915969
1271073489043116033
1271073062704877571
1271072946283560960
1271072868005294080
1271072478975188993
1271072432468746243
1271072250003939329
1271072225509224448
1271072063000887296
1271071345753886723
1271071278317920256
1271071270772318208
1271070551713492993
1271070461296861186
1271070412894466048
1271070403356553216
1271070329843019782
1271070057536393218
1271069683379249152
1271069349986676736
1271069238069993473
1271068868920909824
1271068710128648193
1271068676607926274
1271068506327523328
1271068479513378821
1271068355919659008
1271068305709826051
1271068268422402048
1271068004411981824
1271067967263051776
1271067865081352194
1271067782998904833
1271067736295309312
1271067688228524032
1271067654372106241
1271067638882619392
1271067403535945728
1271067386280624129
1271067371260821505
1271067142130196480
1271067133833703428
1271067075822395393
1271067043157159942
1271066984612892672
1271066922105352192
1271066638067085315
1271066520098148353
1271066428225929216
1271066388078235650
1271066268817223680
1271066172310663169
1271065935642845185
1271065639424327681
1271065525146259459
1271065088200445952
1271064979958116352
1271064665502687232
1271064608808275971
1271064479577657345
1271064425798254592
1271064401160830977
1271064222999416832
1271064153063518209
1271063891653595136
1271063840910970886
1271063826918752256
1271063536920334336
1271063375473184770
1271063219835154432
1271062655718100997
1271062468614381570
1271062434997043202
1271062378105503749
1271062352172134400
1271062206898212864
1271062178989211655
1271062059472519169
1271061990111424523
1271061964987355137
1271061931961528321
1271061603564294144
1271061109039079424
1271060474910707713
1271059967055970305
1271059287557705733
1271059176840708102
1271059024579043330
1271059000864509953
1271059000763625472
1271058343667302406
1271058337421914114
1271058311278985216
1271058028784168963
1271057670120800256
1271057577804251137
1271057378520133632
1271057339903291392
1271056989976588288
1271056868081688576
1271056791451758597
1271056651035041795
1271056492356087813
1271056246754467843
1271055959306252289
1271055905916780545
1271055887088660485
1271055853437751296
1271055841706348547
1271055635468226560
1271055483441422336
1271055399098220547
1271055395541397505
1271055393876312067
1271055393096183808
1271055392190193670
1271055391322001412
1271055390311137282
1271055389300264960
1271055303480610816
1271055127349100544
1271054827213258752
1271054809978884101
1271054042194534401
1271053872627355649
1271053580091510784
1271053426856726529
1271053230462636033
1271052817495724032
1271052685630996481
1271052602504024065
1271052582702796807
1271052282520416257
1271052212035346433
1271051761206398978
1271051422058962944
1271051392384331778
1271051085768089600
1271051036766228480
1271050897406164993
1271050639213236224
1271050070163697666
1271049082333802496
1271048841085640704
1271048557018005504
1271048408036519936
1271048031052468230
1271047987389771777
1271047544387383297
1271047158494420993
1271046271416090625
1271046154982166528
1271046151748423680
1271046052620177410
1271045667977400320
1271045601862574081
1271045499693551616
1271045186928476160
1271044941268037633
1271044900017094657
1271043876762128386
1271043702681714689
1271043671648096260
1271043639985258496
1271043557864939521
1271043461500805123
1271042991805698048
1271042484811042816
1271041853815652352
1271041624915746816
1271041571136380933
1271041065991225344
1271040779520073728
1271040582329094145
1271039788066279424
1271039634089238531
1271039399107665927
1271039233361416193
1271039048853925888
1271038903265476608
1271038859208523776
1271038799682863105
1271038777197092864
1271038180087791616
1271038074219139072
1271037981890052096
1271037937526935552
1271037932388773892
1271037681812688896
1271037650946920451
1271037528120922118
1271037469589291009
1271037201091092481
1271036951672623111
1271036823855382530
1271036756423577601
1271036576487923712
1271036210769780739
1271036188477054978
1271035973493764097
1271035934742544386
1271035776516542465
1271035182498398210
1271034819426709504
1271034560734613505
1271034460969013248
1271033968826122240
1271033492399423489
1271033370839941120
1271033256201392131
1271033219069214720
1271033107903213569
1271032637377908742
1271032604427456517
1271032287795326976
1271032244816220160
1271031499551395841
1271030515546677248
1271030350286925826
1271030097479454720
1271029712136155139
1271029637485862913
1271029636655349762
1271028890790539264
1271028855948673029
1271028746829455360
1271028722842378245
1271028693150732288
1271028575408447490
1271028426502098945
1271027415167512576
1271027099986362369
1271026923964108806
1271026913805508609
1271026791067648000
1271026712147623937
1271026584422670337
1271026459042340864
1271026284643188736
1271025807465512960
1271025696819646466
1271025662728470529
1271025471321489409
1271025192089923584
1271025177879592960
1271024906877251584
1271024903827972099
1271024772613378048
1271024602307637248
1271024367816892419
1271023664788627456
1271023628549861376
1271023049815580672
1271022493478739969
1271022474138877952
1271022193447665666
1271021819974295552
1271020456531935232
1271020397102858241
1271020206941515778
1271020030248005633
1271019878942728192
1271019578211151875
1271019147221176320
1271019086957461505
1271018629526704128
1271017107719745536
1271016964912295936
1271016924919586818
1271016804920393728
1271016630517002240
1271016629510471681
1271016388023459841
1271016356075487232
1271016294033358851
1271015352298663936
1271015279963799553
1271014913972924416
1271014824198242304
1271013163178262528
1271012777231089666
1271012675032678401
1271012663263481862
1271012075515633664
1271011916043911168
1271011469610692608
1271011246708588545
1271011006815309826
1271010406509752320
1271010271910416386
1271010240700379141
1271010088312922113
1271009664096854017
1271009145790124032
1271008981528559619
1271008754738307072
1271008023541153793
1271008001516810242
1271007813385564165
1271007732447866881
1271007648213860354
1271007500502892544
1271007273435856896
1271007180074909696
1271007138798645248
1271006547657752578
1271006335614644226
1271006058337763329
1271005941153103872
1271005917295906816
1271005864116269056
1271005841618067462
1271005216087986183
1271005197263831040
1271005169417773057
1271005006192349185
1271004773240598528
1271004631259181056
1271004492344025094
1271003828230524931
1271003812946477057
1271003702812344321
1271003174506201088
1271002078572249095
1271001474114478080
1271001470431707136
1271000801163587584
1271000792145813504
1271000732678815744
1270999574862315521
1270999297983541248
1270999211006324736
1270998801206005761
1270998565792501765
1270998549023436800
1270998507307118593
1270997807680323585
1270997769944207361
1270997668316184577
1270996831460372481
1270996462458023936
1270996357843746817
1270996221084274689
1270995797778169858
1270995306314895361
1270995081735045120
1270994636614635522
1270994350324035589
1270993720855298050
1270993619810422785
1270993353618804737
1270992916593487872
1270992831130284035
1270992704667815942
1270992382922829825
1270992071940243456
1270991457575452672
1270991302562328576
1270990246189170688
1270990005922607104
1270989726435233795
1270989257533001729
1270989240701239296
1270988902115966979
1270988558388596736
1270988505271816193
1270987890479284224
1270987740201603075
1270986310149386243
1270986264595050499
1270985716961509376
1270983745017970689
1270983511365652480
1270982959894585344
1270982788431429632
1270982739207036928
1270982630864011265
1270982333781413888
1270982231511535616
1270982044416217088
1270981247783878657
1270980858183168000
1270980483489452032
1270980367890165760
1270980229163556865
1270980121613217793
1270979996962574338
1270979895724834816
1270979871901089792
1270979637271597057
1270979360837623808
1270979195770896384
1270978487965360128
1270978064374210560
1270977514299670533
1270977491381833728
1270977126150426624
1270977091299766273
1270976867290447872
1270976632581308418
1270976631734038528
1270976581402591233
1270975982602727424
1270975524127440896
1270975502056960000
1270975399321833475
1270975137769111552
1270974916003758080
1270974401140400133
1270974186744213504
1270974080628424705
1270974008410796032
1270973469174489091
1270973278945828865
1270973181843714048
1270972930206380032
1270972374163361792
1270972264025112576
1270972113759789057
1270971945899757568
1270971107709825024
1270970972342870016
1270970750074118152
1270970578845884416
1270969939357286400
1270969743068061696
1270969735610535937
1270969633647058951
1270969539522592769
1270969291362275328
1270969090081865730
1270969005994659840
1270968842639073280
1270968823290740736
1270968323505885185
1270967721392365569
1270967708381822977
1270967421382406144
1270967218734534662
1270967169606733825
1270967010168410113
1270966900147683328
1270966708573016064
1270966233127518210
1270966063669211136
1270965923135074304
1270965856474771456
1270965808429174785
1270965800531181570
1270965442383929344
1270965319788400640
1270965115311894530
1270965070307061761
1270964893496283136
1270964752576110593
1270964734393802757
1270964463848448002
1270964444932104192
1270964251797020672
1270964155458215941
1270964098725851136
1270964079885197312
1270963941141876737
1270963926205792256
1270963894857564161
1270963846405148677
1270963798552256512
1270963583342403585
1270963122577174528
1270963115312787456
1270962995288518658
1270962995120664576
1270962865126678528
1270962833958875136
1270962455494066176
1270962313516859393
1270962140162093056
1270961970095755264
1270961886406668289
1270961844572880898
1270961742001168385
1270961657083244545
1270961603014545411
1270961601903026178
1270961469509603328
1270961454678716416
1270961334600040449
1270961041929760768
1270960916503261184
1270960670335369218
1270960662013980672
1270960594280050689
1270960541788278784
1270960307347709952
1270959887443537920
1270959821790076928
1270959659223060481
1270959569129181184
1270959397955665920
1270959171601498112
1270958809238827009
1270958604749877248
1270958563368689666
1270958525670449152
1270958453981196288
1270958418417811458
1270958194421043201
1270958082286370817
1270957895211823105
1270957763472941059
1270957731336220673
1270957501496856578
1270957373415321600
1270957139897380866
1270957121085927424
1270957057642881024
1270956784098787328
1270956662774312960
1270956485539819524
1270956468477612032
1270956341465669632
1270955684398370817
1270955660524621824
1270955508783087617
1270955080041164802
1270955071212343297
1270954953738084352
1270954884196700161
1270954882942427136
1270954773253173248
1270954756576620544
1270954728004837377
1270954652968910849
1270954559976828928
1270954462673285122
1270954455542849536
1270954408520478720
1270954405177593857
1270954273220595713
1270954181436649472
1270953978910695424
1270953969100058625
1270953870877962240
1270953857464406018
1270953835398262785
1270953753538068481
1270953745229070337
1270953679605116930
1270953577083809797
1270953576374743041
1270953523081953280
1270953300008067072
1270953016187912193
1270952922441007104
1270952861321490435
1270952845789937665
1270952805537329152
1270952738826989568
1270952679594958849
1270952665611030534
1270951898372345863
1270951846589288449
1270951706914889728
1270950734813704194
1270950733786087424
1270950698297917441
1270950403383848960
1270950052396101632
1270950025007415297
1270949654805590017
1270949613436932097
1270949447539646464
1270948822919852033
1270948732486316033
1270948679566974977
1270948551347011585
1270948418924482561
1270947958679384064
1270947697860784128
1270947483540054017
1270947214081363968
1270947126378405889
1270947106790899714
1270946878398640128
1270946785821777921
1270946596872613889
1270946247239593984
1270945746305429504
1270945741738041345
1270945655389741056
1270945650667065350
1270945634477133824
1270945213469519872
1270945053213691905
1270945016400076800
1270944822707159046
1270944773067530240
1270944457068883968
1270944374478651392
1270944094395736065
1270944006571253761
1270943933984538624
1270943927831597057
1270943864745078785
1270943514298327040
1270943246357688320
1270943155068624901
1270943117588520960
1270943039373139971
1270943032670449664
1270942952202940416
1270942565060292608
1270942455819571200
1270942313645137920
1270942194770247680
1270941948862291971
1270941601720909824
1270941361802481664
1270941310292238336
1270941249386639360
1270940972264968193
1270940941314953216
1270940837074141184
1270940807353204737
1270940319954026496
1270940094875045890
1270939940373827584
1270939719036284928
1270939703982739456
1270939703416479744
1270939103144693760
1270939056973774848
1270938563744616449
1270938185166700545
1270937843108585472
1270937509330145281
1270937070551220225
1270936319804530688
1270936274543579136
1270936239009488896
1270936087528124416
1270935997111349248
1270935805570060288
1270935763643854848
1270935706152689665
1270935696342016000
1270935611080208384
1270935477659426816
1270935460215316481
1270935325624295425
1270935270309810177
1270935217134436357
1270935041577713666
1270935004206362625
1270934968554799104
1270934675268108288
1270934573824659457
1270934500025892865
1270934467796844544
1270934033438920704
1270933998773174273
1270933867139084288
1270933557985378305
1270933468017569793
1270933401034358786
1270933235711782912
1270933113103888385
1270933035190489088
1270932935970033664
1270932653768871936
1270931820381474817
1270931350326050816
1270931283682738176
1270931188941611008
1270930869461700608
1270930834086903808
1270930487775805445
1270930346293460992
1270930308561604610
1270930301926113280
1270930279557926913
1270929937197862913
1270929674353299456
1270929590102286337
1270929396346638337
1270929100404744195
1270928905969512450
1270928737480011777
1270928622417829889
1270928238680801280
1270928169659490306
1270927974498316289
1270926696472961025
1270926394751475714
1270926356856082432
1270926186139418626
1270926002198319109
1270925921587916801
1270925848871223297
1270925822074007552
1270925433714941959
1270925416866463748
1270925253213110272
1270925193914077195
1270925167288451072
1270925030701043712
1270924998430113792
1270924947053932544
1270924816338436102
1270924523508883457
1270924408161308674
1270924285289345024
1270923813304233984
1270923465051140096
1270923452388646912
1270923349724667907
1270923167276515328
1270923090478972936
1270922872240791552
1270922739759505415
1270922559345717248
1270922240570167296
1270922225386876929
1270922041344929793
1270922022831288320
1270922022684516353
1270921907332943878
1270921854287523840
1270921717691453441
1270921639727755265
1270921312010207232
1270920969662627842
1270920612509290497
1270920605651685376
1270920508721074177
1270920291095646210
1270920229959467010
1270920072845025285
1270919958998863875
1270919496941940737
1270919455292428297
1270918827862188032
1270918627760340992
1270918614435037186
1270918501000241162
1270918379197493252
1270918114927153152
1270917943518302209
1270917929325006849
1270917828120641543
1270917252401905664
1270916927175589893
1270916698640711681
1270916541496922112
1270916425717342208
1270915609254137856
1270915592174911490
1270915336196419587
1270915279267098624
1270915101651058691
1270915018192642053
1270914954246402053
1270914870318452736
1270914861560672258
1270914174265090049
1270913528346492928
1270913494112747520
1270913452454838272
1270913442619305984
1270912497101438978
1270912464276738048
1270912280025346049
1270912260127391744
1270911819930939393
1270911683511214081
1270911591777808384
1270911556440788992
1270911439213977601
1270911297899466752
1270910622298001408
1270910391376216064
1270910010810392576
1270909485645656066
1270909073463132160
1270909027128471552
1270908959075917824
1270908954831396867
1270908948783251467
1270908876838170631
1270908805665239044
1270908522323013632
1270908448675434497
1270908440206958594
1270908304491974658
1270908231381106692
1270908207909580805
1270907867579768832
1270907811946541057
1270907611806699520
1270907584300683264
1270907089565646850
1270906990529658882
1270906378400522240
1270905736512434178
1270905550943944707
1270905287961014272
1270905026349694976
1270904828361953281
1270904758191169538
1270904725899218949
1270904426094608384
1270904375972528128
1270904130647646208
1270904004583870465
1270903878624710657
1270903851026087936
1270903835826049024
1270903394559881219
1270902977843417088
1270902685743624192
1270902384961748992
1270902064521129985
1270902037677563905
1270901658411831296
1270901652372021248
1270901621040402434
1270901471882678283
1270900980620681221
1270900834273038339
1270900792543895552
1270900481418686465
1270900326430699520
1270900158025392130
1270900142703439872
1270899956224790528
1270899537918464000
1270899524991619080
1270899476824129538
1270899445132144642
1270899302638862337
1270899276718039041
1270899184569221120
1270898942662803462
1270898914841985026
1270898806301659136
1270898524788531201
1270898469851430912
1270898194965291009
1270898070885150726
1270897942388510726
1270897901535932421
1270897862679953408
1270897801606713345
1270897751841259521
1270897746195607552
1270897665707032576
1270897635923234817
1270897605250363392
1270897568583757829
1270897532487565312
1270897524589592576
1270897465571659780
1270897414912774144
1270897383988236288
1270897354346987522
1270897190735675394
1270897132606828549
1270896452806443008
1270896197612580864
1270896127768961026
1270895877973053442
1270895597864857602
1270895514821722114
1270895315902771201
1270894746551160833
1270894596382318597
1270894528203902976
1270894499019943937
1270894151924699140
1270894020449972226
1270893212253724672
1270892784459943938
1270892232879431680
1270891135620218880
1270890919244386307
1270890783919542272
1270890709730672641
1270890392234471427
1270890233182195712
1270889347810811905
1270889296342458370
1270888650830524417
1270888422853533696
1270888213020803072
1270888073656664064
1270887878395076618
1270887703400321034
1270887681464184833
1270887409358495744
1270887308141768710
1270887012275552256
1270886548242866178
1270886367770423301
1270886243568693260
1270885968191594497
1270885707716968448
1270885686879694848
1270885659809656832
1270885506029703170
1270885502661677064
1270885416401547266
1270884942172557312
1270884925873336320
1270884873323139076
1270884819359203328
1270884764657074183
1270884543528984577
1270884095992557568
1270884078938513408
1270883732740886529
1270883451324030976
1270883414200197122
1270882987094261765
1270882970082082818
1270882909533192193
1270882901488328704
1270882882928680961
1270882687499284485
1270882546759405570
1270882312406937604
1270882168235937792
1270882051776868352
1270881802454921217
1270881702492151808
1270881486456020994
1270881332239818754
1270880736447471619
1270880551319121920
1270880412605263876
1270880333601271808
1270880135378374657
1270879976837935104
1270879710776614918
1270879704346746880
1270879649317318656
1270879506136522753
1270879434824957952
1270879399001223169
1270879307255160846
1270879282068443137
1270879251512938497
1270879148744024064
1270879083904172032
1270879069761163264
1270879025297330177
1270878765300748288
1270878698858840064
1270878396973813761
1270877901903233024
1270877717249101825
1270877439686672384
1270877422020329473
1270877315677986816
1270877110954078209
1270877010642874368
1270876883899617282
1270876741318447104
1270876665984569345
1270876457531609088
1270876449256472576
1270876243358081025
1270875191883726848
1270875055103279108
1270874763297042432
1270874635740086273
1270874346714734593
1270874342809899010
1270874342306361344
1270874337952714753
1270874197162487808
1270874175121633280
1270873963930038276
1270873785437163527
1270873753199579136
1270873614238339080
1270873379063488514
1270873295571861506
1270873088092143618
1270873038435819520
1270872984337690625
1270872981015756807
1270872861851475973
1270872830062673921
1270872802581794817
1270872691428466693
1270872197318316032
1270872009140957184
1270871660149825538
1270871636984557568
1270871517417652224
1270871409087008769
1270870922832969728
1270870394979774464
1270869855294586882
1270869734230233093
1270869545415311360
1270869267710345217
1270869253374296069
1270869019357306885
1270868981503496192
1270868807909810178
1270868718294388736
1270868659645358080
1270868598593126401
1270868384528416769
1270868338609176576
1270868196657188864
1270868155150319620
1270868135302901766
1270868104655093763
1270867494899777539
1270867248664547329
1270867243862241280
1270867214716088321
1270867134382571523
1270867073187577861
1270866948985720832
1270866929000026112
1270866916165349377
1270866723839696896
1270866465218940929
1270866310730145793
1270866307110428673
1270865862627438592
1270865780272271362
1270865722323931145
1270865581068206082
1270865412071317506
1270865030540660736
1270865010206613504
1270864961795952640
1270864952954368000
1270864933664653312
1270864889041453056
1270864568797945857
1270864544160796673
1270864389587955713
1270864279575592960
1270864058460155905
1270863293633171456
1270863224158564352
1270863054130085889
1270862934722240512
1270862899263664129
1270862644728205313
1270862605754740739
1270862562045726720
1270862431686967296
1270862221048836097
1270862137326473218
1270862034096226308
1270861851283394560
1270861831217840134
1270861696899350537
1270861656919126016
1270861565844058112
1270861317860098053
1270861315758854146
1270861224570286080
1270861040486621184
1270860977043431426
1270860873754697735
1270860483675947008
1270860302243029000
1270860092204699648
1270860083811938304
1270860012634673152
1270860010592120833
1270859955449606145
1270859913967910912
1270859899828711424
1270859809471021056
1270859783973810178
1270859759466536961
1270859713543122945
1270859620056268800
1270859606655459328
1270859588649259010
1270859516981186562
1270859334378029057
1270858776996909058
1270858728493940738
1270858313345888257
1270857970029522944
1270857754329010177
1270857300173971456
1270857023899435009
1270856952709623808
1270856705073537026
1270856438097891331
1270856419395407883
1270856297169256457
1270856105669902337
1270856038250680320
1270855947624361984
1270855897477242882
1270855773703241728
1270855339513176064
1270855163100741641
1270855060457754626
1270854775190495232
1270854698875183104
1270854608416657410
1270854424865497091
1270854407329058818
1270854144228839439
1270854060049080321
1270853968101543938
1270853538403368960
1270853406240804864
1270853398972166146
1270853190389567490
1270853069220098049
1270852826592423936
1270852695579033601
1270852670090330112
1270852599290290176
1270852538703556613
1270852372781133824
1270852351562113025
1270852302388281345
1270852136100696065
1270852109181820930
1270851911546175489
1270851890633269249
1270851719115575296
1270851679768829952
1270851577759195136
1270851524311187456
1270851463229685760
1270851459836334082
1270851293070778369
1270851217913188352
1270851070844194816
1270851067027189760
1270851060425342976
1270850944385732609
1270850934579646465
1270850856930312192
1270850738344919045
1270850677422473217
1270850558589616128
1270850467044773888
1270850412883648513
1270850330830557190
1270849998742151170
1270849895176364032
1270849890122424323
1270849849894727680
1270849692667125762
1270849490430210048
1270849477562294272
1270849368946589696
1270849329633337351
1270849311383777280
1270849281767825408
1270849123760115712
1270848865751773190
1270848800496726016
1270848438473617409
1270848363563491330
1270848045400363008
1270847944850202624
1270847852130992128
1270847721260191744
1270847651299446784
1270847642227089409
1270847592054706177
1270847576196202496
1270847294384947200
1270847145222959106
1270847119901917184
1270847068186144768
1270846965908221955
1270846925193965568
1270846308388163587
1270846231020023808
1270845950362337280
1270845920930824194
1270845737606107137
1270845619041599494
1270845572438732801
1270844933230952449
1270844773272891394
1270844367335555074
1270843466076033024
1270843341412982793
1270843194314555397
1270843132817616896
1270842207659069441
1270841943489159172
1270841635790864384
1270841551703412737
1270841208080863239
1270840840148127748
1270840809877835776
1270840737714835460
1270840707670872066
1270840560564137984
1270840488430579713
1270840121328369676
1270839853773701120
1270839431629438976
1270839179161874433
1270839062778318854
1270839022512934914
1270838887884210176
1270838264270925825
1270838106715897857
1270838059429478403
1270837885370056705
1270837493806571525
1270837326072217602
1270836677561417728
1270836499999854593
1270836292465692678
1270836145224667140
1270836097132589058
1270836041176551424
1270835882900086784
1270835866949337089
1270835773030445057
1270835735625707523
1270835647243264005
1270835314689552384
1270835188436807681
1270835082064998412
1270834766624034816
1270834764488925184
1270834191362666496
1270834121653268480
1270834046923419648
1270833963666292738
1270833935795306499
1270833930594181120
1270833906900557824
1270833878681280514
1270833738272784384
1270833570429329409
1270833352623489026
1270832620377645056
1270832380157272070
1270832372267675648
1270832154709241856
1270832132286410757
1270832053081313282
1270831958168346625
1270831889645858816
1270831721693491203
1270831671403622403
1270831488888721411
1270830633401622532
1270830625084379143
1270830568603869186
1270830483836895232
1270830348218187776
1270830305792806913
1270830128659156992
1270829991723335680
1270829839059017728
1270829466483294209
1270829436603174912
1270829212891570184
1270829145564614656
1270829072575270915
1270828526216925185
1270828465982287872
1270828361787387904
1270828101509906432
1270827997684043777
1270827864384868352
1270827725041762306
1270827599220994048
1270827245859483654
1270826733164470273
1270826581536235521
1270826485415317506
1270826463131062273
1270826462099226630
1270826445313576961
1270826363922944000
1270826076986621954
1270826055532716034
1270826010406195200
1270825944337580039
1270825844097921024
1270825690733006850
1270825624182026240
1270825549666103296
1270825345478914049
1270825283055243286
1270825135306661890
1270824861913321472
1270824854816686083
1270824559558656010
1270824261830115328
1270824122625515520
1270824117323825159
1270824106372370432
1270824103482732548
1270823753015005185
1270823698761756672
1270823615710322700
1270823572651589633
1270823406821347331
1270823295026372609
1270823192886603777
1270823158816428036
1270823084711391237
1270823053744910338
