1270822962950803456
1270822943812128769
1270822887490895872
1270822850346258433
1270822824341626882
1270822820034084867
1270822791407972358
1270822694137839617
1270822515187896322
1270822211822239747
1270822140619743234
1270821469124165637
1270821469023547394
1270821241046175744
1270821176466530304
1270821146531782657
1270821059227291648
1270821030341283840
1270820907733463046
1270820884169854977
1270820875181477889
1270820858886488064
1270820701302403074
1270820625666301952
1270820572331573248
1270820556762480648
1270820532838162439
1270820508867547137
1270820277220372482
1270820228436353024
1270820117153226758
1270820101693018117
1270820089734942720
1270819897228947456
1270819787254398977
1270819596228939776
1270819530047021057
1270819410631168006
1270819364569317377
1270819075594293257
1270819063141289985
1270819059505008643
1270818953468805123
1270818866143338497
1270818760052662272
1270818327015886856
1270818142663503872
1270817948089774080
1270817917165285376
1270817911444312064
1270817880011988992
1270817859720093696
1270817759635673088
1270817726362247171
1270817508648538114
1270817290049773568
1270817122495500289
1270817095081738240
1270817032368386048
1270816895881510912
1270816866760564738
1270816858522955784
1270816840273604612
1270816788922523649
1270816763916292101
1270816545690849280
1270816544633819143
1270816541026643968
1270816525352566785
1270816375435440128
1270816119054462977
1270816055691079682
1270816007662243840
1270815964750364672
1270815876112154625
1270815592673673217
1270815562260598784
1270815417813159943
1270815296849403908
1270815205245833217
1270815168499535873
1270815099943415810
1270814949540012037
1270814643435343872
1270814540830322690
1270814363851436032
1270814119973748739
1270814065313497088
1270814037287337984
1270813985261137920
1270813888234180608
1270813775793401856
1270813624752205824
1270813369596096512
1270813345571115009
1270813031157526528
1270813001210306566
1270812836361408512
1270812770120937474
1270812717474078720
1270812563782225922
1270812464771297280
1270812194154954753
1270812186617581568
1270812096368906248
1270812039322181633
1270811943507550210
1270811916307509248
1270811793775038465
1270811704079691776
1270811657258795014
1270811636815859717
1270811517567393792
1270811481207181312
1270811473296732162
1270811471300214787
1270811469567926273
1270811388944908289
1270811349849964544
1270811277947023361
1270811229263626247
1270811155091673088
1270811077064953856
1270811066394542080
1270811024824860672
1270811022509486080
1270810826258231297
1270810811200499712
1270810748873248768
1270810680652955651
1270810665846964226
1270810640320430082
1270810603645370368
1270810545835278336
1270810528647168000
1270810433654587393
1270810341556060163
1270810307418566656
1270810199541121026
1270810143396179968
1270810139155509249
1270809892610244609
1270809892606013440
1270809892434194433
1270809873501114370
1270809809965572096
1270809775262007299
1270809714079735808
1270809638661836801
1270809494688108550
1270809480532381700
1270809346826362880
1270809343496081408
1270809206795522053
1270809088801165313
1270808954042449921
1270808870735118336
1270808719563972608
1270808574944559105
1270808536029642752
1270808366080839682
1270808334673874944
1270808327740698624
1270808279581483008
1270808273155960838
1270808109850730496
1270808091077021696
1270808049846898688
1270808006297636867
1270807943122956290
1270807931727032320
1270807914446372864
1270807842900099076
1270807601853288449
1270807507439673344
1270807395266998272
1270807277818253312
1270807199023947776
1270807013484879874
1270807009026326528
1270806959634120707
1270806947563032578
1270806863521607682
1270806641135562754
1270806502270332928
1270806298775506945
1270806215191195648
1270806213756928000
1270806123130609664
1270806081057574913
1270806059221946368
1270805721412562945
1270805699765899269
1270805625388314624
1270805547978240001
1270805497638055936
1270805414951751682
1270805390607835136
1270805323448676353
1270805291026780160
1270805198416474113
1270805174261436416
1270805167559135233
1270804946665877504
1270804894962728960
1270804582772248578
1270804508155826176
1270804280388325376
1270804236109037571
1270804196883914752
1270803923784302594
1270803915433336834
1270803770310459393
1270803732561825793
1270803667290140684
1270803592463540224
1270803485294878720
1270803474712866816
1270803427262468096
1270803375957913602
1270803356034969600
1270803053747286018
1270802994427310088
1270802970591059968
1270802959576768513
1270802941528756224
1270802917428203523
1270802884586807303
1270802603471847424
1270802512891830282
1270802427160248326
1270802420302581761
1270802255047020544
1270802238433185792
1270802175506223110
1270801991002927105
1270801882529837056
1270801640472403970
1270801583819849732
1270801537892339712
1270801453087707141
1270801450952724482
1270801364436815872
1270801170030870531
1270801134601539585
1270801012316651521
1270801000115429380
1270800974718869511
1270800898248368131
1270800882687520771
1270800513420779521
1270800352774946817
1270800145798565892
1270799984670187521
1270799497300373505
1270799246824964096
1270799246153977857
1270799097193267200
1270798985268092929
1270798778178691072
1270798670489927681
1270798343946620930
1270798205580525568
1270797533745463298
1270797515076534272
1270797367445422080
1270797349191913473
1270796749867794438
1270796385739309056
1270796369561890818
1270795963586818051
1270795856665550848
1270795760934805504
1270795717796417536
1270795714361163778
1270795593380741121
1270795538099830785
1270795486300123137
1270795387838881792
1270795280523427842
1270795030706487298
1270795023374843905
1270794925316157443
1270794710471323664
1270794299626618881
1270794216894009347
1270794212389253126
1270794173902467075
1270793924022620160
1270793669575139334
1270793266737356800
1270793167378448386
1270793076366348288
1270792903229689865
1270792880077049857
1270792861773152257
1270792501826187264
1270792487137947648
1270792245881344000
1270792129057566722
1270791890133229568
1270791652865605643
1270791337294663691
1270791214288318471
1270791159586177030
1270790716768337920
1270790636472598528
1270790469417656322
1270790359128444929
1270790260553740289
1270790196125208581
1270789907557072896
1270789897297805318
1270789748798427137
1270789537065627648
1270789516761104384
1270789227660431361
1270789087973253122
1270789054393712640
1270788992674529287
1270788901951553536
1270788892631982082
1270788846427484161
1270788827012108288
1270788791708651520
1270788659869032449
1270788634631794688
1270788535914762240
1270788462229065729
1270788450258694148
1270788336018391041
1270788285774921728
1270788229097291778
1270788145941041155
1270788048515747840
1270787981884960771
1270787964398899203
1270787952902356992
1270787921629507585
1270787645409550338
1270787627021631490
1270787463607394304
1270787439473373184
1270787392811786245
1270787275601870848
1270787196916846592
1270787184300380162
1270787133666705414
1270787041161330691
1270786962505555969
1270786945216643074
1270786837582397440
1270786762382684160
1270786669420122112
1270786649526620163
1270786473093222401
1270786457779810305
1270786360471719936
1270786258097373185
1270786200643817472
1270786193098186752
1270786130955436032
1270786068154060808
1270785923026948096
1270785887811575808
1270785849517584386
1270785732291055616
1270785665320529920
1270785362374406148
1270785324055236608
1270785017036394499
1270784965010165761
1270784905459519488
1270784894084558848
1270784857690472450
1270784843387826176
1270784817605607433
1270784642526908416
1270784425689743367
1270784267266768899
1270784215110516742
1270784090694987777
1270783851804028932
1270783573847617536
1270783538502283264
1270783193659179009
1270783070107586560
1270782817924984833
1270782812619182081
1270782805929340928
1270782316391079936
1270782301107077121
1270782149008912385
1270781871673298945
1270781841876963330
1270781821345808386
1270781788680585216
1270781317312102400
1270780936058175488
1270780847470379010
1270780747754770432
1270780308569436163
1270780092667609090
1270780083188436997
1270780074518884359
1270780025420353536
1270779825133809665
1270779823871234048
1270779670615605248
1270779552583888897
1270779429782982657
1270779408492769281
1270779163994021888
1270778843129921537
1270778806454845440
1270778568402972676
1270778367076335617
1270777890934841346
1270777837973274625
1270777837767790593
1270777811943358465
1270777654044745730
1270777635556163588
1270777621421449217
1270777447261364224
1270777371449270272
1270777152150081536
1270777149851459585
1270777103512997894
1270776830673539080
1270776817473826816
1270776704445943809
1270776554126262272
1270776340577267713
1270776247736504322
1270776224189644803
1270776145026469891
1270775893565243393
1270775863462649858
1270775723872202756
1270775601574576128
1270775500668047363
1270775213475663879
1270775186942570496
1270775051151867906
1270774809413246976
1270774767457570816
1270774737946308608
1270774557893447680
1270774546014994433
1270774479564599296
1270774459830542337
1270774230762893312
1270773949241098241
1270773815451062272
1270773771780206592
1270773750728982528
1270773694823043073
1270773648085995528
1270773373279375360
1270773294883536896
1270773006994898945
1270772878594752512
1270772862031482881
1270772536142331905
1270772508199976960
1270772499207380993
1270772463425724419
1270772316834795520
1270772261469818881
1270772182931722240
1270772139571007490
1270772040690274307
1270771994460446720
1270771873517895680
1270771821248425984
1270771750717067269
1270771482424156162
1270771292355117058
1270771268816642049
1270771206325596160
1270771138071855104
1270771105402441728
1270770925148033025
1270770686416556034
1270770605755858949
1270770571345899521
1270770495475105792
1270770337827995649
1270770315220733952
1270770262909255680
1270770164624220160
1270769690864992272
1270769205009362947
1270769171916361728
1270769148251914240
1270769123463659523
1270769045395161098
1270768785570611201
1270768485862432768
1270768331155402752
1270768319973466112
1270768317809254401
1270768256693960705
1270768057548341248
1270767921766133760
1270767813435801608
1270767797488857091
1270767796524204032
1270767781701615617
1270767477723500544
1270767412980269056
1270767217098002441
1270767191948918785
1270766732534255616
1270766675462443009
1270766549373267972
1270766378300170240
1270766163077799939
1270766032018423820
1270766002565939200
1270765843341807616
1270765688467193858
1270765588952965120
1270765458766077952
1270765310065414163
1270765264712404995
1270764876680572934
1270764785718755328
1270764780131770368
1270764633155162113
1270764417852928006
1270764316296388611
1270764311741423618
1270763912166879235
1270763876393639936
1270763777386885120
1270763597891764227
1270763533169459202
1270763519777083395
1270763398599528452
1270763351099019268
1270763117727735809
1270762810511888386
1270762802462875648
1270762802224025601
1270762714370056195
1270762711073390592
1270762399755145227
1270762229126836224
1270762131256901634
1270762020649021441
1270761983017717764
1270761977376374784
1270761963409346560
1270761835671797760
1270761776817340417
1270761680323166208
1270761554028433409
1270761505181577225
1270761438798323716
1270761384566050816
1270761312713428992
1270761248934604811
1270761196661112836
1270761131993444352
1270761120555548674
1270761021704200192
1270760926292004864
1270760899964481536
1270760838136242176
1270760827344257026
1270760768871501830
1270760729432522752
1270760708716847106
1270760640949284864
1270760624688189443
1270760579926540290
1270760574612197377
1270760506022756352
1270760380952870914
1270760362695163904
1270760292079681536
1270760274295955456
1270760217773563904
1270760179223715840
1270760173326364677
1270760114979434496
1270760030099382272
1270759894010998795
1270759745478111234
1270759666058964992
1270759659796934656
1270759533187481600
1270759485888438272
1270759466296893440
1270759049328578562
1270758922551427072
1270758900686622720
1270758782579195904
1270758543881375749
1270758455650004995
1270758359810084866
1270758321386119171
1270758239852871681
1270758216062742531
1270758152452046848
1270758080712671235
1270757988580671490
1270757879323058177
1270757878853443584
1270757808632406019
1270757789900685312
1270757664524558336
1270757559314591745
1270757438359289870
1270757338971062272
1270757278728228866
1270757201943109632
1270757033663516672
1270757013983813648
1270756912137670658
1270756803383623684
1270756557001830400
1270756465263947776
1270756251656310785
1270756196354572290
1270756188196610049
1270756143711883265
1270756087176802306
1270755944499236870
1270755910126759936
1270755877545488388
1270755768673939456
1270755671592636416
1270755495264083968
1270755430084444160
1270755426255155201
1270755346055925766
1270755326271401992
1270755310718922754
1270755279748001792
1270755261792186368
1270754943113269248
1270754909709795329
1270754842051575809
1270754685658574849
1270754683066425351
1270754480582209536
1270754408884813824
1270754348675588096
1270753793899139073
1270753669315690498
1270753560616030208
1270753546112286725
1270753356571504640
1270753278809300997
1270753259498672129
1270753242004193280
1270752870791430145
1270752819893731329
1270752545825316870
1270752431178223617
1270752212717907979
1270752117712617473
1270752027753185283
1270751992088948739
1270751842742554625
1270751506472591360
1270751488919449602
1270751313341579264
1270751273340620800
1270751215178006529
1270750902929014791
1270750824780591104
1270750802660012032
1270750740894670848
1270750705096286208
1270750536443277319
1270750439055798273
1270750331887136768
1270750230804402179
1270750131411877889
1270749937794314241
1270749863043649536
1270749860078084103
1270749797125951489
1270749368904298496
1270749265774678018
1270749204554682371
1270749204487581697
1270749170715025408
1270749065333010436
1270748933988458504
1270748791461814277
1270748600306405377
1270748560552865799
1270748533294084097
1270748265911406595
1270747737252823043
1270747697490931713
1270747312055336960
1270747154391404544
1270746727981576192
1270746572998000648
1270746506249863169
1270746468832468995
1270746357217792002
1270746187751026689
1270746142104526852
1270746102833254406
1270745846909452289
1270745373372547072
1270745237229645825
1270744915929190400
1270744706272518145
1270744657065136134
1270744654393364480
1270744625331023873
1270744563393662976
1270744397064409094
1270744346296487938
1270744258891448329
1270744203526647814
1270744153417105408
1270744145880121344
1270744078607622150
1270744064808423427
1270743815708688387
1270743125837955073
1270743071995682816
1270742991313960960
1270742970917101568
1270742941175250944
1270742734584741888
1270742509636014080
1270742501771665412
1270742479944347648
1270742170140659712
1270742152230780928
1270741988913016832
1270741547005313024
1270741538453274625
1270741316717228033
1270741258336718849
1270741158973575168
1270740984264036353
1270740869214322692
1270740680764252160
1270740312667889664
1270740274139090951
1270740241347833857
1270740213690662913
1270740144820293632
1270740122892472321
1270740109416161283
1270740082773954561
1270740052759523334
1270739777881595906
1270739769790574594
1270739669408337920
1270739667663519746
1270739367254867968
1270739271888994304
1270739219930112000
1270738919441797121
1270738913506852864
1270738795177132039
1270738744300261376
1270738427919716352
1270737908710981634
1270737906991333377
1270737750430494727
1270737607341871109
1270737483651784704
1270737374662844416
1270737335559356416
1270737206815186944
1270737099046760449
1270736908017115136
1270736674192941056
1270736446274580482
1270736295707508739
1270736120762916864
1270736008020201472
1270735938474426369
1270735817896415232
1270735665777516544
1270735644906729474
1270735548295061504
1270735525692035072
1270735408658362377
1270735215833632770
1270735048304713729
1270734869597995011
1270734797791473664
1270734738421018625
1270734561832558592
1270734475681390593
1270734466189791232
1270734440000450560
1270734427514040320
1270734343225384962
1270734268071903233
1270734231573069824
1270734145237528578
1270734138832834567
1270734077017161729
1270733375540731906
1270733374303461377
1270733336839741442
1270733297447063561
1270733066869202944
1270733030219550722
1270732972128378887
1270732956412280834
1270732863328137216
1270732577402490880
1270732535438475268
1270732524495519744
1270732496020348931
1270732276679282689
1270732241417764864
1270732025423634432
1270731754345807872
1270731748981252096
1270731558585012224
1270731409313980416
1270731220364791808
1270731052303204357
1270730795867652098
1270730359647305728
1270730164301959169
1270729998538731524
1270729485428518912
1270729453497352203
1270729342608388096
1270729312279257094
1270729285746266112
1270728802876960770
1270728596643078147
1270728426048024576
1270728323212206080
1270728299975708679
1270728265905442816
1270728246141898756
1270727984006094850
1270727976397742089
1270727967065411585
1270727903798534149
1270727866821627906
1270727706913767426
1270727694196637698
1270727651557171203
1270727563778748416
1270727413383589895
1270727292390694912
1270727237466230786
1270727108474671105
1270727006901227521
1270726982183993344
1270726980363747328
1270726957584592898
1270726878437859332
1270726802508398598
1270726727048867840
1270726617099206657
1270726523889299456
1270726474383974400
1270726151992832001
1270725733514489864
1270725580040757249
1270725468300296194
1270725269427326976
1270724572107563009
1270724528927158282
1270724464121012225
1270724346923716613
1270724327940386817
1270724036486508548
1270723925140320257
1270723843800231938
1270723776305491976
1270723622194171904
1270723618830352386
1270723617244901378
1270723615885938688
1270723610986999809
1270723493965869056
1270723347265929224
1270723324121722885
1270723282510086146
1270723010886950912
1270722851851530240
1270722814698385408
1270722656275320841
1270722641016455175
1270722348874752002
1270722158071738369
1270722120775954443
1270722067344666630
1270721677257654275
1270721530436042756
1270721115254517767
1270721039165579266
1270720766309314560
1270720758335979523
1270720744423485442
1270720729533739012
1270720610147037185
1270720383453286401
1270720366093037569
1270720318215057410
1270720186346164227
1270720166360313856
1270720101944143872
1270719999422787585
1270719998231580673
1270719976849039363
1270719806904266753
1270719422387257346
1270719409321996288
1270719351167913989
1270719241688190977
1270718918877835269
1270718646352920579
1270718364772524033
1270718287584743429
1270718031644090375
1270717931496673280
1270717771618217985
1270717440754724868
1270717438288490496
1270717402456535041
1270717378834231296
1270717335108587523
1270717095945236481
1270716604049846274
1270716480414334982
1270716325342490628
1270716101563834370
1270716084207751172
1270716076158906377
1270716028796850177
1270715932948566016
1270715537408942082
1270715495075811329
1270715146877284354
1270715127302504448
1270714987816738816
1270714636552359936
1270714569627856897
1270714482273091585
1270714298164264960
1270714236545560581
1270713905833074693
1270713900573417479
1270713834932559872
1270713805681487875
1270713709560651781
1270713601972514819
1270713580749496320
1270713562051141632
1270713391707910149
1270713304537632770
1270713186908438534
1270713143870787584
1270713022219030534
1270713019056582662
1270712976064970753
1270712928144986113
1270712890966736896
1270712877062582273
1270712825124737024
1270712786151079937
1270712776114057218
1270712639484641281
1270712407862771712
1270712404083703810
1270712301780262915
1270712253231304704
1270712087426162688
1270712013665124355
1270711708181397507
1270711597472731138
1270711488525881344
1270711439498641409
1270711365695467523
1270711296745299968
1270711245109329920
1270711142579658752
1270711134346231809
1270711120756649984
1270710930628767744
1270710804787204096
1270710624058818560
1270710524309729280
1270710291781677056
1270709920619311107
1270709892928671745
1270709736204353536
1270709604893294594
1270709146728439809
1270709115694637056
1270708997679652864
1270708621341581312
1270708488579059712
1270708444853567489
1270707991344377857
1270707447640907777
1270707227725303810
1270707141838426113
1270706459643449345
1270706246035795968
1270706235281719297
1270706160975392773
1270706041249030144
1270705985661947905
1270705761082134530
1270705643746361346
1270705630156713986
1270705231953891328
1270705231311933449
1270704978995351552
1270704931654168578
1270704857213698048
1270704564451323904
1270704402333143040
1270704327317995527
1270704237392125953
1270704161139707912
1270704143439589378
1270704031300677632
1270703742057398274
1270703722214105088
1270703717764018177
1270703489103036418
1270702749227851778
1270702622937436161
1270702450174046208
1270701982123261952
1270701980726497280
1270701969477382146
1270701886635749377
1270701780372983810
1270701739147173890
1270701329707667456
1270701278658789377
1270701161729814528
1270700849560539136
1270700562095497216
1270700198843633664
1270700060842643456
1270700034078789637
1270699941141401600
1270699759926468610
1270699540925079558
1270699331750944768
1270699314545819649
1270698843110125568
1270698755810099207
1270698683126947842
1270698404729851909
1270698244264407041
1270698105718136832
1270697923530063875
1270697466455887877
1270697214361456648
1270697000409890816
1270696854511136768
1270696792968122369
1270696415136751616
1270696240775401475
1270695966010564608
1270695701761134593
1270695674326245376
1270695672149356544
1270695575349067778
1270695501575438336
1270695250881908737
1270695148503040003
1270695103405981696
1270694970098409472
1270694961298759682
1270694640761499649
1270694604828930049
1270694504295813120
1270694081513975808
1270693999897186305
1270693949548539904
1270693788030316546
1270693698104430592
1270693633314807809
1270693451479351303
1270693409607438337
1270693294679392259
1270693192061652992
1270693098847375360
1270692780415819781
1270692448021417986
1270692044449726464
1270691982814388224
1270691868955889666
1270691800001511426
1270691622787977216
1270691054405259264
1270690842894905344
1270690524761075712
1270690494297800704
1270690320112549889
1270690316492902400
1270690149089886208
1270690116718256128
1270690066852175872
1270689494904307718
1270689440437018624
1270689323302576128
1270689060181475330
1270688961829105664
1270688654680379395
1270688326299852803
1270688072510955521
1270687941350903809
1270687874665590784
1270687814615797763
1270686782879936513
1270686590466093059
1270686495893004288
1270686094963728385
1270686050814484482
1270685954890706946
1270685766142828545
1270685450131341312
1270685204580089856
1270685020747956226
1270684974207787008
1270684887859765253
1270684489237364741
1270684348367245312
1270684315752566785
1270684256134668288
1270684175008325633
1270684057622294528
1270684023715659776
1270683153615794176
1270682991455543296
1270682956793708544
1270682440420528128
1270682292718129153
1270682126527201283
1270681520785653761
1270681160633417729
1270681060607553536
1270680723997945856
1270680072689790978
1270680059532230656
1270680050745184256
1270679902539460610
1270679859971477507
1270679694891814913
1270679657243979776
1270679310190379010
1270679222776999937
1270679123837493250
1270679025237872640
1270678924842774528
1270678745548914688
1270678497569263616
1270678340437856256
1270678196887797761
1270678154529701888
1270677292193177601
1270677275281932289
1270677254977150979
1270677231711457283
1270677214338576384
1270677023502086144
1270676990643838976
1270676476829085697
1270676129658134528
1270675720168226818
1270675569999589377
1270675547799146497
1270675234358726657
1270675020650549248
1270674711060627456
1270674699958341635
1270674273703772160
1270673965896384514
1270673568813256705
1270673151408713730
1270672919350427653
1270672892389404672
1270672098323836933
1270671969130737664
1270671877791506437
1270671764784328704
1270671651718467584
1270671176961007617
1270670605025714177
1270670181136826381
1270670164397363200
1270669945114853376
1270669889825636358
1270669879318843392
1270669840517390336
1270669725463457792
1270669298483073024
1270669005431373826
1270668665244004357
1270668543059787776
1270668380626919425
1270667841830862852
1270667812785152000
1270667551232724993
1270667325818241030
1270666817825103872
1270666795196743680
1270666771972923392
1270666656742879233
1270666406409965569
1270666268715163650
1270665776463327233
1270665393015791617
1270665283108134913
1270665152900354049
1270665120260280326
1270665013150330881
1270664246905507844
1270663465275973638
1270662988572372998
1270662821957812225
1270662512913104897
1270662046561062912
1270661740834021376
1270661106575474689
1270661097180106752
1270661086191239174
1270660962161266690
1270660944432115713
1270659669011378178
1270659002624598018
1270658782675316739
1270658727557898241
1270658244189487104
1270657649579884544
1270657285614903296
1270657005670346755
1270656875340730368
1270656227983458304
1270656209809551361
1270656193665601537
1270655721332498433
1270655220205453318
1270655211665797121
1270655154396762119
1270655082183475202
1270655063225020417
1270654888553447424
1270653577640411136
1270653384358576128
1270653186370666498
1270652885060239365
1270651390566817792
1270650955751555072
1270650937208713217
1270650854052442121
1270650672762011650
1270650576741769216
1270650390581612544
1270649998292611079
1270649654791802886
1270649238305812481
1270649109104353281
1270649040766742532
1270648661773414405
1270648565438832640
1270648395812745219
1270648142791352320
1270647959563182080
1270647398214373377
1270647339624148992
1270645921907380224
1270645809500078081
1270645541265956866
1270644650303504385
1270644353711640584
1270644048899059713
1270644019656364032
1270643922713423872
1270643289855852545
1270643123203555328
1270642243293110277
1270641969010622464
1270641222584016897
1270641186848624640
1270641128258314241
1270640879888261124
1270640727559733248
1270640409811836928
1270640401909788674
1270640260410638339
1270640152046637056
1270640068932354049
1270640011822669824
1270639961801441280
1270639715943944192
1270639480026923010
1270639401450831872
1270639213944483840
1270639134864891905
1270638862063280128
1270638639026929664
1270638560626880513
1270637830000295936
1270637800677871617
1270637267078582273
1270637050153271296
1270635977627795456
1270635350549921792
1270635088963874816
1270635030533083137
1270634919329398786
1270634871174692864
1270634767927648256
1270634752081608704
1270634165600468992
1270632898639433728
1270632266432217088
1270632202162843648
1270632116536184832
1270632090032357377
1270631959488847872
1270631684820647936
1270631322608898048
1270631052005060608
1270630867224932352
1270630726216581120
1270630581383180288
1270630539406594053
1270630510562119680
1270630470921752578
1270630400692453377
1270630365670060033
1270630061276835841
1270630051336187912
1270629937851097088
1270629765612011523
1270629637220110337
1270629533864132608
1270628857327030272
1270628357428973571
1270628210246483968
1270628170857881602
1270627918406995969
1270627604849209344
1270627202493747202
1270627084054953984
1270626610035724289
1270626120380096513
1270625804528029696
1270624302191149056
1270624173367463936
1270623776200368128
1270623419214725120
1270622737996939264
1270622705532858368
1270622649731989505
1270622509361135617
1270622370642964481
1270622289789239296
1270621892152524800
1270621887136239617
1270621548060254208
1270621434952515590
1270621363053658117
1270621121679745024
1270620574776246277
1270620416000679938
1270620290452725760
1270619787207618562
1270619214408228864
1270618502060142592
1270618307423420416
1270618189190148096
1270618167258288129
1270618067203170304
1270618061582643200
1270617649664360449
1270617378984882176
1270617126546571264
1270617062478614531
1270616927019257857
1270616901937496064
1270616512827703296
1270615717164077059
1270615606266458118
1270615515279417345
1270615378020818945
1270615146642190337
1270615095417040898
1270614991851393025
1270614686850039808
1270614101778194434
1270614018361827328
1270613865198505985
1270613779341103104
1270613671933292544
1270613336762261505
1270613180558061568
1270613009434587136
1270612513609125900
1270611517352730624
1270611479801114625
1270611466312450048
1270611245931036672
1270611223969759233
1270611053911568385
1270610534371667971
1270610201754902530
1270610123942055937
1270609954261438466
1270609935496286209
1270609852465852416
1270609342472105984
1270609110271221760
1270608924949884928
1270608629306138624
1270608042007187456
1270607860007911425
1270607837832646656
1270607440933982209
1270607294791774210
1270607124629008384
1270606836438388736
1270606572041826304
1270606534930767872
1270606419847458816
1270606341321580544
1270605981605605376
1270605898377867264
1270605770392924160
1270605584279261185
1270605341235875840
1270604930701766658
1270604428798644224
1270604427754430466
1270603652567269377
1270603450674565120
1270603247833751559
1270602946875662336
1270602909139558400
1270601946005635072
1270601887323164672
1270601676169326592
1270601286694531072
1270601120503795712
1270600996780195842
1270600924453634050
1270600501390950400
1270600413742497793
1270600030811029505
1270599988645466113
1270599423081484294
1270599223428419584
1270599199319633920
1270599055610048513
1270598826466750472
1270598553547628545
1270598276056846336
1270598190119686146
1270597976608497664
1270597364013764610
1270597317645733890
1270597280551309318
1270597076741754889
1270596702626557954
1270596518102413312
1270596308114345986
1270596183812042754
1270595952991186945
1270595938499715074
1270595687605035010
1270595623742570496
1270595516376797184
1270595377725571076
1270594719396003840
1270594312154333184
1270594086467067904
1270593178954055680
1270592551184203776
1270592481390968833
1270592401590169602
1270592349106814976
1270592328584122370
1270591635517091840
1270591533885030400
1270591441652326400
1270591111833063425
1270590492066152448
1270590241641029632
1270589980776124416
1270589820595625989
1270589321003876353
1270589078363344896
1270588582957182976
1270588477961203713
1270588415113920515
1270588004818726918
1270587770017157123
1270587601670606848
1270587516530245632
1270587423563624448
1270587414369562624
1270587254440894464
1270587159557189632
1270587131417657344
1270587039591747585
1270586840991412224
1270586577853411328
1270586182020165632
1270586030949834753
1270585990671994883
1270585557022838790
1270585457798262785
1270585045913268224
1270584965319634945
1270584751267540992
1270584678131683330
1270584534778540032
1270584475290726400
1270584306918805505
1270584154414092295
1270583969159852032
1270583881255849985
1270583721842769920
1270583539436683265
1270583364223815680
1270583296221683713
1270582936073576449
1270582442261270528
1270581583318331394
1270581218686513152
1270581082707107840
1270580997755674624
1270580388629483521
1270580387811639296
1270579970583285760
1270579906800422912
1270579511797723137
1270579489802764290
1270578946640396289
1270578942060236801
1270578894425321472
1270578831015976961
1270578742738501632
1270578565117997056
1270578564505559042
1270578483228377088
1270578146123952128
1270578107066413057
1270577809027731456
1270577789004103680
1270577772235284480
1270577135569133568
1270577074529611776
1270576946246823937
1270576829536051200
1270576775114833921
1270576534563303424
1270576268363341824
1270576222045720577
1270575790393040896
1270575628853686277
1270575485567860736
1270574857919631360
1270574811492823046
1270574669431783425
1270574644047884289
1270574639975026689
1270574558592954368
1270574363495071746
1270574302392451073
1270574107344732160
1270574054563614720
1270574038226595841
1270573898950729728
1270573799453278209
1270573332220588032
1270573310166720512
1270573216608780288
1270572941089157120
1270572858595594245
1270572821224325123
1270572714844020736
1270572701359505409
1270572524531855362
1270572421557428226
1270572267391467521
1270572108561735685
1270571687214485505
1270570925671489537
1270570886970724352
1270570846684233728
1270570769182003201
1270570761389039617
1270570752480288769
1270570657705795586
1270570547374624768
1270570435286097922
1270570326712254465
1270570198379216897
1270570111041142785
1270570102925127688
1270570098990804992
1270569980157923328
1270569873459023875
1270569826872950784
1270569113736245248
1270568954692464645
1270568856231133185
1270568814850248710
1270568737532346370
1270568716695191553
1270568588118831104
1270568487312818178
1270568484745945089
1270568482330025985
1270568479620546560
1270568477393387524
1270568474952245249
1270568472641224704
1270568469617139713
1270568466295197696
1270568354017955844
1270568069216206849
1270568027436781568
1270567793881202688
1270567597470355456
1270567405903908864
1270567273078468610
1270567204237516801
1270566976780472321
1270566897994563585
1270566894114750464
1270566340391104512
1270565891403546627
1270565424950906880
1270565385402753024
1270565232344281088
1270565231006269440
1270565029008625664
1270564999459561473
1270564886301470723
1270564875790671873
1270564832576667648
1270564703614328833
1270564619925553152
1270564522214993920
1270564278832070657
1270564266047705091
1270564183587741697
1270564114235043840
1270563996886634498
1270563757845086209
1270563751851409408
1270563360162152449
1270563078124589058
1270562961665466369
1270562924634034181
1270562901720514565
1270562424136105984
1270562167926845440
1270562110427271169
1270561797456760837
1270561785276444672
1270561776598421504
1270561724836524033
1270561324884307969
1270560975691923456
1270560702210727943
1270560538871857153
1270560426770812931
1270560207589031936
1270560172092653568
1270560099233390592
1270560050000560134
1270560035081510912
1270559739731042306
1270559537037283330
1270559417411477505
1270559354635407361
1270559252734763009
1270559185667674112
1270558983967977477
1270558976459943936
1270558840862408712
1270558570833010689
1270558445570146307
1270558312166236162
1270558243555880960
1270558230930960384
1270558130695520257
1270558069274050560
1270557740138549248
1270557647821996032
1270557373057208321
1270557190340960258
1270557135731142656
1270557117213278209
1270556977677000704
1270556737339224064
1270556714513752064
1270556689066938368
1270556648944406528
1270556636118163458
1270556467414827008
1270556200632045571
1270556188149776385
1270556126971678721
1270556069153181696
1270556062509383680
1270555964027146240
1270555900890267648
1270555839913431040
1270555709415911426
1270555666554511361
1270555569296793600
1270555407358914560
1270555191402729472
1270555136985903105
1270555094681935873
1270554954076323840
1270554880336449538
1270554836136800258
1270554814439710720
1270554721628164096
1270554639667089408
1270554387883032576
1270554299572109312
1270554217418293248
1270554040833736704
1270553835011035137
1270553800156348417
1270553237251383302
1270553136579571712
1270553095479726085
1270552991104479233
1270552757498515456
1270552725428764675
1270552478765867008
1270552405906804736
1270552368174768128
1270552253540098048
1270552150377103360
1270552124804468736
1270551771304337408
1270551694947074048
1270551635203248129
1270551587216220161
1270551329262493697
1270551241903550466
1270550969021956097
1270550856186974211
1270550447300866049
1270550313938964480
1270550161706663936
1270549872563884032
1270549820877529089
1270549795526995968
1270549707077582848
1270549335520899073
1270549293032759301
1270548788868976640
1270548631574269956
1270548394591817729
1270548011366723584
1270547906362093569
1270547760513716225
1270547628426776576
1270547050908827649
1270546781361717248
1270546307866857472
1270545947886583813
1270545928395636736
1270545880756531201
1270545661117837312
1270545593270747138
1270545552984457217
1270545468754464769
1270545184556748801
1270545065962864641
1270544894550069248
1270544862895460352
1270544796009017347
1270544767160442880
1270544718322171904
1270544483424309253
1270544455158902785
1270544310145073153
1270544220051382272
1270544153319845888
1270544135125184515
1270544063687618560
1270544003755315200
1270543879981285376
1270543797924085761
1270543646073511939
1270543571737702400
1270543533917769728
1270543487851618304
1270543485444091904
1270543464208441344
1270543279419867136
1270543271585091585
1270542809838297094
1270542508938997760
1270542111281119232
1270541399184814080
1270540683699462144
1270540533333721091
1270540506561421315
1270540463104278530
1270540457936814081
1270540323911921664
1270540314793500672
1270540284678586372
1270540078830379008
1270539790258180096
1270539609642950656
1270539444135718914
1270539431137685505
1270539367371534337
1270539312623284224
1270539048591994882
1270538763312287744
1270538592704532480
1270538287158120449
1270538260352249857
1270538165451800581
1270537980785168391
1270537770201755648
1270537763889319936
1270537483827249159
1270537454035128320
1270537439917092864
1270537181249994752
1270537042363965440
1270536876764663809
1270536836063133697
1270536796577792000
1270536796032700416
1270536775023448064
1270536265008648192
1270536231999307776
1270536230229303296
1270536154929000448
1270535973554831360
1270535826401669120
1270535552908042255
1270535379582693380
1270535171918278659
1270535074857930753
1270535040225677312
1270534952409587712
1270534892607229953
1270534874567409669
1270534788441612289
1270534640164638721
1270534572472598531
1270533569325281280
1270533503965442049
1270533490245693440
1270533489021067267
1270533167993192450
1270533160720232448
1270532497760088064
1270532486599184385
1270532174161338368
1270532028828712962
1270532008167366656
1270531995567820806
1270531559884554241
1270531507065675778
1270531250055340033
1270531177724751874
1270530546721062912
1270530538328272897
1270530422066348032
1270530421038743553
1270530361496387586
1270529965243629569
1270529837237706754
1270529810545115136
1270529511252164610
1270529359032446977
1270529352552386562
1270529190891327489
1270529188173398016
1270529087430373377
1270529041188225024
1270528791589171201
1270528708600713216
1270528664485101568
1270528580280295426
1270528469475221504
1270528405239455745
1270528264981839872
1270528183310454785
1270527965554671622
1270527782121078784
1270527623052120064
1270527512175538176
1270527442952822784
1270527435545538560
1270527329878622208
1270526965196353536
1270526848326406145
1270526629132066817
1270526503542030336
1270526352588972032
1270526349417910272
1270526315825729536
1270526290496385025
1270526125907869696
1270526056458530820
1270526022375501824
1270525999978029056
1270525975248408577
1270525961633660928
1270525904603811840
1270525881690144768
1270525794419224576
1270525719433474054
1270525707454644227
1270525126040150017
1270525066263121923
1270524900357181440
1270524897790435328
1270524781977309188
1270524601114808326
1270524583188279299
1270524491010117634
1270524469526880269
1270524437549457409
1270524285937909761
1270524031008202754
1270524014667223040
1270523824774057985
1270523767341690880
1270523670021181440
1270523619215433732
1270523557798391808
1270523361614073857
1270523309323673600
1270523209268559875
1270523187986604032
1270523150590238720
1270523085846798336
1270522880497979393
1270522839993659399
1270522744657121280
1270522675434143744
1270522483284881409
1270522450229506059
1270522137942593540
1270521996925980674
1270521886611435520
1270521868831780864
1270521611112771584
1270521540950601728
1270521310330880005
1270521222502191106
1270521206995894274
1270521178420109314
1270520940972007424
1270520683890606080
1270520635912073216
1270520476989874176
1270520431296909312
1270520338892414976
1270520144767389696
1270520019168964610
1270519882455678977
1270519867381293061
1270519812188299264
1270518742469017602
1270518732352299008
1270518671958474753
1270518505889128449
1270518410879750145
1270518348346847233
1270518344748326912
1270518157065646080
1270518043618054144
1270517645821935616
1270516727525203969
1270516617911259138
1270516518103769088
1270516463862861824
1270516343083843584
1270516143514628097
1270516054431723521
1270516011964473345
1270515928837566465
1270515863418998784
1270515743642263558
1270515719285772288
1270515684490051585
1270515627602501632
1270515589266632704
1270515180749811712
1270515026831564802
1270514983693148165
1270514958430883840
1270514837328715777
1270514777278877702
1270514250830790656
1270513985935343617
1270513912665038848
1270513138278862848
1270512846972035072
1270512609180221440
1270512561205784576
1270512555329417216
1270512005082832896
1270511830822088704
1270511830784372736
1270511720784474112
1270511708499574784
1270511322883592201
1270511138472591360
1270511130205540353
1270510934948282368
1270510662742011904
1270510246616723456
1270509949177733127
1270509758295035909
1270509695388844032
1270509564086022144
1270509533195108355
1270509100804329474
1270509029169692673
1270508933124198400
1270508909829087232
1270508838098219009
1270508719252668417
1270508663896182785
1270508597752082433
1270508285435805698
1270508222542237697
1270508087212982272
1270507948414955520
1270507694064046083
1270507532100841473
1270507435384430592
1270507421547593729
1270507340115083266
1270507206874673155
1270506724361936903
1270506398711812096
1270506343691177985
1270506206919102464
1270506157656944640
1270506147976548352
1270505929050673156
1270505881554354176
1270505795369799681
1270505455475802112
1270504708403273729
1270504604212629505
1270504566900080640
1270503978888019973
1270503911049265152
1270503853604159488
1270503686754746368
1270503686448414720
1270503042362687488
1270502983176908800
1270502368560517120
1270502097381777410
1270501884974059520
1270501169740296193
1270500967021195267
1270500738389520384
1270500500232974338
1270499907972009985
1270499500197437441
1270499473551233030
1270499471126867970
1270499344396017664
1270499037599330305
1270498686452281344
1270498589341614086
1270498278451433474
1270498275917836288
1270498242770411525
1270498030119247874
1270498021969743874
1270497762598096896
1270497760811180033
1270497579587928064
1270497435010445325
1270497356396494852
1270497288578715649
1270497056684212226
1270497051223212033
1270496865428008960
1270496809081692161
1270496623164964864
1270496511814537217
1270496477618421761
1270496425147695108
1270496386358956033
1270496312518205444
1270496296789565441
1270496013480910848
1270495977313497088
1270495949811412992
1270495904085078017
1270495752402288640
1270495721259663361
1270495712397201409
1270495695120871424
1270495657376141312
1270495377788026880
1270495203741188096
1270495030810161152
1270495010715205633
1270495006596362240
1270494764354265088
1270494552579698689
1270494530756845568
1270494499664363520
1270494442093531143
1270494415631429634
1270494088723390464
1270493985342095361
1270493950910971904
1270493858418372611
1270493616016941057
1270493519421902849
1270493472240222209
1270493274290053121
1270493219873345538
1270493009910456320
1270492954080145408
1270492942256549888
1270492939467108353
1270492856264753152
1270492671501643783
1270492497656057857
1270492472611729408
1270492423815225344
1270492295859707906
1270491710402035713
1270491581511057411
1270491353059753984
1270491111245647873
1270490994224631810
1270490986687455234
1270490945818169345
1270490825823305731
1270490670894022657
1270490596499652609
1270490247428702208
1270490089102151685
1270489780430573568
1270489705952563201
1270489514918793216
1270489423478693888
1270489339190030336
1270489096687845376
1270488691958517760
1270488421425803265
1270488409589637120
1270488341893521413
1270488064280760321
1270487858034458625
1270487845749379079
1270487632326230018
1270487469935357952
1270487315924897792
1270487157283721218
1270487018297077760
1270486939662245891
1270486914735517697
1270486762993758208
1270486636682510336
1270486601144111104
1270486548681830401
1270486477277818880
1270486227922440192
1270486063807488000
1270486022065983489
1270485950423093248
1270485765462638592
1270485644008177665
1270485624689004545
1270485617068118017
1270485609308729351
1270485451258748929
1270485391989227523
1270485332509761539
1270485203786448902
1270484893777223680
1270484784112963584
1270484701543723008
1270484606836506626
1270484577635753996
1270484420743647233
1270484404327067648
1270484214492942344
1270483920593620992
1270483812083027968
1270483417365221377
1270483380417642498
1270483215917219841
1270483109256015872
1270483089651830796
1270483076443975682
1270483026791690240
1270482965131341826
1270482819026808833
1270482558053167105
1270482202648862720
1270482049602744321
1270481784527032322
1270481775655960578
1270481762939031554
1270481502581788672
1270481418544648192
1270481241515548673
1270481020886925312
1270480877655646211
1270480815105998853
1270480563187650560
1270480398129213440
1270480252888920066
1270480169543831552
1270480166469468163
1270479973543862272
1270479944984993793
1270479911455789056
1270479877523865601
1270479824910340097
1270479756920795144
1270479349578375169
1270479287590825986
1270479119340322816
1270479105461563392
1270479066689228802
1270478888263704583
1270478834937126917
1270478785327005696
1270478783242526720
1270478638841036800
1270478135214014467
1270477904607154176
1270477789947453443
1270477769563148289
1270477761417633793
1270477699669274629
1270477671642869761
1270477537446150151
1270477406852317184
1270477086701105153
1270476872845889536
1270476836800270336
1270476827098742786
1270476765836619777
1270476720651542528
1270476674002534402
1270476636308135938
1270476598857400326
1270476581182377984
1270476539503808512
1270476467353223168
1270476429839474697
1270475916762734592
1270475907233439747
1270475897808846851
1270475793450311682
1270475515724533760
1270475335927283712
1270475093525721088
1270474917419651072
1270474727144910848
1270474687940706305
1270474605308907523
1270474567115563008
1270474507992604677
1270474504918056960
1270474449280737282
1270474389579014144
1270474314215600129
1270474279805767682
1270474199832891392
1270474157575352321
1270474118295621634
1270473978595827714
1270473718284853248
1270473605504262144
1270473586332127233
1270473570112532480
1270473409307213833
1270473271855788032
1270473239563833345
1270473026002464776
1270472869525454849
1270472824248053762
1270472812009082881
1270472652566618112
1270472539811319808
1270472505598152704
1270472310454194189
1270472003179470849
1270471996799778816
1270471941363838978
1270471928126377984
1270471846354452480
1270471764078923776
1270471614774145024
1270471486478811136
1270471441306103808
1270471348415012867
1270471263278915584
1270471239954501632
1270471187324420096
1270471146169700352
1270471136581693442
1270471127282978817
1270470897535643648
1270470773367615489
1270470769223577601
1270470621676417033
1270470484157579264
1270470463962198021
1270470417111756812
1270470395595051008
1270470364058050560
1270470322156953602
1270470267312185345
1270470248165191682
1270470015670681601
1270469938805788672
1270469743418519552
1270469718915395586
1270469570554327040
1270469524593283077
1270469442116427782
1270469366333820928
1270469306636263424
1270469068223586304
1270468957296824325
1270468927743721473
1270468916775616514
1270468909611827200
1270468876963373057
1270468072868995073
1270467976765022213
1270467966640021505
1270467257005735938
1270467117851332611
1270467082275237893
1270467067758731265
1270467044744495104
1270466904432316416
1270466599363936262
1270466470607237121
1270466459198730247
1270466457835646976
1270466452466720768
1270466410976870402
1270466312230383617
1270466311605403648
1270466293968207874
1270466231590629376
1270465944557506560
1270465846473658368
1270465767641886724
1270465733437403140
1270465485675659270
1270465443845767168
1270465396705857537
1270465140526329857
1270465022838243328
1270465001338306565
1270464995407663106
1270464971680419845
1270464803799105536
1270464567295062025
1270464533761527811
1270464463163076608
1270464447551877122
1270464413594578944
1270464260318134272
1270464010828349442
1270463862408650757
1270463750026354689
1270463726609727488
1270463682405859330
1270463573274193922
1270463515564937225
1270463408580763650
1270463371633188865
1270463337176809472
1270463085082480642
1270462937447239680
1270462781184028675
1270462568625328130
1270462542092083203
1270462338584285184
1270462078986457090
1270461830712918022
1270461723003084800
1270461718339047424
1270461400951984131
1270461383004602368
1270461239727177740
1270461182424604678
1270461179849093120
1270461115416276992
1270460886180753408
1270460867432329216
1270460770497687552
1270460766374596608
1270460723311902730
1270460687492538368
