1290386709448994817
1290386706487795719
1290386654440693761
1290384698766700544
1290384630152081410
1290383533937106945
1290381863819702272
1290380968658972672
1290380011057250304
1290376725080289293
1290376672269697026
1290376610408009728
1290376546776223753
1290376468095275008
1290376385756893185
1290376315720343555
1290376213656215552
1290375008305451011
1290374810380296192
1290374367709466626
1290372534144139264
1290371189236477953
1290371057891921922
1290369721292992512
1290368298052354048
1290367711130923009
1290367406188175361
1290367183802040321
1290362622878060544
1290361871082627074
1290361532950491141
1290361492311810051
1290361438524125185
1290361383805161477
1290361327790239745
1290361276267466753
1290361231791001601
1290361215341006852
1290361212325306369
1290361158558527492
1290361034751057925
1290360981114228737
1290360920863125505
1290360862142857216
1290360856245612544
1290360748540071936
1290360662028320769
1290360609784115203
1290360548807315467
1290360479962071040
1290360359791075328
1290360295295131648
1290360236465848321
1290360174398636032
1290360115896430595
1290360042647179265
1290359962905042947
1290358604525195266
1290358494131105798
1290358464888426498
1290357637041725440
1290355521980071936
1290355070740115457
1290353744031502336
1290352671501815810
1290352504312651778
1290352459160989696
1290352039936040962
1290351519393632256
1290349822659170306
1290344100038946817
1290344041016696835
1290343981734342656
1290343919327293441
1290343863425605633
1290343808979304449
1290343753740431366
1290343694760017923
1290343600803520513
1290343535095554048
1290343469270081537
1290343415826264064
1290343359513530373
1290343301799968777
1290343236393930752
1290343183646253056
1290343128227078145
1290343100594839563
1290343075680837634
1290343025047207939
1290342961331474432
1290342900832841733
1290342847036751873
1290342789818060803
1290342733790445569
1290342678295711746
1290342622847000576
1290342555679444993
1290342494350254080
1290342434619166722
1290342379518599168
1290342310677446659
1290342243962888192
1290342182147305472
1290342121862463488
1290342069400150016
1290342012537974785
1290341965029085185
1290341805746204672
1290341749861351424
1290341700184014849
1290341644508835847
1290341590846910464
1290341494042365952
1290341419782217737
1290341356473393152
1290341297677635585
1290341230942003200
1290341168186785793
1290341085382881282
1290341034539601920
1290339687907971073
1290339627686076421
1290339556508786688
1290339509368913920
1290339458076889088
1290339409917812740
1290339358025883648
1290339309225218049
1290339265482764288
1290339208368988162
1290339162449752064
1290339114424901637
1290339061882851334
1290339010586587136
1290338956270350338
1290338901811437574
1290338847600058368
1290338766180294657
1290338694763773953
1290338633535422464
1290338516715687938
1290338403662405632
1290338348717015040
1290338301589807105
1290338246724136963
1290338198816792578
1290338149848227840
1290338094810566660
1290338005069242374
1290337953726832642
1290337895975460865
1290337846247776259
1290337793605087233
1290337652483465216
1290337548129251328
1290337491283775493
1290337364343128065
1290337297469255683
1290337241978503169
1290337190434807813
1290337133564170241
1290336941926424577
1290333105337712640
1290332405316956161
1290332373427650567
1290332304116776966
1290332244066865153
1290332166677766144
1290332112168652801
1290332053700042752
1290332002021969921
1290331948309778432
1290331895067279365
1290331840675487744
1290331778272710656
1290331704230633472
1290331635074977792
1290331579961810949
1290331512345427969
1290331455890096128
1290331391826239488
1290331316890873857
1290331251824562176
1290331198238142464
1290331145142505478
1290331086023790595
1290331020265480195
1290330968667172864
1290330887813464065
1290330476868116480
1290330464612474881
1290330423621496832
1290330377249325057
1290330328691859457
1290330281128407040
1290330228594749440
1290330174790172672
1290330118439788544
1290330064681414657
1290330011753472002
1290330002622484482
1290329948180422656
1290329899597692929
1290329835567558661
1290329783725957121
1290329729204211714
1290329653677371393
1290329482608422913
1290329367608995841
1290329340413194240
1290329272310276098
1290329217855520769
1290329162977353729
1290329093356032002
1290329030974222336
1290329007393734658
1290328971700252672
1290328914213179395
1290328851944542210
1290328786333032448
1290328721799483394
1290328664652087296
1290328640526454784
1290328604426018816
1290328539468828675
1290328450511888386
1290327891524362240
1290327707897782276
1290327659671703558
1290327610803838976
1290327558584782854
1290327522056515586
1290327513160388609
1290327464665808899
1290327408604778496
1290327361267924992
1290327291730501641
1290327243072385026
1290327184662462469
1290327133827596290
1290327074352377856
1290327020052844546
1290326969331130368
1290326915279192065
1290326803312185344
1290326731673554947
1290326627235385345
1290326535098990592
1290326497849376771
1290326450147676161
1290326393985826816
1290326340147634176
1290326291921633280
1290326210740924417
1290326155015446535
1290326096983007234
1290326045669961728
1290325991244673029
1290325935640793093
1290325877671243778
1290325820846886914
1290325765846966273
1290325709110611969
1290325657776521218
1290325588721512452
1290325274526195713
1290325106456068096
1290325009135808513
1290323791835467784
1290323785883758594
1290323747849867269
1290323698453565442
1290323640458924035
1290323542085636097
1290323485215133696
1290323428935905286
1290323372191158277
1290323320370606080
1290323268457713664
1290323215374524416
1290323146877407232
1290323092431142915
1290323039079428096
1290322976680943616
1290322904308162560
1290322845768220672
1290322679850049537
1290322558013837312
1290322509414490112
1290322466917830656
1290322450065117187
1290322392636678144
1290322301007933441
1290322240790319104
1290322178702036994
1290322109676359681
1290322049177657344
1290321988268044290
1290321930504081409
1290321908731457540
1290321870223486976
1290321806616924160
1290321742930612224
1290321670683721729
1290321599435083780
1290321569353535489
1290321401791107072
1290321265123831810
1290319542695141376
1290319499036631048
1290319450936311810
1290319396460797953
1290319322657837058
1290319268400320513
1290319218446139393
1290319163593052163
1290319102796496897
1290319044101447680
1290319043711438851
1290318982013169664
1290318911389540353
1290318851805192192
1290318789867864065
1290318712046784512
1290318614680219656
1290317384516079617
1290316521542123525
1290314588811124737
1290314550894526465
1290314500323844096
1290314434037133312
1290314353367867393
1290314302696632321
1290314248178999297
1290314190851317760
1290314126938578944
1290314071410180096
1290314001310572545
1290313947472683008
1290313887557062656
1290313819642789888
1290313767046328321
1290313751858761730
1290312855821135873
1290312148439228417
1290312108421320706
1290312050217017344
1290311994835456000
1290311935473393664
1290311876010741762
1290311817751863297
1290311764480069632
1290311667977527301
1290311612864376832
1290311589380239360
1290311549861498888
1290311461609197569
1290311321901178880
1290311202988601345
1290311135070007297
1290311066891587584
1290311000475000835
1290310920556523521
1290310801220186114
1290309676773466112
1290309607898804225
1290309607416451073
1290309493318770694
1290307973684686854
1290307903421730818
1290307852679016448
1290307798220394499
1290307740217344005
1290307678346989570
1290307616971923456
1290307556552740866
1290307505113923585
1290307451644858368
1290307393243566080
1290307336813387776
1290307283189104640
1290307228084441090
1290307173088550914
1290307109255434240
1290307052913467392
1290306993136078850
1290306903478661121
1290306710997839872
1290306667175972865
1290306611626401792
1290306558040006656
1290306507108577282
1290306426439491586
1290306365903130626
1290306138798354432
1290306085052702720
1290306020586201091
1290305951174504450
1290305883981795333
1290305809797308417
1290305749407522819
1290305668264505344
1290305502316908544
1290305429621428229
1290305369944625154
1290305307789254664
1290305215690764288
1290305159126376450
1290305088330690560
1290305025000894464
1290304954893246466
1290304893950005248
1290304801381724162
1290304310358634496
1290303884469002240
1290303208204558341
1290301084792049666
1290301043000082432
1290301000675258368
1290300968114876422
1290300909574950918
1290300846488481792
1290300785494904837
1290300729526165506
1290299509713461250
1290299451534217217
1290298850524110849
1290298766973517830
1290298671117078528
1290298617488707584
1290298561528299520
1290298509208375296
1290298448156094464
1290298391038050304
1290298339259551744
1290298283517030400
1290298227791745024
1290298164918906882
1290298100645425153
1290298022480486401
1290297877579800577
1290297835703775233
1290297779177361408
1290297722629689344
1290297667394908161
1290297600625672192
1290297543910252547
1290297483772358656
1290297425396027393
1290297369779568645
1290297310195224578
1290297245498130439
1290297185418874883
1290297090837364736
1290294024658661377
1290290408136650753
1290289022976180224
1290287078337441792
1290283712878264321
1290279579408453634
1290276006029221889
1290271315450945536
1290270456495239168
1290270415705665536
1290270331635208194
1290270253646323712
1290270182259253248
1290270172582785024
1290270121840189440
1290270050910380032
1290269997403648000
1290269946153500673
1290269498713362436
1290269437728182272
1290269353888415744
1290269295331639298
1290269235281661952
1290269159746461696
1290269089458520064
1290269030335623168
1290268954997321729
1290268887112613889
1290268252833112064
1290268178581340162
1290268118422413313
1290268059001917440
1290267986960486401
1290267920086556672
1290267489822101504
1290267414148444162
1290267290533912577
1290267224146685952
1290267155120836608
1290267072342011905
1290264901253029889
1290263725874716673
1290263672174993409
1290263618945081346
1290263560875061248
1290263508509003776
1290263456243806208
1290263382277287937
1290263326937751553
1290263273229623296
1290263217151684608
1290263163435286530
1290263102991159298
1290263053410287617
1290263001262485504
1290262944731869184
1290262887387107328
1290262832035115008
1290262760895344640
1290262683313303552
1290262636379037696
1290262503356694528
1290262415221723140
1290262357600477185
1290262269633290241
1290262215841533952
1290262160568987649
1290262103459332097
1290262049503817728
1290261990674440196
1290261935326257153
1290261856674648064
1290261785933578240
1290261718568845312
1290261649539117056
1290261579326521344
1290261504646774784
1290261429778411521
1290261354360709120
1290261288245837826
1290261282072006658
1290261199863418881
1290261134084149248
1290261072889253889
1290261010687750145
1290260953729134592
1290260889216724992
1290260826096463872
1290260764419330048
1290260635532500992
1290260535544406016
1290260113500942336
1290256467119939584
1290256395523092481
1290256338304425984
1290256285066072065
1290256259174686721
1290256230720483328
1290256172142878721
1290256104841269251
1290256045059825664
1290255963379757056
1290255899928363010
1290255808907927553
1290255744470663168
1290255679442182144
1290255591282180099
1290255529483280385
1290255467797712897
1290255403020845056
1290255305205354498
1290254865298599943
1290246873639538688
1290246832883408897
1290246779078766592
1290246726612180992
1290246675311673344
1290246613542170626
1290246554817716224
1290246493882859524
1290246441676414978
1290246385372205061
1290246333488672768
1290246280464101378
1290246219420192769
1290246139191549952
1290246079640821761
1290246024196317187
1290245967418216448
1290245900233834496
1290245839705837568
1290245777768374272
1290245719392165889
1290245659786915840
1290245601213313024
1290245542430117889
1290245469738635266
1290245418505273344
1290245364059185152
1290245307691917312
1290245238288576518
1290245181204291585
1290245111520010243
1290245028724473859
1290244986571653123
1290244927998189568
1290244872633450499
1290244812147314688
1290244755469799426
1290244693427499008
1290244635294437377
1290244579183087616
1290244524011163648
1290244463831343104
1290244409389326336
1290244349322596353
1290244281190342656
1290244221295661057
1290244135673200641
1290244077502390273
1290244018928926722
1290243951115374593
1290243890264469504
1290243832680869895
1290243751579795456
1290243677814689792
1290243620818190336
1290243561703616512
1290243502480252929
1290243441989808131
1290243381180809217
1290243314826977281
1290243244446461953
1290243174879784960
1290243076787593216
1290241241997688832
1290240860798373889
1290240091093258240
1290238793685987329
1290236567357775872
1290234670718697472
1290234632680534018
1290234578146193410
1290234525809643525
1290234474089730049
1290234419836604416
1290234357286723584
1290234304832966656
1290234246892724225
1290234194514210817
1290234143305953280
1290234088792764416
1290234037135532032
1290233980286107648
1290233917484568577
1290233862744764416
1290233800815857665
1290233744180166656
1290233672084254720
1290233550650904577
1290233460657807360
1290233403158085633
1290233346979532803
1290233295423197184
1290233241010499586
1290233183380951040
1290233129945296896
1290233064828755976
1290233008352567296
1290232952958226433
1290232893210492928
1290232838105657344
1290232780996009987
1290232726059020290
1290232657243066368
1290232601593036802
1290232540456861696
1290232477810749441
1290232422735343621
1290232420680314881
1290232364501626882
1290232295144796163
1290232228379684865
1290232151007301632
1290232088696823808
1290232033675886592
1290232009948725248
1290231154667220993
1290231119397310465
1290231065152454656
1290231018381697024
1290230968066875396
1290230911599095808
1290230811892031489
1290230756296413185
1290230755017146369
1290230696187854848
1290230645096996865
1290230590071926784
1290230537823465472
1290230485474373640
1290230426716405760
1290230354599530498
1290230303596789760
1290230248039239680
1290230192213053441
1290230134310465536
1290230078031441921
1290230022200897537
1290229963354804224
1290229893100269569
1290229840180699137
1290229779526975489
1290229719338815489
1290229656197763072
1290229599461183488
1290229541965901824
1290229482813452290
1290229423648542720
1290229352920047616
1290229292387856384
1290229227803951106
1290229166093168641
1290229105053429761
1290229041593610241
1290228980184829954
1290228914040606720
1290228844729753600
1290228777637646336
1290228716195504135
1290228645651333120
1290228546187620352
1290223524964003840
1290220807076171777
1290217452098519041
1290211748981530624
1290210804436852736
1290205430740709377
1290203332514992128
1290200337974927362
1290195553494523906
1290189889921835014
1290187134368755712
1290187093818441728
1290187037321175045
1290186983633874945
1290186924829769728
1290186870584832000
1290186816042065923
1290186763655241729
1290186705954394112
1290186648655785984
1290186589197307904
1290186530707841028
1290186460646330369
1290186406468317185
1290186351774535681
1290186295168262145
1290186235387011077
1290186180244279296
1290186105396981760
1290186043367587840
1290185982780649472
1290185922013691904
1290185856968536065
1290185786168504321
1290185707110113280
1290185565069930496
1290185522279849985
1290185464293416963
1290185408635195392
1290185349063274497
1290185288753520645
1290185232792948736
1290185174064541696
1290185109807804417
1290185043864727552
1290184969940160516
1290184908942450688
1290184844081655808
1290184770442289152
1290184705627664384
1290184646878048256
1290184570277511168
1290184510030610433
1290184447371821057
1290184374088957952
1290184299740688385
1290184229314154496
1290184167511089152
1290184100360466433
1290184022539173888
1290182950814875650
1290181538118881280
1290181074274852864
1290180868749705217
1290180147853709314
1290179782475255808
1290178262853775360
1290177605870616576
1290175138776756225
1290162740833554432
1290161742094299136
1290155210153680896
1290153982388666369
1290152889428582401
1290152151654600704
1290146112100110336
1290142875842260992
1290141336989966336
1290140532296036352
1290139274830966784
1290133987684319232
1290128061807988736
1290117129262465025
1290114466219061248
1290111055134437376
1290110345462177792
1290108633330532357
1290105093103079424
1290104881324335104
1290102289084997638
1290099241625452545
1290096726242521088
1290091063533637632
1290089097248362496
1290086888796073987
1290082350521450497
1290078509214257152
1290078454071701504
1290075172246917120
1290074922442559489
1290074276918251520
1290072730474172416
1290071850886639617
1290071137506824192
1290071050202394624
1290070895478730753
1290069664706564096
1290069661053198336
1290068783185293312
1290068184805052416
1290068053686800385
1290067354894962691
1290064914598436865
1290064102111342593
1290062917962854400
1290062605730512896
1290061524623429632
1290058569350434816
1290058414836547585
1290057879932874753
1290057642531004416
1290057418664222721
1290057246605561858
1290054509218103296
1290054006157578240
1290053806701465600
1290052737963446273
1290052717021261824
1290052294453735424
1290052281644142592
1290051944896176129
1290051645485744134
1290051444242960386
1290051083608317957
1290050974879551489
1290050518224494592
1290050119774085120
1290048875386900480
1290047326447456256
1290046779535183873
1290046515625381888
1290046227824832512
1290043937655226370
1290041228906467329
1290040791117598721
1290039891460370432
1290038041797517313
1290037582709919745
1290036633602076677
1290036170756444167
1290035076340674561
1290034350856142848
1290031478185680896
1290031470828904449
1290031270383300608
1290030617501904897
1290030516016566274
