1277345444750856195
1277343535423864833
1277343379588894720
1277342793656983552
1277342299723231232
1277341464494817283
1277341292591226880
1277340761617575947
1277340658676781063
1277340649617047555
1277340096296091648
1277339933108137984
1277339639087538177
1277339633022578689
1277339522561277952
1277339105836204032
1277339003952549889
1277338887900278791
1277338338265989121
1277337446481629185
1277337364428476416
1277337043798900738
1277336907043622912
1277335899655692288
1277335006830981120
1277334647454797824
1277334545541533698
1277334232147259392
1277333842672705540
1277333343944585216
1277333243847520257
1277332941039906817
1277332903970693120
1277332640765526017
1277332008134479874
1277331330771095553
1277330650249347072
1277330212146089995
1277329930401886208
1277329804673478656
1277329604869607424
1277329081487384576
1277328875090063362
1277328275451179009
1277328193683206144
1277326961325588485
1277326144253997056
1277325884005859328
1277324869114396672
1277324593208930306
1277324342334980096
1277323979196370946
1277322597449908224
1277322154657198080
1277321261836898307
1277320679680086017
1277320657412304896
1277320036378726400
1277320007282757632
1277319906396999681
1277319759101599746
1277319732169895937
1277318072248958977
1277318032277323779
1277317945287475201
1277317240791216132
1277317031323299840
1277317000663109632
1277316806206615553
1277314105767067653
1277314099949506572
1277313282999832576
1277313080263757824
1277312728152125442
1277312725618745345
1277312722355576837
1277312719952195584
1277312716894601216
1277312714080215042
1277312711131619329
1277311870945366017
1277311772492468228
1277311445886173187
1277311140947791873
1277311128629018629
1277311023796510720
1277310595205697536
1277310210533543936
1277309969176555521
1277308940506869764
1277308531880759297
1277308510502481925
1277308385814286341
1277307957647007745
1277307318007484417
1277307310839193600
1277306780532576256
1277306445277679616
1277306155593682945
1277305707281473536
1277305566402998272
1277305192367525893
1277304888905564160
1277304857834094592
1277304325912461317
1277304027944939520
1277303101670584320
1277302208048988160
1277301596464926722
1277301315669045250
1277300932355620864
1277300188688703488
1277300043041501185
1277299876317954048
1277299873851641857
1277299719044083713
1277299617739100160
1277299511841308672
1277299355741904896
1277299255707709440
1277299063856099329
1277298609638174720
1277298541963046913
1277298485138685952
1277298325289500675
1277296260026941440
1277295625885761536
1277294318408122369
1277293434643062784
1277293097081278465
1277291219836645377
1277290974306336768
1277290053614657539
1277289839038087172
1277289656028205056
1277289130465132545
1277288394780028928
1277287798429683717
1277287416924180482
1277287275731341314
1277287215169630208
1277286084976668672
1277285919977082881
1277285655983185920
1277284950723756033
1277284804472561666
1277284267790401536
1277283748296433665
1277283635788304385
1277283483480657920
1277283433161658368
1277283311614861312
1277282648923222016
1277282248169885699
1277281691594362881
1277280353367912448
1277280167157739520
1277278599524081664
1277277401391775744
1277277166946918401
1277276162532626437
1277275842108850176
1277275778787487744
1277275269204606977
1277274858011967490
1277272948773212163
1277272897233526786
1277270635505504256
1277268574315388936
1277267784993509378
1277267756166123520
1277267680807051264
1277267679221559297
1277267627237408770
1277266753433862146
1277265876732055552
1277265660683456512
1277265545528610817
1277265282667393026
1277264198750306305
1277263907464327170
1277263219535548416
1277262977301872640
1277262252169625600
1277261605462347776
1277260846108983296
1277260533708849152
1277259828252102657
1277259693099044866
1277258978939023361
1277258445188747267
1277257988324163584
1277257719267954688
1277257425934925830
1277257072443371525
1277257033159282688
1277256781605900288
1277256113289785344
1277255380263858181
1277255130811904000
1277255106350600192
1277254964495048704
1277254357533241344
1277253952568995840
1277253681390383105
1277252079870808066
1277251433511874561
1277251092422762499
1277250375805014016
1277250199178612741
1277249980873338880
1277249663616184322
1277249477087092741
1277249276494532608
1277248577392107523
1277247843825221633
1277247582817923073
1277247367419277313
1277247281998241799
1277247261395677184
1277247234585907200
1277246708380864512
1277246469171372033
1277246328515506181
1277245892853026818
1277244811087511554
1277244457939693569
1277244274757832706
1277244053910892545
1277243724456554498
1277243325095882752
1277243067687305218
1277242887143436289
1277242633035952129
1277242567529283585
1277242317322289153
1277242064653086720
1277241561097461763
1277241524552687616
1277241469133258752
1277241423465603072
1277241134495027201
1277241077255331840
1277240879015620609
1277240485426282501
1277239052232622084
1277238782895378437
1277237548725661704
1277237371558379522
1277237221628809217
1277235165937512451
1277231644068347904
1277231061978710018
1277230945125273602
1277230636370145282
1277230363425767435
1277229995119857665
1277229013749116930
1277229000180600835
1277228685406470145
1277228410809602048
1277227968989925376
1277227436586029056
1277227053553598464
1277226806718763008
1277226478200147974
1277226459841601536
1277225455083495424
1277225412825841671
1277224555979984896
1277224183030861824
1277222686733864961
1277222596677734400
1277222558056800256
1277222291903057925
1277221797574909953
1277220502432514051
1277220465434558465
1277220433562083329
1277220280465862656
1277220162010259458
1277219455928590337
1277219153498247169
1277218420275048449
1277218133816692736
1277216606918021120
1277216280894935041
1277216259269107713
1277216050124402689
1277215999331270664
1277215172172660736
1277215079428059142
1277214703853301760
1277214222741647360
1277213627070779392
1277213372568743936
1277213094964428801
1277212463570747392
1277210784385253377
1277210466813698049
1277210289793110024
1277210135266377728
1277210043797180423
1277209535984345088
1277209351795720194
1277208967488376833
1277208314871513091
1277207169499267073
1277206548666818564
1277205741573718022
1277204995692269568
1277202292178026498
1277201559785549829
1277201028979580929
1277199901802127360
1277199887042514952
1277199125830930436
1277198759022276608
1277198581083111424
1277195249425711106
1277194429846126592
1277193430641319936
1277193078860849153
1277192036748230661
1277191164437782528
1277188583724548098
1277187909754421249
1277185975530242050
1277182706678456320
1277180013117399040
1277179657712893952
1277179587953336322
1277179071861002242
1277176889342189568
1277176727014383616
1277173120017682432
1277170471214047232
1277168964024430592
1277167215108857858
1277166819258839040
1277165436962914306
1277165197824716800
1277164610324398082
1277161899545645056
1277159343704735745
1277158043617296384
1277156263256825861
1277153182276337665
1277145716524085248
1277144247884341248
1277143344531902465
1277142573619036161
1277141121093767169
1277139785467916288
1277138784908447745
1277137953970696192
1277136374748123137
1277130922865889280
1277128743048245248
1277126199244984320
1277125695454490624
1277125542328758273
1277123398158544897
1277123248686116865
1277121544901124097
1277121195507417089
1277120462720585728
1277120295871090688
1277120258273402880
1277119106735431683
1277118874178203649
1277118479875731456
1277117485867773952
1277117096837578758
1277115185313058816
1277115133505011718
1277114793095237637
1277114342060617728
1277113711858081797
1277113547533635584
1277112201891975169
1277111790317350912
1277110802978181120
1277107628162703361
1277107087126953984
1277107041450901505
1277106793441890308
1277106539581501441
1277106360656764928
1277106329467801600
1277106275151683585
1277106179966042112
1277106113473925131
1277105915108323328
1277105614959734784
1277105332494336010
1277105320020467713
1277104734780846080
1277104145065897985
1277103875112071168
1277103795508375552
1277103627086094336
1277103499264708609
1277102866415542272
1277102302730448896
1277102030256046080
1277102008131092480
1277101996969824256
1277101905689186304
1277101467610972160
1277101419040923648
1277101355467972608
1277100962126024704
1277100944845570053
1277100546634072064
1277100247945285634
1277098603086045186
1277098074519699458
1277096967416328194
1277096372781453319
1277095947676160003
1277095846602067970
1277094897464438784
1277094528630108162
1277093592851513349
1277093159206445058
1277092251680808965
1277092091210891264
1277091394117648384
1277090523791134721
1277089633927659520
1277089564151218177
1277085724974727169
1277085709065752580
1277085147532161024
1277084695847550976
1277084598904606720
1277084519829344258
1277084379034947586
1277084123685728256
1277084056174374915
1277083869284642822
1277083807095504898
1277083750178803712
1277083407046991873
1277083275115126784
1277083216176803840
1277083128310329345
1277082969400905729
1277082965990936577
1277082948370493440
1277082870486413312
1277082832230166529
1277082787955138563
1277082645302661120
1277082504038461440
1277082382982508544
1277082303181676544
1277082280712908802
1277082225293398016
1277082155835961349
1277082153411440640
1277082097090363393
1277082025933983745
1277082010813558784
1277081968912498688
1277081960117080064
1277081873626230784
1277081871721984000
1277081842949042178
1277081817712152577
1277081743674105856
1277081590955311105
1277081501205577733
1277081485669830656
1277081382867501056
1277081310784155648
1277081088909668352
1277080829504581632
1277080463308357632
1277080439358754818
1277080411697340417
1277080269409751041
1277080257971929088
1277080051612180480
1277080002261946368
1277079571737665536
1277079469090430976
1277079422449750016
1277078870303244288
1277078788858212352
1277078639280943105
1277078491230375936
1277078473815670784
1277078425505640448
1277078280340824065
1277078155728023552
1277077647797833728
1277077410576388097
1277077230124855296
1277077071919935491
1277076825496145920
1277076722932826114
1277076669459689474
1277076372394070016
1277076336910180353
1277076035541053442
1277075217416957952
1277074922171334656
1277074166957694976
1277074079703543809
1277073963563331584
1277073582938619905
1277073379611144193
1277072684220891137
1277069862582603776
1277069076032942080
1277069003660210178
1277068901327572992
1277068774756110336
1277068475438190592
1277068454672003072
1277068180008009728
1277068083996225538
1277067890013859840
1277067618608984064
1277067449146499072
1277067232967876609
1277066762077368320
1277066759099613186
1277064827635187718
1277064412898177024
1277064168269471744
1277063661668823041
1277062629643694081
1277062021997969409
1277061989236260868
1277061862597722113
1277060615044042754
1277060298910957569
1277059828230176768
1277059727361363968
1277059224279724032
1277058459792314370
1277058399239155713
1277058268855021569
1277058140404543488
1277058102144036864
1277057653710008321
1277057534902202368
1277057398293721088
1277057301027811329
1277057198066204674
1277057184107397120
1277056972274176000
1277056781949087745
1277056536834011136
1277056349390532608
1277056333913575424
1277056227235655681
1277055885479575552
1277055872615608321
1277055790981869568
1277055715610222592
1277055514732527618
1277055498995429376
1277055483262664704
1277055433195180032
1277055367202181135
1277055235282759682
1277055167649595392
1277055071994261507
1277054907942658050
1277054721040068608
1277054668850380800
1277054598822465536
1277054370819960832
1277054168864133121
1277054158676193280
1277054137264418816
1277054081408720896
1277053629049057280
1277053094942015489
1277053025488637954
1277052716460605441
1277052297114030081
1277052191316963330
1277052099478433792
1277052061012692993
1277051773220519936
1277051493971968000
1277051426242531328
1277051270688206849
1277051209963040769
1277051157882392576
1277051106225295362
1277050952395026432
1277050707951091717
1277050628754124800
1277050503348641792
1277050400672083969
1277050372742242304
1277050287614619648
1277050122048884736
1277049935502864384
1277049928024567812
1277049770528272386
1277049635379478531
1277049472153878528
1277049362833485825
1277049331447545856
1277049292054843392
1277049163893608448
1277049091571105793
1277048961153433600
1277048956397260800
1277048877141512192
1277048773013843968
1277048736267423744
1277048661621510144
1277048554998190081
1277048451738423297
1277048388710797313
1277048358004195329
1277048317378093056
1277048206698835969
1277047951152435203
1277047759741186048
1277047704716107776
1277047639352184833
1277047498297577472
1277047429980925952
1277047347529150464
1277047147976962051
1277047101684408323
1277046883819511808
1277046612502540288
1277046593489784832
1277046543087030273
1277046496031055872
1277046441249308675
1277046343148716034
1277046236684509186
1277045851316199430
1277045765735473153
1277045648638873600
1277045453448556544
1277045425862819840
1277045198455898112
1277045197931778048
1277045191527075841
1277045055765659649
1277044872545882113
1277044744456032256
1277044395930456064
1277044281224630274
1277044244025393152
1277044039338954754
1277043705338159105
1277043482645979136
1277042947406643200
1277042861519839233
1277042684935507968
1277042547139936261
1277042378444992513
1277042168125730816
1277041908460785671
1277041700528103426
1277041601106317313
1277041565542699010
1277041453017923584
1277041324039057411
1277041079410233345
1277040899592122368
1277040758344699904
1277040590887120896
1277040580762185728
1277040337333125120
1277040129740136448
1277039940736446464
1277039846582820864
1277039836059373570
1277039783622045696
1277039224768716800
1277038943515455488
1277038732135170049
1277038669053022208
1277038485392654336
1277037969505808385
1277037633797885953
1277037599488503808
1277037279140347904
1277037112207060992
1277037088073007105
1277036999329767424
1277036547959689217
1277036206182850561
1277035974611140627
1277034867960799232
1277033543764307968
1277033140842881024
1277033099155525632
1277033019417624576
1277032761123979265
1277032714416394242
1277032666416787457
1277032572313165827
1277032563769475074
1277032523369811968
1277032496249462785
1277031538496925696
1277031197634228224
1277031133952131075
1277031110979903493
1277031080105820160
1277030971905200128
1277030449525723138
1277029898100576257
1277029243491254275
1277028972061171713
1277028885297639424
1277027496073060357
1277026337715359744
1277026266177208321
1277026060299894790
1277026045498028032
1277023433772142592
1277022428300967938
1277021905598349312
1277021382690439168
1277021085095964673
1277020979022053376
1277020326942044160
1277020242225491970
1277020049811730434
1277019833662500864
1277019582050430976
1277019463783608320
1277019402253119488
1277019373522173952
1277019144827760640
1277019067774197760
1277018733769142272
1277016648021676034
1277016057157431296
1277015666441289735
1277015145512828928
1277015115867578369
1277014366202798080
1277013815197143042
1277012995411972096
1277012302831611904
1277012059419336709
1277010427743031296
1277010059243880448
1277009970123309056
1277009902951518208
1277009037377208320
1277008989977444353
1277008460496814081
1277007948385062912
1277007513100009472
1277006980553469952
1277006545251733504
1277006379589545987
1277006367308595202
1277006254313844736
1277006227478704128
1277005849928466432
1277005526946234369
1277005498936635393
1277005075425058817
1277004786760429569
1277004540101955584
1277004340100825088
1277004235305967616
1277004020729540608
1277003947748683776
1277003386357862400
1277003304862494723
1277003166807031810
1277003000293163008
1277002985004888064
1277002847641432064
1277002665931665408
1277002500566994949
1277002396456177664
1277002300863606784
1277002273885806592
1277002076543832066
1277001874999140352
1277001646677979136
1277001484467658753
1277001463760162816
1277001298903097344
1277001270356635648
1277001193441484800
1277001176471519232
1277001025090547712
1277000901304086528
1277000708177432577
1277000555869569024
1277000490568413184
1276999471235100674
1276998974595928064
1276998934167076896
1276998835987001345
1276998436013785089
1276998216064458752
1276997774014201858
1276997613980512256
1276996473884819456
1276996407254085632
1276996067913920512
1276996003149811713
1276995986666057731
1276995961353461760
1276995672642859009
1276995485631311872
1276995321088770048
1276994979701747712
1276994668870287360
1276994345430892545
1276993226960822272
1276992786928037888
1276992716577009664
1276992517288984576
1276992317748961280
1276992187788451841
1276991765124395010
1276991479316013057
1276991332678942723
1276991247807401987
1276990891274629120
1276990631219527684
1276990607974518784
1276990397776969728
1276990178486128640
1276990093421510656
1276989957446434817
1276989905298546689
1276989866882895872
1276989720807919617
1276989553954500608
1276989487336157184
1276989454951972864
1276989442973196289
1276989314669240322
1276989231357808640
1276989121035005953
1276988854457647105
1276988768810086400
1276988485396656128
1276988050694967297
1276987656346300416
1276987569637474304
1276987391618752513
1276987257715449856
1276986479177134080
1276986380325969922
1276986269243854849
1276985680636215297
1276985022151524354
1276984755481800704
1276984617912827905
1276984469111681024
1276984385107943427
1276984150726045696
