1284955870217076737
1284955763627249665
1284952787332161536
1284952587972702208
1284952190587551744
1284950746316718080
1284950229851140097
1284949777155686401
1284949450838781952
1284948878220025856
1284946945975422977
1284946221203849221
1284943502325854209
1284942939391766530
1284941452036972548
1284940202469924866
1284939803394547714
1284939151813627905
1284937754200158208
1284937120226803712
1284936540305502209
1284936441588404224
1284936269206675461
1284936104081121280
1284935934962614272
1284935830230822912
1284935586579542016
1284935422959710208
1284935207175327744
1284935118709157889
1284935044461715456
1284934719876894720
1284934427525574656
1284934384487817216
1284933767786754048
1284933741350211585
1284933356430319616
1284933141598105600
1284932794892705792
1284932749460152324
1284932264984485889
1284932115503570944
1284931840155897857
1284931083641864192
1284930962648956928
1284930896123105280
1284929838504185857
1284929585646362625
1284929328271118337
1284928720449527819
1284928435551232000
1284928059271860224
1284927797845098496
1284927686104801280
1284927480705347586
1284927321229504512
1284926946137128960
1284926472214339584
1284926375913074689
1284926198871494656
1284925424108212226
1284925203491872768
1284924816210841600
1284924290446417921
1284923658821984257
1284923453351424000
1284922944431546370
1284921464429277184
1284920440666775552
1284919727928696832
1284919264978153472
1284919126658560000
1284917989347917827
1284917783063433216
1284917585843109888
1284917216132112386
1284917114218991621
1284917047051407366
1284916934757298176
1284916872320884736
1284916833544331264
1284916807523094530
1284916707375681536
1284916640241651716
1284916636215123974
1284916529209933826
1284916454056505344
1284916373928509440
1284916300050059264
1284916228939808768
1284916151701692416
1284916064049143810
1284915956649689091
1284915880980295683
1284915779599826945
1284914695149740032
1284914682004897792
1284913955069018112
1284913737653051392
1284913681755766785
1284913440541143040
1284913302028587013
1284913013317763072
1284912690318790657
1284912668541726720
1284912449318051840
1284912314659962886
1284912088683384832
1284911933921964033
1284911620943015936
1284910672925454336
1284910644190253056
1284910566230777856
1284910111853408256
1284908734490333185
1284908614524833795
1284907821864062979
1284907519018708998
1284907145012494337
1284906582145249280
1284906106632822785
1284906020410662914
1284905599436636160
1284905458386350080
1284905403864813568
1284904717668114438
1284904636936159232
1284904483680481281
1284903606911504385
1284903561453883394
1284903191193088000
1284902987739983874
1284902635070304256
1284902135356772352
1284901958747217921
1284900858010963968
1284900542146154496
1284900530075172866
1284900500140437507
1284900236188692481
1284899973142847489
1284899782238982145
1284899573459116033
1284899294412038149
1284898055070900224
1284897822119092226
1284897739147489280
1284896989893754880
1284896955017998336
1284895776145960960
1284895582792884224
1284895422536978433
1284894848420663296
1284894723157696513
1284894626709528576
1284894252317634567
1284894024642359298
1284893925770178569
1284893867662127104
1284893533455781888
1284893474710368256
1284893410042589184
1284893399905120257
1284893055024107520
1284892696830636032
1284892269225467909
1284891941495177222
1284891753779130368
1284891438333849602
1284891309791215616
1284890701914750976
1284890210812100610
1284890051671756800
1284888584282144770
1284888424135221248
1284886915100147714
1284886870015438849
1284886705376505856
1284885541641584641
1284884456445284352
1284884401407623169
1284884401361387521
1284884333665411072
1284884075065552897
1284883181640900610
1284882844741799937
1284882755331948544
1284882604387442690
1284882532987596800
1284880775930949635
1284880734855892992
1284880649179082757
1284875833367306242
1284875791013117961
1284875612457492480
1284875553502371842
1284875487412715521
1284875431376818179
1284875360216199175
1284875295892426752
1284875240003207169
1284875183430553600
1284875118024503297
1284875052366925824
1284874996251230208
1284874912839204865
1284874851870748672
1284874762393657350
1284874694114582528
1284874637692809218
1284874578842595328
1284874503747710977
1284874440547991552
1284874383627091968
1284874318715985921
1284874259416977410
1284874170598412288
1284874095126028297
1284874009436446720
1284873903651860480
1284873787536801793
1284873258593132546
1284873192809603073
1284873131891490820
1284873074953854977
1284873004934144001
1284872999267643392
1284872936046964737
1284872881621676034
1284872819256496129
1284872747785564161
1284872670136369152
1284872615455338498
1284872554826563586
1284872499424104448
1284872442893279235
1284872374995877898
1284872314925060096
1284872242921451520
1284872183240691713
1284872126806339585
1284872062608211968
1284871999156899844
1284871914964434946
1284871902633373699
1284871837231599622
1284871763751510021
1284871701843542016
1284871598164643844
1284871498524753921
1284871468984213512
1284871402965925891
1284868306361606145
1284867429777264649
1284866668867588097
1284866633757077505
1284866580078305281
1284866511950290944
1284866460431638528
1284866398922121217
1284866348863062023
1284866289081647104
1284866212845977602
1284866156361396226
1284866094512119808
1284866036433653760
1284865952291717120
1284865898445074433
1284865837984292866
1284865764177084419
1284865705339486209
1284865644249387009
1284865584870707201
1284865527219998722
1284865471678906369
1284865402636566530
1284865333287948292
1284865273774985217
1284865181630300160
1284865121790173186
1284865064726597632
1284864997022105601
1284864931020537856
1284864871696412672
1284864809926897666
1284864755430297605
1284864750808182785
1284864692234661889
1284864609585897473
1284864278655377413
1284864235365752835
1284864235340791808
1284864184107307008
1284864126368583681
1284864071406366721
1284864019388608512
1284863960085409793
1284863891231703040
1284863831546769411
1284863766077886464
1284863712940130304
1284863657055322113
1284863609160339458
1284863595889688578
1284863539283361792
1284863479774687234
1284863101901443073
1284863039334952960
1284862973052411905
1284862911379394560
1284862844941537280
1284862774812856320
1284862713093652480
1284862635415150601
1284862515843936256
1284862394150326272
1284861993799671808
1284860569141391360
1284857718600335360
1284855817481723911
1284855520709488641
1284853245509337088
1284852067597725698
1284850774644862978
1284850714620108800
1284850130974384130
1284848354246221824
1284845434431844353
1284844424585830400
1284844201176256512
1284844116069605377
1284843962910437376
1284840608444514304
1284839047991525377
1284838948125265920
1284836536886816769
1284835589020418050
1284835538407698432
1284834617535672321
1284831551302381568
1284829481480458240
1284828915232501763
1284827965709258753
1284827474052952064
1284825655775985668
1284825611840770049
1284825542324363264
1284825487051837441
1284825423726161923
1284825361998581760
1284825302926004225
1284825243622744064
1284825183300268038
1284825118275928064
1284825050554593280
1284824966249230336
1284824740801261568
1284824699294318593
1284824642713255936
1284824586794741761
1284824521900425216
1284824461133389827
1284824391382183938
1284824319617634305
1284824252546457600
1284824156333277184
1284824080131268609
1284823940515475456
1284823364666875904
1284822783491559424
1284822742244700160
1284822690214350848
1284822637747871745
1284822580998868992
1284822518298288128
1284822463835242496
1284822385019977729
1284822310692716544
1284822249464377346
1284822176605102081
1284822109156446209
1284822044346114053
1284821975119077376
1284821911202037764
1284821847499051009
1284821779907858436
1284821690061656064
1284821527809142785
1284821486839234560
1284821482875449346
1284821430287376384
1284821369134489602
1284821308090527744
1284821227400568832
1284821131896250369
1284821057178927104
1284820972651057153
1284820968523706375
1284820911779196928
1284820833706414081
1284820729285009408
1284820653573627904
1284820644589375489
1284820591133052928
1284820522036006914
1284820459201212416
1284820382902620160
1284820357782876160
1284820313847599104
1284820055797248000
1284819321861046272
1284819269608448000
1284819215632007170
1284819155066159104
1284819101374963712
1284819012749320193
1284818918125772808
1284818850803048454
1284818793643085824
1284818734864113666
1284818670963904512
1284818612981764097
1284818539728306176
1284818513312481280
1284818457398214656
1284818386397073408
1284818325701263361
1284818244650577922
1284817984666701829
1284817874176086017
1284817822732947457
1284817759835238400
1284817698527031296
1284817625940324352
1284817623138566144
1284817561968877568
1284817500270743554
1284817438501228546
1284817373988630533
1284817308955955200
1284817243696779265
1284817179284836353
1284817111991357441
1284817035453698049
1284816961839468544
1284816896609705984
1284816805052272641
1284813176085913600
1284811951412051969
1284811135141793792
1284811072453644289
1284811018028408832
1284810968833425408
1284810904815763460
1284810835068682240
1284810771101253633
1284810667137150977
1284810608756523010
1284810550476759041
1284810489277689856
1284810414359011329
1284810344037220353
1284810285698576385
1284810225279733760
1284810123928576000
1284809879614611456
1284809837617074176
1284809754892804096
1284809683228925955
1284809626198908928
1284809568900526080
1284809504207654912
1284809439321772034
1284809373215346690
1284809310095245312
1284809237189791745
1284809162912944128
1284809135452680193
1284809098542952448
1284809034013474816
1284808960697077762
1284808856888123397
1284808846955945984
1284808098541195264
1284807894463111169
1284807848027881473
1284807789118918656
1284807726103703555
1284807666460753921
1284807607832711172
1284807550374993920
1284807496541057025
1284807438777102336
1284807375384453120
1284807303485677568
1284807225911934976
1284807146375450624
1284807080843653120
1284807012627492864
1284806944478449664
1284806879101825025
1284806798743134208
1284806715578490880
1284806647307816963
1284806513027174401
1284806262547517440
1284806221489414144
1284806162685329408
1284806086680346624
1284806014009778177
1284806001582104576
1284805921546403841
1284805857713238017
1284805794534498305
1284805717195665408
1284805650392985601
1284805536505122816
1284805468305711107
1284805465805860866
1284805407756689409
1284805319588220930
1284805239548379136
1284805142823546883
1284805069842665472
1284804988192071686
1284804913982328832
1284804849389965314
1284804771120062464
1284804673447309313
1284803861509820417
1284801903654604802
1284799293568819205
1284799245984423936
1284799180024799232
1284799119660326912
1284799055344926720
1284798990421196800
1284798926504288258
1284798863254204418
1284798797730557952
1284798797122621440
1284798718185742336
1284798661893910529
1284798637126582274
1284798560437964805
1284798495069581312
1284798469463572481
1284798395278925824
1284798315289284609
1284798228408524801
1284798163577180161
1284798090948509698
1284798022182985728
1284797953694203907
1284797873087844354
1284797801386344449
1284797732016869378
1284797646415200256
1284797575363788800
1284797495848181761
1284797406941515776
1284797311982469120
1284797204230807552
1284797113008824322
1284797012123230208
1284796927012483074
1284796835173937153
1284796760343404544
1284796657985560581
1284796070694924290
1284796019088261121
1284795947822841856
1284795852637245440
1284795787977854976
1284795699117338624
1284795633451372546
1284795562089500673
1284795497597763584
1284795431361425410
1284795365376561152
1284795292538281986
1284795227681718272
1284795156072464384
1284795088745398272
1284795021963792384
1284794921333989376
1284794845954027520
1284794774579564546
1284794692710916098
1284794622863192064
1284794546665160704
1284794481531924481
1284794429606293504
1284794413122715648
1284794329232560128
1284794244427849728
1284794167424581632
1284794100399603713
1284794009219665920
1284793932799516672
1284793848963698689
1284793754315100160
1284793676410101760
1284793591894867968
1284793471518171136
1284793442074329088
1284793007427006464
1284785677062868992
1284785632586473482
1284785566190571520
1284785491628392448
1284785419016601600
1284785373374230528
1284785325739593728
1284785254600003586
1284785165076758529
1284785063851438080
1284784988819468292
1284784908028829697
1284784825522622464
1284784720417566721
1284784648434987008
1284784634279141376
1284784553891180544
1284784464942567424
1284784385900908544
1284784297271058432
1284784176194101251
1284783887546232832
1284783823503400961
1284783736660406272
1284783659028013057
1284783574466650112
1284783430429966336
1284783332677554177
1284783242223276033
1284783151068454913
1284783051483095040
1284782972089110530
1284782889410994178
1284782810906206209
1284782717595516928
1284782633625554944
1284782543519256577
1284782461679960064
1284782361264226305
1284782245958553600
1284782165482504193
1284782076936495104
1284781984364015616
1284781882715131905
1284781785776361472
1284781685637369856
1284781539625238528
1284781453633564673
1284781298897256448
1284780514419838976
1284778723091390464
1284778682683469824
1284778625326358528
1284778571085619201
1284778512935723009
1284778454400012291
1284778386414612481
1284778326331195393
1284778264293191680
1284778203488419840
1284778145216856064
1284778087192973313
1284778027801554945
1284777946100703233
1284777884897419264
1284777821789921280
1284777759307431939
1284777699765104641
1284777626037555200
1284777557766938626
1284777499474497538
1284777437373530112
1284777360580128769
1284777281429417988
1284776383877656577
1284776292643201024
1284776230181654528
1284776176049946624
1284776107498246144
1284776045984591872
1284775957145026560
1284775898156347393
1284775836760055816
1284775772524285952
1284775710066909187
1284775641674665986
1284775573152202753
1284775502339887104
1284775427517616128
1284775360144519169
1284775288451354624
1284775193324519424
1284775121186586624
1284775051179548672
1284774978492207105
1284774900058796042
1284774828038397952
1284774720349573120
1284773194143014912
1284773146009243649
1284773085984456704
1284773020658216960
1284772952911880192
1284772888726376448
1284772820929708033
1284772756043837441
1284772680747687936
1284772579056562177
1284772456285310976
1284772404686979074
1284772341357121536
1284772276303536128
1284772210205495296
1284772143432163329
1284772075673210880
1284772010778861569
1284771934325157888
1284771826980323329
1284769758626316289
1284769712304533506
1284769647297024005
1284769571262603265
1284769495261863937
1284769426861170688
1284769359605399552
1284769287471869953
1284769213463302144
1284769129610842112
1284769049931653120
1284768961914195970
1284768884625682438
1284768783987609603
1284768391140651008
1284766880574644226
1284766695165501441
1284766641243467776
1284766550508163074
1284766486876360704
1284766412020633601
1284766344454574081
1284766262749532161
1284766197871935489
1284766127600668672
1284766031404204032
1284766017445601280
1284765950781403136
1284765877188136961
1284765800604278785
1284765702101045250
1284765619582271488
1284765525126586369
1284765435846688768
1284765303486976001
1284765265100779521
1284765211656937472
1284765139036667904
1284765082707271680
1284765024498651136
1284764966390824961
1284764909335654400
1284764851466903555
1284764786685878272
1284764725067362304
1284764657232818176
1284764544024424448
1284764480656859136
1284764414009384960
1284764346304942081
1284764278554329095
1284764201140064256
1284764141396336641
1284764052292603905
1284763955592933376
1284763395326083072
1284761941307777029
1284758836461666306
1284758795223171074
1284758719746715649
1284758659113852928
1284758597390536704
1284758532580151296
1284758474258251782
1284758412916662274
1284758349553303554
1284758280129085440
1284758182150234112
1284757989895929856
1284757933960593408
1284757876037345280
1284757804897705985
1284757726510415874
1284757648609599490
1284757592850550785
1284757528073637888
1284757467361091584
1284757397169414145
1284757298552987648
1284754845979869186
1284754799855050752
1284754733853487104
1284754677339496448
1284754604123721729
1284754548435951616
1284754488788647941
1284754427249926147
1284754369259409409
1284754305254334464
1284754243195482115
1284754157602254848
1284754097795735553
1284754074995511298
1284753869596172288
1284753813224796161
1284753749664313348
1284753687760572416
1284753632148230150
1284753568151547905
1284753507862667264
1284753446474862596
1284753381198835712
1284753306078842885
1284753181331935233
1284753108766253058
1284752959788720128
1284749819412709377
1284749172571283456
1284749107056254976
1284749027259686912
1284748953758642177
1284748879137841153
1284748779871244288
1284748705766268928
1284748618642186241
1284748546756009993
1284748448923820032
1284748342266863617
1284748113362800652
1284748021671100417
1284747947117289472
1284747861142507520
1284747775440191488
1284747701310164992
1284747602739830784
1284747507382222849
1284747422397280259
1284747322220568576
1284747162501484544
1284747057744486400
1284746918615306240
1284745160488820736
1284745085649924096
1284745008084639746
1284744928254402560
1284744843009417227
1284744757017817088
1284744683076358144
1284744608522567680
1284744519808884736
1284744430147313664
1284744342834380802
1284744232830410753
1284743593681395712
1284743538887069699
1284743470628909056
1284743406321795075
1284743324830769153
1284743265342947328
1284743245541466112
1284743202222878721
1284743102226468864
1284743037151850496
1284742963722096640
1284742894017011719
1284742810873335809
1284742705864638464
1284742604396146688
1284742353085960195
1284740419692245001
1284738234891862016
1284738144609488906
1284736172820959232
1284734249342509057
1284729526564433920
1284723366071619587
1284721720318803968
1284720524359278600
1284720246801260545
1284719597925482497
1284709512964829184
1284708977247285249
1284707598625910785
1284707200594739200
1284706370810347520
1284703822271492096
1284701241705209857
1284697832327311366
1284696113610657794
1284694445619904517
1284694188504739840
1284693922699194373
1284693123273195525
1284692513815699457
1284692447038144512
1284689201175203840
1284687271141179394
1284685082154991616
1284684065593950208
1284682911233572864
1284681890126008320
1284681885566869504
1284676038992072704
1284675927994249217
1284675291873529857
1284674945360904192
1284674619925057536
1284673658552811522
1284670881327976448
1284670602423472128
1284670371518492676
1284669940893655042
1284669072576258051
1284667816533057541
1284667694554521601
1284666461072453633
1284666345456496640
1284666300162166785
1284666212899672065
1284664352243515393
1284662163970260992
1284661621432872960
1284657717915684864
1284656793684111361
1284656793680064514
1284656331249479681
1284655372758704128
1284654690735620096
1284653305818316802
1284652390742777856
1284651145936334849
1284650999324520453
1284647544237158400
1284642379115438080
1284640924052553730
1284639345060741133
1284638854239133696
1284638752602718213
1284637007642152960
1284630584573263880
1284628683786006529
1284627069205446657
1284625539966222336
1284625230258933771
1284624581483917312
1284623388346994688
1284622748526866432
1284622171118149632
1284619091546902528
1284618562485850112
1284617639734775808
1284616500805087233
1284616447168327684
1284615927019888640
1284615095838883840
1284614692611252232
1284614560880693250
1284614518899970053
1284614413765443584
1284614096936071168
1284613749609918464
1284612987240755200
1284612121821679618
1284608961669238784
1284608740688199680
1284608314173620224
1284605685544521728
1284605209696546817
1284604171296088064
1284599165553537024
1284598983751606272
1284598686316736512
1284598547581562882
1284597985670844417
1284597644661227523
1284597410828890115
1284597366616543232
1284596612052860928
1284593796613844994
