1286404820488925184
1286402977591263232
1286402562820722688
1286402222285193217
1286402180912754690
1286402033155620864
1286400775556603904
1286398917698035712
1286398912258072577
1286398908965494785
1286398905807253516
1286398903122890753
1286398900371423233
1286398897078833153
1286398893769601025
1286398890837708809
1286398773669830660
1286397722908479488
1286396429292826624
1286396276787961856
1286395895932522497
1286395748662169600
1286395630890303488
1286395622455640065
1286395286948999168
1286394708780912646
1286394417683877888
1286394148199620608
1286393252619284480
1286391877407633408
1286391442944991239
1286391353484562432
1286391138018979840
1286390674489843713
1286389369851359232
1286388805247938560
1286386864811843584
1286385741266923521
1286385640876191747
1286385378946101248
1286384206285688837
1286383871819472896
1286383611218804736
1286383235090378752
1286383091213381633
1286382969251233792
1286382735938838530
1286382463527264256
1286382436289478656
1286382143900278784
1286381953508413446
1286381819810549760
1286381457171050496
1286381385834520576
1286381228032229381
1286381002701471744
1286377984610443269
1286376963263741952
1286376255194046464
1286376196796821505
1286376126064009218
1286376066584584192
1286375996850081793
1286375934837366784
1286375928281481216
1286375872958783491
1286375781418110976
1286375721674461185
1286375688740642817
1286375654976557058
1286375627239481345
1286375583505616896
1286375542430867456
1286375512944848901
1286375443206156292
1286375437803847681
1286375199156379648
1286375139953782784
1286375070710009856
1286375010576166913
1286374999901839360
1286374836378439681
1286374814853169152
1286374765658333187
1286374709215494144
1286374646225526788
1286374582543437825
1286374523353346059
1286374444462727172
1286374278166908940
1286374178418040833
1286374025040506880
1286373807985311744
1286373660782190592
1286373542230032384
1286373209755934720
1286373140390481921
1286372954297626625
1286372616647741441
1286372296442015745
1286372239680475136
1286371884120989696
1286371471648931840
1286371076520284161
1286370546649722880
1286370494812262401
1286369433498394627
1286369151510962176
1286369005914202118
1286368816314949635
1286368361887281152
1286367839570599936
1286367135409766402
1286365877751996417
1286365808516636674
1286365285960876041
1286365072424464387
1286364944120729600
1286364767624368128
1286364649294708736
1286364406654222337
1286364197031305216
1286363722991075329
1286363655760568320
1286363268022284291
1286363093031964673
1286362621264850944
1286362315177078785
1286362001527062528
1286361947542175746
1286361929464807424
1286361076372844551
1286361074418122754
1286361052448530441
1286360897334546432
1286360720364298240
1286360560171274240
1286360465153462272
1286360228783697923
1286360225734225920
1286359933592592390
1286359906816122880
1286359765677826048
1286357728449966080
1286357683948474371
1286357635151859712
1286357617531473920
1286357574640599040
1286357514225963009
1286357457028231170
1286357399377453060
1286357326711095299
1286357309875261441
1286357253185048582
1286357218896510985
1286357173715558404
1286357114882011137
1286357057743003648
1286356996095119365
1286356959940272129
1286356926767472646
1286356868173041669
1286356862426849280
1286356771943198720
1286356712224514049
1286356496033501185
1286356446540595202
1286356357185142785
1286355725204291593
1286355722754826241
1286355625367216131
1286355418554535936
1286355369422458882
1286355311528480771
1286355252493639683
1286355171988176898
1286355103646191617
1286355096654184448
1286355034322735107
1286354973371043842
1286354882535055363
1286354798640594950
1286354710308564992
1286354689118920705
1286354662438981634
1286354603974500356
1286354508625444864
1286354453042470912
1286354421832613889
1286354390404739073
1286354330438836224
1286354244333953025
1286354140608770049
1286354007041114121
1286353370802991106
1286353174119321602
1286353164988493825
1286352420919017472
1286352236751097856
1286352071139237888
1286351969246945283
1286351833921986564
1286351604350935048
1286351268081012741
1286350826399834115
1286350622325985285
1286350027208695808
1286349039282388993
1286348135363731458
1286347034753142788
1286346908496207872
1286346843962650626
1286345673026281473
1286345618131124229
1286345590348156930
1286344719061131266
1286343484480389123
1286343442885476355
1286343382315479043
1286343327567228934
1286343271522992129
1286343216447488000
1286343156267720705
1286343099468447744
1286343039259152384
1286342982250180610
1286342925903900672
1286342867707924486
1286342797365260290
1286342734178144256
1286342650602364928
1286342557312716800
1286342486496030721
1286342427083714561
1286342371295277057
1286342312331812865
1286342254232207361
1286342197416263680
1286342131192406020
1286342071431856130
1286341998853660677
1286341965852954627
1286341929588924416
1286341878246449152
1286341867173548034
1286341832176283649
1286341800836435977
1286341736634159105
1286341645894647815
1286341360824586240
1286340384071843840
1286340245190041603
1286340202072616962
1286340141561372672
1286340075337461760
1286340015044415491
1286339955795656704
1286339898484633606
1286339839110119427
1286339779106353158
1286339718427402243
1286339652631355395
1286339589972557824
1286339526227566592
1286339451522813952
1286339352692498434
1286339242445230080
1286339194277826560
1286339133200314370
1286339078686937092
1286339011208982531
1286338953918984193
1286338891285499907
1286338859949858818
1286338828261826561
1286338766744018947
1286338707633721344
1286338639383924736
1286338465207066625
1286338400153489408
1286338330658037768
1286338230057566211
1286334863134674948
1286332670234918920
1286332073670656005
1286330960255033344
1286330246690746371
1286329620959117314
1286329255014481921
1286329245816430592
1286329078602018816
1286328666192924672
1286328432540954625
1286327646264025090
1286325977526743042
1286324408227729408
1286323298368753665
1286322487299473408
1286322106695856129
1286321380267614213
1286319726898089984
1286318968387637248
1286316476522213377
1286313912598757382
1286313459253235715
1286312681796927489
1286312541732270080
1286312402208817152
1286312206355910657
1286311577717702656
1286308344412635136
1286301200359489536
1286300546228318208
1286299868630220800
1286297550971117568
1286297424839888896
1286297026943053824
1286296913785102337
1286296724542087168
1286296599430221827
1286296363798425600
1286296272702341122
1286296202904866818
1286295760439574528
1286293108334792704
1286293036805132289
1286292936452222976
1286292820240654336
1286292764158595072
1286292558633549825
1286292466132344832
1286292370112180225
1286292345344757761
1286291744351551488
1286291665997594624
1286291211200987143
1286291034394095617
1286290590880206850
1286290571581984771
1286290378849529857
1286290004533284864
1286289930000334848
1286289770952314886
1286289470455574528
1286288907412180996
1286288792228429825
1286288674712363014
1286288630064058368
1286288571436081154
1286288510404767745
1286288454230384641
1286288383426338817
1286288356708507648
1286288326446714885
1286288260441018368
1286288184712867842
1286288105293656070
1286288048905424896
1286287982488690688
1286287875374493699
1286287777995399170
1286287685037035523
1286287625960042496
1286287541193277440
1286287499564855297
1286287439854739456
1286287380794740737
1286287317800558596
1286287258279202819
1286287245532516352
1286287226746236934
1286287201324670977
1286287134056382464
1286287103987523584
1286287074925084672
1286287007531114496
1286286939017150471
1286286872935895040
1286286808742072320
1286286748025315329
1286286670711730176
1286286585974214657
1286286199468863489
1286285967779799040
1286285529194147840
1286285242907660288
1286284982470803456
1286284937738559489
1286284881408995328
1286284817605287936
1286284751394004994
1286284660985733120
1286284597328842753
1286284524175986689
1286284485202509826
1286284427186900993
1286284376481976320
1286284316071342080
1286284257686630400
1286284166976462850
1286283935367024641
1286283112717127680
1286282659090649089
1286282579495313408
1286282499342163971
1286282418165624832
1286282319435829251
1286282205044641792
1286282105949913088
1286282058088812544
1286281984231186432
1286281970029404172
1286281887934185472
1286281812575019009
1286281805210034177
1286281752894410752
1286281711337316353
1286281567623622656
1286281187540049922
1286281144510623745
1286281121014194176
1286281072700018688
1286281013224710146
1286280952768008192
1286280893502492681
1286280807741624322
1286280738334269440
1286280714262994945
1286280681669230594
1286280622865108993
1286280559384244225
1286280500617805829
1286280441474043906
1286280350323412992
1286280236158586883
1286279923943059456
1286279888920616962
1286279872290197505
1286279851897491457
1286279814782099457
1286279752161075200
1286279691431817216
1286279623727353856
1286279559701311488
1286279504151937024
1286279425999417348
1286279377278218241
1286279337101099009
1286279265433026560
1286279261347704832
1286279224588931077
1286279141785047043
1286279088253079552
1286279026286440449
1286279013455937542
1286278952546381825
1286278888277135362
1286278825077342209
1286278756487790592
1286278735151472641
1286278644546048000
1286278243822305280
1286278194258223104
1286278135957409794
1286278078579322880
1286278018332266496
1286277963709911040
1286277956692779014
1286277898366857217
1286277828271648768
1286277769878536192
1286277691826745345
1286277617432305664
1286277542777946112
1286277497886248960
1286277443062583297
1286277375869804544
1286277318076506113
1286277247549288450
1286277182243954688
1286277123066470403
1286277064023302145
1286276998986424321
1286276908615958533
1286276579568627713
1286276521917906944
1286276464917307394
1286276373825323010
1286276318724796417
1286276261199978509
1286276256107962368
1286276203956121601
1286276151887962114
1286276083315286016
1286276027447226368
1286275921431928833
1286275848182669313
1286275842192990210
1286275767895195648
1286275723876077568
1286275661489934336
1286275608880742400
1286275553805377541
1286275495194050561
1286275469378281479
1286275408917397505
1286275344002158592
1286275301152940032
1286275277392404480
1286275217376055296
1286275145980616704
1286275075004444678
1286275038136750084
1286274764625960960
1286274583734059010
1286274498048688130
1286274196776128512
1286274047567831040
1286273545312415747
1286272438838296577
1286270938389110784
1286270893770014721
1286270830851362816
1286270769404805120
1286270690790973441
1286270622297989120
1286270557697253376
1286270492769427459
1286270042934476800
1286269907005517832
1286269639379562499
1286269555946422272
1286269465634705409
1286269438761762818
1286269425595879424
1286269374999879680
1286269371933958144
1286269312609779714
1286269251020627968
1286269194695323649
1286269132216971264
1286269075434475520
1286269012041707520
1286268929028034561
1286268821070688257
1286268620784521216
1286266723142733825
1286266502824570880
1286265923205304321
1286265877856505857
1286265823636619264
1286265771421728770
1286265710277271552
1286265651976450050
1286265590706044929
1286265528839999489
1286265473047441408
1286265358689677312
1286265290247024640
1286265234924228614
1286265172101935104
1286265160391438341
1286265106762956800
1286265034549743618
1286264965696040960
1286264961497432069
1286264848121290752
1286264792731262976
1286264676171612160
1286263457290096640
1286263423731408896
1286263368899268608
1286263361597054978
1286263341770391554
1286263304797773824
1286263246933168129
1286263189634723841
1286263126145597440
1286263059917545472
1286262998999457793
1286262922289848327
1286262823287427072
1286262729704181760
1286262658963066880
1286262598443335682
1286262583507456000
1286262541719670785
1286262466595495936
1286262401948692480
1286262339096977408
1286262251771568129
1286262156703522816
1286262113523118080
1286261865644011520
1286261738418180096
1286261640497975296
1286261546297913344
1286261436700925953
1286260489782087680
1286260461542027264
1286260182515879938
1286260086613172225
1286259856639504384
1286259660677238784
1286259391893778433
1286259233839751169
1286258967287496707
1286258508653101057
1286258249184899075
1286257730898944002
1286256846387519489
1286256302834868224
1286256174040522752
1286255894791991299
1286254888121446406
1286254842269360131
1286254823025905664
1286254792214487041
1286254745200529408
1286254688250343424
1286254634684813312
1286254582918774785
1286254531060301824
1286254480560926721
1286254453146951680
1286254429864370176
1286254369470590976
1286254322150510593
1286254273613967361
1286254221877288960
1286254150163009536
1286254082655752192
1286254030428094464
1286253979660431360
1286253934546477056
1286253877264814085
1286253826027278336
1286253819932946435
1286253769932648457
1286253719517102081
1286253661837033475
1286253600054927361
1286253545751293952
1286253479091228678
1286253418865197056
1286253361436786693
1286253255505453057
1286253208734703616
1286252959945367552
1286252729753632769
1286252682760552449
1286252619657285636
1286252566750334977
1286252508592115715
1286252450933018624
1286252391583621121
1286252330233602054
1286252266803154946
1286252214961549318
1286252212902146048
1286252147789762565
1286252076121698310
1286252016822620160
1286251814791393280
1286251729269465088
1286250760733327367
1286250713916596226
1286250646497374211
1286250586443317248
1286250526695456772
1286250457267081217
1286250395162103809
1286250309099180039
1286250246763315200
1286250183328702472
1286250126558855170
1286250052302917633
1286249984770416640
1286249905946853376
1286249712182595584
1286247622181888001
1286246091848142860
1286245405391499264
1286243506445590528
1286241635232370694
1286240415251935233
1286240369060065280
1286240313980461057
1286240258187767809
1286240199647940609
1286240140302651392
1286240083264315392
1286240021545197568
1286239962216660993
1286239901927772161
1286239830062649344
1286239765772357633
1286239723690831880
1286239654921089024
1286239595739455488
1286239541741916161
1286239472309469184
1286239411798257675
1286239350661898241
1286239289844654080
1286239230449025024
1286239152007249921
1286238487050625025
1286238437830524929
1286238378632126464
1286238321518227459
1286238258733645828
1286238201976414208
1286238140651446272
1286238083009187841
1286238023563325440
1286237957087809536
1286237894504579072
1286237811780321288
1286237739936079872
1286237682633506816
1286237620054433792
1286237558242971648
1286237504476188672
1286237444237664256
1286237380341620736
1286237322128883712
1286237257637208064
1286237179635785728
1286237114770894849
1286236937116737536
1286236816723578880
1286235219419430912
1286232643214946305
1286230176423202816
1286229467480887297
1286229008674242560
1286225721648533504
1286219336789753856
1286219290618859520
1286219260063252481
1286219234561982464
1286219187535446027
1286219132376100866
1286219076721938432
1286219053770711043
1286219011756359682
1286218991959236608
1286218962901106690
1286218909478203392
1286218848908214272
1286218795191803904
1286218644486262785
1286218336892641280
1286218288200953856
1286218148266598400
1286218108068339715
1286218052384641024
1286218045808152576
1286218016838103040
1286217979030577153
1286217976312545280
1286217920792666112
1286217866791059456
1286217802412695554
1286217741456879616
1286217739594600448
1286217670040354816
1286217607289417729
1286217545519902720
1286217157110460418
1286217148587810816
1286216907851476995
1286216686903808001
1286216391700471808
1286216297890697216
1286216142567202818
1286216096387944448
1286215977265332225
1286215541850378241
1286215351626117120
1286215294327955463
1286215226182864897
1286215071127998464
1286214884431036416
1286214635222208513
1286214586161602560
1286214537105080321
1286214511247204352
1286214503504343041
1286214484722356224
1286214426283192321
1286214372642226176
1286214363242614790
1286214317139009536
1286214269781114881
1286214264504700929
1286214209546727424
1286214163555991554
1286214151153553408
1286214085957345280
1286214026398236672
1286213949713719296
1286213885092143104
1286213878272032775
1286213871536087040
1286213814929809408
1286213776618872834
1286213750803005440
1286213685044752385
1286213649904701440
1286213619957616645
1286213557940637697
1286213486708695040
1286213467872010243
1286213458783088641
1286213422305226754
1286213353891868677
1286213326414835712
1286213274804072451
1286213208009854976
1286213207808331778
1286213147809009665
1286213084491718656
1286213024936873987
1286212961925652481
1286212950588628992
1286212877188304896
1286212872167665668
1286212836470005760
1286212783747379200
1286212768174137344
1286212709491412993
1286212702860386306
1286212642814779392
1286212572384047104
1286212509263962112
1286212448316534787
1286212391005544448
1286212366208626688
1286212328934051840
1286212312219684867
1286212270041763841
1286212205726269445
1286212134951682060
1286212077258805248
1286212071366053888
1286212012020830208
1286211953891971072
1286211910656909312
1286211889773662209
1286211822685757440
1286211761704771584
1286211702447636481
1286211636668366849
1286211565772066822
1286211503285252098
1286211425556406273
1286211356958625797
1286211351241789441
1286211284804018177
1286211196010598400
1286211189312065536
1286210426183680006
1286209507618586624
1286208755764428800
1286208664500613120
1286208599316770816
1286208386409758722
1286206511400640513
1286204161436966912
1286203908847595520
1286201853890330626
1286200312567681024
1286197836296663040
1286196892561440768
1286196859753639942
1286194055836311554
1286193655221542912
1286192918747914240
1286192284762017792
1286192268836249601
1286192071062302724
1286187713608245249
1286185079429926913
1286184797857959941
1286183981461823488
1286183842684891137
1286183399569252352
1286183215972200448
1286183098770583552
1286183023361351681
1286182309872324609
1286181625429032960
1286180794549956610
1286176422424240128
1286176385069977605
1286175504161107969
1286173697456259072
1286173659883646976
1286172933920972800
1286172385956118528
1286172311163301890
1286172266154397696
1286172073098743809
1286171853531168768
1286171735570690049
1286171657749463040
1286171408062730241
1286171397862182913
1286170057190514688
1286169853200670726
1286169738465300486
1286169720777973760
1286169593271037953
1286169584920408070
1286169225426538496
1286168861830778881
1286168568279650310
1286168352214233093
1286168315010965506
1286168110463164416
1286167920872128514
1286166817527025665
1286166636022632448
1286166416501202944
1286166412889714692
1286165802383634432
1286165415379398656
1286164449284562944
1286164386663542785
1286163526084489216
1286163260660580353
1286162969198358533
1286162328677838848
1286162259266412544
1286162147328897024
1286161920827904001
1286161701818097665
1286161408015716354
1286161036928663557
1286160729331073024
1286160510786981889
1286160364841795586
1286159976109465600
1286159308447576064
1286158666538692608
1286156788874670082
1286156766548357120
1286155624498126849
1286155259283255296
1286155199778824194
1286155161233231874
1286154848757571584
1286154704083283971
1286154680905629697
1286154392941531137
1286154341989187584
1286154232555421696
1286153974937092096
1286153874768879616
1286153853063200768
1286153721143992321
1286153021785690114
1286152992287338498
1286152928189792256
1286152817485332481
1286152596533555202
1286152180295139328
1286151988967870464
1286151696284971008
1286151201155960832
1286151000462520325
1286150303855915008
1286149860614447110
1286149411597365248
1286149226049798144
1286149034986467328
1286148785186447365
1286148682568445952
1286148539035389954
1286147996296581126
1286147440366751744
1286147429092544512
1286147256668700673
1286147197743104001
1286147089274044416
1286146741981519873
1286146559537631233
1286146396790325249
1286146381657202689
1286146131047723008
1286145992127967239
1286145706118361088
1286145653844971521
1286145449309528065
1286145369437609986
1286145279499079680
1286144910224220160
1286144906478542848
1286144778174754817
1286144667373903877
1286144509022097412
1286144505880563713
1286144443670831104
1286144332391755776
1286144088631209984
1286144025980833792
1286143951003627524
1286143720249729024
1286142139290669057
1286141583780323329
1286140369529446400
1286139781735473152
1286138289313984513
1286137048559169536
1286136744233111556
1286136535092539393
1286135141706784769
1286134631344087045
1286130933498748928
1286128770810884097
1286128123487178752
1286127953563119616
1286127869115215874
1286127199863611394
1286127152182722563
1286126971248881667
1286126901183090688
1286126638535761921
1286125403594268674
1286124881659047936
1286124686280019969
1286124425876631552
1286124277499146240
1286123962456563714
1286123818121965570
1286123669320867842
1286123541054795783
1286123503389900800
1286123400654548994
1286123040800219136
1286123012408967169
1286122748339683329
1286122630450491392
1286122573231726592
1286121765337366528
1286121288491302915
1286121168005738496
1286120972718833664
1286120380491431936
1286120250648350720
1286120101972971523
1286119901594296323
1286118926791979008
1286118827391176704
1286118505742577666
1286116862540095489
1286116432187514880
1286116018192973824
1286115926920687618
1286115695021846528
1286115533042024448
1286115319568830464
1286115184805781504
1286115076764819457
1286114967100432384
1286114865975898114
1286114620877365248
1286114112712384512
1286113322094350336
1286113051402371072
1286112624753573892
1286112501562630146
1286112010405634049
1286111985805926402
1286111365950709760
1286111000710639618
1286110921614598144
1286110794346889219
1286110623382855680
1286110508198670336
1286110256666415105
1286110162168606720
1286110035492212738
1286109985353674753
1286109758374555649
1286109745066258432
1286109626555969536
1286109606532517893
1286109451968184322
1286109422075273216
1286109148690763779
1286109044642463745
1286108896147333121
1286108817319694337
1286108702253051904
1286108550310264838
1286108347263905792
1286108321599180800
1286108104502005766
1286107900881117184
1286107881704570881
1286107691106988033
1286107415759294464
1286107407773503493
1286106358228619264
1286106249684062209
1286106096319565824
1286105933559369728
1286105818467676160
1286105691048955904
1286105529228627968
1286105498161278977
1286105387276464128
1286105312622075911
1286104758005071873
1286104598923493376
1286104596654329857
1286104235394740225
1286104185490911234
1286103966816694278
1286103871052447749
1286103714122461184
1286103647537885186
1286103287335284737
1286103187749920769
1286102985240584192
1286102557597736960
1286102367960567815
1286102220996407296
1286101997955907584
1286101718665592833
1286101358811254784
1286101342872842242
1286101180494393347
1286101082490523651
1286100800620638218
1286100701928595458
1286100514862759936
1286100335291899904
1286100086921891840
1286099926242320384
1286099624197885952
1286099533638713344
1286099107241549826
1286098465295151105
1286098264442445831
1286098224982319104
1286098152450166785
1286097912217231360
1286097751776702464
1286097404664586240
1286096604601049088
1286096181483864066
1286096022465179648
1286095744626094082
1286095648291532800
1286095241720692736
1286095077375262720
1286094544761544704
1286094367099195392
1286093736053628928
1286093521955352579
1286093290689851394
1286092762454999040
1286092525795569664
1286091087354802176
1286090906240655361
1286090703844438020
1286090532645531648
1286090345411837953
1286090045498114048
1286089756489596929
1286089449902751744
1286089278871580672
1286089173737250816
1286089029717393409
1286088931243511810
1286088840415830017
1286088708387508224
1286088701207027713
1286088347127963648
1286088001236267008
1286084078010347524
1286078538764840962
1286078176553132033
1286078071942991872
1286077676285915136
1286077645780787200
1286077311402401792
1286076492393230336
1286076367465934849
1286074569971896320
1286073994064658432
1286073596092194817
1286073464441323520
1286072966254604289
1286072634921218048
1286070598636978176
1286070532774006785
1286070409268531201
1286070303328796676
1286069632126910466
1286068840091340800
1286067418574589953
1286066629265092608
1286066261584117760
1286066075797422081
1286066013642133505
1286064980920541186
1286064939757576192
1286064451913949185
1286062686158106625
1286062058816057349
1286061828481540096
1286059709850619912
1286059104729874432
1286058948005486592
1286058863318437889
1286058793910956032
1286058738533699585
1286058575152836608
1286058463391412224
1286057845302075392
1286057753027411969
1286057021209554945
1286056309138350080
1286056001267957762
1286054744914501632
1286054443214147590
1286053712633434117
1286050745855475712
1286048095332114433
1286044299088388096
1286044289798111233
1286044238665351168
1286044183539613697
1286044119756869639
1286044068888416263
1286044013980790784
1286043952739758084
1286043882715848707
1286043820623302664
1286043782505467905
1286043715375595521
1286043659297787904
1286043596051959818
1286043533137281026
1286043472655454208
1286043382339391489
