1296552465895174144
1296550340037431297
1296549764612464640
1296549529181806592
1296547690550104065
1296547645763260416
1296543792216936449
1296543616459038720
1296543213042446336
1296541654732673024
1296541236736663552
1296539896056881161
1296539228340355075
1296538410325336065
1296537854978527236
1296537527155863556
1296537144274673664
1296536830490288130
1296534625402138624
1296531851759292418
1296530797604864003
1296524342856232960
1296522965283217410
1296520458268024832
1296518911576293376
1296517879702192128
1296517295561416705
1296514864375111681
1296510843031445504
1296509894930182146
1296504740260597765
1296503121003204608
1296499549482004480
1296491610943950855
1296491303203745793
1296489584046624768
1296486883430670338
1296485556835278850
1296484283100667905
1296477147922604035
1296474062412185602
1296470011809333253
1296467512641695747
1296466280548114434
1296466256657362946
1296466248486858753
1296465405826015232
1296464295832752128
1296463417302188033
1296463411568611329
1296457643817607169
1296444596013211650
1296443964069941250
1296443826970726400
1296438163402035201
1296437827748724739
1296436911968604168
1296431970382159872
1296417523571863552
1296416942815883264
1296415600387006465
1296411575121850368
1296403744326811649
1296403234383450114
1296401973936259073
1296399186921959424
1296394699591254018
1296375098035695616
1296374684343308288
1296373985312231425
1296368702967943168
1296368366488256512
1296367579917955077
1296367132574396416
1296366633301278721
1296365604757094406
1296360419213357056
1296355979873796098
1296355314669772801
1296336672645414912
1296330383324319750
1296326725274447873
1296326317646979072
1296302480209383426
1296301193921286145
1296295925560807424
1296290124507033601
1296283276668284928
1296282058621431814
1296280822174167040
1296280804465704960
1296280566892044289
1296278758312292353
1296276192488718336
1296275932337012737
1296275798186434560
1296275741244563456
1296275600794177543
1296275042683228160
1296273724102995968
1296273497996562432
1296273345537806339
1296261029077430274
1296249907561594889
1296249779400441856
1296243884889010177
1296235542770790401
1296235427158876160
1296234351512887296
1296233888419741696
1296233755825250304
1296221119842852866
1296218249823125512
1296212910558064656
1296208233414250496
1296206288003768329
1296204058533998594
1296195158812368898
1296195047566856192
1296191880737193985
