1286042708709191684
1286042663809159173
1286042590572417026
1286042504249434112
1286042433256652810
1286042379586342913
1286042316017471494
1286042258245144576
1286042199822671874
1286042133783339008
1286042074509344769
1286042016560877570
1286041947895980032
1286041888861151233
1286041821894905862
1286041746741354499
1286041730215809025
1286041631934820352
1286041582182031360
1286041517732356096
1286041455061086209
1286041453865496576
1286041395480993794
1286041367093956610
1286041334164357125
1286041271568654337
1286041253331849219
1286041211262971905
1286041145643020301
1286041027787329536
1286041005825826816
1286040949638955010
1286040889182375936
1286040823528906753
1286040760018755585
1286040688619130880
1286040564614471680
1286039919287308291
1286039880737456128
1286039827490713603
1286039775544303620
1286039721022496770
1286039670221135875
1286039619893682179
1286039564537270273
1286039509516398594
1286039447721709576
1286039382785490949
1286039309485838338
1286039236278394886
1286039180343218181
1286039110201888768
1286039047442444290
1286038985295486976
1286038925316890627
1286038847936172035
1286038780265340928
1286038715157053448
1286038646395752455
1286038577365889025
1286038477424001030
1286037116929994752
1286035170873810946
1286034279537840129
1286033685511204864
1286030166330941440
1286029150374039552
1286028948758040576
1286028827005681666
1286028462952787969
1286028319285293056
1286027497293770752
1286027342444236800
1286027004584828930
1286026504573292544
1286025010537209856
1286024348730449920
1286024175241646083
1286024019163197440
1286023660168413186
1286023569634480128
1286023560721338369
1286022798046003205
1286022793629401090
1286017142123421701
1286016615696543749
1286016611145703424
1286014666037239808
1286013196814266368
1286010275473297411
1286010194393210881
1286009904029995008
1286007457383407619
1286005606843912192
1286004831048671233
1286004462692241411
1286003390569480192
1286000761860526080
1285998915351801857
1285997912091242500
1285997443201421312
1285997209696088064
1285997037029175301
1285995979439841280
1285995423434326022
1285995117292052480
1285994463878213632
1285994273880473600
1285994007516999682
1285993667019378688
1285991936776638464
1285991308788670464
1285990712727617536
1285990588777725953
1285990341179510785
1285990089630212096
1285988355524620290
1285986729422462981
1285986697440825344
1285984550015758336
1285983241049001984
1285981197512761345
1285980286862471168
1285980059174494209
1285979811265916928
1285978973558587393
1285978523765665792
1285978011968221184
1285977773186576386
1285977417681518592
1285977157693399041
1285977149992767490
1285976952818417665
1285976816541331456
1285976343696404486
1285976056898351104
1285975990485897216
1285975801561673730
1285975633391050752
1285975327223828480
1285975303626477568
1285975014836105216
1285974842416619520
1285974669322051588
1285974575126212614
1285974535741857796
1285974519954370560
1285974409639940098
1285974210267897857
1285974170376036352
1285973788287537155
1285973702937477120
1285973657492295681
1285973260639760385
1285973033115508736
1285972880023379970
1285972704294658049
1285972563152138240
1285972346860273664
1285972309677940736
1285972031914168320
1285971451619639296
1285968687929778178
1285967943369621505
1285966414147465217
1285966331691634689
1285966226687234051
1285965821521489921
1285965683377836037
1285965524812197888
1285965289427857408
1285965187036721155
1285964626677477376
1285964385123479554
1285963908595937280
1285961799779721216
1285961758654509057
1285961702132129793
1285961642182873089
1285961586855817218
1285961531155517441
1285961474993782785
1285961416512606211
1285961347235225600
1285961256319549445
1285961193987944448
1285961149402550272
1285961086966083585
1285961024668082177
1285960956099670016
1285960900311121921
1285960837656645635
1285960769671245828
1285960603966877698
1285960513311080448
1285960135815450625
1285958174416265216
1285958130833272836
1285958072272388097
1285958008422510593
1285957928688779277
1285957768034148352
1285957401506717698
1285957334137806848
1285957282040291330
1285957220715450368
1285957154734845952
1285957092000571394
1285957029237063683
1285956971976364034
1285956910995386369
1285956847191678978
1285956782758801408
1285956716488806402
1285956643956695040
1285956535219363841
1285955727543218178
1285955468733669376
1285955426073350146
1285955364039675909
1285955312692924416
1285955253658169344
1285955198884741120
1285955145478672385
1285955067074490369
1285955012095598594
1285954953232691203
1285954947918581762
1285954894969667584
1285954836643680258
1285954779861209089
1285954721962962945
1285954656729014273
1285954573660835840
1285954503041327104
1285954425383800833
1285954333348159493
1285952998670241797
1285952416261697537
1285948276047589378
1285947951240622082
1285947902112739329
1285947847943356419
1285947789663449091
1285947735531753472
1285947684185047041
1285947629914984449
1285947579004526592
1285947528656097280
1285947453594898432
1285947372481269762
1285947315593924608
1285947257385361410
1285947199990501377
1285947137449222146
1285947040757878786
1285946787115806721
1285946744140947458
1285946680991457280
1285946623856648194
1285946569989201920
1285946512225247232
1285946443602305025
1285946387050438667
1285946317102080001
1285946234356805633
1285946176450244608
1285946112214478850
1285946030081609729
1285945674048077831
1285945645552066565
1285945310070661121
1285945096094003201
1285943986327257088
1285940999353782272
1285940470951014400
1285936652301500420
1285936586165805057
1285936533904687106
1285936478934175745
1285936404137218049
1285936347056877571
1285936286424014848
1285936218958704640
1285936157751222272
1285936104122781696
1285936045943672833
1285935986938183680
1285935920999550978
1285935849511813121
1285935788157546497
1285935727709163520
1285935664522047488
1285935663196577792
1285935590991704064
1285935521399791616
1285935381456850945
1285933280299307011
1285931089157070849
1285929021197475840
1285927211028152320
1285927207915753473
1285927166593642496
1285927109093990400
1285927058468745216
1285926990785241095
1285926936703840261
1285926883213877252
1285926822190952449
1285926768931676161
1285926716574236673
1285926660227895297
1285926607107117057
1285926548365889538
1285926486084648961
1285926405864337408
1285926336586973187
1285926274465255424
1285926231842717696
1285926170656219139
1285926108244910082
1285926049071738881
1285925975331569665
1285925895501418496
1285925864442454016
1285925835673931778
1285925772243488769
1285925709689630722
1285925642148745216
1285925591649333253
1285925575081721860
1285925505712173056
1285925434434125825
1285925339550691328
1285924566079098880
1285924502434648066
1285923138346250241
1285922790269497344
1285922296381792256
1285922253620891648
1285922187216592896
1285922118065180673
1285922055700058114
1285922000289050626
1285921941048692739
1285921881112088577
1285921810215776259
1285921733741105153
1285921585061404672
1285921561313255430
1285921519038849024
1285921460159217669
1285921386855366656
1285921314809815040
1285921244676870145
1285921180592025600
1285921118382170113
1285920963314548737
1285920841746841601
1285920579455905797
1285920104090349570
1285919798321221632
1285917902596722690
1285916046294020096
1285916001792647170
1285915935916818434
1285915875288264704
1285915802336731136
1285915736884547584
1285915654915330049
1285915595175796737
1285915528507383808
1285915469246070784
1285915405928800259
1285915309795311617
1285915211363430401
1285915100323487744
1285914991867113472
1285914109280546817
1285912182400724992
1285911149402177536
1285910538309033985
1285910353914847233
1285910318884020225
1285910268980146176
1285910211224571905
1285910160116940802
1285910105679110145
1285910055599116289
1285909997436665856
1285909936472567808
1285909852150210561
1285909783921426434
1285909716619714560
1285909653751300096
1285909582217383938
1285909493054873602
1285909392311963649
1285909341221027841
1285909264410779648
1285909209352146950
1285909149608554497
1285909095376134144
1285909023972372480
1285908968725008385
1285908913964175362
1285908892711436288
1285908858607738882
1285908800818556928
1285908736553426946
1285908672598679553
1285908605150126083
1285908511885598721
1285907511502082049
1285906663912833024
1285906566483509248
1285904420673380353
1285904368412364800
1285904317879287809
1285904264766750721
1285904206231216129
1285904139671801856
1285904089902125060
1285904036387008513
1285903982402187264
1285903923623219200
1285903864689053697
1285903809751986181
1285903748016021509
1285903742399700992
1285903695838945280
1285903644366385153
1285903588099788801
1285903531829059585
1285903466297200644
1285903408470294534
1285903105343856641
1285903038927056896
1285902958446751744
1285902686777483264
1285902636177399808
1285902570918215681
1285902503742263298
1285902430111174656
1285902365393125376
1285902308128305152
1285902253778501632
1285902220521885696
1285902188938698752
1285902121209073665
1285902007698698240
1285901949259448320
1285901891566796800
1285901834792599552
1285901775728508930
1285901700168069120
1285901625173868544
1285901563001737218
1285901501320306689
1285901425655128065
1285901355337551874
1285901263427772416
1285900803664994304
1285900597615562754
1285900355906277376
1285900315372511232
1285900260267765765
1285900197629964294
1285900147466141697
1285900088838168577
1285900035293577219
1285899981572976641
1285899922471100417
1285899861229961216
1285899798617489409
1285899730766176257
1285899674264784898
1285899554639020034
1285899294923542529
1285899242012323841
1285899181958336514
1285899124899041283
1285899054598283271
1285898993676029952
1285898932254658560
1285898874884894720
1285898798322114560
1285898743225692160
1285898604301946882
1285898540015919106
1285898469190795265
1285898375041298433
1285898177061814272
1285896369107021824
1285895674400317441
1285895551230390272
1285895513171165195
1285895444611112960
1285895392366866432
1285895341217325056
1285895252260392962
1285895202612350976
1285895150883962880
1285895096668499968
1285895040494194689
1285894984705675266
1285894913754882048
1285894851926663174
1285894786927538176
1285894730300166144
1285894673270177792
1285894654098132992
1285894607205736450
1285894550767230976
1285894466654609409
1285894327516962821
1285894283409719296
1285894226316800000
1285894122532999168
1285894065859461121
1285894011664900096
1285893960230150149
1285893892819292161
1285893880710410240
1285893817409908736
1285893760967159808
1285893708169322496
1285893648811515904
1285893578062012417
1285893520176361477
1285893458377560067
1285893393856552960
1285893330530967553
1285893290727014401
1285893254551142402
1285893158916829185
1285892425563680768
1285886887081783296
1285886711336140800
1285886660060872705
1285886614103785472
1285886562371239938
1285886509669855232
1285886449695555586
1285886397963022339
1285886343000850432
1285886289695461379
1285886236268404736
1285886173416652800
1285886101845147649
1285886039270227968
1285885981405728770
1285885921653600261
1285885868528537600
1285885808675827712
1285885739914469381
1285885680334311424
1285885622712963073
1285885563145510914
1285885502244237312
1285885446862581760
1285885386904961024
1285885301840384001
1285885127470481409
1285885075742130177
1285884997203898368
1285884942946271232
1285884892404948992
1285884840341114881
1285884783273349121
1285884730894888960
1285884674162778112
1285884568470462465
1285884516922531840
1285884464569241600
1285884387922530304
1285884332738072576
1285884280363720705
1285884223275106304
1285884172553400320
1285884119902294016
1285884064394690562
1285884014142926849
1285883957347782656
1285883905665634305
1285883851676569600
1285883793111429120
1285883678892138496
1285880091927613441
1285880052580835328
1285879999040565249
1285879939112345600
1285878683119554561
1285878614089773056
1285878547568091137
1285878490915573761
1285878373772861442
1285878318856798209
1285878312297013249
1285878261277491200
1285878183397654528
1285878104410468353
1285878064287830018
1285878008172163072
1285877932456644609
1285877872587153410
1285877816668622850
1285877752298692608
1285877684644478976
1285877614943653888
1285877551999725568
1285877472731561984
1285877376946262016
1285869601549512705
1285863273305387009
1285863136663408640
1285857021393162240
1285848037508644864
1285844480931827712
1285836677374554113
1285836174624354304
1285836092923506695
1285835909879836672
1285835734222434305
1285832582232301568
1285829379361173505
1285828526541639680
1285826546167504896
1285825131541983233
1285815227171442689
1285813727111962624
1285809017336541184
1285807063692652545
1285803577882091522
1285801025861906432
1285797751452655616
1285797417976201216
1285794964845350912
1285794955370405890
1285794607536599042
1285789464782987264
1285788321214496769
1285786877367328778
1285785196193710082
1285784715270684673
1285779897881784326
1285778430848573440
1285777087391907842
1285775734221475842
1285774081271517184
1285773588612562944
1285772701529968643
1285772472231571457
1285772369269686274
1285771839923351552
1285768942963748866
1285768595469934598
1285768142795550726
1285767627516907520
1285766667046473729
1285766482203275264
1285766368542035969
1285766124798345216
1285766121082236928
1285766073359273984
1285766069634899970
1285765614112370688
1285765506096660480
1285765310960861192
1285765091028172800
1285764509211205634
1285764043245080577
1285763370457546753
1285763249347100677
1285762986812903425
1285761920985821184
1285761734716735488
1285761548804218881
1285761399503720448
1285760481224007680
1285760022018846722
1285759742535589889
1285758879444262912
1285758411854868481
1285758276072648705
1285758228203274240
1285758051161538560
1285757891643727874
1285757887093112832
1285757862258413568
1285757114766381056
1285756953101123584
1285756210830925824
1285755935051272193
1285755891569045504
1285754110801670145
1285753779984318464
1285753483740745730
1285752950539747328
1285752886127988736
1285752658545041416
1285752527158341632
1285752221825556480
1285752091835805696
1285752091282153475
1285751849564491776
1285751818224496640
1285751556009336833
1285751170829398017
1285751006085644288
1285750897310683142
1285750601888829441
1285750377963552769
1285749982968991744
1285749954095517698
1285749749132390400
1285749678089269248
1285749544177725441
1285749121559781377
1285749025946374146
1285748968966828034
1285748288134627330
1285746428371824640
1285745912896057344
1285745207166681088
1285744753338773504
1285744231319891968
1285744066597019650
1285743656050335744
1285743620092551169
1285743250280779777
1285743213064540160
1285743113953312768
1285743110308409346
1285742954926112769
1285742834541264896
1285742760650248194
1285742681176432641
1285742276832948224
1285742217617977347
1285742205492068353
1285741786388787201
1285741671494430720
1285741487242657792
1285741310423568385
1285740960345972736
1285739998512283648
1285739366699032576
1285737757546024962
1285732222029500416
1285731612978814985
1285728825381457921
1285728681177079808
1285725802718474247
1285725703997140994
1285723203206250496
1285720803191988224
1285719490429423617
1285718656891199489
1285717799218958337
1285717789639151629
1285717151035392002
1285716730409623554
1285714489795661826
1285713969374691335
1285712675146731522
1285712372942897153
1285712282962534401
1285710523720511490
1285709678643744768
1285708800331264000
1285708568063291392
1285708280405340169
1285707809443774466
1285707783065735170
1285707409466458114
1285707164015824897
1285706750264512512
1285703709792653313
1285701517228609538
1285701165741727746
1285698507047927809
1285697342319067137
1285695690266599424
1285689564544274439
1285688760764706819
1285686710383386626
1285684551688294400
1285683037292855296
