1275171497997414401
1275171007058317312
1275170858827501568
1275170083241971712
1275169937967976450
1275169937959587840
1275169749044023299
1275169537248440326
1275168755824427015
1275168102125391872
1275168097356394496
1275167885548228608
1275167507696025600
1275167051259273216
1275166863530627077
1275166813261832194
1275166681812344835
1275166326009495552
1275166286494892032
1275166247995551745
1275166194518163461
1275165898433802242
1275165706833874946
1275165693349068804
1275165643143360513
1275165640589021184
1275165144402681856
1275163199009161216
1275161441457356805
1275160638424100864
1275160188455055360
1275159785172684800
1275159526174363648
1275159430389100545
1275159122351136770
1275159101056614400
1275158855723474945
1275158435861061633
1275158415224889344
1275158390453555207
1275158143836684288
1275158090350948352
1275156559442706432
1275156232370782212
1275155368948228099
1275155088965726214
1275154641207115779
1275153942138294273
1275153787729084417
1275153746851495936
1275153435336290304
1275152214294593536
1275152023252500481
1275151596922511363
1275151014954491906
1275150793017040900
1275150789548392456
1275150252358729729
1275149880135049216
1275149768977768451
1275149641668050944
1275148182792650754
1275148152455102464
1275148084821942272
1275147585699762176
1275147230341668877
1275147099324071937
1275146812832149504
1275146739536683008
1275146738370670593
1275146672968957952
1275146303643795458
1275146160202641408
1275145518990196736
1275145306758242304
1275145267008823296
1275145021180637184
1275145014960705544
1275144869091004417
1275144371420217346
1275143760066772993
1275143611571675136
1275143592445652994
1275143153570455558
1275143057352998912
1275142476806881284
1275142236288757764
1275142025579384832
1275141922563092480
1275141794464968706
1275141776089718789
1275141496589570049
1275141451215777798
1275141194260119556
1275140958103801857
1275140614917505025
1275140319994974208
1275140239892324353
1275139629868396544
1275139490177142784
1275139239282343936
1275139127525195776
1275138833965813761
1275138627270438913
1275138449373384705
1275138418348044289
1275138234679468034
1275138136192847872
1275138107692716032
1275137725344157696
1275137259285606400
1275137100896063488
1275136909816164352
1275136395468853251
1275136223707709440
1275136028790026240
1275135957419737088
1275135796870176768
1275135787563208704
1275135421207293953
1275135255318421504
1275135204160679938
1275135024262574080
1275134519532646400
1275134343636082689
1275134191642894336
1275134066744934401
1275133980212449283
1275133889359433728
1275133792978497537
1275133670228025344
1275132811712790528
1275132787171840001
1275131963968565249
1275131841687752705
1275130468715900930
1275130374826479617
1275130085939576834
1275129789125242880
1275129504885661696
1275129000512253952
1275128733817438208
1275128612094689280
1275128275199721480
1275127745689735169
1275126424358305792
1275126407815987203
1275126387246940160
1275126323258683399
1275125455750717440
1275125140179898371
1275124971803639808
1275124627912757250
1275124521012469762
1275123762367795212
1275123482716594179
1275123102180147201
1275123055526907904
1275122829609091074
1275122774684708864
1275122322731675648
1275122304624873472
1275122173703839744
1275121759407276033
1275121755313573889
1275121747256315907
1275121740889444356
1275121242824159234
1275121029094838274
1275120822512947201
1275120698327998466
1275120665192992773
1275120513963003904
1275120187377885186
1275120030984830977
1275120030481412098
1275119514405896192
1275119253407125504
1275119245647646722
1275118574894567430
1275117890430136320
1275117843948937216
1275117505519013894
1275117318524203008
1275116807603527682
1275116176625020929
1275115894201556993
1275115805840113665
1275115713217224705
1275115068758392837
1275114909798367233
1275113773280440322
1275113562180947973
1275113136069079040
1275113128041332737
1275112982087905282
1275112912449753088
1275112835362816001
1275111986569924608
1275111771439804416
1275111151978905601
1275110503489114115
1275109574081572864
1275109500840706049
1275108836798586880
1275108787561488384
1275108501459734533
1275107393031024641
1275107017133301761
1275106897876697089
1275106882282090497
1275106633211920385
1275106448360583168
1275106224640385027
1275106142709059589
1275106099130257408
1275104413628215300
1275104104969310209
1275103157442367488
1275103064672755714
1275103028563992593
1275101671669071872
1275101633974763520
1275101262573338625
1275100887006892033
1275100838625599490
1275100776252260354
1275099791240937473
1275099539477839873
1275099354106396675
1275098756434800641
1275098516717797376
1275098174236090378
1275098161741062146
1275098128048222208
1275098034309935104
1275097988562669570
1275097438446145536
1275096647358312456
1275096280583360512
1275096266733690883
1275095878584250368
1275095820526776322
1275095749592637441
1275095714985660426
1275095601982640135
1275095095469944834
1275094672554242054
1275094541205291009
1275094255028101120
1275094187415724032
1275093185644187649
1275093118933708801
1275092811696820224
1275092773524459520
1275092682029895682
1275092666892652552
1275092596587724802
1275092512378687495
1275092281389772800
1275092237890789381
1275092155112067075
1275092015240404992
1275091457737658374
1275090263086706689
1275089773820997632
1275089585136185345
1275089473349357570
1275089275684601861
1275088860813254657
1275088016671944704
1275087536205987846
1275087241153560587
1275087072131461123
1275086874927927296
1275086772125532161
1275086602105126912
1275085819775258625
1275085812099502082
1275085434838609920
1275085186187722753
1275085157226000384
1275084260303650818
1275083963795681281
1275082882566860804
1275082237139128321
1275082035543957513
1275081557221560320
1275080125365678084
1275080111172096000
1275079859434221581
1275079692685504515
1275079423574736901
1275079247669850113
1275079110058840067
1275077765104979969
1275077028249628683
1275076801937592321
1275076645792051200
1275076308058300421
1275076158552334338
1275076078487236611
1275075983695966209
1275075245225897984
1275075066288410627
1275074875833454593
1275074707436396554
1275073862460338177
1275073143279726597
1275072934952857601
1275072078719234049
1275071655430074368
1275071559326027777
1275071480837976065
1275070923775721474
1275070822642671617
1275070788169658371
1275069960604184577
1275069926751916038
1275069863099129856
1275069842748436488
1275068964700164096
1275068758378205186
1275068499287633929
1275067438875344898
1275067361263939584
1275067126840045569
1275066956178046976
1275066500831830018
1275065921187401728
1275064922901118979
1275064175811719169
1275063617868763136
1275062931298725888
1275062563034640396
1275062483477123073
1275060632400932864
1275060482647318528
1275060269278879744
1275060216254435328
1275060046288715780
1275059846983925760
1275059534768164868
1275057735009173505
1275057532030144514
1275057336806072320
1275056779966234624
1275056512826855425
1275055989595791360
1275055970717020161
1275054869381025792
1275054840977264640
1275054785096323072
1275054570218102788
1275053843047317504
1275053709051916288
1275053471398375432
1275053433788051458
1275053209984393216
1275053163825922049
1275053147816439808
1275053112894476288
1275053028748464128
1275052759687946242
1275052409534820353
1275052361854136326
1275052255427694598
1275052207482662912
1275052032764768257
1275051824005824512
1275051731609673729
1275051729915011073
1275051647241056259
1275051299927740416
1275051159443640320
1275051144901914624
1275050968770646018
1275050853741637634
1275050638083121152
1275050441303191552
1275050144870944769
1275050128009646082
1275049980856881153
1275049921410826241
1275049876921843712
1275049731601776642
1275049561577250816
1275049461463412740
1275049370182807552
1275049318265675783
1275049258262003712
1275049211482927107
1275049181917450240
1275049146139934720
1275049126212726785
1275049097288798211
1275049077978226688
1275048797840699392
1275048605506842624
1275048571356811271
1275048521285005312
1275048481799974912
1275048475730870275
1275048287578533890
1275048237783830528
1275048132636667906
1275047918827982852
1275047872719761409
1275047399883517952
1275047394120368128
1275047340198383618
1275047303540207617
1275047143347281920
1275047135214399489
1275047012694503424
1275046908080222208
1275046869132087297
1275046761938120704
1275046578613415936
1275046382412283904
1275045865858625536
1275045634131873794
1275045629757206529
1275045464417558530
1275044056964280321
1275043738738401281
1275043125363224576
1275042905623875585
1275042278038331399
1275042205745512448
1275042141706711042
1275042130948317184
1275042009053446145
1275041511495909384
1275041455153844224
1275040876495015937
1275039590064234496
1275039293015293952
1275039076865814533
1275038962462019585
1275038256741052422
1275038149161467905
1275038103380647937
1275038078084755459
1275038062431567872
1275037722625875969
1275037035716362241
1275036332553732098
1275036288694059008
1275035858694017024
1275035784974938114
1275035408363995136
1275034939214479360
1275032857786773506
1275032096021581824
1275031617229201414
1275031281684942851
1275029268934901761
1275029125338673152
1275028045057986562
1275027354587467776
1275026736066027520
1275026659976994816
1275026432914161664
1275026116454027265
1275024490423111685
1275024177565745154
1275024011588784128
1275023418690359297
1275021415423582208
1275021040457056256
1275020816632209415
1275020535831777280
1275020280545587208
1275019333501157379
1275018295939338241
1275018218751623168
1275017572539301888
1275017218867290112
1275014117045256193
1275013386330406912
1275011819283849217
1275011201785831424
1275011089915396096
1275005796334612481
1275005361410449427
1275003190174498817
1275002583078383616
1275001900891549697
1274998075090702337
1274997234623483904
1274996585995395073
1274996379597844480
1274995274327310336
1274992945934950401
1274992802544472069
1274988763836321792
1274987455637262336
1274986214194581504
1274986116018573312
1274985627545714695
1274985211915370496
1274983705237471232
1274982969086787585
1274982324271226882
1274980265052508160
1274978973131440129
1274978714699173888
1274972614063251462
1274971539725787136
1274971043837341696
1274970516252700672
1274970300405481472
1274969018034794498
1274964223941058563
1274964094504886272
1274964012380434433
1274963976099684358
1274963660956409862
1274962149467717633
1274962034849918976
1274960525231865857
1274959970946015234
1274957724741185536
1274956852506365952
1274955793113075712
1274953630068740099
1274953550943182850
1274952229850624001
1274951750244597760
1274951109350756352
1274950759046688768
1274948825799634944
1274948519980302336
1274947942672031745
1274947786698625024
1274947469852446720
1274947368081936386
1274947260145479680
1274946703720886272
1274942785439830017
1274942259402661888
1274941196931141634
1274937581168361472
1274936773928529920
1274936237510529025
1274934771966259201
1274934393728090112
1274933969927041024
1274933783041622017
1274933781942525954
1274933521027461120
1274933473048850433
1274933437200076800
1274933015941177344
1274931575902232576
1274931448865271813
1274930693617876993
1274928111981920256
1274926787319877633
1274924217226543106
1274923163466506246
1274922278787190785
1274920628471173120
1274920213503528961
1274918110437486592
1274917629648609281
1274917173488730113
1274917091750014977
1274916874107498501
1274916414122594304
1274915676927463424
1274913825288892417
1274913391711305733
1274913283380633600
1274913140417888258
1274912849576353792
1274912682596921344
1274911374129246211
1274911265757020163
1274910411230310400
1274909997919547392
1274909918089433094
1274909747393814528
1274909713344462848
1274909169670209536
1274909148417794049
1274909097180225536
1274908817780666368
1274908452893032451
1274908078563942401
1274907820400340993
1274907054075871232
1274906528781221890
1274906205207564288
1274905065594200064
1274904588248891399
1274904489242345472
1274903543938514944
1274903207064420352
1274902846731763712
1274902584487108608
1274901863217770496
1274901073669603328
1274900642591432704
1274900452174262279
1274899653549592576
1274899518496968704
1274899213420126214
1274898944154390529
1274898556147527680
1274897706666737664
1274893329520451585
1274893181264498688
1274892985344327682
1274892646352289792
1274892574562463744
1274892446887890944
1274892272761319424
1274892152183549952
1274891790085246978
1274891642554601472
1274891456231043073
1274891390787260417
1274891382021222403
1274890701247938561
1274890071187927041
1274889519217602560
1274889346915528704
1274888922028404736
1274888230848958464
1274887778959069184
1274887483336032257
1274887438502998016
1274886926965698560
1274886809017708544
1274885580929806336
1274885241941839872
1274885055215624194
1274884556286570497
1274884486824689669
1274882716710952960
1274882369854615553
1274882053083992066
1274880157237391360
1274880075704352768
1274880034541408258
1274879394037690369
1274878808584151041
1274878389090791424
1274877480403337216
1274877258214203393
1274877000537329665
1274876854311120896
1274876409035571200
1274875826324926464
1274875472887742465
1274875224370999296
1274874511918317568
1274874439243464704
1274873788572762115
1274873513988575233
1274873429615771648
1274871631697989632
1274871609380294656
1274871446460928001
1274871326684016640
1274871068428316673
1274871011490619394
1274870708791848960
1274870293316530178
1274870026848235522
1274869800481599488
1274869603122831360
1274869307424587781
1274869007884136448
1274868889914978304
1274868550247710720
1274867095147290626
1274865271547793415
1274865146700206081
1274864762304761857
1274864606134112256
1274864517046865920
1274864381034213377
1274864168164786177
1274864007879557122
1274863916389203972
1274863797371633666
1274861557747343360
1274861106603810816
1274860931705700353
1274860870758068224
1274860645540720642
1274860388723707906
1274860310340333568
1274860064533180418
1274860026222579712
1274859569227935749
1274859515947646978
1274859143887798272
1274859097087782912
1274858912400003072
1274858879994589184
1274858569871921153
1274858511088918529
1274856814375469057
1274856560339058689
1274855709423910914
1274854643257028608
1274854479326633986
1274854147221749760
1274854032465518592
1274853946264154113
1274853802818957312
1274853373150289920
1274852425870897152
1274852240688156672
1274852122798907392
1274852010605465601
1274851765754589185
1274851545054502913
1274851312816009218
1274850768324042753
1274850382456463360
1274850116277612545
1274848022854328320
1274848007045779456
1274847859309899776
1274847637968224257
1274846786767765511
1274846167596220417
1274845481575821312
1274845394845851648
1274845285185761281
1274844784692211712
1274844131551043587
1274843638539915270
1274843403726082048
1274843275262701568
1274842938263195648
1274842908210786304
1274842741042634752
1274842268214706178
1274842088232845313
1274841153960120320
1274839875892674562
1274839152979333121
1274838769993056256
1274838416035909632
1274838009180049413
1274836201036410881
1274836116298797056
1274835695454937088
1274835509827665920
1274835228717006849
1274835150145064961
1274835041965744128
1274834335582093314
1274834216769867776
1274834011660013568
1274833359114362881
1274833075344560129
1274832789880270848
1274832712096874497
1274832637891432450
1274832430038421509
1274832429216174082
1274832217236140035
1274832068611059712
1274831481253199872
1274829490527498241
1274829146372354048
1274828126992949252
1274827276442451969
1274826952919199746
1274826644000321539
1274826345474863106
1274826289627770880
1274826142927773699
1274825758930800646
1274825428629241857
1274825330646228992
1274825288636121089
1274824855465209856
1274824418447917056
1274824069293039618
1274823502558711808
1274822833739313153
1274822690692456448
1274822634216308736
1274822593615237121
1274822416989028352
1274822295173787648
1274822239783976960
1274822088566571009
1274822021394960384
1274821956127215616
1274821847213838341
1274821678816808962
1274821635678208001
1274821557844692992
1274821087319244801
1274820400904470528
1274820325738459137
1274819824259039238
1274819590489624576
1274819284720431105
1274819014905061376
1274818720943222791
1274818703532662785
1274818575400755200
1274818306310959105
1274817849282813952
1274817351309983750
1274816709954883584
1274816609660530688
1274814671837630466
1274814537603198983
1274814237630779392
1274814027609358341
1274813499655335936
1274811717030199296
1274811675607064576
1274810628679569409
1274810598652628992
1274809339128102914
