1285680206238363653
1285679856513175552
1285678158352715780
1285677659519885318
1285677610744283143
1285676140942757888
1285675645092139009
1285672393587949570
1285671320148234240
1285670249019383809
1285668050767958027
1285666607482765312
1285666527115706369
1285666065691881472
1285665580440313861
1285664345758863360
1285662704649351168
1285661605645225986
1285661388430553094
1285659842145849345
1285659364532072449
1285658215221469189
1285655734068416512
1285651880731987969
1285651211471982594
1285648960280039425
1285647379895652353
1285645981275566080
1285645842486001670
1285645711149862914
1285645614806708224
1285642732879384577
1285642178157588489
1285641948175441924
1285640034239107077
1285637085836333056
1285637007025287168
1285636957444411394
1285636591768211458
1285635661463269376
1285635428004093956
1285635181777494018
1285635035455000578
1285632933815029760
1285632823123152896
1285632611029864448
1285631147918135298
1285630923518750722
1285630317370519552
1285630133680906241
1285629833792434177
1285629346921820161
1285629245813907456
1285628994797342726
1285628953110159362
1285628098856222725
1285627754998898689
1285626749863309312
1285626620213112834
1285626256395063302
1285625953427873792
1285625920481624065
1285625065598529536
1285622866818609153
1285622760748843010
1285622178839502848
1285620593073807365
1285620450488459264
1285619105991729155
1285617786325291010
1285617613754826752
1285616924878090240
1285616631419461634
1285615484491235329
1285614452281356290
1285614065491091457
1285613132782678018
1285612795594244096
1285611504335826944
1285611079062650880
1285610668255858691
1285607765877166080
1285605606502608896
1285604529061482499
1285603398897807360
1285601498207072257
1285601475440320513
1285600935687917575
1285600655248424960
1285600406983376903
1285600088283328518
1285599986110136325
1285599946566180866
1285599708442963969
1285598730301911041
1285598186145447936
1285598148480700418
1285598045057540096
1285598015672258560
1285597914216243201
1285597321829462016
1285596438265724928
1285595697237176320
1285594673214566400
1285594447825309700
1285594218820440064
1285594042760228864
1285593921805000705
1285593826745364480
1285591411321122817
1285589819888996352
1285585161422340104
1285584879254740992
1285584853812023298
1285584807095918593
1285584718474477568
1285584651512315904
1285584577961091075
1285584510189555713
1285584432339005440
1285584365121085446
1285584297282473984
1285584215363457025
1285584148481167361
1285584084169830401
1285584014133399552
1285583946781274112
1285583870839140352
1285583784113577987
1285583710662860805
1285583624629354496
1285583523617935360
1285583437244628992
1285583365425504257
1285583279433949184
1285583211725086721
1285583181320720385
1285583135518982144
1285583058729566209
1285582986981904391
1285582908703612928
1285582811563528195
1285582737638928384
1285582658643406848
1285582588883730433
1285582517010128896
1285582446826860545
1285582373376204801
1285582297706762242
1285582176940167168
1285581977471590402
1285581214829576193
1285581003600220160
1285580629908709376
1285580376266571781
1285580206002954240
1285579811830657024
1285579626320932865
1285579099533004800
1285578818531422209
1285578490746552321
1285578452020551684
1285578179286106114
1285578168116494343
1285578006405111808
1285577230555451393
1285577174632800257
1285577113291104263
1285577059734040576
1285577001475231744
1285576952217247745
1285576894201593857
1285576826501423106
1285576769240793089
1285576756498317312
1285576702102470656
1285576640089726976
1285576573211611136
1285576516970123264
1285576460099559424
1285576405938589696
1285576375701655553
1285576332462694401
1285576268667387914
1285576211901616130
1285576129542148096
1285576074336833536
1285576061875482624
1285576013490118657
1285575946955825155
1285575890852818946
1285575805142282242
1285575764243615744
1285575619946962945
1285575574090481667
1285575564603121666
1285575488744783875
1285575421724102657
1285575354455928834
1285575303197335552
1285575236835069952
1285575176948789249
1285575119721701376
1285575063979331584
1285575009344389120
1285574951433461760
1285574945758679040
1285574922618765312
1285574874832961536
1285574872601681925
1285574818960531457
1285574803240476678
1285574734739132419
1285574666128691200
1285574600978505728
1285574541188763648
1285574468987957249
1285574408061550592
1285574396371857410
1285574342143733762
1285574240171749376
1285574193699082241
1285574151315566593
1285574115156471809
1285574105660416000
1285574046105600001
1285573955940687873
1285573913913593856
1285573882888376320
1285573771923841026
1285573630093520898
1285573361142247424
1285572946719920131
1285572896140779522
1285572841509969922
1285572782789730305
1285572729765335040
1285572719015124996
1285572674379448322
1285572617651486721
1285572561393184770
1285572536479162369
1285572476303544322
1285572414475304960
1285572388222992386
1285572360024854528
1285572303653416962
1285572249941159938
1285572177404858368
1285572110946107393
1285572055337971714
1285571994990399488
1285571937507446793
1285571918305714177
1285571857069072384
1285571783702306817
1285571725015613440
1285571656853983234
1285571599240921089
1285571538968870915
1285571494412574720
1285571478075904000
1285571415136251904
1285571354578878466
1285571335280680960
1285571292981329920
1285571211892789250
1285571132414885888
1285571086487298048
1285571058591031298
1285571030560518144
1285571001607168000
1285570965733363719
1285570914302808065
1285570858505965568
1285570843083280384
1285570806064521218
1285570750586519556
1285570697033592832
1285570636019118080
1285570582898253824
1285570527835426817
1285570464950169601
1285570386218954753
1285570329939709955
1285570266660249601
1285570210104131584
1285570205813440514
1285570142924152834
1285570092114128904
1285570072652795906
1285569973658804226
1285569899042144256
1285569870646489088
1285569840326074369
1285569771619180544
1285569706490028036
1285569645068668929
1285569582112149517
1285569515246489601
1285569449744105473
1285569358035656704
1285568767779409922
1285568574564773888
1285568432012853249
1285567804783988736
1285567733510242305
1285567418035605504
1285566974085304320
1285566901238861824
1285566354553106432
1285565841426112514
1285565311744278529
1285564753415335936
1285564361545670656
1285564015129751553
1285563519740477441
1285562936099049472
1285562857338413058
1285561713236963330
1285561653979869185
1285561262617718789
1285560601842839552
1285560275870121984
1285560237215354883
1285560221084061699
1285560186472718336
1285560136799596546
1285560109326721026
1285560083955548160
1285560026481004544
1285559960429047809
1285559900911828993
1285559873376153600
1285559841080184833
1285559786243796997
1285559752999628800
1285559724235259904
1285559663426240512
1285559607730020353
1285559601035788290
1285559543007711234
1285559481284403201
1285559467799543808
1285559404469854208
1285559342511554560
1285559270231216128
1285559186290544642
1285559169420910593
1285558723117633536
1285558249337626625
1285558202743115778
1285558141145378817
1285558137983045633
1285558083415158785
1285558082647420929
1285558025475043333
1285557970642894848
1285557941790097408
1285557912253927425
1285557855228178432
1285557798424764418
1285557731731087362
1285557674260733953
1285557616677199872
1285557559366234112
1285557499496734720
1285557441447501824
1285557437768982529
1285557380491677696
1285557314456518656
1285557236610355201
1285557146839646208
1285556843272474624
1285556826411589635
1285556671553495040
1285555876271542273
1285555645840683008
1285555097573814277
1285554189116923906
1285554136080175104
1285550328667156485
1285549631670226944
1285549286831165440
1285547207723188224
1285546484256182278
1285545849385373697
1285545236102610944
1285545129042796549
1285544751995908096
1285543679839674370
1285537454112624640
1285531912581328896
1285531804569677825
1285531739604037635
1285531678706933761
1285531617000337411
1285531546871640066
1285531483457949696
1285531420258185222
1285531358450851840
1285531301743910912
1285531243136921607
1285531177676410885
1285531092645183490
1285531031299223552
1285530971400478727
1285530909094162432
1285530842421493760
1285530776512212992
1285530713715093504
1285530645205327880
1285530588930342913
1285530481224757248
1285530256082862080
1285530241214173187
1285530183110459394
1285530114885812225
1285530046267101186
1285529970505383942
1285529890985512960
1285529827139878912
1285529761142448128
1285529693169557504
1285529623355432965
1285529559895613442
1285529484851122176
1285529417545113602
1285529250011979777
1285529142105120768
1285529051164299266
1285528974614056961
1285528532492394496
1285528432227618817
1285528309732970496
1285528191743004674
1285528152257830912
1285528093508153344
1285528086977622017
1285528020351057920
1285527992949669888
1285527966555021313
1285527906077356032
1285527827832594432
1285527771704438785
1285527708085223424
1285527645791432705
1285527589117992960
1285527532297752584
1285527478082121729
1285527419546406913
1285527363518955520
1285527271680479233
1285527213929107457
1285527147621289986
1285527086279675905
1285527019229523968
1285526945028071425
1285526885548646400
1285526811301093376
1285526738877984768
1285526671370715136
1285526598784028672
1285526504454197249
1285526475245060097
1285526433314594818
1285526363764490240
1285526300673875969
1285526240535904256
1285526216875954177
1285526147888013312
1285526079546023940
1285526007626301440
1285525943675752449
1285525879536394240
1285525811106283520
1285525748795801601
1285525672677572608
1285525603215646721
1285525526183129088
1285525336697049088
1285525152806174720
1285524807384170496
1285523665841459200
1285523627069386752
1285523576616095746
1285523526615785472
1285523471997509632
1285523408311263233
1285523343165267968
1285523240245432325
1285523175565123584
1285523114961575936
1285523057323511808
1285522987643539456
1285522921935470594
1285522853056716805
1285522797771587585
1285522740775190530
1285522703865262081
1285522671485235201
1285522600282722304
1285522537338802183
1285522474315251714
1285522474076188672
1285522417377517569
1285522358107811841
1285522204709527552
1285522144215150593
1285522070646984704
1285521993186660360
1285521906909798400
1285521820268081152
1285521777930702848
1285521724184891392
1285521671013703680
1285521611014184960
1285521545264332800
1285521487680741376
1285521434815737856
1285521201914355713
1285521146050424833
1285521074722091008
1285521020061913089
1285520966576214016
1285520909114249216
1285520851690020868
1285520794274213888
1285520731703566336
1285520648123699201
1285520587885023233
1285520521908625408
1285520463301681152
1285520454556557312
1285520403109154816
1285520321962029056
1285520245613121536
1285520182966988805
1285520123827236864
1285520035721760769
1285517990277140480
1285516864685301760
1285516806275440642
1285516748838580224
1285516691338911745
1285516637693775873
1285516583704637450
1285516532764880896
1285516455182766082
1285516394247921665
1285516337931001856
1285516279143694338
1285516223996985344
1285516165796724739
1285516109811273732
1285516054102511616
1285515992848904196
1285515744088862721
1285515682126401538
1285515625423671297
1285515567001153538
1285515508616396800
1285515444309446657
1285515381738811392
1285515322955571200
1285515260519223297
1285515194819645440
1285515128805511168
1285514916661796868
1285514854288293894
1285514792875196417
1285514730422050816
1285514657302798339
1285514595772313600
1285514532392140800
1285514471155392513
1285514408563703808
1285514343426269185
1285514271208738816
1285514110680141824
1285514004908187648
1285513904899203073
1285513376894943232
1285513322364715008
1285512294106005506
1285512212040364032
1285512143597641734
1285512090464276480
1285512009082118144
1285511821475160067
1285511763237179392
1285511699739684865
1285511642965512196
1285511583528038406
1285511515467022338
1285511464359469056
1285511404800413696
1285511346189217792
1285511277872320518
1285511207680712704
1285511137438638080
1285511077606948876
1285510750744858626
1285510685481476096
1285510614971035649
1285510584709140480
1285510548721930240
1285510487917187074
1285510428534222849
1285510356840976386
1285510297864802309
1285510238507073536
1285510176783704065
1285510113894203392
1285510047431368705
1285509961464848385
1285509911388930048
1285509053351972864
1285508914063323137
1285508814448594944
1285508739768946688
1285508686153211904
1285508630046027778
1285508574282690560
1285508519689625600
1285508462881968128
1285508408364470272
1285508349530910720
1285508348599820288
1285508294996561924
1285508236960047104
1285508176348094464
1285508121704759296
1285508056751788032
1285507998178304000
1285507940087193600
1285507870176485386
1285507812773240833
1285507727180144641
1285507648184557569
1285507583009345537
1285507520749080576
1285507453132705793
1285507377010298880
1285507300720095232
1285507234752069636
1285507160630267904
1285507093747965952
1285507028010631169
1285506966115278853
1285506876122304524
1285506695377096705
1285503449493377030
1285503409039319040
1285503347332653056
1285503292068581376
1285503237286694914
1285503187504504834
1285503133171486722
1285503080147148800
1285503023683444736
1285502969769791489
1285502915373916161
1285502857173708800
1285502802777841665
1285502749984129025
1285502691100237824
1285502620145197056
1285502549643190273
1285502441690193920
1285502299553566721
1285502254494224386
1285502195560054786
1285502134193135616
1285502074948640768
1285502018480680961
1285501947760476160
1285501881557671937
1285501818039042048
1285501751551045632
1285501675806040077
1285501604679081985
1285501537482145796
1285501459505860609
1285501404468191232
1285501385425944576
1285501317339897857
1285501244988182530
1285501109042401280
1285499482864521218
1285499441760407554
1285499385934155781
1285499335342530561
1285499277503070210
1285499199866523648
1285499144182824965
1285499085869453313
1285499020681543681
1285498963924258816
1285498913978486784
1285498853878366214
1285498791337107458
1285498734416211968
1285498674861281281
1285498594708119552
1285498531160248320
1285498490953633792
1285498439946641408
1285498384820973568
1285498331041599489
1285498257364455424
1285498204272971777
1285498147230318594
1285498071619702785
1285498011527741440
1285497934700851206
1285497868435050496
1285497810360700928
1285497746787577856
1285497685789880320
1285497596379910144
1285497144485408768
1285494626414206977
1285494587604316161
1285494529269932034
1285494479257055233
1285494428040339456
1285494376412651522
1285494323149185025
1285494272427466752
1285494219046608896
1285494140218814464
1285494078948483072
1285494020752453632
1285493964498522112
1285493907443326976
1285493844323246085
1285493781991690240
1285493723183362050
1285493658079432704
1285493592350429184
1285493479058092032
1285491992236101632
1285491950297153538
1285491891522482176
1285491842176503815
1285491779136106496
1285491727504158720
1285491675142348800
1285491624739471360
1285491572314972165
1285491518409789440
1285491461559947265
1285491404538556421
1285491345411444736
1285491287190310913
1285491228608520193
1285491169485611009
1285491110782132224
1285491053487955968
1285490968167407618
1285490883601850369
1285488839117598720
1285488684762951681
1285488438699888640
1285488314179399681
1285485948826906624
1285485525227302913
1285476976107458560
1285466145542332416
1285464054140678145
1285460225193984006
1285460106671521793
1285459977046388738
1285459468281622528
1285459353076736000
1285459298596859905
1285459250794373120
1285459176672710656
1285459150969794560
1285459112583671810
1285459053909598208
1285458993142538240
1285458931796660224
1285458868684967936
1285458812443463682
1285458757263269889
1285458706709336066
1285458702141661184
1285458643937361921
1285458569597517824
1285458483450712069
1285458426219433984
1285458375396995072
1285458321709780992
1285458320200015873
1285458257092448256
1285458188616323072
1285458132337152000
1285458109020815362
1285458079476326400
1285458020948942849
1285458000476467200
1285457953596874752
1285457889524625409
1285457884663484417
1285457816854110209
1285457748285587456
1285457724768169984
1285457653129502720
1285456027517763584
1285455948748926977
1285455942998466560
1285455230168178688
1285454798846865408
1285453871989420032
1285450340972630016
1285447221111136257
1285444316421214208
1285442561306320896
1285442490879926274
1285441784294891521
1285441437648121857
1285441002560512002
1285439829967171585
1285439714904862720
1285439607631478786
1285439116017106945
1285438502696415237
1285437125240827905
1285437019582156800
1285436999743070209
1285435970356117504
1285435545011785730
1285435521729040384
1285435106539143169
1285434832110026752
1285434656419188736
1285434552723202048
1285434364575113217
1285433863531974658
1285433648561270785
1285433249309720576
1285429205312745472
1285427877312331778
1285424102837235713
1285421769923325952
1285420494037176320
1285418791321690114
1285418509019873282
1285417546053820422
1285417113646067712
1285416911413448705
1285416683906068480
1285416381891084288
1285415796789764098
1285415636466884608
1285415447462940674
1285414811506008065
1285413603646947329
1285413230567813121
1285413084518129664
1285410962242244611
1285410470430531584
1285408556125233153
1285408521421373441
1285406974507577344
1285406947743801345
1285406031556698112
1285405483042369536
1285405405670252545
1285403597631631360
1285400527946215424
1285400295242035200
1285398744448393216
1285397925506342913
1285397737899524097
1285397658937499656
1285397593128873986
1285397473507389440
1285397148285239303
1285397056580923392
1285396875961655299
1285394272334815233
1285394073394782208
1285392324881559552
1285387865300406272
1285387481920106496
1285384641940279296
1285384283759288323
1285380610287120385
1285380341692157952
1285380041442906112
1285379770436292608
1285379767525617664
1285378008518397954
1285376910487252992
1285375660689551360
1285375083846889477
1285375044244385793
1285374971733250048
1285374762118774785
1285372668435406849
1285370350394458112
1285369112601022465
1285367188925280257
1285366293340790784
1285366224809947136
1285362788651741184
1285362761405542400
1285361659633172482
1285360137423794182
1285360025595269121
1285359501797756928
1285359371879211008
1285359217621323778
1285358740091396097
1285358504329412609
1285358288742133761
1285356789613998080
1285356651210366976
1285354631502020609
1285354324202160129
1285352818275053568
1285352121093758978
1285347423133589504
1285345980817104896
1285345905143451648
1285344075399352320
1285343700189458432
1285343540092874752
1285343452641865729
1285343263671701511
1285343259087130624
1285342966723211264
1285342604675051520
1285342470436540417
1285342415860060160
1285342371773726721
1285342064624971777
1285341923037679616
1285341735975940096
1285341717126938624
1285341571206877184
1285341323067703296
1285341316507791361
1285341302096199681
1285341225135017985
1285341200954916864
1285341171586224129
1285340844204187653
1285340719268327424
1285340634316894209
1285340191033614343
1285339805983731712
1285338677074440192
1285333851380887554
1285333689191342081
1285329375395827713
1285325651558510592
1285321022594404352
