1279157870366543874
1279157095187787777
1279156661668675589
1279156653322100737
1279156012264632320
1279155432087523328
1279153261036154885
1279153198809350144
1279152566601990144
1279151152957984769
1279149334471172098
1279147318197940225
1279147116770635776
1279146927334948864
1279146295157030912
1279146281143865344
1279144830438764544
1279144606823636992
1279144326300303361
1279141456708431872
1279141358318415873
1279140519050989568
1279139842073325568
1279138083514888193
1279136750888202241
1279135473517105152
1279134978668998656
1279134677069111296
1279133547672989697
1279132527312220160
1279131644276989952
1279131611834077185
1279131407688884227
1279131213656096771
1279130818170900482
1279130129143398402
1279129591831916544
1279129557526872065
1279129123076653056
1279128937193406468
1279128563808112642
1279127751551848448
1279126037901783044
1279125942032629760
1279125901100363781
1279125888056033280
1279125826831818752
1279125766882635777
1279125708225286144
1279125637798731782
1279125575026835458
1279125501752246277
1279125432453992448
1279125362174238722
1279125359909371904
1279125290548170752
1279125218464878592
1279125147409145856
1279125070112227329
1279124967792279552
1279123887889043456
1279123526860050432
1279122894191095808
1279122813773918223
1279122680646701059
1279122492502749185
1279122119432048641
1279122027597742080
1279121264062246912
1279120974428987392
1279120263871737856
1279119757225181189
1279119278386688001
1279119209813946369
1279119135503536128
1279118996277792768
1279117896736821248
1279117714469138433
1279116523303550976
1279116489023524864
1279116139235344385
1279115949828968448
1279115250894331904
1279115181205925890
1279114689323073537
1279114133724639232
1279113351382081537
1279112432787640321
1279112305784037377
1279111205882220550
1279110834757795840
1279109657139851267
1279108477869191169
1279107263685439488
1279106442813943808
1279105967012155400
1279105174682796032
1279105121700294656
1279105070005714948
1279105066604036097
1279104768624021506
1279104684054261760
1279103758492790790
1279102278138580993
1279102095166226434
1279101600699727873
1279098331034259456
1279097790715609089
1279096673214447626
1279095569437192193
1279095200577581056
1279095075142725635
1279094908297465865
1279094116471779328
1279093224351514624
1279092124185538566
1279091600501673984
1279090998640025602
1279090164627881984
1279088627444674562
1279088473719238657
1279087922159861761
1279087687828414465
1279087455505985537
1279087320226922496
1279087261452087301
1279087014189522944
1279086843112206336
1279086834132238336
1279086639310974976
1279086277577621504
1279086225291227136
1279086200762929154
1279085472476782592
1279084439126061056
1279083892637667331
1279083643944697856
1279082638750429186
1279082184066895872
1279079373405028353
1279079328786124801
1279078590550732801
1279078111641055232
1279077938307219457
1279076111595507713
1279076068503289859
1279075562288558082
1279075330440003584
1279073564369403904
1279072600292044806
1279070071726407682
1279068987540811777
1279068872998445056
1279067848309080065
1279066381909196800
1279064964372877315
1279064137314775047
1279064088920948736
1279064026324938752
1279063956150198274
1279063891973210113
1279063828362407937
1279063764109852672
1279063681133879297
1279062177614356480
1279061893668200448
1279061244553703430
1279061187326611456
1279061120045797382
1279061051661791236
1279060989078654976
1279060919927046144
1279060834094927874
1279059665419005954
1279059383964573696
1279059347901952000
1279059061141463040
1279057008629555201
1279054873829539841
1279054656715407361
1279054436879355904
1279054346907349001
1279053555937144833
1279053516049440770
1279053201904332800
1279052643730509824
1279052290985537538
1279052058142752768
1279051919936323587
1279051898851483648
1279051883189989376
1279051500954677249
1279051050213769217
1279050945758769152
1279050343607758848
1279050243380621320
1279049469078597632
1279049420290621442
1279049276920934402
1279048771511279618
1279048760090337281
1279048500001542147
1279048465440559104
1279048309668077568
1279047776790360068
1279046811655835649
1279046771885432834
1279046723667714049
1279046661948477441
1279046598664826880
1279046533321760768
1279046449414778885
1279046091669778433
1279045843987857411
1279044709176930304
1279043317473456129
1279041321228001280
1279039640641531906
1279038122198695938
1279038075004317696
1279037373045788673
1279036932341800960
1279035973012197378
1279035916435312645
1279035851859730434
1279035790723624960
1279035786533404672
1279035712638197765
1279035644367572993
1279035577652916224
1279035510506299393
1279035502834917382
1279035412237955075
1279035326976188417
1279035257069674496
1279035167114498048
1279035049573265409
1279033922672660481
1279033869359108101
1279033082394349568
1279033034583523328
1279032975275982851
1279032906959278081
1279032842794778629
1279032771227332608
1279032681477652480
1279032271865958401
1279031806373892096
1279031356006322179
1279031295331520512
1279031228704985089
1279031155988353024
1279031074568486912
1279030995233226752
1279029903581745154
1279029767610806275
1279027825023090688
1279026377199685639
1279026279048720384
1279023702190043141
1279022098250432512
1279020126403268610
1279018191369515008
1279017450080571395
1279017136632070144
1279016850098135045
1279016707630215169
1279016145463455744
1279014552018079745
1279014527988830208
1279014479926345728
1279014412528029697
1279014350699802625
1279014264561336320
1279014202057936896
1279014136790335492
1279014069706674179
1279013986361577472
1279013911392669696
1279013839657488384
1279013772846338053
1279013603207757824
1279011501987299328
1279011257903972352
1279011209480679424
1279011145207119873
1279011068686327810
1279010998989414400
1279010937412952065
1279010863601639424
1279010783490379776
1279009717491245058
1279009666262056960
1279009605520109569
1279009543486349313
1279009469356220421
1279009398799695872
1279009289965834240
1279007330378698752
1279007204239081472
1279006897581015041
1279006850281877504
1279006780270534656
1279006716840095746
1279006649592750080
1279006572954505217
1279006497914183689
1279006407849906176
1279004406265131010
1279004273473400834
1279004219413053440
1279004156292980737
1279004095739764736
1279004067839254529
1279004029977272320
1279003961387819010
1279003896304861189
1279003824846516224
1279003750372425728
1279003680814051328
1279003566204751872
1279002498313916417
1278999478179991552
1278998918794272768
1278998696760393730
1278998642628734979
1278998118030336000
1278997186483834885
1278997074751651841
1278996214114144256
1278995526638280705
1278990442475008002
1278988364360945665
1278987966489100289
1278987026604404736
1278986708109885440
1278985180053516288
1278985125661773830
1278984946443407367
1278984919385956353
1278983819639439361
1278979274406531076
1278977644210663427
1278976675338993664
1278974252805324801
1278972987983659009
1278972616947236865
1278972150515412994
1278970573440286720
1278966928262991872
1278964549262032896
1278964010226941953
1278961669713145858
1278960004704407552
1278958362550579201
1278957967321137154
1278956672707440650
1278956592101158914
1278953742705004544
1278952211792478209
1278951274289881088
1278948964998557696
1278942732019433473
1278942668660375552
1278941084945653762
1278941048333570048
1278935779532697600
1278935454218256384
1278935181190025216
1278934926457319424
1278934872908652544
1278931221515362304
1278929190654541827
1278928012457783296
1278927193549266944
1278926996995702786
1278925949388632064
1278923799010766848
1278922864779907072
1278920654608232450
1278918127745712130
1278916701862727680
1278916601107156992
1278915695582068736
1278911445208465408
1278904595767365632
1278904296470310912
1278903975740391428
1278902653582487552
1278901957587922945
1278901758207700992
1278901608508649472
1278899544969936897
1278899519787200513
1278898996921004032
1278898377149710336
1278897540734152705
1278897072654241798
1278896513188376581
1278894044438056961
1278893666216673280
1278893228092043264
1278892717880348679
1278892714008903680
1278887540951572486
1278884385102745600
1278882346104754176
1278882115485040646
1278880754307661824
1278880119797448710
1278880085261668354
1278880061828083713
1278879642389082113
1278878730975424513
1278878702617665536
1278878354071007233
1278878220922822657
1278876900677636102
1278876881417392129
1278872897973452800
1278872660093657089
1278872603747368966
1278871761652781063
1278869809950650368
1278869476071690241
1278869124844789760
1278868964341362688
1278868770208047104
1278868696736370689
1278864878908866560
1278863203456430081
1278860790477606912
1278860755299758080
1278860425992581131
1278859901083648000
1278859321191936002
1278858880810987520
1278858592334917632
1278858416740499459
1278858078033711107
1278857848986972161
1278855848413007873
1278853655844671488
1278852866510327816
1278851718885912576
1278851693418033153
1278850026370928642
1278849650347425792
1278849609905946624
1278849525688545280
1278847908494880768
1278847414405943298
1278844976248438786
1278844867179765760
1278844634580389889
1278844611654414337
1278844495165919232
1278844473506623488
1278844414283018240
1278844390123814913
1278844178789613569
1278844149165199360
1278844126239154176
1278844056613859329
1278843774114779137
1278843115495927808
1278838585148370949
1278838112827965440
1278837575608864768
1278837307907493891
1278836660428591104
1278836347311140864
1278836061897207810
1278835978598309890
1278835434894868482
1278834802293006336
1278834729249193985
1278833502931357696
1278831568862076928
1278831153097568256
1278830386655703041
1278830078760288256
1278829565771689984
1278826815344304129
1278826591099875328
1278822578702909442
1278821864001994754
1278819775238434817
1278818905402859522
1278818901363744768
1278818883726716928
1278818489357213696
1278818247882821632
1278816792975159297
1278816657323024388
1278814071316525058
1278813979356418050
1278813076301721600
1278811030060068864
1278810694192947202
1278810040837816325
1278809306209628163
1278808836510539776
1278808755061305350
1278808143796097029
1278807821769998338
1278807719718391809
1278805378059456514
1278805370496933888
1278805064254214145
1278804764420190210
1278803998687006720
1278803667278196736
1278803224154251267
1278801597695311872
1278801294636060685
1278801293809782787
1278801002452398082
1278799972838912000
1278798904893427713
1278797979118374912
1278797936449601537
