1296175865341120512
1296175815936409601
1296175045304180736
1296170612063260672
1296166903757471744
1296166001872998400
1296164869398507522
1296161956588552192
1296161279271288832
1296160875846332416
1296158926514225152
1296158388024422407
1296157305420107781
1296153305962500097
1296150458734698504
1296150446667632640
1296146468215062528
1296146074692988928
1296143684514099200
1296140041991798785
1296134853835071494
1296125460896768003
1296124253562118145
1296123477024477185
1296120750437535744
1296120597039271937
1296120595596402689
1296118978679578624
1296114765417259008
1296114157922611200
1296113865692913664
1296112053824806913
1296110446706151425
1296106939517198337
1296105112377720835
1296103628168744962
1296103580961853440
1296103537970163712
1296101574209671174
1296100518155243520
1296096351114211335
1296082344311431168
1296080583286616068
1296079588750172161
1296079465475444738
1296078663503446019
1296076953485795328
1296069597246955523
1296066542208196610
1296065828807352324
1296060260650594304
1296054588223651840
1296051858289696769
1296051853554339840
1296050068789833728
1296049296610033670
1296049031915769856
1296048759147814913
1296047451225444353
1296047000190955524
1296046997024247810
1296046776592535552
1296046755637686272
1296046334043131906
1296046186433044481
1296043003384127488
1296041596966670338
1296039260085264384
1296037033639632896
1296018892754759685
1296018387617931264
1295999147632451585
1295997108517048320
1295995426747777024
1295995288134459392
1295995147323207680
1295995022072877056
1295994826932932609
1295994647324446720
1295994559822884865
1295994449391046656
1295994343119937536
1295994209040662528
1295994009723101185
1295993916634705922
1295993206157393926
1295993108207828998
1295993017384316929
1295992808713592832
1295992741847941121
1295992637153923072
1295992569143287809
1295992478609203200
1295992396216328193
1295992307255095296
1295992210815479810
1295992134244290560
1295992075633090560
1295991982142046208
1295991917730099204
1295991846347223040
1295991779896909824
1295991714725990400
1295991658396307457
1295986307890589696
1295980796776521728
1295974274096705536
1295974159109955585
1295974066751279105
1295973965328871424
1295973891194593280
1295973629511917568
1295973000622354433
1295960352635498496
1295959058013454336
1295956196424323072
1295954442131562496
1295946669054472193
1295945470590832640
1295943000640466944
1295941189456130048
1295941082103123969
1295939675023171584
1295939129474244609
1295938377762603008
1295936950088671234
1295936767976235008
1295936425305702400
1295933059867594754
1295931622232121348
1295931402173558790
1295928357998206983
1295914017547005952
1295913396928487425
1295911680547926018
1295910356313935873
1295907619333275649
1295904002551328768
1295903319521660929
1295902601121275906
1295897663192391680
1295896878412959750
1295895779249401858
1295895537665941505
1295894354075291649
1295890191182438406
1295890050211876864
1295888646894223361
1295885048743370753
1295879121881505792
1295856869379104768
1295850471647830016
1295838914125627393
1295838575985131520
1295838120852754434
1295838003777150976
1295837465501106182
1295832513865187329
