1292203709183729664
1292203575972630530
1292203325144870912
1292203111763734529
1292202965726625795
1292202823103459329
1292202745089458178
1292202555360137221
1292202379035598848
1292202297620037634
1292202196839403522
1292202186525597696
1292202023555928066
1292201857780195335
1292201758769451008
1292201713387089926
1292201696437907456
1292201536613998592
1292201482121392128
1292201470645936129
1292201406296883201
1292201337057312772
1292201067502067712
1292200978683371520
1292200926892236801
1292200762005749765
1292200575325659137
1292200501552054275
1292200461206945796
1292200431117008896
1292200380575690752
1292199968271368192
1292199818404610048
1292199812679557122
1292199684430344193
1292199577894952960
1292199432038027265
1292199397334237184
1292199337397821440
1292199317738934272
1292199247966863361
1292199220804452352
1292199193424076801
1292199156837224448
1292199144250060802
1292199079754240004
1292198968412102656
1292198920458842117
1292198916390301698
1292198869401395200
1292198713344102401
1292198582456594440
1292198523480543233
1292198477506764802
1292198391712284672
1292198368148631554
1292198359793577993
1292198341372084224
1292198315770163200
1292198243854626821
1292198227178074115
1292198167484628992
1292198156248047616
1292198120215007243
1292198030465171458
1292198004519251968
1292197997309317127
1292197962928488448
1292197926744272896
1292197783726956551
1292197716886523904
1292197664398991361
1292197576754827264
1292197431048908804
1292197402154356737
1292197357120114700
1292197339696947218
1292197314791120900
1292196997005549569
1292196995629748225
1292196846736203777
1292196638283489281
1292196550689554432
1292196485472366592
1292196442011062274
1292196440236789763
1292196414525566977
1292196384184004608
1292196380249935873
1292196160875171840
1292196016171683840
1292195996508786688
1292195978532052995
1292195912295604234
1292195853785079809
1292195831731421188
1292195816803885058
1292195783345938434
1292195716891385857
1292195687556362241
1292195665800572936
1292195595310882816
1292195474343157760
1292195437156409344
1292195369569226753
1292195308303073280
1292195290263552002
1292195270558720001
1292195020917809153
1292195003612057600
1292194962961047553
1292194954970836992
1292194939053518849
1292194919008755713
1292194885831987202
1292194848762671104
1292194656923484160
1292194520856014850
1292194457891282945
1292194418498375681
1292194411493892097
1292194404069814272
1292194369588600832
1292194322268459008
1292194176524853248
1292194034274848768
1292194029854240774
1292193678455386112
1292193621857439744
1292193614152507395
1292193575992778757
1292193549526556672
1292193487945740288
1292193418525974529
1292193379313430528
1292193327123767298
1292193298644426760
1292193285935513600
1292193279728062468
1292193246559576065
1292193134756220929
1292193110840217603
1292193066711953414
1292192973476655105
1292192919324164104
1292192795827015686
1292192738868436995
1292192628554047489
1292192625358000129
1292192622157664256
1292192620530356224
1292192613421002752
1292192576301301761
1292192547180355584
1292192495070334977
1292192369601904641
1292192353588043783
1292192068752662528
1292191981221875712
1292191903656685568
1292191846731517953
1292191786224541696
1292191740896608259
1292191584155504641
1292191522495123460
1292191362981310464
1292191338788773890
1292191295138660352
1292191274376876032
1292191269318463490
1292191247822725120
1292191145494302722
1292191098148880384
1292191043128045568
1292190976207978497
1292190915617009665
1292190819701620736
1292190754052411402
1292190516826669057
1292190511995006982
1292190484752826368
1292190466772008961
1292190360085594112
1292190207710658561
1292190201822023681
1292190196923011072
1292190175066554373
1292190094594580485
1292190056980131842
1292189935395536901
1292189893393821704
1292189747499212800
1292189712741027841
1292189682323857409
1292189545874718720
1292189450081050627
1292189444691419136
1292189324503650304
1292189229720776707
1292189210707922944
1292189200926699520
1292189085193273344
1292189023700766721
1292188932696879104
1292188909435154432
1292188833891590146
1292188832885022720
1292188663074496513
1292188571726565376
1292188209355644935
1292188195967373314
1292188174911803392
1292188040149041154
1292188030695026696
1292188022281310211
1292187992216555523
1292187752117633025
1292187736212996097
1292187635188785153
1292187627207172096
1292187583812980740
1292187555002224640
1292187527068123143
1292187480226177029
1292187363930591232
1292187238651002892
1292187189036679168
1292187183495946241
1292187092429279233
1292186971784261632
1292186884299350017
1292186860643651584
1292186786916179970
1292186756629114880
1292186745874911233
1292186721392758786
1292186669622460416
1292186370539237376
1292186230260523008
1292186203387760642
1292185963138101248
1292185940518199296
1292185856313360384
1292185768887279616
1292185676188774400
1292185668010094593
1292185621906305025
1292185563785826306
1292185551957786625
1292185534866042885
1292185430025293826
1292185101216788480
1292185037992013825
1292184958841376768
1292184597111795712
1292184572806012928
1292184572269125633
1292184555105873920
1292184537565409283
1292184479780528128
1292184421790101512
1292184298175500291
1292184210690715652
1292184178826416128
1292184170014400512
1292184071896993792
1292184071880179713
1292184024765493250
1292183937658376192
1292183925650071552
1292183871325437958
1292183861166661632
1292183744237969409
1292183726747791364
1292183660125401093
1292183611605757953
1292183563593486336
1292183480898588673
1292183394420318208
1292183304221802496
1292183248420966401
1292183169287020544
1292183148667731971
1292183023123914761
1292182851803205632
1292182831179784193
1292182719754113027
1292182585897091074
1292182541961580544
1292182540124643328
1292182378174013441
1292182334704418818
1292182326986674176
1292182282673860608
1292182235634786304
1292182148913471488
1292182123378401280
1292182069817221125
1292182042088812546
1292182016398696450
1292181963999084544
1292181805400023041
1292181803982295050
1292181773720391684
1292181695332880384
1292181658406461440
1292181630925381632
1292181598599864323
1292181523437936641
1292181441963421701
1292181417191804928
1292181371855699968
1292181347692249088
1292181313882066944
1292181300141527040
1292181285088235523
1292181256017453057
1292181084260769795
1292181040195203073
1292180957328478210
1292180546311733248
1292180506629611523
1292180489252376577
1292180455249178624
1292180304292126722
1292180183785656321
1292180079301341185
1292180074272366594
1292179983918489600
1292179900149923840
1292179851164573696
1292179813504094208
1292179746135171072
1292179740191870977
1292179735649431554
1292179708772220928
1292179641487171585
1292179564035096576
1292179456061308929
1292179252767608833
1292179211847979010
1292179120588300289
1292179070399025153
1292178922961076226
1292178791767343104
1292178762218352640
1292178753863454721
1292178617930264577
1292178599831691264
1292178374035742720
1292178346323980289
1292178184285249536
1292178036880576512
1292178031365230592
1292177982912593920
1292177941397483521
1292177872120152072
1292177701890129923
1292177685045587968
1292177652179116032
1292177651948453889
1292177610282237952
1292177549846441984
1292177468439162881
1292177315074576384
1292177310079229953
1292177010517610497
1292176970965557249
1292176924815622145
1292176916573761541
1292176903420489728
1292176840497520640
1292176790635581442
1292176734209691649
1292176682300985346
1292176600415588370
1292176575232974849
1292176399164485638
1292176263206055937
1292176075007565824
1292176022335557639
1292176013871513602
1292176010784526338
1292175963753607168
1292175926076289025
1292175850906017797
1292175843503087623
1292175837542805505
1292175833755463680
1292175813111152640
1292175655912845313
1292175572844470272
1292175544637771777
1292175513096781825
1292175495333896193
1292175431911735298
1292175253658128384
1292175095859826688
1292175046195195906
1292174950116147200
1292174786102255616
1292174776224669696
1292174707882627077
1292174547819679748
1292174498578538496
1292174379845947392
1292174357750403075
1292174350658023425
1292174348615376900
1292174125281226752
1292174033065324545
1292174027444948996
1292174001977069569
1292173969664233473
1292173904631549953
1292173860557791234
1292173849438674946
1292173798221938693
1292173792500826113
1292173707042054146
1292173643829706755
1292173538384908295
1292173327419793408
1292173208251236353
1292173202161008641
1292173168782782464
1292173162369744902
1292173143365152769
1292173092194664448
1292173090223468545
1292172988591353864
1292172971235147778
1292172941095051271
1292172919234113541
1292172887605022721
1292172864960049157
1292172809389715457
1292172730243125251
1292172718448795650
1292172683766116352
1292172539939172353
1292172457013518336
1292172453410508801
1292172431629656065
1292172420925648896
1292172304861073408
1292172206668120070
1292172166964944902
1292172139618074631
1292172138355527682
1292171943744020480
1292171912139935744
1292171900165095424
1292171701816631308
1292171698855387136
1292171690563305474
1292171681566322690
1292171679259668481
1292171651308716032
1292171642333007872
1292171600897478656
1292171582207598595
1292171553355051012
1292171551077359616
1292171541745147906
1292171539547381761
1292171527404892162
1292171518504468483
1292171496358653953
1292171471763255296
1292171334609285120
1292171244528373760
1292171117310783488
1292171003804758022
1292170967523958786
1292170774338560000
1292170769695477763
1292170712476717056
1292170650770198533
1292170576967213057
1292170524399812608
1292170445534441473
1292170436592058368
1292170423334051841
1292170340756463616
1292170211542609922
1292170202466209799
1292170061810216964
1292170018155831297
1292170017258246144
1292169983846486016
1292169972693647360
1292169958038921218
1292169862643699714
1292169782385500161
1292169750630424577
1292169740094443523
1292169541561139201
1292169500901756928
1292169377228320768
1292169371423563777
1292169256415776769
1292169242125762561
1292169239588208641
1292169135368163329
1292169124504903681
1292169067797733376
1292168988001210369
1292168984591204353
1292168956162248705
1292168948314669057
1292168732501041152
1292168726826176514
1292168696203485184
1292168676146208768
1292168578477719552
1292168513357066240
1292168502283927558
1292168457056813056
1292168402191167490
1292168240207138822
1292168228345708544
1292168173131829249
1292168093934944258
1292168013144190981
1292167977664733184
1292167862673534977
1292167677868466177
1292167663762972672
1292167645303889921
1292167627960274944
1292167555440836610
1292167543935897600
1292167518862417923
1292167483919605760
1292167442660196353
1292167416118751237
1292167331490213891
1292167329334337536
1292167285231300608
1292167190620319744
1292167128871776256
1292167064673751040
1292167007010340871
1292167002426146816
1292166989620940800
1292166903973261315
1292166868778835970
1292166850747473921
1292166834179932162
1292166823975124992
1292166801049018368
1292166794917052417
1292166706232561665
1292166510232973314
1292166487453638656
1292166466876440576
1292166428452433922
1292166381895548930
1292166275024801795
1292166262060195840
1292166259010940928
1292166253310816262
1292166249401790465
1292166226916057088
1292166210147229696
1292166210109542400
1292166206368161792
1292166184557633536
1292166184314351617
1292166166786514944
1292166098041872384
1292166066404286464
1292166027988484101
1292165920140468226
1292165891786805253
1292165883276615680
1292165840104648704
1292165818235617281
1292165776669982720
1292165637607952390
1292165585099513856
1292165507202916353
1292165425313320960
1292165349413183488
1292165273722728449
1292165169456570375
1292165130432786432
1292165056008863744
1292165055308533762
1292164985485955073
1292164925801082883
1292164884550033408
1292164881408577543
1292164880871706624
1292164835136823296
1292164784205438976
1292164778652135425
1292164697224097799
1292164595478663172
1292164329744211968
1292164243245002752
1292164229882155013
1292164223599075330
1292164218955988992
1292164186722594816
1292164068141391872
1292164063712219137
1292164061417951232
1292164000537612289
1292163877212495875
1292163798577676290
1292163714163015680
1292163680990363651
1292163553722544128
1292163547775021056
1292163371555524608
1292163267020775424
1292163164281245696
1292163131855253505
1292163115400994817
1292163070450700289
1292163051538599943
1292163048766136325
1292162940091670528
1292162825616527361
1292162822969929730
1292162765449093120
1292162748630138880
1292162543591407616
1292162490000908289
1292162484250476544
1292162455645433857
1292162452147195905
1292162442730987521
1292162391384285186
1292162381557137410
1292162116120653825
1292162080183922689
1292162065570775041
1292161988534173696
1292161984264167424
1292161959920578563
1292161846015856640
1292161842421235713
1292161827393200131
1292161759554543617
1292161730643210241
1292161622606307328
1292161400073154561
1292161388132081664
1292161330468855808
1292161316430307328
1292161225803984896
1292161191452737542
1292161168585490432
1292161155381813253
1292161104068718596
1292160981020430338
1292160967933956096
1292160947553878016
1292160929761832961
1292160864070643716
1292160850929815554
1292160826770624518
1292160762920632320
1292160694822023169
1292160670524350467
1292160625620275200
1292160604707467264
1292160463132737536
1292160461010382848
1292160424335552513
1292160203786526724
1292160197822119937
1292160166801092609
1292160143073869824
1292160072169041920
1292160040502165516
1292160010005471233
1292159931836178432
1292159887858950146
1292159856464531456
1292159853205622786
1292159830153744385
1292159753850822658
1292159649223831552
1292159567678156801
1292159551282847746
1292159550263525378
1292159509842915328
1292159506256924672
1292159482743726081
1292159463554723843
1292159439294926849
1292159372970336258
1292159355857534977
1292159190409121792
1292159092925104129
1292159046057852929
1292158965367877633
1292158886284156930
1292158886187806721
1292158803996073984
1292158759394050048
1292158737667502080
1292158705065250822
1292158663910727682
1292158562328862723
1292158471698292742
1292158274280869888
1292158261903396865
1292158247986757633
1292158208648208384
1292158107875979267
1292158104659013632
1292158081032318977
1292158004037656576
1292157973159174145
1292157942507212803
1292157858180718592
1292157742526930949
1292157662889639940
1292157624906022912
1292157317631242240
1292157268453187587
1292157267949899777
1292157051884326912
1292157019869327360
1292156969764044800
1292156946628464647
1292156876071657477
1292156868593438727
1292156850297810945
1292156744605392897
1292156603496427520
1292156573851164677
1292156517173678080
1292156457891201025
1292156329126174722
1292156311107448833
1292156302311948292
1292156299946463235
1292156286247809024
1292156213334093827
1292156195264851968
1292156118974844929
1292156117817028609
1292156027446722561
1292155954763575299
1292155924132573185
1292155813868515330
1292155743609729024
1292155717361836032
1292155677725483008
1292155662453968896
1292155629386076160
1292155600575569923
1292155598583164929
1292155578429710338
1292155559861518336
1292155496049209346
1292155411278082049
1292155320131870722
1292155285646311425
1292155257569644544
1292155144377901060
1292155099662426112
1292155079034916864
1292155039637622784
1292154429311983621
1292154399607918594
1292154305852710914
1292154268141715457
1292154204526649344
1292153961705873408
1292153792100786176
1292153630540341255
1292153616896319498
1292153601284964352
1292153542027825152
1292153516711186433
1292153506967834624
1292153436247486464
1292153258253914113
1292153143934046210
1292153120911392768
1292152875095924736
1292152666710142977
1292152594408681473
1292152578671808516
1292152555846488070
1292152508073345026
1292152432311578626
1292152388242092035
1292152382730711040
1292152271107772419
1292152199548674048
1292152119357841408
1292152108733673472
1292152108590993410
1292152096658198532
1292152027703844864
1292152015611662337
1292151995718078465
1292151637914525696
1292151353293381632
1292151346360090630
1292151328916017155
1292151202986237953
1292151084526579715
1292151084518080514
1292150857178513410
1292150849477763079
1292150837754519554
1292150794674937857
1292150789193043968
1292150760172552195
1292150756640841728
1292150644212748288
1292150463589232640
1292150401861476354
1292150371465351168
1292150253764792321
1292150169379713027
1292150123951251456
1292149798598975488
1292149791162544128
1292149772447555584
1292149688859230210
1292149666839236608
1292149663039135744
1292149643711635456
1292149587663355907
1292149587029848065
1292149582865092609
1292149513818386434
1292149381957746688
1292149355009527808
1292149272066945025
1292149165607329796
1292149116043059200
1292148796747591680
1292148620116897792
1292148442391707649
1292148390004953089
1292148343687258120
1292148316382171136
1292148118436405250
1292147996893818881
1292147909010444288
1292147769512263681
1292147584547655680
1292147544747900928
1292147426661240846
1292147309807988736
1292147244100194304
1292147128417112073
1292147037627088896
1292147028873449477
1292146829191270401
1292146742872481793
1292146615701196802
1292146430967259137
1292146376919396359
1292146359877824512
1292146327212527618
1292146291217182724
1292146273655623681
1292146245826379777
1292146193838022657
1292146192831393794
1292146191350865920
1292146124158046210
1292146120932708353
1292146070823276544
1292146065479786496
1292146022194581504
1292145953269481473
1292145833278877696
1292145741876477953
1292145680836898816
1292145659487948800
1292145606396264448
1292145568639328256
1292145551056740356
1292145395930406912
1292145380205817856
1292145316586651650
1292145164836839424
1292145162366328832
1292145046435835916
1292144949362937856
1292144924436107266
1292144899660292096
1292144541856866308
1292144541479268352
1292144440094724099
1292144413884391425
1292144264844054528
1292144157801058304
1292144131532378112
1292144112565719041
1292143996706254849
1292143953496518656
1292143817701851136
1292143762379083776
1292143760231616518
1292143748810506241
1292143625812561921
1292143608213241856
1292143456165527558
1292143411479351301
1292143397738815488
1292143376100478976
1292143374569541632
1292143353224626182
1292143320853028865
1292143218457554946
1292143215471140864
1292143200463998979
1292143197192249345
1292143196487790592
1292143103890141184
1292143028887527428
1292142968237895687
1292142918539644934
1292142805221928964
1292142673483018240
1292142652675076097
1292142608429527050
1292142585528479746
1292142550388621312
1292142546156687365
1292142523633274882
1292142493052608512
1292142473419149318
1292142437163393029
1292142344968589313
1292142324563271683
1292142303616929794
1292142303478460419
1292142236944216064
1292142135509164039
1292142092009914375
1292142041963663362
1292141975949516801
1292141934975344646
1292141898581176327
1292141831464001537
1292141775415586816
1292141733220950017
1292141669467529216
1292141537351041024
1292141448352104450
1292141284077993984
1292141248640430081
1292141192218542080
1292141162191618048
1292141159536644102
1292141041697665024
1292141023259492353
1292140991814742017
1292140800273514499
1292140786813984770
1292140738218733569
1292140693440389121
1292140658010894337
1292140653288153089
1292140624162979841
1292140574116462592
1292140573592129545
1292140539803041795
1292140537491800067
1292140492562599936
1292140480432504832
1292140466444566528
1292140445217091590
1292140434194681857
1292140427622187014
1292140287536570373
1292140284768329729
1292140283161915392
1292140215302156291
1292140183593160704
1292140138781384708
1292140001770250243
1292140000889303041
1292139985123115008
1292139916781129730
1292139910787465217
1292139849470709760
1292139831645134848
1292139717589372933
1292139671309303809
1292139642918072321
1292139638279282688
1292139600048259074
1292139490123939840
1292139489889067008
1292139472650244096
1292139469282385921
1292139465721487361
1292139458599489536
1292139415100243970
1292139362088554497
1292139305650003970
1292139273865564160
1292139216311332865
1292139164515930112
1292139055543549954
1292139040913809408
1292138929567567873
1292138921183383552
1292138886890758144
1292138762504372230
1292138687279632385
1292138670548561925
1292138662881308673
1292138511114686466
1292138493616041995
1292138479074316288
1292138405875322881
1292138369858904064
1292138340028882944
1292138303240777732
1292138299021238272
1292138227520987139
1292138207816146944
1292138154158256128
1292138059807576065
1292137998373359616
1292137852214681603
1292137727073427468
1292137637650632704
1292137583783419904
1292137486563577862
1292137405848395777
1292137395312381952
1292137276978470913
1292137084971626497
1292137083331633152
1292137076822024194
1292137071335936001
1292137036212830208
1292137011650994183
1292136944751738880
1292136915295248385
1292136784520863744
1292136758956752899
1292136720914362368
1292136706595074048
1292136607009640449
1292136581453754369
1292136489963237376
1292136437501046785
1292136409638166528
1292136375026843650
1292136296706711553
1292136287969804289
1292136260115394561
1292136056557641728
1292136028178767873
1292136016292306948
1292135986479104026
1292135976203161600
1292135949409742848
1292135926773288960
1292135813279621120
1292135809814917121
1292135748263698432
1292135731079589888
1292135726952456192
1292135492608315393
1292135487868723200
1292135315428253699
1292135168149422080
1292135156061474818
1292134979087020033
1292134894974443520
1292134878075654145
1292134705937121292
1292134656209494018
1292134638434037761
1292134632008409088
1292134625612095489
1292134622621507585
1292134609782620166
1292134588987453441
1292134485220298753
1292134385261527040
1292134316357500929
1292134293905473536
1292134257410945026
1292134233880707073
1292134111025364992
1292134073251569667
1292134003164827651
1292133919551258627
1292133785207820288
1292133676281724929
1292133652600623104
1292133624565788672
1292133609164419077
1292133401219063809
1292133261209198599
1292133241680527361
1292133222458040323
1292133067042312197
1292133056451665920
1292132911542685699
1292132757162864640
1292132754939957249
1292132709058437121
1292132645841797121
1292132618159263745
1292132583111884801
1292132546755661824
1292132543412797442
1292132476433977346
1292132323748700161
1292132243318726658
1292132160737083398
1292132143842365441
1292132138033258497
1292132039618170881
1292131876082130945
1292131867475542017
1292131803801690113
1292131803428524032
1292131782251499521
1292131710453284866
1292131699422384130
1292131697421619201
1292131690983243777
1292131621332815873
1292131615175573507
1292131507650334720
1292131506731864065
1292131445117456388
1292131439224459264
1292131405493829632
1292131397251948544
1292131255690104839
1292131162471583745
1292131078161883138
1292131021736095744
1292131008540749825
1292130759487225857
1292130716600414208
1292130684421603329
1292130638963920896
1292130627060473856
1292130609876226048
1292130564796035082
1292130324357447685
1292130300441616384
1292130271047946242
1292130211543351296
1292130207332274176
1292130200579440642
1292130191305781249
1292130139241885696
1292130132715544576
1292130027384057857
1292130025823768576
1292129950443737088
1292129880285429761
1292129871838281728
1292129861822275590
1292129738782396416
1292129733665337350
1292129679286177792
1292129660973744130
1292129641663205376
1292129636877340672
1292129545022300160
1292129515968376832
1292129454420930560
1292129346883407874
1292129278549798912
1292129230847909892
1292129090020028417
1292129088895963136
1292128961238044672
1292128903511891968
1292128812721938432
1292128808355561472
1292128769378000896
1292128744602103808
1292128641820823553
1292128549525172227
1292128440301346821
1292128438069997568
1292128437788979204
1292128435792486400
1292128407199907842
1292128395996864512
1292128215289532416
1292128190169640960
1292128183181926400
1292128028261318657
1292128008443133953
1292127938016673801
1292127898841878528
1292127822622994439
1292127798086303749
1292127743774199819
1292127654267834369
1292127601901871109
1292127582285172736
1292127576815800321
1292127438005297154
1292127190620999681
1292127142667587584
1292127128524333059
1292127017761148930
1292126991009943552
1292126904619859971
1292126872055226368
1292126623630843904
1292126508262318080
1292126381640474625
1292126353295396864
1292126307258494976
1292126257325383680
1292126200329101320
1292126146302226432
1292126107060363265
1292126076542607362
1292126051972382721
1292126045206753281
1292126039548862464
1292125998104944641
1292125924054298624
1292125851417546752
1292125737609302020
1292125702834225152
1292125699269111808
1292125613235609600
1292125519501234182
1292125439297757189
1292125409170128896
1292125385061261312
1292125382657871872
1292125122426540035
1292125033943502849
1292124953685504005
1292124929425580034
1292124844096716807
1292124827579559941
1292124826056957952
1292124759841415168
1292124686093037568
1292124665104793606
1292124657504661513
1292124610549501952
1292124610083815429
1292124526638247938
1292124481599741952
1292124460099788801
1292124397826912256
1292124260958437383
1292124259997945858
1292124195795668992
1292124096059396096
1292124037590798337
1292123932351434753
1292123922343890951
1292123888235581440
1292123819059163136
1292123766919704577
1292123707360653318
1292123703736774657
1292123509007749121
1292123450077859841
1292123441596956675
1292123317906833408
1292123173752844292
1292123078378450944
1292123075140628482
1292123053552525319
1292123027879190529
1292122994152808454
1292122984434540554
1292122908211503105
1292122886992465921
1292122736890970114
1292122705387347969
1292122678694830080
1292122666418094082
1292122655227817984
1292122459395756035
1292122431855816705
1292122305162891264
1292122303313059841
1292122256399716353
1292122249873457157
1292122190284861441
1292122089076523008
1292121961179385856
1292121954418335744
1292121849145577476
1292121789901033479
1292121751518760960
1292121514322493441
1292121484006248453
1292121452221616128
1292121292611739648
1292121249276198912
1292121221023268865
1292121212416487427
1292121163557199873
1292120974830309376
1292120888360435713
1292120831007633409
1292120809444716544
1292120745674407936
1292120677579755520
1292120638707191809
1292120619866357762
1292120367742570497
1292120342643855365
1292120329448501250
1292120291859001344
1292120207184605184
1292119923557150720
1292119903219200000
1292119842045284352
1292119811141636097
1292119773766197248
1292119734071197698
1292119660335206406
1292119502604337157
1292119482039582720
1292119440834695169
1292119416289685504
1292119334245081089
1292119292192980995
1292119258265055233
1292119209430994944
1292119181941444608
1292119153835311104
1292119079218827264
1292119066321223682
1292119037045084161
1292118951913299973
1292118905696264192
1292118852411695104
1292118757133955072
1292118713458720770
1292118702213738496
1292118692424081410
1292118611826544640
1292118511188422656
1292118461175468033
1292118443316187145
1292118430011863043
1292118383442325504
1292118366497497088
1292118253674864642
1292118207516610560
1292118059495428097
1292118003572645888
1292117958056189953
1292117907615358976
1292117895200333825
1292117880662683649
1292117859158589440
1292117766267449344
1292117748521172993
1292117640178208769
1292117541976977408
1292117534695657474
1292117504974823425
1292117434346827781
1292117409784975360
1292117322950496256
1292116947123892230
1292116728361750531
1292116678256529408
1292116634182746112
1292116617556570112
1292116602041729025
1292116567669579776
1292116494038564864
1292116482504228864
1292116439881719808
1292116420092997633
1292116412283138049
1292116381056421888
1292116365172711425
1292116327826460672
1292116275750215681
1292116257463046145
1292115993028943873
1292115960338493440
1292115909541269506
1292115763323473922
1292115631136026625
1292115488730996737
1292115399060983811
1292115148031668225
1292115101701595139
1292115032831074304
1292114958272966657
1292114872948477954
1292114787363508225
1292114679700037638
1292114626835030018
1292114611211296770
1292114579837931521
1292114400535437317
1292114385272483841
1292114383917723652
1292114382919544834
1292114348282990593
1292114323477757955
1292114311624773635
1292114132192436225
1292114062663458819
1292113991867785217
1292113768336355328
1292113731963351040
1292113696999628800
1292113626602635264
1292113588216303616
1292113519098449923
1292113477721628673
1292113417466195968
1292113389582348288
1292113350222999553
1292113306581438464
1292113185718378496
1292113174104178688
1292112829495930881
1292112670888525824
1292112656682364928
1292112583273709569
1292112527342501889
1292112473026433024
1292112368672153600
1292112263046930433
1292112238896128000
1292112186337308673
1292112100261801984
1292112073049219072
1292112047522508801
1292111970313936898
1292111772133076992
1292111751832653824
1292111748971892743
1292111743309815808
1292111656714108930
1292111622694150149
1292111544466186240
1292111516905410560
1292111501143097344
1292111409728434177
1292111361934274562
1292111337670270976
1292111269458141184
1292111155880656896
1292111061718568961
1292110981036900358
1292110979099172865
1292110952813469698
1292110907489882113
1292110835842719744
1292110757568675843
1292110655315681281
1292110607638921216
1292110589867618307
1292110469755473921
1292110450075762688
1292110446678487042
1292110430819831809
1292110352608571392
1292110337345564674
1292110272770048000
1292110270006005760
1292110245930635264
1292110226120998913
1292110218814353408
1292110098710626308
1292110046051131394
1292109966816419840
1292109919852744706
1292109661815087107
1292109658673512448
1292109521628921857
1292109400233193472
1292109291340607489
1292109134624677889
1292109105478471681
1292109055704604673
1292108881917808640
1292108847042056192
1292108801651486720
1292108445806723073
1292108440505126915
1292108310913650690
1292108285651423232
1292108278403682304
1292108216797663233
1292108196195295232
1292108194970587138
1292108172208099329
1292108156416524290
1292108092054949894
1292107985917968384
1292107984919760898
1292107908189167624
1292107868393680896
1292107805554610178
1292107662608433152
1292107568316321797
1292107542693392385
1292107500850995201
1292107422459469825
1292107336144883712
1292107273922392066
1292107157798821889
1292107123153727489
1292107062827274240
1292106900390191105
1292106886905561088
1292106857507684352
1292106839685988359
1292106802948124672
1292106726548832256
1292106697956352000
1292106675533549568
1292106592670932992
1292106554125082624
1292106378660675585
1292106368590270469
1292106366732193792
1292106357269770241
1292106316043956225
1292106299220455424
1292106289863110656
1292106288013377536
1292106229548867585
1292106187698089984
1292106117653438464
1292106090906365952
1292106090080067584
1292106005288046597
1292105885452570624
1292105841710108672
1292105837503275008
1292105669852758017
1292105485177352194
1292105469826232320
1292105441581740032
1292105400179924992
1292105257024139264
1292105104192163840
1292105087758852096
1292105030737289216
1292104955319537664
1292104905994514432
1292104890219737088
1292104824092147713
1292104820531367937
1292104813862322176
1292104813069520896
1292104750742134793
1292104746938044416
1292104701517926402
1292104693745725440
1292104626242760705
1292104576007634944
1292104394662649856
1292104392230010882
1292104369815486465
1292104258985263105
1292104146829500416
1292104110158872576
1292104075207557121
1292104063434272770
1292104038612336640
1292104033658839041
1292104020589342720
1292103943615467521
1292103934333661185
1292103838720126977
1292103788682252290
1292103769908482053
1292103600777441281
1292103594615996417
1292103562424614913
1292103490886610945
1292103457676185600
1292103439661424642
1292103371319652352
1292103324737646593
1292103214029049858
1292103199449587712
1292103106357071872
1292103086572437505
1292103062111297537
1292103046902640642
1292102876639133696
1292102779243237376
1292102770149986307
1292102756128391169
1292102582790389760
1292102506433175554
1292102473998467079
1292102442189037568
1292102390733328385
1292102302610989056
1292102293727436800
1292102203474210819
1292102150907138049
1292102101259231236
1292102061408964610
1292102037400936448
1292101949299527684
1292101877878972416
1292101581853405184
1292101513159028737
1292101350495596545
1292101322343362561
1292101257797279744
1292101164893442048
1292101080118104064
1292101016880664578
1292101015081226241
1292100990624305153
1292100894964809729
1292100888581099523
1292100732032880642
1292100671819460608
1292100659999907847
1292100610817503239
1292100603032862725
1292100565988544515
1292100473521090561
1292100360845238276
1292100281048727552
1292100137464942593
1292100033496723457
1292099989787811841
1292099970993184768
1292099923312181248
1292099884640808963
1292099838872608768
1292099822330228737
1292099623188754432
1292099587881263105
1292099465130569729
1292099422692745218
1292099395329101826
1292099374332469248
1292099357626466305
1292099328056664065
1292099275569037314
1292099210863685632
1292099121776656386
1292099114889601028
1292098961126428672
1292098895418478593
1292098796898455552
1292098730850693120
1292098700546842624
1292098601720541184
1292098579373404161
1292098507072045056
1292098497672511489
1292098482648432642
1292098240280756224
1292098078791671808
1292097975439810560
1292097957832077313
1292097869831237633
1292097735718576135
1292097734976184323
1292097633260130304
1292097581196222464
1292097356054364162
1292097284512112645
1292097250081021952
1292097192417726465
1292097098821914624
1292096790901260290
1292096762258350080
1292096739005014017
1292096708369960961
1292096645803446273
1292096576362610690
1292096466450874368
1292096433039060995
1292096170211209218
1292096052854759430
1292096004280520704
1292095897267064832
1292095714663833601
1292095613170003968
1292095501110829056
1292095376942600194
1292095370953216000
1292095365014007810
1292095311838617600
1292095231555444736
1292095187825700865
1292095177721487360
1292094993352388610
1292094954571853824
1292094916781318145
1292094869738053633
1292094658806513664
1292094628947165184
1292094495450894336
1292094481425211393
1292094410084278272
1292094359714902016
1292094329679421440
1292094314806497280
1292094258162225153
1292094139744559104
1292094030403252224
1292093951177039872
1292093949625106434
1292093948488486915
1292093938086621185
1292093843156996098
1292093785761968130
1292093753063362560
1292093753008615426
1292093748445417476
1292093734667067393
1292093605985677314
1292093542261821440
1292093524448550912
1292093515426603008
1292093513488891904
1292093454525370368
1292093443829829632
1292093414734012420
1292093405061943296
1292093268298272769
1292093152262840320
1292093140413960193
1292092965385580544
1292092928332935168
1292092695632986113
1292092692999090176
1292092618562650114
1292092597197045761
1292092524488790016
1292092496051425280
1292092486626635785
1292092483606896646
1292092439948402689
1292092403285803008
1292092361112084481
1292092318124826624
1292092163572940800
1292091990734184449
1292091949973819394
1292091940440285185
1292091934857736193
1292091921041707009
1292091714467966976
1292091499140845568
1292091389229047809
1292091290503569409
1292091268697329666
1292091239312035840
1292091103160786944
1292091097871781889
1292090865608003588
1292090863011725315
1292090689069645824
1292090689019351040
1292090674494484485
1292090642680733696
1292090618479484929
1292090580730818563
1292090375939661824
1292090340384673793
1292090140077301764
1292089988033720320
1292089955259473921
1292089890423951362
1292089699851476994
1292089606133948422
1292089591667851264
1292089510856200195
1292089491675643904
1292089483144228864
1292089460587245569
1292089453742350336
1292089413418328064
1292089330018787328
1292089236062179329
1292089234241789952
1292089131028414465
1292089036929150977
1292088973788090368
1292088819408347136
1292088791008714752
1292088672309764098
1292088539073654786
1292088530198499328
1292088517657612289
1292088477086035968
1292088395846410240
1292088145522110469
1292088133736108034
1292088112735309833
1292088084159516673
1292088050953093120
1292088050252754944
1292088044435243008
1292088001233911808
1292087959659962369
1292087939825106945
1292087925384110080
1292087922825392129
1292087843578413058
1292087797755641856
1292087795276820480
1292087737810661377
1292087733549236224
1292087718697218048
1292087716121804800
1292087659482021888
1292087656395014144
1292087577915334656
1292087507316867074
1292087331344855042
1292087307466690561
1292087300705452033
1292087206014787584
1292087178978365441
1292087118999834625
1292086914233896960
1292086905404829696
1292086696994111488
1292086694682877955
1292086690400677888
1292086583504637953
1292086540391387136
1292086508019519489
1292086486750429184
1292086399525675011
1292086286971482114
1292086281296588800
1292086257435258880
1292086074320224264
1292086037683089410
1292086003625148419
1292085566545297408
1292085385363947522
1292085331228065792
1292085314836525058
1292085305173041153
1292085050650046464
1292084969246990337
1292084860253884417
1292084783665893376
1292084755069128705
1292084750447005697
1292084639805222912
1292084572168036352
1292084555529310208
1292084551305564160
1292084510276890625
1292084390277898244
1292084364008992771
1292084314394566656
1292084268789768205
1292084235944198144
1292084064556548101
1292084043887124480
1292083900559368192
1292083894855118852
1292083832515178496
1292083770301063168
1292083704953737218
1292083688562233345
1292083658426183683
1292083627669544962
1292083445599002624
1292083408311640065
1292083406369632256
1292083405098758145
1292083374560075782
1292083363063488512
1292083342498725890
1292083296327868416
1292083141671301123
1292082942534180865
1292082813173465093
1292082782936629249
1292082733947260930
1292082600018948098
1292082581400358912
1292082418996871169
1292082418816409602
1292082233021476864
1292082219301969927
1292082159369564162
1292081954955972608
1292081889918951426
1292081779990564865
1292081728975179776
1292081609542443012
1292081476889182212
1292081356797808640
1292081275713531904
1292081268113448960
1292081234890428421
1292081061007040512
1292081055948627976
1292080810745626624
1292080683423334401
1292080524408872961
1292080418938933250
1292080301938704384
1292080234221596678
1292080192450691074
1292080054378192897
1292080007397830664
1292079929279029250
1292079897628889089
1292079896009879554
1292079878938992646
1292079593457950726
1292079534360199168
1292079521684959232
1292079504181977089
1292079493532790792
1292079467171643392
1292079407318867974
1292079350532182017
1292079249227223040
1292079209884479491
1292079149805441024
1292079109581889536
1292079057132109825
1292079036877934597
1292079012135796737
1292078994918182914
1292078926991261696
1292078873992204288
1292078858947170305
1292078828068786176
1292078727287975936
1292078698125041665
1292078539894923268
1292078407304400898
1292078392687427584
1292078336055717889
1292078253168103426
1292078209908068352
1292078175581884416
1292078097643134976
1292078054806884352
1292078038365110273
1292077923890016258
1292077914297520131
1292077859142602754
1292077827760816128
1292077705215737856
1292077635300765697
1292077564027076608
1292077405616648192
1292077402533896194
1292077384653578244
1292077261194178560
1292077143632105472
1292076966162636801
1292076880254951424
1292076873866809346
1292076802509287429
1292076780740923392
1292076778320789510
1292076655477833728
1292076364783394816
1292076218003722240
1292076096553472000
1292075689961807873
1292075685444497408
1292075638786990080
1292075457790304256
1292075410872766464
1292075321244692480
1292075307051159554
1292075072128192512
1292075035700506624
1292074923121418245
1292074865332310016
1292074743475118080
1292074650294292480
1292074497017774082
1292074472879656961
1292074450301734912
1292074404545998849
1292074360015118336
1292074318344511491
1292074294093271043
1292074220332224512
1292074202397319168
1292074181727789056
1292074160659804163
1292074143303835648
1292073917775896581
1292073835257184260
1292073793217798146
1292073595326398465
1292073573859852296
1292073185110904833
1292072919154262016
1292072631542439938
1292072423999901696
1292072221284818949
1292072207603163140
1292072178830147584
1292072023859044352
1292071801023893505
1292071800633950211
1292071780312522752
1292071771546542086
1292071749345923072
1292071746984697857
1292071642319843328
1292071578260443137
1292071455061090307
1292071307060772865
1292071298919796736
1292071279348965377
1292071202153017344
1292071086285303808
1292070959374110720
1292070861743235072
1292070803702341632
1292070740452421632
1292070647980580864
1292070597854257153
1292070555387125761
1292070546646212610
1292070345973936129
1292070288822329344
1292070162183663617
1292069987184672771
1292069875175825408
1292069709299552257
1292069708095684608
1292069455732842496
1292069368352796672
1292069343711211520
1292069319363436544
1292069264845942785
1292069248597217281
1292069233636134913
1292069201855774723
1292068990626467840
1292068972838313985
1292068658865491969
1292068623524208640
1292068412059824129
1292068228131426307
1292068220304793609
1292068112511250433
1292068052771598341
1292068041761660928
1292067911155294208
1292067758193205248
1292067756150591489
1292067673631797249
1292067532522655745
1292067376389816320
1292067215223803905
1292066910880903168
1292066861773987840
1292066783155892224
1292066781402669057
1292066669163098112
1292066626725130240
1292066547364589571
1292066518428192768
1292066465135431683
1292066451222933509
1292066392028483586
1292066196003737600
1292066186549538816
1292066050100600832
1292066009717846022
1292065889412620288
1292065864213303296
1292065727961346048
1292065697632153601
1292065595555446785
1292065585371766786
1292065562181472256
1292065550143754246
1292065461455159296
1292065449195298817
1292065443495022594
1292065143577366531
1292065087793041408
1292065053361897472
1292065045774364680
1292064850374529024
1292064594979160064
1292064568928337922
1292064513102090240
1292064512963743744
1292064511827083265
1292064485654528000
1292064414473093120
1292064155449655296
1292064149518692353
1292064111044378625
1292064057831424002
1292064001199755265
1292063994518343681
1292063990621839361
1292063966370226178
1292063913618690048
1292063860539764739
1292063763332509696
1292063754780254208
1292063672634769409
1292063593672843264
1292063572302925825
1292063357202178049
1292063270065537028
1292063258321592325
1292063205611601920
1292063182211764234
1292063095075082242
1292062847015325696
1292062846638063621
1292062807391903745
1292062675489427456
1292062407729319937
1292062407205036032
1292061923496738817
1292061693049073664
1292061646190452736
1292061569828810752
1292061343214899201
1292061272863899648
1292061146250457093
1292061120619057159
1292060862711201793
1292060860203044864
1292060760248659968
1292060692959420423
1292060684386209793
1292060658251505664
1292060303895789568
1292060055681081346
1292059979772334080
1292059813946564608
1292059792475688960
1292059686620078081
1292059671503806465
1292059486518206464
1292059469518602241
1292059468662898689
1292059436027129857
1292059280791699456
1292059155209973760
1292059132950753280
1292058879442984961
1292058699788439552
1292058340189757440
1292058050308780032
1292057993123696640
1292057775992782849
1292057591468654593
1292057509163761664
1292057301592018945
1292057297427070977
1292057284835770368
1292057224005726209
1292057106762219520
1292057089196675079
1292057039527706625
1292056868114690049
1292056817766457344
1292056693262745600
1292056658781380608
1292056623842619397
1292056468330409986
1292056456636895233
1292056292052201472
1292056109268819970
1292056033603596290
1292055914976030721
1292055909829574657
1292055881874432000
1292055556010672129
1292055451518021633
1292055330478850051
1292055309515739139
1292055309402415104
1292055043802374146
1292055011111960576
1292054858544144384
1292054631443509248
1292054385778925568
1292054332280410112
1292054234075103233
1292054217910374407
1292054107742777344
1292053866054397952
1292053782293970944
1292053718121304066
1292053388423831555
1292053219363794944
1292053142679543808
1292053092582789125
1292052845223645184
1292052756660977665
1292052500250595328
1292052293542727682
1292052041246945281
1292051981025062913
1292051771821613057
1292051391658078209
1292051381822599169
1292050897816748032
1292050885720322049
1292050839977234433
1292050527614795777
1292050467544076290
1292050197862846466
1292050034024951808
1292049980929314818
1292049768458330112
1292049759323271168
1292049683804819457
1292049496474624001
1292048811448307712
1292048713083490304
1292048664484032512
1292048338918035458
1292048173838540800
1292048098374684679
1292047965171978241
1292047804366573569
1292047721080250373
1292047700729516033
1292047448001728513
1292047147790204929
1292047145592188929
1292047095562739713
1292046757052977152
1292046522935390208
1292046405599723520
1292046348292743169
1292046339992363008
1292046287639121920
1292046152527949824
1292045956611899392
1292045831856705536
1292045816534831104
1292045798025449472
1292045727120596992
1292045493162463232
1292045389462245376
1292045216342347776
1292044441243594753
1292044332917301249
1292044275157409792
1292044063592427520
1292043841843978242
1292043699388653568
1292043497235722240
1292043425047629825
1292043357833715713
1292043259959803906
1292043119085654016
1292043091734560774
1292042951858835458
1292042806479867904
1292042542884597761
1292042287090933760
1292042254085955584
1292042110615588868
1292042090658947075
1292041777126547457
1292041767806623744
1292041535983321089
1292041445919076353
1292041395541245952
1292041346929156096
1292041338943307777
1292041335306883073
1292041217379835907
1292041109603057664
1292040899426492417
1292040726662901760
1292040491425505281
1292040165834268673
1292040079662288897
1292039993502949378
1292039896417406977
1292039846987542528
1292039822677286912
1292039342811222016
1292039311911612416
1292039231628607488
1292038891206303744
1292038643729797120
1292038618928893953
1292038607855919104
1292038469527707648
1292038333984645121
1292038052391424006
1292038047769325568
1292038021915836418
1292037854512713728
1292037690226085889
1292037571107856385
1292037533816119298
1292037404606464000
1292037290097807360
1292036886345719810
1292036714630975493
1292036401211387904
1292036226275393536
1292036134478974976
1292036070687866881
1292035930522562560
1292035909387460608
1292035711118475265
1292035676582674433
1292035592637886466
1292035367533772800
1292035248344035329
1292035235899727872
1292035096921485312
1292035010862518272
1292034755521908736
1292034565889032192
1292034353493671938
1292034102649131008
1292033825371914241
1292033525391282176
1292033515454730240
1292033487457796097
1292033275096072192
1292033253554171907
1292033092559962112
1292033020447166464
1292032385890971649
1292032244157239296
1292031382567493633
1292031353358254080
1292031123439181824
1292030946477105153
1292030893524004865
1292030833558265859
1292030801719234562
1292030534344900608
1292030504812679168
1292030217968648192
1292030157000257537
1292030146355093505
1292029722965217281
1292029717093261320
1292029666249838592
1292029380991082496
1292029244642676736
1292029198228389889
1292029160597196801
1292028949132988416
1292028936248057857
1292028802856615937
1292028794065137664
1292028570127065093
1292028565396099072
1292028090416279553
1292027995385987073
1292027366613479424
1292027065479438336
1292026531804401664
1292026163754348544
1292025972661854208
1292025642494681089
1292025632646238211
1292025363888037890
1292025260230029312
1292025253040816128
1292025210871230464
1292024851767521281
1292024396283097088
1292024307464450048
1292024285968715776
1292024199788150784
1292024196256731136
1292023938701242368
1292023886838730754
1292023535787900930
1292023190022217728
1292022997377662979
1292022929874735104
1292022881598275585
1292022698479177728
1292022621106835462
1292022291077853184
1292021712230346754
1292021604680192001
1292021492256051200
1292021403127087106
1292021316107866112
1292021181810278401
1292021171983015936
1292020876121198592
1292020814502596609
1292020779538817025
1292020771934679040
1292020750396747776
1292020629747638272
1292020518682583040
1292020475535728640
1292020134286987264
1292020016775401473
1292019956268388353
1292019915323514881
1292019834562076673
1292019654010064896
1292019624406466560
1292019475068399618
1292019427085516801
1292019331761668096
1292019302288285696
1292019255840514050
1292019024050688000
1292018942626725889
1292018693602304000
1292017843735846912
1292017799305596929
1292017664689283072
1292016862402883585
1292016788637720576
1292016557011406850
1292016122603200512
1292015894072197120
1292015880428064768
1292015794268905473
1292015595412750336
1292015358027739136
1292015183246831616
1292015054058147841
1292015047770640384
1292014956649603072
1292014794430652417
1292014746460475393
1292014692794281985
1292014645323145216
1292014415848468482
1292014054345781248
1292014045940215809
1292013990252617728
1292013728074997761
1292013632767787008
1292013573816946689
1292013561678458881
1292013519794143232
1292013332384215042
1292012777658253312
1292012695021993984
1292012668664963072
1292012524955631616
1292012345858895872
1292012185733025794
1292012176555692033
1292012059476078594
1292011907906494464
1292011807708712962
1292011672303996933
1292011382284705792
1292011244078149633
1292011021729705984
1292011011021524999
1292010894474584065
1292010736034619392
1292010608045494272
1292010551804080129
1292010447617523712
1292010447496007681
1292010368089432064
1292010247935201280
1292010187876753408
1292010182407487489
1292010004082503680
1292009765699121152
1292009765447634956
1292009713689739266
1292009680546353153
1292009655762333696
1292009633176080384
1292009579883016192
1292009576603226113
1292009350412869632
1292009298118291456
1292008976695963648
1292008713050566657
1292008020193542145
1292007884461465600
1292007883148627968
1292007837292548096
1292007717545095168
1292007643372875776
1292007516474347527
1292007324693954560
1292007100789542914
1292007095126986757
1292006827203399680
1292006764590891008
1292006469500575747
1292006459576729600
1292006254294913024
1292006057003192321
1292005863960584193
1292005853848121344
1292005614592438273
1292005361893900288
1292005275432398848
1292004994925944833
1292004974701027333
1292004938168426497
1292004913539670016
1292004889871233024
1292004813237112832
1292004637080522752
1292004627278450688
1292004488522465280
1292004308242894848
1292004298797101057
1292004298541486081
1292004238277648390
1292004172850700288
1292004136595070976
1292004005862834177
1292003884777570305
1292003864225300480
1292003650668199937
1292003225005101056
1292003213470728192
1292003186341863425
1292002953621118976
1292002927754715136
1292002746149740547
1292002744837054464
1292002546844925957
1292002382717607936
1292002228765470722
1292002051040387072
1292001652111704064
1292001595480211456
1292001547690401793
1292001241451520000
1292000913322844160
1292000827591348224
1292000584766169088
1292000561462640640
1292000536259158016
1292000533008379905
1292000529342578688
1292000479812100096
1292000444428976129
1292000150685188096
1292000139146596353
1292000013678075909
1291999964139106306
1291999932367302656
1291999904072695808
1291999897001037825
1291999885147824129
1291999841350873090
1291999801509318657
1291999633762287616
1291999341994037248
1291999163790397440
1291998893782302721
1291998674931691520
1291998618266738690
1291998530832199680
1291998162719109121
1291997431803117570
1291997365507956738
1291996674718605312
1291996602912190471
1291996584432082945
1291996513707622400
1291996329179316224
1291996324817186816
1291996187726315522
1291996185197191169
1291996122202816512
1291996110530195456
1291996039822610438
1291995995757088768
1291995967193980928
1291995911271440384
1291995874298560513
1291995789082808320
1291995352619352065
1291995083873628161
1291994916399337472
1291994864674979840
1291994855162277889
1291994822220435456
1291994683258728448
1291994554392965121
1291994209176748032
1291994006310793216
1291993873867329536
1291993514952273921
1291993460099043329
1291993445586755584
1291993291009949696
1291993222613532673
1291993134394560512
1291993089637265408
1291992989741592576
1291992959450329088
1291992882124075009
1291992675978182656
1291992579878387718
1291991933838143488
1291991873918308352
1291991737431240705
1291991548025020416
1291991511966650369
1291991373747347459
1291991328331530240
1291991276703715329
1291991264762769408
1291991065889837057
1291990998256693250
1291990722414084100
1291990585423933440
1291990468553826305
1291990064906604545
1291990044396445698
1291989790422896640
1291989776036503553
1291989740858695680
1291989230353297409
1291989176804679681
1291988952660865024
1291988808490258433
1291988467379994624
1291988203327631361
1291988191013150720
1291988151708389377
1291988146360467457
1291988010859298818
1291987943444353025
1291987088519376899
1291987073868664832
1291986793403789312
1291986700789518336
1291986620661538816
1291986228087160832
1291986177432653824
1291986034150916099
1291985745154957312
1291985612904501248
1291984716875173888
1291984494208188419
1291984377442963457
1291984323269349376
1291984319016124416
1291984243619504129
1291984126556246016
1291984042955608064
1291983984130265088
1291983913406078976
1291983910465933317
1291983873417469953
1291983847580528640
1291983643909423104
1291983556198174721
1291983537843953664
1291982884400779266
1291982545093947393
1291982522012897280
1291982332308717569
1291982018931298305
1291981962471542784
1291981790664486913
1291981591909195777
1291981350048804864
1291981285859172352
1291981242041348097
1291981233686294529
1291981080589869057
1291980632935940096
1291980609011609601
1291980532721623042
1291980519975124993
1291980447547715586
1291980352852856832
1291980300914843649
1291980184417996800
1291979698969251841
1291979695676784641
1291979688701812740
1291979480873885698
1291979297926852609
1291979198928568322
1291979169862004736
1291979145740800000
1291978814969524225
1291978787828019201
1291978716046753792
1291978715019132928
1291978665476194304
1291978275959570438
1291978159039164416
1291977864729034758
1291977668947255298
1291976968230055936
1291976852379250688
1291976795294773251
1291976781109456896
1291976746334670848
1291976739518906368
1291976571004301313
1291976534333575170
1291976469787193349
1291976193030230017
1291976099925196801
1291975639491371008
1291975608004739072
1291975597040828417
1291975524831703040
1291975412759879681
1291974854481240064
1291974448736874496
1291974378293350402
1291974355363065856
1291974303626301445
1291974019986726912
1291974002802491393
1291973904395833344
1291973726389579776
1291973718399504384
1291973701680996352
1291973676665942017
1291973440744951808
1291973288055496705
1291973140331950080
1291973138620678144
1291973002771550209
1291972857510203396
1291972806217994244
1291972789268697088
1291972187012956160
1291971689706860544
1291971554541219840
1291971440691093506
1291971364249833472
1291971249569009664
1291971175812341760
1291971017812914177
1291971008224788481
1291970519445757954
1291970377296547840
1291970230047170562
1291970202846941184
1291970008273362945
1291969913842794496
1291969796695830528
1291969782477012992
1291969765930500096
1291969528675663872
1291969477828116481
1291969451647213569
1291968943134052352
1291968907457302529
1291968868655783939
1291968688187473920
1291968212255608832
1291968208321130496
1291968156941115393
1291968115832762369
1291968112909320193
1291967983594741760
1291967972626632705
1291967922638745600
1291967858281390081
1291967802191093762
1291967741029564416
1291967701309624320
1291967675598622720
1291967636025335809
1291967553112244225
1291967550570418176
1291967539342344193
1291967520350646273
1291967378071445504
1291967193912025089
1291967098470580224
1291966977305718784
1291966875379724288
1291966771629568000
1291966734413398016
1291966617518321666
1291966541966213120
1291966329579241472
1291966311845830657
1291966309245345792
1291966247664365568
1291966119188865024
1291966108640182273
1291965967510261762
1291965859921981441
1291965538059669505
1291965408715714560
1291965317271433217
1291965263936708608
1291965260304388097
1291965189462646785
1291964868766117888
1291964807814422534
1291964725538873344
1291964697592373249
1291964591744917506
1291964543426539522
1291964513453973507
1291964465987158016
1291964346629681152
1291964266191323136
1291964244427247616
1291964100147384320
1291964069151416320
1291963930022043648
1291963887898828805
1291963852238848000
1291963846941343745
1291963843216723969
1291963571711217665
1291963512143646726
1291963430484811776
1291963334665928704
1291963227547500544
1291963131451695105
1291962836348854272
1291962686343753729
1291962595428057088
1291962521234968576
1291962091423903744
1291961867267485696
1291961854936395776
1291961834132533248
1291961706764210178
1291961572936437761
1291961236955918336
1291961085260468224
1291960710763810816
1291960465782910977
1291960465501945856
1291960362338746368
1291959898813509632
1291959755762814976
1291959734619250688
1291959628767678464
1291959524744507392
1291959510773489666
1291959470688354304
1291959365600075776
1291959334616924161
1291959178303541248
1291959146363813888
1291959120548040704
1291958982572224512
1291958865697705986
1291958623023882242
1291958557852807168
1291958383558496257
1291957947564580865
1291957935883657216
1291957856250429440
1291957821349789696
1291957708980015105
1291957673181745153
1291957665891926017
1291957629992878080
1291957587618013184
1291957582072963073
1291957136990371840
1291957089942659074
1291956889950081024
1291956889878757377
1291956866801643526
1291956852209725441
1291956645711339521
1291956576782180352
1291956544297476097
1291956435123871744
1291956153174437888
1291956094701637632
1291955882616655873
1291955790442450944
1291955712835321856
1291955658732888065
1291955531695849472
1291955171191402496
1291955156280647680
1291955149007724546
1291955087011713027
1291954928999636994
1291954895499800576
1291954791070019584
1291954741711429634
1291954571569508363
1291954348155711489
1291954096124112897
1291954067300745217
1291954039182233602
1291953634004140035
1291953540844453888
1291953474326814721
1291953439707148289
1291953362540339200
1291953290469494784
1291953228678959105
1291953102439030785
1291953098462826497
1291953073611591680
1291952853490180097
1291952821135343622
1291952801791139840
1291952779494223872
1291952763539079169
1291952692563079168
1291952683465793539
1291952543673782273
1291952533473308672
1291952497595039746
1291952456541167617
1291952378283925513
1291952353235501056
1291952345430069248
1291952244099813376
1291952162839371776
1291952141721100288
1291951952524443649
1291951934346350593
1291951886220787713
1291951700761165824
1291951677201723395
1291951570884714497
1291951512923418630
1291951428164923393
1291951327136948231
1291951300280631297
1291951131925585920
1291951084118843392
1291950889687818240
1291950863628591105
1291950786143035392
1291950776500330498
1291950727200350209
1291950700000231424
1291950635357741057
1291950557293314049
1291950337386045440
1291950164660363266
1291950101133496321
1291950078878334977
1291950063854460933
1291950012121964544
1291949975975284738
1291949936410533890
1291949880970301440
1291949827736113152
1291949800720609281
1291949752360275974
1291949700422094849
1291949520197230595
1291949481924141057
1291949444531978240
1291949440882835458
1291949254399758336
1291949240348966912
1291949207176097792
1291949086065786881
1291948813989470208
1291948809472208897
1291948759245627392
1291948407519502336
1291948404390731776
1291948339538403328
1291948268201615360
1291948157316878337
1291948052391981056
1291947988483440640
1291947916047847425
1291947800981311494
1291947556721876992
1291947553081061377
1291947544017346560
1291947429248544768
1291947318250360832
1291947241259839494
1291947194220773382
1291947010904535045
1291946934765105154
1291946916071313410
1291946888925782021
1291946859624140800
1291946846789734400
1291946719127777285
1291946663200854022
1291946617386541056
1291946550940246016
1291946404345192449
1291946374838259713
1291946326981304320
1291946178653782021
1291946096714031104
1291946094683807744
1291945825887825923
1291945765284098048
1291945645033558016
1291945644966338560
1291945638041542656
1291945294154825730
1291945208695922689
1291945183823577088
1291945177687433216
1291945177473355776
1291945152391643136
1291945094883442688
1291945019591532545
1291944964822188032
1291944835931418624
1291944741781884928
1291944649955766272
1291944575385337856
1291944426734907393
1291944368094486529
1291944325820092416
1291944256727392256
1291944113248534531
1291944094835421184
1291943997422866432
1291943917341073409
1291943905244721154
1291943831194099713
1291943789779660800
1291943771479977989
1291943741977063424
1291943645189255169
1291943643520147456
1291943614537375749
1291943299704590336
1291942985576386562
1291942541089177601
1291942467948879877
1291942438131687424
1291942428656664577
1291942347073347584
1291942233810169857
1291942195025580033
1291942083973074944
1291942027253301248
1291942000086966272
1291941974115856384
1291941943476391936
1291941930088177664
1291941928578293760
1291941883149721600
1291941753570787330
1291941690391982080
1291941602299187202
1291941485953159171
1291941480433516549
1291941351186104324
1291941331527499777
1291941316520300544
1291941258596884482
1291941049758134272
1291940698002878465
1291940638749908992
1291940493581078528
1291940343412293632
1291940330292600832
1291940297883004929
1291940213942628354
1291940206946537473
1291939996060942337
1291939782629744642
1291939761096134656
1291939689704775680
1291939510893387778
1291939508288659459
1291939322770239488
1291939306995691521
1291939303527010304
1291939301475852288
1291939141651968001
1291939101881532416
1291939052241944577
1291938996323602432
1291938814152388608
1291938795516866563
1291938763678142464
1291938651975438336
1291938643896987650
1291938618278391808
1291938603564584960
1291938413583708165
1291938271979868165
1291938138261082117
1291938081054920705
1291938008757747714
1291937624081326080
1291937517617512448
1291937492594241537
1291937384918122496
1291937338491371520
1291937313891786753
1291937296158261255
1291936968516009984
1291936940997201920
1291936935565565952
1291936935557189639
1291936932742782980
1291936836525477890
1291936688466546688
1291936685534715909
1291936681650786304
1291936290087284736
1291936162664206339
1291936008620191746
1291935518079496193
1291935391352668161
1291935358813339648
1291935356456259584
1291935312093077504
1291935305159921665
1291935138436255744
1291935100607897601
1291934960098713601
1291934585031335936
1291934561673388033
1291934532292218880
1291934452600303616
1291934441523355649
1291934383172067328
1291934229295706115
1291934176598360064
1291933931495809026
1291933862621327360
1291933718114951168
1291933534765154304
1291933518633873410
1291933489898479618
1291933427416141824
1291933419526434818
1291933381727367170
1291933363876450304
1291933277784363008
1291933175883550720
1291932997462028288
1291932904440967174
1291932889937063937
1291932860258095115
1291932771271639040
1291932550701645824
1291932524269232128
1291932367142166528
1291932321646612481
1291932200531877888
1291932171167576064
1291932086715244544
1291931921564545024
1291931848734658560
1291931807684861952
1291931783366352896
1291931774088552453
1291931564549562369
1291931534413316096
1291931455451529218
1291931350832832512
1291931333644623874
1291931267718680577
1291931149250506753
1291931110113529856
1291931036419420160
1291930950306152448
1291930906811408384
1291930898812809218
1291930846606360577
1291930639923654663
1291930500349792261
1291930476618354688
1291930444687126528
1291930419919716353
1291930378144489473
1291930332317483008
1291930305780002823
1291930193007869952
1291930143267540992
1291930118882041857
1291929948412764161
1291929783580884998
1291929778971344896
1291929663686823936
1291929647479951360
1291929573807075328
1291929466596335616
1291929452323246080
1291929400737517570
1291929317165998080
1291929274786680833
1291929187792687104
1291929162861572096
1291928766328057857
1291928752713281543
1291928590100172800
1291928482977648640
1291928002121682944
1291927966792835072
1291927958744162304
1291927936346386433
1291927864766394368
1291927835712450560
1291927827693133827
1291927738287370240
1291927691021684736
1291927623782694912
1291927577792262145
1291927343867592704
1291927211482550277
1291927134433423361
1291927080079425536
1291927041172881410
1291926886239608834
1291926872494833667
1291926627945857030
1291926555992535040
1291926543430811648
1291926510098513921
1291926504931127296
1291926445380587520
1291926372823121921
1291926244402094080
1291926227377442816
1291926218028261377
1291926200877748226
1291925968467066880
1291925900410331136
1291925717849178114
1291925713713532929
1291925669916573697
1291925663901822976
1291925627977764867
1291925602518392832
1291925539935027200
1291925492900061184
1291925469022093313
1291925439636738053
1291925358745235456
1291925262163234816
1291925242349326337
1291925137252667392
1291924987696168961
1291924952178921472
1291924943299653634
1291924862274015233
1291924829457719299
1291924823711584259
1291924760063090688
1291924698649911296
1291924530265559041
1291924462732865537
1291924370596810752
1291924355622944768
1291924325906427904
1291924289747406854
1291924154325794817
1291924144758693890
1291924130908889090
1291924106372415489
1291924031461928960
1291924027552878593
1291923974277017600
1291923812171182080
1291923746987679745
1291923744240177153
1291923712191725569
1291923679752777729
1291923621187903497
1291923620957163521
1291923588812087297
1291923380158058502
1291923377716899842
1291923346959921152
1291923262260142080
1291923228169056263
1291923202768162817
1291922988519034882
1291922903613812737
1291922849448505345
1291922784965328896
1291922751930929153
1291922699137277952
1291922639494225920
1291922627167170563
1291922626160594945
1291922615947464709
1291922608208977930
1291922539900329985
1291922522443661312
1291922488557883393
1291922397109653512
1291922302481899522
1291922289844355073
1291922272429711362
1291922254951923712
1291922024181399559
1291921964018393088
1291921920951087104
1291921840739295233
1291921739887378432
1291921731502964742
1291921682895077376
1291921664993763334
1291921592063127552
1291921576515055616
1291921412152872961
1291920991275429890
1291920936078376961
1291920862870769664
1291920779664396288
1291920766368247808
1291920616375762945
1291920573719879685
1291920461933105152
1291920459919814656
1291920450600218627
1291920432262721538
1291920402726432774
1291920376688250880
1291920348544409600
1291920322145316864
1291920250603175936
1291920183142035457
1291920179920883714
1291919999267934208
1291919919794159616
1291919912907071489
1291919802970193920
1291919731385970689
1291919690311368708
1291919636162908160
1291919630395637760
1291919600951734272
1291919591887851520
1291919563794382850
1291919493736914945
1291919483058245632
1291919342075092992
1291919333233315840
1291919298735173635
1291919158461059072
1291919034439675907
1291918993175883776
1291918961844662272
1291918958241755136
1291918914029576194
1291918885596401669
1291918792562479107
1291918638136438786
1291918599217541120
1291918564459511810
1291918562299269122
1291918562144079873
1291918286658113536
1291918234736668672
1291918189220241419
1291918041039560706
1291917986723500033
1291917932730159105
1291917898483671040
1291917806720647168
1291917747933212672
1291917577673773056
1291917549278560256
1291917401395617795
1291917387252416513
1291917202627670019
1291917187918299138
1291917098294431744
1291917006690824193
1291916970632200192
1291916844975226880
1291916766357135361
1291916720056094720
1291916711256403968
1291916551461859328
1291916457840910336
1291916451385716737
1291916335899906048
1291916287451574272
1291916153628098560
1291916112280641536
1291916071033659393
1291916068970278913
1291915500629512193
1291915374158635013
1291915348866936834
1291915333264056321
1291915328147120128
1291915301769089024
1291915222442270721
1291915174291615751
1291914986558754817
1291914961019645953
1291914831000461313
1291914536023293952
1291914498127753216
1291914434600894464
1291914326589280258
1291914257374810112
1291914243554652161
1291914049022640128
1291914046002745344
1291914023563190274
1291914012020674560
1291913993477656577
1291913991418261504
1291913927937478666
1291913824216350720
1291913802418659328
1291913659644428288
1291913510901948417
1291913272879394816
1291913046701379586
1291912993190612993
1291912980913889280
1291912963503394816
1291912904728551424
1291912776802131969
1291912649828179968
1291912512573542400
1291912410391965696
1291912367400525825
1291912353689341954
1291912332860436481
1291912319845511168
1291912092002316288
1291911879699308544
1291911856672722945
1291911776439681024
1291911739735498757
1291911727190351882
1291911648832376833
1291911633724465154
1291911603646996480
1291911519362457601
1291911305721344000
1291911268002144257
1291911251224911872
1291911195205738497
1291911182786465794
1291911017501532165
1291910833228910593
1291910806502871040
1291910697455165440
1291910674390499328
1291910510758072320
1291910481054175233
1291910426926526464
1291910426352025600
1291910418521358336
1291910398770180098
1291910333561548800
1291910162723164160
1291910134629838849
1291909948209758213
1291909878668300291
1291909854127435777
1291909851799592962
1291909622320726018
1291909612174807041
1291909381274193922
1291909268682268674
1291909145776590848
1291908867945717762
1291908813948194817
1291908781350113280
1291908780687536133
1291908748081078273
1291908737951768577
1291908649833705472
1291908631961767937
1291908607273922560
1291908529520021507
1291908307607789568
1291908297910411265
1291908259029426177
1291908221293277185
1291908042909519872
1291908025251295232
1291907983526551553
1291907892627603459
1291907888609361920
1291907771550507008
1291907668324397056
1291907639572459521
1291907527752347649
1291907461386047489
1291907459997720577
1291907396844113922
1291907369488670720
1291907367517519872
1291907345157689347
1291907166148923394
1291907153788198912
1291907112545787904
1291907018341650434
1291906958900047873
1291906938935156736
1291906919448358912
1291906802498535426
1291906796932800512
1291906788992876544
1291906762359087105
1291906752573669376
1291906707262705668
1291906447790485508
1291906429482340353
1291906398603759616
1291906385832226821
1291906352315596803
1291906347303407616
1291906311416877056
1291906282819956736
1291906270862155776
1291906185730252801
1291906128507539456
1291906080117678081
1291906070064103425
1291906004163207168
1291905998551166977
1291905916351049728
1291905894725296129
1291905803197308929
1291905729734074376
1291905669973639169
1291905588012539904
1291905580345556992
1291905490545328128
1291905346852724742
1291905194247233537
1291905113234321410
1291905110017290240
1291905068099346433
1291905062344720384
1291905035303968768
1291905003083444225
1291904973006045186
1291904968341897216
1291904783448707073
1291904745750163457
1291904642570432513
1291904641731616768
1291904287719796739
1291904269763870722
1291904265426935808
1291904197311582208
1291904141284069376
1291904098594443264
1291904091682156545
1291903939991015428
1291903858604675072
1291903744955711488
1291903697279123461
1291903669986705408
1291903604035588103
1291903593004531715
1291903544455561219
1291903492676878337
1291903346400538624
1291903296303767554
1291903142515408899
1291903086936588288
1291902971228413955
1291902964236529664
1291902943709429761
1291902747189682182
1291902723810627585
1291902563114201089
1291902528360046594
1291902438400765953
1291902418574336001
1291902382146646016
1291902299770511363
1291902293173055488
1291902189695381504
1291902173702500352
1291902125463572480
1291902119600099329
1291902115535708161
1291902082920910848
1291902066667819010
1291902020711002114
1291901765550370818
1291901748316012546
1291901707178266624
1291901633358630918
1291901616946401280
1291901537585856518
1291901424394072064
1291901390697172994
1291901350004039681
1291901335089029121
1291901198430240768
1291901198367367168
1291901181812445191
1291901054167191552
1291900994830209024
1291900963934965760
1291900836935737344
1291900834570174464
1291900766085505025
1291900748092055552
1291900510044291073
1291900474577178624
1291900457804324865
1291900438992887809
1291900411331346432
1291900370919333888
1291900227214094339
1291900199141437441
1291900192329957379
1291900188580175873
1291900129302044672
1291900104576770048
1291900013639917568
1291900009751777282
1291899990583816194
1291899823499730945
1291899762078253058
1291899527788523520
1291899478287548416
1291899471425609728
1291899430485057539
1291899283055075332
1291899268429574147
1291899255788130305
1291899131846430720
1291899039403958273
1291898993409220608
1291898870776045569
1291898772583325701
1291898677397725184
1291898599480209409
1291898585198592000
1291898480953192448
1291898400468865024
1291898288715833344
1291898249683574785
1291898155034980353
1291898061439074305
1291897978194624513
1291897975657111559
1291897864956739584
1291897846808162305
1291897774372462592
1291897634752430081
1291897614858948608
1291897600652845057
1291897464270643200
1291897351523708934
1291897325393268736
1291897274298257409
1291897185139740672
1291897081645408256
1291897043791695872
1291896886937497600
1291896869560279041
1291896855228424192
1291896715189145603
1291896663183892482
1291896625162403840
1291896493616566281
1291896407650119680
1291896358283227136
1291896342944591873
1291896289311981573
1291896096051081218
1291896090959073280
1291895971631239170
1291895881873195010
1291895849291640832
1291895847630692352
1291895766739333120
1291895738604163077
1291895700066885632
1291895460169490434
1291895421531336706
1291895409376362496
1291895382369165313
1291895341709762561
1291895291835305989
1291895277637390336
1291895170904911872
1291895072133349382
1291895005569847301
1291894981628694529
1291894946534842371
1291894936787398658
1291894884820025351
1291894622776696839
1291894470607282176
1291894394212163584
1291894392039411713
1291894336058097664
1291894323487944704
1291894312268111873
1291894297210626048
1291894257691906049
1291894119778967552
1291894101139496960
1291893890446954497
1291893816719368192
1291893763959291909
1291893722838446082
1291893662402502657
1291893638134407169
1291893617339125763
1291893482999762946
1291893178388361216
1291892789702209537
1291892694416064512
1291892605840535553
1291892423950577664
1291892333869498368
1291892160657338368
1291892151060758528
1291892033788022790
1291891990297292801
1291891921548382209
1291891832868274176
1291891596515069959
1291891471646367744
1291891398195785728
1291891382362267649
1291891346941321217
1291891302066421764
1291891273465573378
1291891181052452864
1291891096084258817
1291891081320312834
1291891042212429824
1291890925128560643
1291890811085492225
1291890773152210946
1291890745264214016
1291890740491165701
1291890690520039424
1291890664917970944
1291890640331186178
1291890638263328771
1291890618806022147
1291890518314684416
1291890333467512839
1291890279641952261
1291890166769082370
1291890103724302336
1291890067997417472
1291890019758743559
1291889912648794113
1291889846814998529
1291889687561408513
1291889658494881793
1291889611778621440
1291889526533758984
1291889361131393025
1291889187273277440
1291889146655473664
1291889033510096897
1291889030959898625
1291888951360290817
1291888697294622720
1291888629623787521
1291888627354677248
1291888599919730688
1291888591128473604
1291888414082531328
1291888249192030209
1291888245987512326
1291888145122897920
1291888083756093447
1291887906034982915
1291887893368143873
1291887773188644867
1291887723171786754
1291887490736033792
1291887278772625410
1291887274217504769
1291887182832173057
1291887082386989056
1291887066079465475
1291886929718501383
1291886888203165696
1291886887469187080
1291886844263555075
1291886684028702721
1291886665888403457
1291886496027484160
1291886384811134976
1291886333783416833
1291886326904532996
1291886301688532992
1291886299113230336
1291886064072830977
1291885832354267136
1291885636782157825
1291885401666396162
1291885274918789120
1291885239091040256
1291885035486941185
1291884851327574018
1291884621899104257
1291884458027520000
1291884392302993408
1291884326846693377
1291884271397871616
1291884156352262145
1291884155718922241
1291884151616999425
1291884122462400515
1291884040056840192
1291884033761320966
1291883931625758721
1291883794849509376
1291883714297946113
1291883701576429568
1291883441835974656
1291883423963975681
1291883418435846144
1291883347958956037
1291883287045197824
1291883253050220544
1291882971285381123
1291882917195522048
1291882819615174658
1291882806658949120
1291882750077571073
1291882275437772800
1291882262024388618
1291882161369485325
1291882135918264321
1291882116674772992
1291882082587815936
1291882027512238081
1291881798323056641
1291881774864371713
1291881742064902144
1291881708535472130
1291881663975366657
1291881647458127872
1291881587236372482
1291881510329491456
1291881473390391298
1291881415366201344
1291881330771279873
1291881329819136001
1291881291932037121
1291881146909782016
1291881114840248320
1291881033902809088
1291881017712812032
1291880950574481408
1291880885374124038
1291880760547270656
1291880758886502401
1291880734907600896
1291880729580843009
1291880726862987264
1291880711604121606
1291880616691204098
1291880615613169666
1291880588622925825
1291880431755952136
1291880398683807744
1291880356241580032
1291880315380621313
1291880313916919810
1291880217691267073
1291880209809993729
1291880165014794240
1291880140264419329
1291880048178364418
1291879927449518080
1291879921971859456
1291879893064613890
1291879807421231104
1291879739334983680
1291879490923171840
1291879459088367616
1291879427949854726
1291879386904440832
1291879297473490945
1291879295674191872
1291879240275615745
1291879204703936513
1291879166124658690
1291879160793772032
1291879049678196739
1291878940097810437
1291878795209834499
1291878676779409408
1291878654553853952
1291878561322881024
1291878540695175168
1291878509619503104
1291878458348335104
1291878404338470914
1291878239535677440
1291878212356669441
1291878149878415363
1291878114503532544
1291877897867685888
1291877820554186753
1291877804238348344
1291877716468228096
1291877684033859584
1291877657018273793
1291877644254900224
1291877591159201792
1291877348434821120
1291877327304044544
1291877290717192192
1291877284790571008
1291877058545463296
1291877028829028353
1291876979747074048
1291876731243069440
1291876677799182337
1291876671969263617
1291876531808227329
1291876478804619264
1291876403227500545
1291876401273098242
1291876307475877891
1291876302023139332
1291876278031855616
1291876149249933318
1291876035559006208
1291876013824069632
1291875940218347526
1291875889018544128
1291875860899868672
1291875767400439809
1291875757912928258
1291875711599423488
1291875711217795072
1291875663352344576
1291875632574414850
1291875625180049408
1291875443512086529
1291875437606580229
1291875407239634945
1291875392144506880
1291875391951589381
1291875324888854528
1291875278931730432
1291875265224859648
1291875261969920000
1291875248774799360
1291875233926848514
1291875106713751554
1291875101928050690
1291875068809818113
1291875061939527680
1291874883023122437
1291874804551778305
1291874755608420352
1291874751711866880
1291874740546572289
1291874656161615872
1291874607608344576
1291874556324524034
1291874532517539840
1291874452246913025
1291874442373545984
1291874429170069504
1291874414229884933
1291874397666643969
1291874395909218306
1291874260600881152
1291874204242128898
1291874147786792960
1291874088525484032
1291874036247650304
1291873986121551873
1291873744512745472
1291873673008369664
1291873489650147328
1291873480653275136
1291873396620316672
1291873373107245058
1291873340580339713
1291873338978193414
1291873315385212929
1291873288591773696
1291873184711454721
1291873160506281984
1291873089966366720
1291873024401125376
1291872962359037960
1291872954654097410
1291872690085736450
1291872680145297411
1291872665775505408
1291872614458232833
1291872464818012160
1291872324426358784
1291872252481245184
1291872248475922432
1291872162387640320
1291872159980072960
1291872139855958016
1291872085376143365
1291872054388629504
1291871928798633996
1291871909358051328
1291871875019051008
1291871813581123586
1291871681527586816
1291871672694263808
1291871529664483328
1291871475952230400
1291871427071741958
1291871407266246656
1291871401239031809
1291871376878514176
1291871253301809157
1291871166848733184
1291871109839753217
1291871107767730176
1291871080068665344
1291870951924207616
1291870863306960897
1291870798022549506
1291870635078098944
1291870623765917697
1291870435940937733
1291870425719414785
1291870376025178113
1291870373424902144
1291870162191187969
1291870063579013120
1291870035380776960
1291869985032339462
1291869978266931201
1291869929944342528
1291869916514136064
1291869905000845322
1291869884268371968
1291869853909839872
1291869844338614276
1291869627132383235
1291869517233225728
1291869356452974592
1291869349230370816
1291869339197595655
1291869323640942593
1291869295719350272
1291869246012698624
1291869224034611200
1291869111702761472
1291869063015288833
1291869059718565889
1291868942936559616
1291868912754274305
1291868840515772420
1291868821016453121
1291868802410520582
1291868749931323392
1291868749591654400
1291868739894251520
1291868672265465856
1291868619790524416
1291868496276725761
1291868374507458560
1291868328856891393
1291868268920295424
1291868161038364672
1291868142516310017
1291868138301251584
1291868137705607168
1291868103694069762
1291868026187534342
1291867845291175936
1291867833136066560
1291867831550783489
1291867794154434560
1291867777909784581
1291867686801149955
1291867597101608960
1291867500884291585
1291867457330778117
1291867441237233664
1291867438192250882
1291867360681512960
1291867322928439296
1291867280717033472
1291867183270768642
1291867181844762624
1291867171795144704
1291867147732488192
1291867112634343424
1291867107974696962
1291867081726730241
1291867052982988800
1291867025703350274
1291866682596655104
1291866611725541382
1291866574304038912
1291866520017088517
1291866469173792772
1291866275749273600
1291866246825365504
1291866136225746944
1291866123562934273
1291866121851801601
1291866040503336961
1291865970521387008
1291865904611909632
1291865674269306880
1291865592937558016
1291865570422345731
1291865527212806146
1291865386858708992
1291865372275044352
1291865264770781184
1291865250833354754
1291865187167993859
1291865078589947905
1291865072151789573
1291865048915292163
1291864832661024769
1291864759659307017
1291864718869704705
1291864651571945472
1291864498735808514
1291864349439451138
1291864318611529728
1291864235174236160
1291864229650325505
1291864194653065217
1291864005179518978
1291863992860848128
1291863791580454919
1291863657186557953
1291863579960971265
1291863516346032128
1291863256596807680
1291863179400753153
1291863159171670018
1291863141329121289
1291863128507129856
1291863092486451201
1291862817453355012
1291862578180894720
1291862453584900096
1291862179961085952
1291862120955404288
1291862062948204549
1291861966886244352
1291861962775597056
1291861959319535616
1291861919255728128
1291861913760985093
1291861842055163904
1291861814699991040
1291861749642272770
1291861640795885569
1291861616020066304
1291861580477607938
1291861324016898050
1291861179112001537
1291861115899711496
1291861015194476547
1291860996072419328
1291860982810193922
1291860963638075398
1291860872474890246
1291860797711409152
1291860755579416576
1291860743328014336
1291860725552406529
1291860704832696323
1291860511550844932
1291860492080816131
1291860487584600066
1291860414867869697
1291860359066730496
1291860265106124801
1291860186735341568
1291860123707674624
1291860094850871298
1291859990660055040
1291859862788476928
1291859844404613120
1291859818492366848
1291859727136116737
1291859685977419776
1291859528020037634
1291859483048779776
1291859422004883456
1291859386667864064
1291859302987292672
1291859198402207746
1291859193075507203
1291859083050573833
1291859068869578754
1291859042726555649
1291859020160983040
1291858879635169282
1291858798370463744
1291858709707214848
1291858655730642945
1291858597933187073
1291858535001858049
1291858534766915586
1291858280239816706
1291858227378831360
1291858224195481600
1291858206797336577
1291858205274857473
1291858194558586880
1291858165504651264
1291858158571466764
1291858103458308096
1291858087222087681
1291858086240509952
1291858008499249152
1291857951888637954
1291857938630553601
1291857884964257795
1291857865699778560
1291857837325529090
1291857804752490497
1291857779691528200
1291857450669182977
1291857368641425408
1291857344884695040
1291857326052442113
1291857322638225408
1291857269026684930
1291857166614302726
1291857097525780480
1291857062436261891
1291857052848066561
1291857004244414466
1291856952062967808
1291856774509756416
1291856704494276608
1291856646826795018
1291856552777920512
1291856331394039808
1291856246526685190
1291856189366718465
1291856129786548224
1291856107804094464
1291856103190355970
1291855976220549122
1291855962450677762
1291855894582566915
1291855863540523008
1291855825665916929
1291855817701036032
1291855712524677125
1291855663350657024
1291855660053925888
1291855643113140224
1291855613295759360
1291855579351261184
1291855577002307584
1291855527664746496
1291855506336702464
1291855406432755717
1291855397372878848
1291855351046901761
1291855298429427714
1291855241709629440
1291855236009734144
1291855181320159234
1291855149393235969
1291855137510572032
1291854933130526720
1291854931662536704
1291854913534857216
1291854911886381056
1291854782903156738
1291854641773281283
1291854633535713280
1291854432897048578
1291854419412361223
1291854308632342529
1291854226772172800
1291854156894961665
1291854048430141441
1291854034475900931
1291853996978655232
1291853965550911493
1291853939768348672
1291853862970826753
1291853737237991424
1291853630396661760
1291853528726740994
1291853442382811137
1291853366814023682
1291853365505269760
1291853296483930119
1291853294390870018
1291853195229224961
1291853139684085761
1291853054896033792
1291853035367350272
1291852982485749762
1291852779372384263
1291852734635835395
1291852714482315265
1291852673755443204
1291852478783410176
1291852440321454084
1291852271656087554
1291852227720642561
1291852193184788489
1291852098309517312
1291852029472706560
1291851992277671939
1291851966151192576
1291851931422461952
1291851928431886337
1291851879882907648
1291851833531482112
1291851780154785792
1291851725477797889
1291851658704502784
1291851653197553664
1291851644779536386
1291851456279191552
1291851388805238786
1291851300360134657
1291851183775264775
1291851137839030272
1291851051407155202
1291851051373666306
1291850990040342528
1291850938064367616
1291850923703238657
1291850867080134656
1291850837023588352
1291850820632432641
1291850782099243010
1291850754035073025
1291850753347207174
1291850739577479172
1291850738587533312
1291850724746428417
1291850691644928006
1291850456222834689
1291850447603535874
1291850424685858816
1291850364682227713
1291850307002150914
1291850106086600709
1291850039988428800
1291850017750253569
1291849954189889536
1291849953007017984
1291849892831387648
1291849797427593216
1291849792662855682
1291849623137640448
1291849613058682881
1291849557349814273
1291849450390986756
1291849439657824257
1291849424092758017
1291849259994808322
1291849251870453760
1291849245490909184
1291849229669982209
1291849221856010247
1291849179996848130
1291849105556160512
1291848983451770880
1291848948836114435
1291848915797643270
1291848914786607104
1291848617536487424
1291848464998039552
1291848450733223937
1291848420160806912
1291848371066621952
1291848305199194112
1291848255589036035
1291848247741419525
1291848122302369793
1291847972381057025
1291847882551812098
1291847867754315784
1291847854210850817
1291847834262790144
1291847790100971521
1291847672677257221
1291847663109865473
1291847543433900033
1291847467747614720
1291847181033406471
1291847168563777538
1291847153543983105
1291846892972777473
1291846845937750016
1291846835804438529
1291846681126998016
1291846673707216897
1291846648528863238
1291846630174601218
1291846533361602561
1291846470048665600
1291846466101682177
1291846465254350848
1291846374955331586
1291846374909079553
1291846362196111360
1291846241135939586
1291846213319499784
1291846181010759686
1291846138061115393
1291846114891780098
1291846039054450688
1291845954258128898
1291845817486188544
1291845808447528960
1291845808267173888
1291845742106050561
1291845715967332358
1291845629669449731
1291845601982681088
1291845579639853061
1291845495296413696
1291845445405245440
1291845423284604930
1291845395002335233
1291845210868264968
1291845210528456706
1291845177833689088
1291845173467480064
1291845169176817670
1291845067364327431
1291845065430769666
1291845024871788544
1291844985629925376
1291844975022440449
1291844943556644864
1291844849713532928
1291844847343562754
1291844834576093184
1291844684696805377
1291844612047491079
1291844608603848704
1291844556154175490
1291844498599944193
1291844488403382272
1291844414281854978
1291844347030249472
1291844346359304192
1291844305074769923
1291844300586864640
1291844294320328704
1291844285583720452
1291844261713977344
1291844254319468544
1291844132806303749
1291844124946178048
1291843967919837184
1291843900064313345
1291843886348992515
1291843728303443968
1291843600419102722
1291843595532673024
1291843591615262722
1291843487785254916
1291843474744987649
1291843447242989568
1291843411302060035
1291843270062911488
1291843263771574272
1291843226521841665
1291843177700237312
1291843122696278019
1291843076005212162
1291843070502281216
1291843060574298112
1291842952059265026
1291842924058152960
1291842856059977729
1291842649146765312
1291842534675755008
1291842507379073024
1291842499615567872
1291842411434450944
1291842375522762752
1291842355620753408
1291842183117643783
1291842168550830082
1291842139559800839
1291842080973545472
1291842075193942023
1291842048539017216
1291841991165321216
1291841905769226247
1291841814010331136
1291841780367925256
1291841760679862273
1291841754639949824
1291841751590871042
1291841722998235141
1291841714815041536
1291841706116165637
1291841697077432322
1291841624964702208
1291841569956540422
1291841547647037440
1291841545008816128
