1296190202495393792
1296552585743216641
1296552551182151681
1296552465895174144
1296552400640147457
1296552294180216832
1296552188580204544
1296552088181366785
1296552018291634177
1296551838288928770
1296551790318628865
1296551671317688320
1296551665567490050
1296551578376081408
1296551533874745346
1296551427037450240
1296551144840294400
1296551093665697799
1296551027240558592
1296550983313625091
1296550930926710786
1296550916502556675
1296550887352131589
1296550845819969537
1296550739268034565
1296550732431273991
1296550724562714624
1296550630593409024
1296550596808454144
1296550481133625344
1296550470627057664
1296550448967462914
1296550447981842432
1296550438737555456
1296550404675776513
1296550395603570689
1296550344885850112
1296550341685596161
1296550340037431297
1296550318772064262
1296550301722263552
1296550281300176896
1296550255412928512
1296550253437390849
1296550218171691008
1296550200094461953
1296550195233263619
1296550174228086785
1296550106628530178
1296550018577584133
1296549991066943490
1296549985245376513
1296549845054914567
1296549844232933376
1296549812972728327
1296549783746863104
1296549751798849536
1296549674862747648
1296549553320144901
1296549525532934145
1296549345303699456
1296549339158810624
1296549298524618753
1296548916612210689
1296548788329488386
1296548699640868865
1296548665566334977
1296548653071572995
1296548632381067269
1296548623015186443
1296548621891055617
1296548443716874240
1296548395558080516
1296548387333050390
1296548265371078684
1296548155413205005
1296548106402660352
1296548079093649426
1296548023749808137
1296547900114309126
1296547886356996096
1296547843197435904
1296547790642974731
1296547750830411782
1296547690550104065
1296547642705678353
1296547630470791174
1296547580705464321
1296547550317740032
1296547226953682956
1296547193432809478
1296547163506446349
1296547142308253697
1296547021231460369
1296546923328016384
1296546843321495557
1296546836266848261
1296546822203351040
1296546791253581824
1296546761482407955
1296546694063099905
1296546680741888000
1296546643882520577
1296546512630153217
1296546487850205186
1296546418337787904
1296546388638142479
1296546373777494016
1296546223785213953
1296546162569367552
1296546156051230720
1296546150133243916
1296546014543790080
1296545920256016384
1296545919899504640
1296545901104828433
1296545802744139776
1296545776949067776
1296545733940674561
1296545725258530816
1296545659567439872
1296545599341428738
1296545500313911296
1296545490893303808
1296545474477010944
1296545414666231808
1296545378842550273
1296545312773943297
1296545118967791620
1296545037925453846
1296544920111648770
1296544894031466496
1296544883193282561
1296544776561610752
1296544681128493056
1296544639428833280
1296544607690534913
1296544546168475652
1296544543693836306
1296544493420916739
1296544488446464001
1296544453243670549
1296544286897569792
1296544236012281862
1296544186842243072
1296544170698399744
1296544089962418182
1296544079971528706
1296543988573446145
1296543922479665165
1296543864954580997
1296543774420557824
1296543582560681987
1296543552693047307
1296543384274743297
1296543266905763840
1296543170394648576
1296543102224797696
1296543098621661185
1296543070872375303
1296543063809163265
1296542992480624640
1296542985476345875
1296542900810129409
1296542877758230540
1296542837752946690
1296542646786232321
1296542596727283713
1296542531845591066
1296542476237508612
1296542443106701315
1296542374525571072
1296542172590858241
1296542066554605573
1296542058954534912
1296542000523677697
1296541906269138944
1296541883922100225
1296541865668378624
1296541781874495489
1296541727168385026
1296541662659743744
1296541658746626048
1296541430043811840
1296541419537137664
1296541403556782080
1296541344916099072
1296541262674264064
1296541231015763969
1296541218948747268
1296541210010505216
1296541104448442373
1296541056331395072
1296541013926789120
1296541004720472066
1296540980557090817
1296540926915956736
1296540851947089920
1296540796422967299
1296540782141345806
1296540766530146307
1296540701849780224
1296540692156645377
1296540429278740480
1296540348337053696
1296540169483554819
1296540038168076288
1296540029666246656
1296540006711005187
1296539996841811968
1296539961785815053
1296539923307274244
1296539841941966855
1296539823159873546
1296539667198664704
1296539663566610434
1296539656008466433
1296539635632480256
1296539488680910849
1296539465041809418
1296539441033510913
1296539344241483776
1296539243842605062
1296539097536827394
1296538998429618179
1296538966183874561
1296538893131579398
1296538789029044224
1296538702865469442
1296538689653350401
1296538670179274753
1296538658871414788
1296538516776718338
1296538498405748738
1296538444949147648
1296538435054960641
1296538403194966017
1296538336883093505
1296538247947067398
1296538186227658752
1296538125326417920
1296538091461599233
1296538049044676609
1296537885902962688
1296537878055587845
1296537838624727040
1296537820539097090
1296537737793699842
1296537704348487680
1296537700397350912
1296537687772614656
1296537525868269568
1296537487414886411
1296537432595107840
1296537395672817666
1296537367155806208
1296537358330998784
1296537342333857798
1296537043279978500
1296536946387419141
1296536869640065026
1296536802497626127
1296536740585512960
1296536436863381508
1296536431045771265
1296536430689128448
1296536381771124738
1296536311747076096
1296536292029796352
1296536290754736128
1296536048265240579
1296536041172750336
1296536027478347777
1296535950865170435
1296535898377469952
1296535814780915712
1296535740835196928
1296535703271038976
1296535570454380545
1296535430087815169
1296535260352720901
1296535240660353026
1296535232154238976
1296535164928110592
1296535148419321862
1296535127384821760
1296535105062805506
1296535020627255296
1296534910220374016
1296534903643725824
1296534831648641026
1296534821053792256
1296534782289952768
1296534779874205696
1296534776828973056
1296534746747613186
1296534712199127040
1296534685447868419
1296534554946211845
1296534402374053888
1296534348171100160
1296534308610482180
1296534136719540224
1296534110236741634
1296534102917681152
1296534069753384960
1296533992544407552
1296533847614656520
1296533822486413313
1296533782292508672
1296533781717954560
1296533779226472449
1296533777573912580
1296533662914293760
1296533636334915584
1296533608346185728
1296533599806722049
1296533591040520193
1296533572917002241
1296533466268524544
1296533457821028352
1296533360567877633
1296533353894744064
1296533292020203523
1296533257081638914
1296533219408580608
1296533171056582656
1296533116555857920
1296533105080242176
1296532863211450369
1296532842252566530
1296532733838016514
1296532615273603072
1296532513825992706
1296532486541975555
1296532471593472001
1296532464031215617
1296532312474165248
1296532300134518790
1296532298150621184
1296532297689309188
1296532263459405825
1296532218651856899
1296532173101699072
1296532129774354433
1296532037575245828
1296532020814807046
1296531881924726786
1296531796163624960
1296531753729961986
1296531639229710337
1296531628034887680
1296531577682268160
1296531507146657792
1296531490302459904
1296531475966431232
1296531328792268801
1296531266200834049
1296531258491777024
1296531215831511041
1296531208793403393
1296531101108834306
1296531015079469058
1296530986881220610
1296530903838203906
1296530834007228416
1296530830261616641
1296530827224977410
1296530781226106883
1296530705388900352
1296530675403821056
1296530660312715271
1296530544034029568
1296530462920384514
1296530428682219520
1296530335513972738
1296530238285836288
1296530175254028288
1296530128101662722
1296529868381986816
1296529834928222208
1296529777847926787
1296529773800366081
1296529773691379713
1296529744301826053
1296529734298243072
1296529719706492928
1296529688509259776
1296529588806455299
1296529582401769473
1296529542618718213
1296529451128360961
1296529449563938816
1296529334417620992
1296529031194644480
1296528809769029632
1296528730173710337
1296528590004076544
1296528560866369538
1296528513110024192
1296528501844185088
1296528251033194502
1296528230879461376
1296528190270300160
1296528185862107143
1296528143864471553
1296528085647581188
1296527980060123137
1296527923722227713
1296527901366661123
1296527872262320128
1296527809196822529
1296527763818651648
1296527722127269888
1296527658960818176
1296527549103779842
1296527531374456833
1296527493789151232
1296527423325052934
1296527409584451589
1296527360330805249
1296527309646843904
1296527279980412928
1296527258065272832
1296527191304310785
1296527105539244032
1296526971048886272
1296526702441402368
1296526681755267074
1296526681566523392
1296526618782052352
1296526526301650944
1296526508048121859
1296526502591213568
1296526433054007303
1296526314929704960
1296526021290676224
1296526013036462084
1296526011941695490
1296525970917044224
1296525946883903488
1296525872015515648
1296525841887895553
1296525769485606912
1296525740125696006
1296525673255833600
1296525507475853314
1296525459627347973
1296525428975427584
1296525424663638017
1296525404744843265
1296525362621538308
1296525357470941188
1296525354828550144
1296525349761642497
1296525273865756673
1296525234472984576
1296525213103017986
1296525193461084160
1296525169846935552
1296524981602586626
1296524950669410304
1296524933712023552
1296524922966220802
1296524880620457986
1296524846281744384
1296524711090954240
1296524691394441217
1296524649254322180
1296524643176599552
1296524571152191489
1296524466546044928
1296524452805525504
1296524450947571715
1296524439144869888
1296524334660489216
1296524317338079232
1296524298224635905
1296524178372395009
1296524137653915648
1296523939976564738
1296523922553352193
1296523908351324164
1296523880027348993
1296523868140720135
1296523849350221825
1296523831276965889
1296523809927901184
1296523760313475073
1296523658563932160
1296523617795096576
1296523460789796874
1296523400446455808
1296523399045365760
1296523378925301760
1296523370368864256
1296523308343730176
1296523307760734214
1296523294615785479
1296523260348137472
1296523255092662272
1296523186499182592
1296523056299401217
1296522986908876801
1296522981519380481
1296522973206253571
1296522909406703619
1296522850413600768
1296522833980530689
1296522771669946374
1296522653361221633
1296522468207792130
1296522445885759490
1296522393163366400
1296522331548835842
1296522289303834625
1296522205816401921
1296522200586096642
1296522089537642498
1296522065286033408
1296521984969519105
1296521971463680000
1296521787174461440
1296521776487436288
1296521735899090944
1296521732711264257
1296521642752069634
1296521623584092166
1296521618492186625
1296521616944439296
1296521613106507776
1296521612079108098
1296521548992585728
1296521452582248448
1296521451143598083
1296521438279606272
1296521325633253377
1296521259812114432
1296521246209957896
1296521240459399168
1296521200840015872
1296521168325877762
1296521109689364480
1296521081868685314
1296520964377804800
1296520893401767936
1296520888737763328
1296520728221831168
1296520690670034946
1296520523157917697
1296520475200245760
1296520418770198529
1296520413086875648
1296520346624032769
1296520319780478978
1296520198497869824
1296520174774956034
1296520135025491973
1296520120169197568
1296520111730372614
1296520073499365382
1296519949507272708
1296519934948892679
1296519934114238470
1296519881102426112
1296519768825004032
1296519760977563649
1296519756103782402
1296519611932966915
1296519556551323648
1296519517565329408
1296519495494840322
1296519414062317568
1296519362673876992
1296519341702131713
1296519334190252032
1296519104074063872
1296519013351198726
1296518993776386053
1296518983609389060
1296518953263681536
1296518911576293376
1296518896808103940
1296518814746783744
1296518785415995394
1296518700376313856
1296518642679652352
1296518617148698625
1296518585863622656
1296518517991313408
1296518472197967874
1296518383479947269
1296518291884609538
1296518284448276482
1296518249237172225
1296518248221913089
1296518212067250180
1296518175652302848
1296518170891530240
1296518147600769026
1296518037831585796
1296517852338327552
1296517773527601153
1296517760957251585
1296517682754281472
1296517673317089281
1296517669038874624
1296517544677761024
1296517527120556034
1296517446761721856
1296517440202059776
1296517427111624705
1296517315836534784
1296517191458791424
1296517191139909633
1296517104045305856
1296517034327658503
1296516982964203520
1296516964160925696
1296516925913272321
1296516886683942912
1296516853393690625
1296516840605323271
1296516837505736710
1296516674557026305
1296516658132025344
1296516641103192069
1296516615660548098
1296516593292324864
1296516585545437184
1296516534899269637
1296516474408968194
1296516459380854786
1296516449347960833
1296516367617679363
1296516324869447681
1296516305613463554
1296516247295754242
1296516237237923840
1296516131801296898
1296516064952623104
1296516054189916161
1296516028143407106
1296515923495530496
1296515881674125312
1296515843501830144
1296515822815514624
1296515819153825796
1296515813252374528
1296515766800572416
1296515688773726208
1296515664203534337
1296515552601681920
1296515548843585539
1296515426051133442
1296515303724244992
1296515303707488256
1296515025788706823
1296514971950559232
1296514950018539530
1296514934667444229
1296514894603280384
1296514758670200832
1296514705591349252
1296514666609303552
1296514639031828483
1296514583322976256
1296514582735990784
1296514456457969666
1296514383003226112
1296514380692180992
1296514373909979139
1296514355152986112
1296514265239752705
1296514259803877376
1296514228346662912
1296514181773037576
1296514154782580737
1296514118590107653
1296514066559770625
1296513993813700614
1296513979188154369
1296513921319407618
1296513905821351936
1296513866231418887
1296513790482288642
1296513781988761605
1296513728607850497
1296513716448628737
1296513578925584390
1296513494968340480
1296513430761791488
1296513349124063233
1296513214692225025
1296513211760545792
1296513179833389056
1296513164062920704
1296513140784496640
1296513121528446976
1296513102738075653
1296513000115965953
1296512878070190081
1296512848248668160
1296512725112238080
1296512692581052416
1296512665821392896
1296512602055507973
1296512576101199872
1296512452545273856
1296512414578626560
1296512385973395458
1296512382307577857
1296512338611314688
1296512329480273923
1296512214426218496
1296512106112704513
1296512100668448771
1296511985312563200
1296511845684203520
1296511737064230916
1296511648685940736
1296511576728580097
1296511477470248960
1296511475700453377
1296511461615788032
1296511451620835328
1296511443714691073
1296511415608422401
1296511398856593411
1296511269445480449
1296511161093906432
1296511147118456833
1296511115178975232
1296511112490426368
1296511078067773443
1296511032551243777
1296511009457410048
1296510983494676480
1296510954985922560
1296510937856442373
1296510935712948224
1296510929396543494
1296510823746109442
1296510703818375168
1296510659908325377
1296510622428024833
1296510540106412033
1296510535572258818
1296510526974038016
1296510341627678721
1296510277693968385
1296510270307786753
1296510172467212289
1296510118473867265
1296510026996166656
1296509958310072321
1296509947077959682
1296509935845625859
1296509913783508993
1296509637697712128
1296509413579272198
1296509400287502337
1296509396730761217
1296509387423588357
1296509329718247428
1296509306771308544
1296509297946497024
1296509282163331074
1296509205646659586
1296509128135921669
1296508934447128579
1296508887357706240
1296508868948787200
1296508725520408576
1296508665168629761
1296508641604825088
1296508579982323712
1296508568687071232
1296508566057226240
1296508527779942400
1296508473564332032
1296508423350235143
1296508333722140677
1296508271151505409
1296508234073808898
1296508199223406592
1296508076544200707
1296508062010925057
1296508044096937984
1296507977357197318
1296507825150205952
1296507789087346688
1296507680039800833
1296507658984398849
1296507625539014659
1296507555187953668
1296507464683331584
1296507404394299398
1296507279655735297
1296507240669745153
1296507224655835136
1296507187628474370
1296507119370469376
1296507109039910912
1296507072159330314
1296507049447026688
1296507022536577024
1296506983068164097
1296506847554281472
1296506738129207296
1296506674610569222
1296506645460267008
1296506632365629440
1296506629454790657
1296506594109210624
1296506478711328770
1296506146568769536
1296505914489438209
1296505882121875456
1296505778849886208
1296505739717091329
1296505736755806213
1296505734683865088
1296505639213162497
1296505614097580032
1296505591918206983
1296505545386532877
1296505427346313216
1296505396081963009
1296505355409797121
1296505350577946625
1296505331196010498
1296505265831858176
1296505231459536897
1296505229010022403
1296505216469172231
1296505048164257792
1296505018040717312
1296504937413636096
1296504904714878976
1296504711374417920
1296504668848361472
1296504662703710208
1296504647574839300
1296504567392342017
1296504479148376065
1296504450845233153
1296504415226966016
1296504304245899265
1296504290677157889
1296504257949163520
1296504226559021057
1296504129267699713
1296504081758982145
1296504054269521920
1296503961156026373
1296503922966831112
1296503775356694532
1296503740556382208
1296503736349663232
1296503712584695809
1296503657756798977
1296503595454668800
1296503581084913671
1296503534670827522
1296503528819691520
1296503508145975301
1296503498314526720
1296503353367724034
1296503321000210432
1296503160098492417
1296503116859428866
1296503106973425664
1296503061142220800
1296502856204324865
1296502831332065288
1296502828362588161
1296502817318940673
1296502811526602757
1296502772226023424
1296502705695993856
1296502675920556040
1296502630848565249
1296502628541706240
1296502625534455810
1296502562368225280
1296502536204103680
1296502480382185472
1296502431136849920
1296502414829395969
1296502381878837250
1296502251519987714
1296502243827617800
1296502235044642816
1296502129927094273
1296502003842142214
1296501878180773888
1296501877169885184
1296501865576910849
1296501805736759301
1296501803056603136
1296501791761342466
1296501762484867073
1296501735595429888
1296501685783846912
1296501683900559361
1296501605391650820
1296501579000844288
1296501564153176064
1296501549246578690
1296501532633059328
1296501470305681409
1296501465175986178
1296501435518066695
1296501434381488129
1296501381650579456
1296501372653903875
1296501320346632192
1296501266097606658
1296501053702234113
1296501045330243585
1296500963780505606
1296500930272256004
1296500924643385344
1296500916573614082
1296500912060538882
1296500909208371201
1296500874555076611
1296500866971848706
1296500797174407168
1296500752966393856
1296500595843448832
1296500571726401537
1296500543771291649
1296500541955158019
1296500323461156864
1296500307497803779
1296500293304279048
1296500285179756544
1296500199100223490
1296500175838552066
1296500121648001025
1296500103843381249
1296499993059131396
1296499980316872704
1296499867779571713
1296499814293803011
1296499793414574082
1296499791652950020
1296499750653628417
1296499740083761152
1296499717233192960
1296499661163900934
1296499657200345091
1296499652318171137
1296499571884011528
1296499567672930305
1296499548706213890
1296499532394573827
1296499500735959041
1296499470067290112
1296499466086703104
1296499323698585603
1296499294854414337
1296499197152243714
1296499166705790977
1296499095016742913
1296499088335220736
1296499074259202048
1296499022019141632
1296499021549363202
1296498999747321858
1296498976737439745
1296498975265026048
1296498957959540740
1296498955363254273
1296498944525185024
1296498930033754122
1296498908391145472
1296498880549462024
1296498860970442753
1296498852875337728
1296498770910339077
1296498753336160259
1296498730649231370
1296498659371220998
1296498641247633413
1296498583437545480
1296498480899293185
1296498479414620162
1296498474415001600
1296498411705905157
1296498378826829832
1296498184173355019
1296498178510983169
1296498119618764801
1296498111100211200
1296498070696468489
1296498069010358277
1296498064446967810
1296497953859756032
1296497893516414976
1296497891222134799
1296497817763151872
1296497793553649665
1296497600829497346
1296497452804186113
1296497418691842051
1296497348609298440
1296497326706642944
1296497201795956737
1296497174965096450
1296497100268752896
1296497089711661061
1296497034044694529
1296497014176440320
1296496989216137218
1296496958404800517
1296496951484129281
1296496931724832768
1296496871314042880
1296496817761398784
1296496801281908736
1296496509245153283
1296496504618721281
1296496418434306049
1296496372011720704
1296496350713057280
1296496304114282496
1296496303606845442
1296496295331483650
1296496278898171905
1296496261231714304
1296496221817843713
1296496207028723712
1296496203740389376
1296496191249813504
1296496189739802624
1296496176586461186
1296496158982975494
1296496143304720384
1296496131917127682
1296496124468043776
1296496120454144000
1296496104650018818
1296496071431065600
1296496046684753920
1296496031677521920
1296495967735341062
1296495964086132737
1296495902186668038
1296495851808927744
1296495837892104192
1296495787640332290
1296495786746949633
1296495769722200071
1296495729658265611
1296495719864467456
1296495699224395777
1296495661257498625
1296495577920868352
1296495341844475905
1296495263545282562
1296495237225906177
1296495228959031299
1296495224123002880
1296495163079000067
1296495098994339842
1296495076730757120
1296494975799173123
1296494959265296387
1296494927162081281
1296494905393655808
1296494858056728576
1296494842114199552
1296494825626374151
1296494797952344071
1296494718923284480
1296494679735914499
1296494569828298756
1296494534105477125
1296494473069953024
1296494379872522243
1296494364290617344
1296494359442071552
1296494311958360064
1296494296556867584
1296494249664483328
1296494170627018763
1296494160116162570
1296494111902621699
1296494085373603840
1296494084668956675
1296494022446452736
1296493894411182084
1296493831093985280
1296493767999062016
1296493731395309569
1296493644354998272
1296493640978751490
1296493632254611460
1296493462620119043
1296493447424233472
1296493444005797888
1296493398514335745
1296493281686310916
1296493120104923138
1296493053155344385
1296493021123555328
1296493014802731009
1296492934695661568
1296492928462999554
1296492827694727169
1296492792584208388
1296492774674636800
1296492697801416707
1296492689815412736
1296492633326583817
1296492550921031681
1296492442351554560
1296492394356117505
1296492387938836482
1296492374340907010
1296492343877672962
1296492331940667392
1296492220367933440
1296492165477146626
1296492119264239619
1296492056072851456
1296491901445644290
1296491891748409345
1296491863143256064
1296491793069072388
1296491742095650816
1296491717957488640
1296491661518950401
1296491540207075329
1296491517209608192
1296491513510268935
1296491475375738886
1296491414516305922
1296491368420904960
1296491344240812033
1296491331372625921
1296491280629989377
1296491275034800135
1296491158982582272
1296491122676641792
1296491120613109761
1296491105765273601
1296491038262075392
1296491031614099457
1296490973804072962
1296490963318255619
1296490949842014212
1296490918967685120
1296490912273641473
1296490770640314368
1296490656911761415
1296490646711173121
1296490568806211594
1296490532986912768
1296490522572464128
1296490489869410306
1296490430213885957
1296490390745493505
1296490383753576448
1296490297749274626
1296490275674689537
1296490141461237760
1296490137690439681
1296490132648886272
1296490121957707776
1296489982606155786
1296489880898469891
1296489867220783105
1296489821788164096
1296489808647380993
1296489807040909312
1296489671711772672
1296489645237305352
1296489595065044992
1296489584046624768
1296489561409966083
1296489533211578369
1296489524571320320
1296489403414708225
1296489282241204225
1296489246908448769
1296489235097292803
1296489231817334784
1296489194517409792
1296489178562273280
1296489083678720001
1296488964396929025
1296488934306910208
1296488911540289540
1296488888979075074
1296488882071113729
1296488878791065602
1296488870218006530
1296488705394380803
1296488678743826435
1296488658757877762
1296488583621222402
1296488549039190017
1296488496836861952
1296488430126469123
1296488261804843008
1296488202153402368
1296488179323863041
1296488136625856512
1296488115062878210
1296488085333704704
1296488076223688706
1296488072029319168
1296487947844362241
1296487866932109313
1296487858509959173
1296487833423798274
1296487821331628037
1296487777652154369
1296487771931107331
1296487760589729799
1296487753019006977
1296487690641330176
1296487659452284929
1296487658861060097
1296487642880671746
1296487425917759490
1296487380187316227
1296487375611334656
1296487299887386626
1296487299866415109
1296487286033580033
1296487279532417032
1296487247139737600
1296487217674756097
1296487215606923264
1296487191183532032
1296487136556916736
1296487130638819339
1296487119410561031
1296487112137744389
1296486943610503169
1296486861616164865
1296486823812882433
1296486757098303489
1296486723615182854
1296486716283465730
1296486697161633803
1296486638441435144
1296486615058206720
1296486596791934977
1296486589296783363
1296486554706350083
1296486546472927237
1296486394613895171
1296486244910870528
1296486216528015361
1296486215533944834
1296486145359073286
1296486076631126016
1296486020817522690
1296485928568061956
1296485828538048512
1296485800952107009
1296485731653816322
1296485724087345155
1296485707192717315
1296485683964633088
1296485633310035969
1296485497196417031
1296485432994209795
1296485367672115201
1296485289112809474
1296485267570909186
1296485264068694022
1296485193658793984
1296485192446738434
1296485167780044801
1296484974082891783
1296484913823309824
1296484913613602820
1296484910480404481
1296484896505049088
1296484823826075656
1296484781333663744
1296484744839008256
1296484733669580803
1296484647250137088
1296484529025224705
1296484473547173888
1296484467075416064
1296484444879097856
1296484390684569601
1296484377258582017
1296484352856068098
1296484283100667905
1296484234304065537
1296484176795926533
1296484053479194626
1296483981534334976
1296483905936281603
1296483887871414276
1296483877335302145
1296483843822751744
1296483820078800896
1296483790156701696
1296483786973208576
1296483700394385411
1296483700369129472
1296483635206463489
1296483606035144706
1296483603010981888
1296483600557395969
1296483421334777856
1296483405245415425
1296483341127032832
1296483240044371969
1296483237527728129
1296483235661254663
1296483040877785088
1296483029813166081
1296483008158072832
1296482949509132289
1296482934220783617
1296482921772208128
1296482899840110593
1296482879296483334
1296482859901947908
1296482781174943744
1296482747410788353
1296482725067710466
1296482586454306817
1296482263035772928
1296482260364005377
1296482204416188416
1296482197994647555
1296482181930418176
1296482138003582976
1296482093200015360
1296482010702151680
1296482009515270146
1296481877474324482
1296481680098758657
1296481652865212416
1296481603150061569
1296481601300332544
1296481569729904645
1296481567573979136
1296481547609088008
1296481530328514566
1296481458786308103
1296481354352295936
1296481339198394370
1296481330994253824
1296481207212007425
1296481176136429569
1296481113062486018
1296480963174768640
1296480912616624128
1296480909978370050
1296480877564887045
1296480827115798528
1296480809457790976
1296480755825160195
1296480750674608128
1296480742684463104
1296480730793627650
1296480730126716929
1296480624723791872
1296480558290272263
1296480555891068929
1296480496491343872
1296480398801801216
1296480396293677057
1296480171730644992
1296480124360163328
1296480011113857030
1296479845606739970
1296479819287453696
1296479789247799298
1296479745677328384
1296479718351527937
1296479685187166210
1296479677398253569
1296479483629903873
1296479414717423619
1296479221825634308
1296479219019546625
1296479113583235075
1296479043890667520
1296479040644304903
1296479020587126786
1296479015834980353
1296479007735767042
1296478926903148545
1296478894556684288
1296478833059811330
1296478804521766919
1296478764017344513
1296478680328417281
1296478676914184194
1296478632790155265
1296478578788511747
1296478561889595393
1296478552850870274
1296478547616423936
1296478518369452039
1296478494579400704
1296478306708197377
1296478171848679426
1296478139372253186
1296478130526453763
1296478067406274560
1296478064449392642
1296478032170024960
1296478032140673024
1296477851840065536
1296477804645830668
1296477706381664257
1296477674693681157
1296477655844388865
1296477632528297984
1296477531592364032
1296477521450541057
1296477521299595264
1296477494837747713
1296477484469428225
1296477472012349441
1296477430639742978
1296477424977354752
1296477399937429504
1296477309218828288
1296477246056693760
1296477240247672832
1296477158496493569
1296477152460902400
1296477099662991360
1296476966565052416
1296476932012474370
1296476909291950080
1296476903528898561
1296476783957737472
1296476734758494209
1296476655838429184
1296476620010803200
1296476513534201856
1296476505783099392
1296476447633223682
1296476405673398272
1296476395703590919
1296476358026158085
1296476336001814530
1296476326170370049
1296476270637862920
1296476083282489344
1296476058250870786
1296476053544853506
1296476037090553856
1296475982442962952
1296475945453355008
1296475823277592577
1296475748123934721
1296475681191268357
1296475664544145408
1296475587431878656
1296475452341657600
1296475379625005062
1296475361228861444
1296475338059513861
1296475248347492353
1296475222644789248
1296475190755500037
1296475115815874560
1296475074258763779
1296475071628947456
1296475011193151493
1296475007506317312
1296475005551816704
1296474945820733442
1296474945506115585
1296474887104671745
1296474868633030661
1296474861460688897
1296474805185785858
1296474789914316803
1296474773741068289
1296474744645193728
1296474727683325952
1296474672121499649
1296474639359782913
1296474627515002880
1296474568249479168
1296474537459167236
1296474469159051266
1296474427719331840
1296474323335643136
1296474290892791808
1296474010562301956
1296473937405247496
1296473924893581313
1296473901371985925
1296473879850999811
1296473822602960898
1296473817884360707
1296473794740195328
1296473672795004932
1296473662162456579
1296473494000226306
1296473342422274048
1296473339737911297
1296473272939417601
1296473222410534919
1296473104559026178
1296473057922613248
1296473017464348677
1296472999349157890
1296472922580758529
1296472689700470784
1296472664723337217
1296472504362504193
1296472471676354561
1296472462683774982
1296472353581535238
1296472324976398336
1296472304155856896
1296472291975532545
1296472272165842944
1296472244651204610
1296472137327419392
1296472136383700992
1296471917667520513
1296471888215015425
1296471886084399114
1296471872670965760
1296471753603125254
1296471730710618113
1296471569540222978
1296471388874838016
1296471340904525824
1296471323414278145
1296471318557319168
1296471316141416448
1296471286869307396
1296471221140430851
1296471160213983242
1296471119193673728
1296471070581678088
1296470993330987008
1296470991749754892
1296470871616491523
1296470765634822146
1296470764720398339
1296470738124275713
1296470668981211141
1296470642452303877
1296470608444882944
1296470533329113089
1296470437170491392
1296470360976760835
1296470248300912641
1296470237345386498
1296470196773949440
1296470102133616641
1296470089085210624
1296470028129271810
1296469992448434176
1296469922005082116
1296469896130367488
1296469856548782081
1296469837162651648
1296469763888160770
1296469761279373312
1296469736847441922
1296469733991227395
1296469655612280833
1296469581045944321
1296469411000459265
1296469405321371648
1296469386782547969
1296469369330061312
1296469325772095490
1296469297078902787
1296469290527461377
1296469281308385280
1296469257723752448
1296469222378352641
1296469149229764611
1296469091235041281
1296469088538112000
1296469070334898179
1296469061346500611
1296469017620819970
1296468997517586432
1296468971445719046
1296468886083317760
1296468838511411201
1296468831108562944
1296468748325576707
1296468701466824704
1296468681631965184
1296468651374247936
1296468640343232513
1296468594428084226
1296468584005279748
1296468582470123523
1296468340941217792
1296468319613091840
1296468250155507712
1296468198578167808
1296468181821816838
1296468122136911877
1296468093884149760
1296468072870686722
1296467999097053184
1296467951768543232
1296467811083190272
1296467798840008708
1296467682854928385
1296467650818842626
1296467422732521473
1296467409352753154
1296467382974767108
1296467348493414400
1296467347918774273
1296467340410982401
1296467336795500544
1296467328062894083
1296467317145178112
1296467282303102976
1296467255220482054
1296467133434679298
1296467102791020544
1296467100681351175
1296467052367171584
1296467046864228353
1296466997639876613
1296466888680144896
1296466809953161218
1296466729623867392
1296466638586486786
1296466635528769536
1296466471313440768
1296466456142585858
1296466361535942663
1296466266811707398
1296466263749922825
1296466198176169985
1296466164026085377
1296466090588090370
1296465920253210625
1296465844642471936
1296465834144145409
1296465792519802880
1296465788065521665
1296465786446532609
1296465755698061312
1296465737620639744
1296465728326033408
1296465681978929153
1296465623904595978
1296465618376499200
1296465525816659968
1296465509853147141
1296465434842148871
1296465406979448832
1296465331851059201
1296465243640606721
1296465241866407941
1296465124937682945
1296465109942964226
1296465078137556992
1296464810171863040
1296464697638768640
1296464692920160257
1296464596371464193
1296464564964425730
1296464540117467136
1296464357233221636
1296464345900122112
1296464268280369152
1296464224068173825
1296464147408969730
1296464124608684033
1296464092136431616
1296464090995535872
1296464007667363846
1296463992622391297
1296463930055892994
1296463869456637953
1296463730734137344
1296463599200870400
1296463583904182273
1296463568897019904
1296463524403785730
1296463516480811014
1296463491365298176
1296463456107999233
1296463417302188033
1296463414257123330
1296463411568611329
1296463399073845249
1296463360234586114
1296463324599721985
1296463250989645824
1296463228839628801
1296463199357804550
1296463155552497666
1296463117677985792
1296463110908399616
1296463089198563328
1296463065140072448
1296463005564239872
1296462960886460418
1296462880313954311
1296462854049206275
1296462838861627392
1296462781680693248
1296462756435173377
1296462746037424134
1296462745701933057
1296462726114562048
1296462723497299968
1296462658942783489
1296462655910281217
1296462642140389378
1296462459625234433
1296462417841606662
1296462379140644870
1296462354532773890
1296462294117949440
1296462278708137988
1296462255513645059
1296462252938231809
1296462212719087624
1296462181463199745
1296462168020471810
1296462166183288833
1296462100580249602
1296462083232542727
1296462074495807490
1296461966974877697
1296461915909173250
1296461852860440579
1296461821034070017
1296461803476705280
1296461721163399169
1296461686103330818
1296461676552871936
1296461655895834630
1296461588610908162
1296461540493791232
1296461521715961864
1296461519954292737
1296461429625716736
1296461389175848963
1296461380434956290
1296461268874862594
1296461206287515649
1296461184862949378
1296461150142566410
1296461141053517824
1296461040331427840
1296460777335984131
1296460774056046593
1296460750769324032
1296460713976881152
1296460669634719745
1296460608662114308
1296460589737349128
1296460499060744192
1296460497013878785
1296460462171848705
1296460448733319169
1296460387408326663
1296460382727548929
1296460377878822912
1296460270647357448
1296460189068124168
1296460117160931331
1296459890001620992
1296459839984500736
1296459786356236291
1296459717443825671
1296459612993064964
1296459586745098241
1296459430578597888
1296459416066240514
1296459336751943681
1296459334914846720
1296459140634681347
1296459090202427392
1296458998196117505
1296458959180763138
1296458862481080320
1296458817253920777
1296458785582723073
1296458768667029504
1296458740112273408
1296458517226967040
1296458458791903234
1296458409496268801
1296458408489562112
1296458348859215873
1296458298217181184
1296458291720093696
1296458267342843905
1296458107514761218
1296458062157537292
1296458015156113410
1296457999389732864
1296457958046470152
1296457866942074883
1296457811405213697
1296457770099716097
1296457695218802690
1296457605326540800
1296457603241914370
1296457549550694401
1296457547357003776
1296457535264903175
1296457528876859393
1296457519997562881
1296457518923812865
1296457389877661698
1296457347376787456
1296457344197566464
1296457296801824769
1296457254976331781
1296457217902874626
1296457164983336961
1296457043897966594
1296456966701756416
1296456934497935360
1296456833725497352
1296456808945659906
1296456686270652418
1296456644486995968
1296456615776997376
1296456603382812672
1296456538836602881
1296456504644718593
1296456498894307331
1296456496050589701
1296456429264609285
1296456395513106432
1296456353511284736
1296456312734322689
1296456231624814593
1296456210586177543
1296456206823968770
1296456170052505602
1296456103132385282
1296456069359820807
1296456016285106180
1296455986656546816
1296455880939012099
1296455807891054596
1296455724873199616
1296455705269075968
1296455678668738564
1296455666077437952
1296455556065099781
1296455532618883078
1296455434757447680
1296455426893127680
1296455399571369985
1296455351735332867
1296455301160370176
1296455220717920257
1296455146923331585
1296455113352122370
1296455078505779208
1296454955461640198
1296454948151087104
1296454884225622017
1296454838927216641
1296454819222364163
1296454802189225984
1296454704646574081
1296454636421906433
1296454513189097474
1296454439373606912
1296454421669388290
1296454286763843586
1296454240907472896
1296454146451791874
1296453976569925635
1296453964100251651
1296453826694787072
1296453748806627328
1296453745178542080
1296453737775538186
1296453667105767424
1296453614186172416
1296453543025618953
1296453509886496771
1296453493738418179
1296453489963474945
1296453473794392064
1296453431398477824
1296453314054414336
1296453280147668995
1296453148119269376
1296453134294933505
1296452923564711941
1296452913670303744
1296452888554807298
1296452887019696138
1296452871588843520
1296452866496921600
1296452803263705088
1296452773026902017
1296452417136009217
1296452318448300033
1296452314274893828
1296452199829184512
1296452133345165315
1296452110108823556
1296452012343734272
1296451824732573698
1296451777240473600
1296451727366017025
1296451642179584003
1296451585749520387
1296451506175180802
1296451503973117955
1296451500001107975
1296451499518840833
1296451354236522496
1296451277136814084
1296451257419419648
1296451247738966016
1296451235911020544
1296451218181689344
1296451174636363779
1296451167292215299
1296451062820462592
1296451026673950722
1296450992725204992
1296450970336010241
1296450948513042434
1296450906062491652
1296450748490883072
1296450570006519809
1296450567443808259
1296450530278084609
1296450473789095936
1296450437751676931
1296450389605322752
1296450324656533505
1296450315223535618
1296450304947429376
1296450276120047616
1296450195811643392
1296450186215075842
1296450182738071552
1296450156037103618
1296450098344398850
1296450017012703234
1296450002835910657
1296449824594759682
1296449721729417217
1296449711348551680
1296449704939720704
1296449659062247424
1296449613805899784
1296449585020375040
1296449426714775552
1296449346884513792
1296449305163771907
1296449256644108290
1296449253385134080
1296449178307047426
1296449036824776706
1296449017203884032
1296448972358377472
1296448892372955137
1296448850903945217
1296448639439699970
1296448615607603202
1296448541687189505
1296448506668953603
1296448504567603202
1296448456853159940
1296448456697970696
1296448369502625792
1296448313986813959
1296448301978583042
1296448262896066560
1296448240548827136
1296448163444908035
1296448081567907840
1296448056997683202
1296448055550640129
1296447989041463296
1296447972486590466
1296447918128463872
1296447899258298371
1296447833093136384
1296447806358659075
1296447782375563264
1296447778663600128
1296447765082505216
1296447755951407105
1296447712880205826
1296447699978293248
1296447638976565249
1296447514716053504
1296447439281557504
1296447345710845952
1296447338077204481
1296447257257148418
1296447236793077763
1296447188948615168
1296447137614569472
1296447057079738371
1296447056580673539
1296447046254297089
1296447041757949955
1296446967040573445
1296446959000092675
1296446943237988352
1296446933574328326
1296446930696970241
1296446918340599809
1296446885708869633
1296446827433254915
1296446725687738374
1296446717001379841
1296446689042149377
1296446520582123521
1296446362255491076
1296446327778418693
1296446266424070145
1296446177039220738
1296446103475441665
1296446061335240705
1296446051856023552
1296445989205749763
1296445951368986624
1296445885715537920
1296445775455629312
1296445651451023360
1296445644144619520
1296445631238676483
1296445593955569669
1296445450518765569
1296445422957924353
1296445405505425410
1296445360458670080
1296445322911199233
1296445262819405824
1296445251733913600
1296445191008772096
1296445162332225537
1296445108380983298
1296445063573188609
1296445022385188867
1296444990181302272
1296444937106591744
1296444884996456448
1296444859293872142
1296444741576544256
1296444572558659585
1296444540262416384
1296444494158667777
1296444485325467648
1296444409517608962
1296444380149157890
1296444346326294528
1296444339678261249
1296444329788149760
1296444309517078529
1296444243242819584
1296444228126613506
1296444161319731200
1296444108660248580
1296444103815761921
1296444099470544902
1296444093795573761
1296444004029128711
1296443988719947777
1296443853214556161
1296443672368742400
1296443654094061569
1296443639326023690
1296443518290997248
1296443308777013253
1296443301390880772
1296443253076762630
1296443238015000576
1296443070418948099
1296442982477041665
1296442945202204673
1296442931067400193
1296442880417030150
1296442766906593280
1296442715853467649
1296442713785671682
1296442612258344963
1296442605375500299
1296442533518745603
1296442514921205764
1296442505697820675
1296441895883767815
1296441783044513792
1296441742242316299
1296441639477694465
1296441622553669632
1296441597056483328
1296441562474450950
1296441549396606983
1296441536280965120
1296441528634802186
1296441450742284288
1296441434548121602
1296441428822892545
1296441386561163265
1296441364771680256
1296441353136734209
1296441264343326720
1296441186572472320
1296441166918025222
1296441155362664449
1296440694920404993
1296440593363730432
1296440582701821953
1296440560899837952
1296440427281883138
1296440387075223563
1296440381454848000
1296440380553076737
1296440305840009222
1296440243986538496
1296440204979507203
1296440182141530113
1296440167851601921
1296440092182089730
1296440062465515520
1296440030563577857
1296439806499729410
1296439799868526596
1296439755668893698
1296439708021665795
1296439550718488577
1296439539251269634
1296439480010907655
1296439341762392064
1296439341644800002
1296439332497129473
1296439165727518723
1296439162317484036
1296439156785250305
1296439047066460162
1296438994557964289
1296438801859072000
1296438800051253253
1296438763875373059
1296438762101182470
1296438613065039874
1296438467468169217
1296438451856969730
1296438445737414656
1296438406306766848
1296437983609065472
1296437970459910145
1296437898590519297
1296437896728248321
1296437851668848641
1296437772430041095
1296437577566892040
1296437554808524800
1296437274192863237
1296437258497732609
1296436974438559745
1296436963273330688
1296436827742785537
1296436792409849857
1296436777645940737
1296436642971033601
1296436551241662472
1296436357045288960
1296436320206815232
1296436163897708544
1296436087875874819
1296436070297538563
1296436068414365696
1296436018745413633
1296435979784519680
1296435962361323524
1296435953242865664
1296435902789693442
1296435867330981890
1296435831792689158
1296435818610020359
1296435802784911362
1296435794555678720
1296435783914721280
1296435776847216641
1296435774817210368
1296435563835392000
1296435518088126464
1296435425247219713
1296435416774647810
1296435136897196036
1296435087303639044
1296435028319252483
1296434810823553025
1296434710881677314
1296434697980059648
1296434575565107200
1296434572754812928
1296434529813618689
1296434429829709834
1296434246668759042
1296434127726612482
1296433942522994689
1296433846305656832
1296433771961516032
1296433719281156097
1296433697659457537
1296433696875184129
1296433657062789122
1296433617334304768
1296433603849662465
1296433593628217345
1296433576314118145
1296433485893296130
1296433469174755328
1296433331060576257
1296433309984096256
1296433309711556609
1296433249221316608
1296433211854262272
1296433009634291712
1296432974494302208
1296432944471580673
1296432902268493827
1296432901203070976
1296432799306649601
1296432788284092416
1296432677164404736
1296432154159845379
1296432132626223105
1296432125382660097
1296431970382159872
1296431914300116994
1296431886546411520
1296431884596109312
1296431880255012864
1296431872206086144
1296431867718246401
1296431866472550400
1296431855571554304
1296431825057918977
1296431800022118400
1296431719738998784
1296431694891880453
1296431363760041984
1296431275587375107
1296431157798670336
1296431139381485568
1296431067461758982
1296431065041711104
1296430973492645890
1296430910573875202
1296430795784101890
1296430755132977158
1296430742067720193
1296430726674558978
1296430629886791680
1296430531601731586
1296430520981696513
1296430441910677505
1296430315519574017
1296430178881744896
1296430134539550720
1296430005283631106
1296429959406379009
1296429909963878400
1296429790606614529
1296429249256136704
1296429154238435333
1296429079869169666
1296429029667602432
1296429013729255437
1296428971576504320
1296428951821258752
1296428933106282497
1296428906392821761
1296428900797550592
1296428863711567875
1296428738536775686
1296428688926478336
1296428616113324034
1296428576477196289
1296428491508977664
1296428421300588546
1296428420134572038
1296428417777369092
1296428405697777665
1296428294099931140
1296428267143135232
1296428238953222144
1296428210649956352
1296428166542757892
1296428069058752521
1296427923772256256
1296427898036006913
1296427821322076161
1296427820864897026
1296427797364248576
1296427520229867522
1296427439787249665
1296427304252473344
1296427293276090368
1296427283998298114
1296427264721268742
1296427214574178304
1296427169225347078
1296427075730104327
1296427070285844481
1296427017806712833
1296427005441974273
1296426881210875910
1296426851825528834
1296426746137452546
1296426640533331970
1296426552469708806
1296426514288971777
1296426230917537793
1296426214492712960
1296426108766900224
1296426007260540929
1296425933705023489
1296425919557640192
1296425405411405827
1296425319503716360
1296425143997259781
1296425108853141504
1296425018990235650
1296424999595708421
1296424657625767937
1296424574733692928
1296424500892971010
1296424458480230401
1296424429535330304
1296424426171441153
1296424411717865472
1296424335662616578
1296424327722737667
1296424308781338626
1296424286673141760
1296424268230791170
1296424239776620552
1296424170021158918
1296424039276335105
1296423972381302784
1296423705371914242
1296423700632424449
1296423687856545793
1296423673579085825
1296423564246228998
1296423531450978305
1296423388110618625
1296423283953479680
1296423117414371329
1296423100842680322
1296423061638578176
1296423049647075330
1296423033326927873
1296423031838060545
1296423023390658562
1296423012355514369
1296422901768486912
1296422812392001539
1296422769794711558
1296422759782899712
1296422740375810048
1296422704443203584
1296422689897316352
1296422617545609216
1296422558393413636
1296422535282688006
1296422292558315521
1296422265123409920
1296422155543027714
1296421941063163905
1296421896049897473
1296421834137665537
1296421612066156544
1296421597889409024
1296421587600789506
1296421583297425408
1296421391735103494
1296421379680632833
1296421343462916102
1296421248176660480
1296421069029548038
1296420876234248193
1296420823457304584
1296420810165493767
1296420720239693826
1296420675746500610
1296420415959633920
1296420410045673480
1296420372120834049
1296420232492462080
1296420224980389889
1296420109637038080
1296420017811197952
1296419939436421120
1296419930548711425
1296419911422685185
1296419706799349764
1296419593041391616
1296419540579082241
1296419503534899206
1296419416670969856
1296419184029687808
1296419114274238465
1296419050919284736
1296419007386521603
1296418965116407809
1296418948947283969
1296418928827207680
1296418750632263684
1296418684374790144
1296418635368587270
1296418618532605959
1296418428643946498
1296418409836613634
1296418365809004547
1296418278324285446
1296418246309089280
1296418184107630592
1296417994348941313
1296417951025967106
1296417809862471685
1296417746532610048
1296417659962241025
1296417640408330242
1296417580161409025
1296417377060622337
1296417335281098753
1296417149674717185
1296417133979738112
1296417059170131970
1296416942815883264
1296416836414832640
1296416779598790657
1296416776729899008
1296416776725700608
1296416776692142081
1296416776662790144
1296416776390156292
1296416772678197250
1296416764268548101
1296416750414725120
1296416717468504065
1296416701676949517
1296416692738781184
1296416675500261376
1296416463457259521
1296416260629172225
1296416176487243776
1296416161429684226
1296416117473398785
1296416083621158912
1296415873343913987
1296415793622679558
1296415644775337984
1296415600387006465
1296415440076513282
1296415357796790274
1296415285998649344
1296415253316669440
1296415150686253056
1296415143346221057
1296415073456529408
1296415050564022272
1296414722649141248
1296414395845812225
1296414392230252550
1296414310814683146
1296414297762013185
1296414001862184962
1296413879485038595
1296413600823873538
1296413512881840128
1296413486818500609
1296413305632968706
1296413292961976321
1296413222493392898
1296413172157603841
1296413127924420608
1296412937545031681
1296412828119834626
1296412789045637120
1296412716958195712
1296412656333656065
1296412419909091328
1296412340196454401
1296412154615279616
1296412119836090369
1296412110117900289
1296412093458112519
1296411673889320961
1296411322565918720
1296411254161014784
1296411192056053760
1296411162016391169
1296411009763233792
1296410952515158019
1296410874610098176
1296410844708954112
1296410773405741059
1296410750966288385
1296410739884916736
1296410550713425922
1296410495369519104
1296410478802079749
1296410474100203523
1296410421306556416
1296410357930643456
1296410269552463877
1296410242490814465
1296410211457040386
1296410145157677061
1296410048873340931
1296409996817764353
1296409872309915650
1296409837627154437
1296409716311175169
1296409699261308928
1296409667212578817
1296409635214237698
1296409552154431490
1296409530499239942
1296409436781780992
1296409404607279106
1296409267491274752
1296409214072639489
1296409205834952706
1296409202018127873
1296409191192682497
1296409046631755777
1296409036946935808
1296408826506248193
1296408816930742273
1296408787465777153
1296408691390980096
1296408432258486272
1296408317770829825
1296408192704970757
1296407724897570821
1296407282297733121
1296407216002674688
1296407028794109952
1296406723050307585
1296406571531083777
1296406563847122950
1296406480292372482
1296406467914993665
1296406334984925186
1296406056869023744
1296406028960116738
1296406016503033856
1296405885984616448
1296405501622857731
1296405361268789249
1296405305320976386
1296405161989021698
1296405051724967936
1296404841703645187
1296404836095844355
1296404624530903040
1296404197060087810
1296404019427016704
1296403994089324544
1296403820050882560
1296403529091948544
1296403439677775872
1296403330953027586
1296403235994046464
1296403230801440769
1296403226414252032
1296403206466162688
1296403047351025664
1296402914676805632
1296402841628807169
1296402406440185856
1296402383002652673
1296402289813368832
1296402260491108352
1296402118073618433
1296401973936259073
1296401945012436995
1296401875038801922
1296401844659462145
1296401834379288578
1296401595475918851
1296401593240375297
1296401542346682368
1296401505281507328
1296401418652459008
1296401381063045121
1296400984797843457
1296400659445620738
1296400544572092416
1296400518756040704
1296400514901594112
1296400505267200000
1296400393136726021
1296400382483206146
1296400380385988608
1296400128685867009
1296399988633870340
1296399983739121664
1296399964411699200
1296399494477742081
1296399409471578114
1296399382833766400
1296399127211724800
1296399049248178179
1296398828346789888
1296398826614513664
1296398720125345792
1296398658489982979
1296398644644544512
1296398466847916032
1296398208474652672
1296398108897624064
1296397182401155072
1296397125744386048
1296397012028383232
1296396972249710592
1296396966147096576
1296396869711679488
1296396864070221825
1296396780951617536
1296396778661711874
1296396656611667968
1296396578459201536
1296396535765164038
1296396449425453057
1296395898491207681
1296395682589401088
1296395581745758209
1296395548501704704
1296395209308241922
1296395179700625409
1296395091930685448
1296394901307846663
1296394769510338560
1296394668813541376
1296394651872632834
1296394649297399809
1296394513288577024
1296394489611919361
1296394334091251713
1296394171616550913
1296393977478950912
1296393963910213638
1296393583508021251
1296393265739169793
1296392943255814144
1296392678511448064
1296392614665740288
1296392543475650560
1296392407987167232
1296392248477855744
1296392119444267008
1296392031967698944
1296391681269469185
1296391645856841728
1296391628693872641
1296391616211501058
1296391496887873537
1296391447785037824
1296391137335402497
1296391129919881216
1296390911627337728
1296390807281254402
1296390719389589504
1296390680659603457
1296390458776735745
1296390409862680576
1296390379999318016
1296390374265626624
1296390357664628736
1296390268132839424
1296390262747529216
1296390234343604225
1296389967892164608
1296389839672299520
1296389763914702858
1296389718297530368
1296389636089151489
1296389410989248512
1296389344178167808
1296388697193984001
1296388621084299264
1296388435234770944
1296388360177684480
1296388334902808577
1296388197178585089
1296387920912416774
1296387872069750790
1296387620159676417
1296387612882567169
1296387580376694784
1296387563410915328
1296387541478907905
1296387517554491392
1296387454593900544
1296387296564924417
1296387167254654976
1296387049809903617
1296386828379942918
1296386665888411649
1296386613581361154
1296386396937170944
1296386222408052737
1296386131693633538
1296386054044504065
1296385812573990914
1296385680302538753
1296385504678682624
1296385382834151425
1296384978633338882
1296384946492313600
1296384862811824130
1296384704128651265
1296384700366323719
1296384470891794433
1296384009883312128
1296383713568317440
1296383284918853634
1296383265729724423
1296383241365200902
1296383207898861569
1296383152223469570
1296383064952713217
1296382998724648962
1296382990159876096
1296382863508733952
1296382640485011458
1296382269331046400
1296382263123496960
1296382228335910912
1296382041756438530
1296381980813271041
1296381827616317443
1296381800013606912
1296381775938301952
1296381708405702656
1296381690009591808
1296381594995953664
1296381575916064768
1296381312014716928
1296381184813932544
1296381034985066497
1296381019151466497
1296380485082533888
1296380411526803456
1296379851478388737
1296379791982157825
1296379587912273921
1296379360975388672
1296379329396473856
1296379117047250946
1296379010734325763
1296378827099246593
1296378814914797568
1296378558370250752
1296378295089541120
1296377777743069184
1296377601083101184
1296377539657637888
1296377510351994880
1296377144252260354
1296376640973484033
1296376404649574400
1296376227402518528
1296375986489974787
1296375947252441089
1296375493994917889
1296375453721047041
1296375255158493184
1296374794108014592
1296374609512628224
1296374608485060609
1296374402368536582
1296374378721153026
1296374199540420609
1296374192137555968
1296373962385973248
1296373846577209346
1296373296091537408
1296373252873306112
1296373206496841731
1296373081720737792
1296372591637258242
1296372498834104321
1296372448162709504
1296372205941657600
1296371962529423362
1296371879142400001
1296371843021111296
1296371750544998400
1296371750268293120
1296371549147205632
1296371418272116737
1296371362676838407
1296371260302254082
1296371068341559297
1296370576907476993
1296370367070498817
1296370270689730560
1296370223130451969
1296370171507073024
1296370036261756928
1296369199141584896
1296369078395953152
1296369056971333633
1296368773935620096
1296368431739162630
1296368248225759233
1296368146996232192
1296368135256211457
1296368025696903170
1296367980062871552
1296367498850254848
1296367235225853954
1296367068569190400
1296367042564677632
1296366877858582529
1296366684941496321
1296366556641931264
1296366430003302401
1296366320804491270
1296366308448067585
1296365462398410753
1296365040170201088
1296365008918642688
1296364902362181632
1296364670627074049
1296364658631290882
1296364570533978112
1296364518302523393
1296363922686128128
1296363821238325252
1296363784399990785
1296363691533893632
1296362851037216769
1296362830581596161
1296362817541615616
1296362777062203392
1296362744367558656
1296362655985340417
1296362480789159936
1296362115234660352
1296362084918267905
1296361931905720320
1296361551025156096
1296361536135602176
1296361443026178049
1296361280585031681
1296361270736715776
1296361263312896000
1296361184170582017
1296361144391794689
1296361142625996800
1296361060560252928
1296360839398686722
1296360480701845505
1296360152908660737
1296360142854791168
1296360083971026947
1296360062139670528
1296359932103659520
1296359923249344512
1296359824993787904
1296359725148315650
1296359601496039425
1296359559729209344
1296359387850846210
1296359364870144002
1296359332406321152
1296359262365585409
1296359190382821385
1296359055527534592
1296358802577645573
1296358703772381186
1296358579616833537
1296358556342591488
1296358411160805376
1296358280210522112
1296358234685612032
1296358122689384448
1296357994700005376
1296357797555253248
1296357570639208448
1296357522798977024
1296357445493637120
1296357442717179904
1296357114227707905
1296357096217178112
1296356838754021377
1296356446242770949
1296356176821735429
1296355773275152389
1296355567989133313
1296355536070496256
1296355448619180033
1296355414246854656
1296355392222420992
1296355322349735936
1296355025116000256
1296354949270581251
1296354432326807552
1296354330321260544
1296354237631406080
1296354109243527169
1296354039890837505
1296353951537823744
1296353949684060161
1296353918566490112
1296353803877388289
1296353786563354626
1296353773594513413
1296353573098467329
1296353468949700609
1296353441632026624
1296353258781519872
1296353225923334144
1296352998373896192
1296352922318536709
1296352834359889920
1296352831553720320
1296352741334319105
1296352613038948352
1296352522437898247
1296352475843158016
1296352366682398726
1296352327977316352
1296352310969405440
1296352191029149699
1296352165666021377
1296352038960484352
1296351953145012224
1296351816700104704
1296351770072035330
1296351515775504385
1296351160421552129
1296350765347483649
1296350459951828995
1296350259791179776
1296350198126403585
1296350139888566277
1296349897797533696
1296349877618835456
1296349675885395969
1296349639965384705
1296349539171958786
1296349305586905089
1296349238880862210
1296349211110318086
1296349141988257792
1296349036371496961
1296348973909839873
1296348965391212544
1296348857010393089
1296348615250673664
1296348583122415616
1296348468663988224
1296348196814204928
1296348056191983616
1296348052425306113
1296348011312881664
1296347982217060352
1296347754558640128
1296347522605121537
1296347488862035968
1296347206052491267
1296346829475520512
1296346612416098304
1296346577418817537
1296346565339217920
1296346408866455553
1296346286313156608
1296346276603338753
1296346155002089472
1296346098081107973
1296346016812236800
1296345965574721537
1296345945517379586
1296345762176077824
1296345701153210368
1296345542516183040
1296345391663898625
1296345295521894402
1296345194217054208
1296345149560111104
1296345057289572352
1296344906332545024
1296344702178848768
1296344590681870339
1296344553881042945
1296344528454955009
1296344487879294976
1296344469181288449
1296344103697788930
1296343979164745728
1296343964317102080
1296343809039638528
1296343690080813056
1296343514133880832
1296343292745924608
1296343254019997700
1296343210286034944
1296343185711681536
1296342886124933120
1296342829858525186
1296342682537799680
1296342554925924353
1296342455999234048
1296342401087188993
1296342329947639809
1296342318115504129
1296342230672781314
1296342112418639872
1296342105695170560
1296342048052776960
1296341992406999041
1296341960362401792
1296341954821632001
1296341811703820291
1296341786445721601
1296341624486793217
1296341540147691521
1296341533025636353
1296341468496437251
1296341453233426432
1296341397272854528
1296341385025474561
1296341305245618177
1296341258152087553
1296341241404194816
1296341188480569344
1296341177604743168
1296341174882570240
1296340944686428161
1296340796690505728
1296340610379653120
1296340595993124864
1296340540892446723
1296340537419718656
1296340424836014080
1296340336533544961
1296340323203915776
1296340261665148929
1296340097579671553
1296340032928788481
1296339920726917120
1296339729949097985
1296339600043134977
1296339485622329344
1296339342038904832
1296339210622795776
1296339202607587328
1296339187180941313
1296339185763323906
1296339119686193152
1296339051809841153
1296338784594866176
1296338719176142848
1296338457128624128
1296338437549830144
1296338296377880577
1296338242099384321
1296338216946003968
1296337869490053120
1296337840838553601
1296337689743167488
1296337671548071936
1296337491151200256
1296337489280540673
1296337469219188738
1296337395856470016
1296337340537999361
1296337050312925184
1296337030834601985
1296336942666113024
1296336734691586048
1296336672645414912
1296336669797281794
1296336621713928198
1296336580244680704
1296336522099089411
1296336449932009472
1296336339932270592
1296336281002078208
1296336112491864064
1296335822677934080
1296335818202677249
1296335818059997189
1296335668306743296
1296335618033606656
1296335601411567616
1296335499926425600
1296335482343706624
1296335245910908931
1296335127815942150
1296335042134908930
1296335009884798976
1296334688022220800
1296334657890394112
1296334649963302913
1296334648621043712
1296334520669569024
1296334519612715008
1296334515942707201
1296334431637118976
1296334014954053632
1296333948138729472
1296333873987702784
1296333756412960771
1296333754559062022
1296333687684964352
1296333558626291712
1296333287619612677
1296333187350552576
1296333167838867461
1296333018135658497
1296332765902909440
1296332580195901440
1296332497089957891
1296332414373879808
1296332333734338561
1296332185998417920
1296332079920119808
1296331817071587328
1296331569830023168
1296331222801616896
1296331063082520577
1296331006585249792
1296330901257781249
1296330715701837824
1296330560101658625
1296330553164050435
1296330511275655169
1296330484881018880
1296330452882472963
1296330406808244225
1296330373555793920
1296330357537677313
1296330342102700032
1296330331558117377
1296330271374151680
1296330184325554178
1296330006101200897
1296329980725440512
1296329792741146630
1296329655113388033
1296329486485487617
1296329201448939520
1296329199192625154
1296329114903879681
1296328911962292225
1296328899639508992
1296328874146648069
1296328847030398976
1296328733289328642
1296328700523208704
1296328596336902144
1296328354652721152
1296328203892596736
1296328129464729601
1296328129213063168
1296328102738419712
1296327972773920768
1296327952645279744
1296327725238685697
1296327626949373952
1296327477954924549
1296327327400570880
1296327278927007744
1296327107757449216
1296327015835066368
1296326995106652160
1296326986915368960
1296326915599605760
1296326742785904642
1296326503215427585
1296326326870315008
1296326307731693568
1296326194573475840
1296325928675672064
1296325918831460358
1296325791299534849
1296325685527576577
1296325674274365441
1296325605420609536
1296325472855511040
1296324701883699200
1296324611005652992
1296324582358634496
1296324475126984707
1296324204007247872
1296324102370791424
1296323964030070784
1296323940755832834
1296323861470994432
1296323780235505664
1296323779824558080
1296323598290808832
1296323586840354817
1296323542942748672
1296323524068388864
1296323456062164992
1296323281251905536
1296323151891243009
1296323120291295232
1296323057485635584
1296322583932145670
1296322557579276288
1296322488310419457
1296322427031519232
1296322415002365953
1296322346610024449
1296322293023436800
1296322253479714816
1296322027553423360
1296321795381817344
1296321717812568065
1296321624099053568
1296321557094993922
1296321254580862976
1296321039887106049
1296320993959514113
1296320859989258240
1296320736081186816
1296320612437303297
1296320551661842433
1296320408984182786
1296320374263566336
1296320373001248768
1296320366684581890
1296320065948667904
1296320052342460416
1296320000026968069
1296319979902517249
1296319977398689793
1296319919932375040
1296319739203997696
1296319412967014400
1296319366599004161
1296319354909450240
1296319248093122560
1296319135949807618
1296319062876860422
1296318835889512448
1296318817392615424
1296318586139496448
1296318530787344384
1296318502681419776
1296318461547880449
1296318185524920320
1296318127375036417
1296317737111707648
1296317709748178946
1296317697337122816
1296317587186319361
1296317453794816000
1296317293220319233
1296317259623743488
1296317037321555968
1296316996791832577
1296316949270540296
1296316757792051200
1296316667564195841
1296316435304796160
1296316163656503297
1296316122623614977
1296315992021200896
1296315978087690240
1296315969443422208
1296315878129139719
1296315707706052608
1296315615943315457
1296315594656985088
1296315561186660352
1296315369716617218
1296315299424165888
1296315153311506433
1296315004510064640
1296314994888445953
1296314941037838336
1296314891658174464
1296314889393274882
1296314861454991361
1296314827212640256
1296314820099289088
1296314768333078529
1296314694416965632
1296314683067117570
1296314650817167360
1296314583821557760
1296314490422808577
1296314459208798209
1296314320616292353
1296314122179616768
1296314068282871809
1296313956273926144
1296313844105711616
1296313807640203264
1296313777281880064
1296313583266144256
1296313476961505281
1296313353065775104
1296313285394890753
1296313200061771776
1296313139638796288
1296312950102192128
1296312883752525824
1296312839993466882
1296312778102317056
1296312762403106816
1296312751074111488
1296312604630056962
1296312583595728899
1296312568320073728
1296312497222410240
1296312398941507584
1296312334030438400
1296312276572667904
1296312274764931073
1296311770806661120
1296311544486203393
1296311502371201024
1296311501746089987
1296311431365709824
1296311323270160384
1296311279234232320
1296311207519952896
1296311128981741571
1296311124690898944
1296311070156623879
1296311044818657280
1296310916120682498
1296310845735985153
1296310803327602695
1296310786869075968
1296310783001997312
1296310668593754112
1296310438632644608
1296310398694506499
1296310360534847488
1296310345468805121
1296310334043623425
1296310264279834624
1296310207979585536
1296310175582887936
1296310018392772610
1296309938554273793
1296309872053477377
1296309792152023040
1296309721859862528
1296309654289620992
1296309593807757312
1296309506297790464
1296309426400268289
1296309343743143943
1296309223530217473
1296309166793871360
1296309091531255809
1296309086498074624
1296308994651426816
1296308892008198145
1296308819438567424
1296308789629480965
1296308728098983936
1296308716581486593
1296308711791775745
1296308624013352965
1296308620682915842
1296308613833687040
1296308527951036418
1296308520204173312
1296308451845365760
1296308371201687552
1296308337613578244
1296308293988528128
1296308265928798208
1296307981265469440
1296307871785693186
1296307846632615936
1296307755716763649
1296307743188385792
1296307712779620352
1296307647856160773
1296307448773349376
1296307428158406656
1296307309547630592
1296307288920281088
1296307280892375041
1296307134028746753
1296307090923892741
1296306947780747264
1296306741064413186
1296306670549835777
1296306642431045633
1296306637410455553
1296306614434238465
1296306561246265346
1296306342202757121
1296306332916682752
1296306234832965635
1296306209608343553
1296306171284946947
1296306129413246976
1296306099952537603
1296306093325299712
1296305986471264256
1296305868997365761
1296305840991768576
1296305526230396928
1296305500288454656
1296305297510850561
1296305271673782273
1296305029574516738
1296304951287742469
1296304792285745152
1296304546277449730
1296304462261153792
1296304386327457793
1296304367155519488
1296304247710068737
1296304209630035968
1296304207125975041
1296304178676080641
1296304008827723776
1296303968117829634
1296303712843964416
1296303663422439424
1296303553838043137
1296303525576802304
1296303458941837317
1296303436707708928
1296303348866482177
1296303248006160385
1296303222592688130
1296303107136086016
1296303029273030656
1296303019479334915
1296303004237344771
1296302964273901570
1296302961367420929
1296302768895021057
1296302764637581314
1296302751425556482
1296302704709574656
1296302687361744896
1296302472047333376
1296302469690142725
1296302457128132608
1296302424861413380
1296302264546496513
1296302225585631232
1296302201732644866
1296302185790275589
1296302102579490818
1296301970475454467
1296301783300616193
1296301741739188224
1296301724718600192
1296301675192283136
1296301624659410949
1296301563980337152
1296301468329193472
1296301428902944773
1296301426293972992
1296301325479796736
1296301285008965633
1296301208697745410
1296301162635952128
1296300994901323779
1296300869819011079
1296300752420438016
1296300646883360768
1296300396449681409
1296300350912241664
1296300338736177153
1296300305395613698
1296300299733344256
1296300178555547648
1296299998674595841
1296299892323778565
1296299843019833344
1296299760450564096
1296299684248588290
1296299611376750592
1296299510826770432
1296299477649829888
1296299465939333121
1296299412281417733
1296299209180745728
1296299137504366597
1296299059851022336
1296299031849828353
1296299012350341120
1296298980272295937
1296298800231747584
1296298642324762624
1296298559847960577
1296298436107464704
1296298412795670528
1296298301118017536
1296298297599164418
1296298058607669255
1296298037892055040
1296297983042965504
1296297961555722250
1296297953632694273
1296297952395370496
1296297882870521857
1296297820102819840
1296297738745733123
1296297678226284544
1296297455357698048
1296297342245548033
1296297312243900416
1296297298956296193
1296297271848513543
1296297240261046272
1296297206803292160
1296297034379649024
1296296968277426177
1296296893878681602
1296296870923313152
1296296861179867137
1296296775989395456
1296296772189458433
1296296714786074624
1296296691214229506
1296296688471158786
1296296660029628416
1296296609219776512
1296296607827271681
1296296561731829762
1296296540793864194
1296296530664501248
1296296510003404800
1296296472812457984
1296296401492676610
1296296321188601861
1296296272899579904
1296296233871572993
1296296146759901184
1296296057828253697
1296295914559086593
1296295869134835715
1296295863027814401
1296295839707561984
1296295744635375618
1296295385779056640
1296295269345230849
1296295222054445057
1296295076356927488
1296295068001689600
1296294975563608065
1296294956923932673
1296294869942456325
1296294467427762176
1296294437794930688
1296294366265380867
1296294346757636104
1296294168361340933
1296294058042839043
1296294057270943744
1296294007761448960
1296293998152253441
1296293847518109697
1296293766849060864
1296293656215912449
1296293573269299206
1296293468805840897
1296293444168617989
1296293414938583040
1296293395456053254
1296293299699974151
1296293118933790721
1296293072913891329
1296293012239052802
1296292991485775873
1296292947772624896
1296292916663431168
1296292778058477568
1296292631173988354
1296292519442096130
1296292433144078337
1296292356686262274
1296292337102946304
1296292255930748929
1296292209466187776
1296292202658721792
1296292169431625730
1296292104600203264
1296291979815342081
1296291918524166144
1296291887347675136
1296291882956476417
1296291851192938497
1296291848860979200
1296291819811201025
1296291819521740801
1296291773770346497
1296291749715943424
1296291719244165123
1296291684154609664
1296291645747539970
1296291628496220160
1296291617083543554
1296291613652725760
1296291557721534464
1296291412556673024
1296291403635601409
1296291171141115904
1296291080758013952
1296291024977956865
1296290982003118080
1296290981587947523
1296290965380972544
1296290898029031424
1296290843125592065
1296290689261670402
1296290606453530626
1296290594101194753
1296290589374328833
1296290529039331328
1296290497267478529
1296290490371977217
1296290488509661184
1296290386118418437
1296290378862211077
1296290329130229762
1296290269944590339
1296290266081406978
1296290265297125377
1296290178877792262
1296290139124244480
1296290114004553728
1296290075182014465
1296290032655806465
1296289985851568128
1296289963646963712
1296289955774435334
1296289898303873024
1296289845325762560
1296289797363859457
1296289768771330048
1296289743039324161
1296289623296024580
1296289577938718721
1296289548205531136
1296289439845507074
1296289417456427009
1296289397617446913
1296289382870265856
1296289293976117248
1296289259796791297
1296289230046593024
1296289160949460993
1296289129123074054
1296289028136816640
1296288976450584576
1296288969773154304
1296288908683218944
1296288869353218049
1296288854316474368
1296288830912376832
1296288829926776833
1296288829704482817
1296288787283181568
1296288657310195713
1296288616562515972
1296288590868054016
1296288583255560193
1296288575844003841
1296288567828848640
1296288558647586816
1296288538577731584
1296288369782087680
1296288170066063360
1296288167121715202
1296288121882058753
1296288082862338048
1296288017116626945
1296287990264651776
1296287974137749505
1296287906777243648
1296287833867669505
1296287802741493760
1296287776925777921
1296287754003898368
1296287653306888192
1296287647711801346
1296287563238572032
1296287550114594817
1296287413434814471
1296287370472390657
1296287265405140994
1296287238469201922
1296287216075862016
1296287078515277824
1296287061507477504
1296286943907663879
1296286920180469765
1296286863666421760
1296286816409018369
1296286760046034946
1296286741842755584
1296286738520973313
1296286730044276736
1296286729364594688
1296286713434771456
1296286665619550208
1296286523222974464
1296286490985717760
1296286387440885762
1296286265705259009
1296286264195342336
1296286250266177536
1296286249418805248
1296286148176863239
1296286136176914433
1296286069630148613
1296286055495282692
1296286042547421186
1296286021538025472
1296286012478545921
1296285953632411648
1296285934556774401
1296285906547216385
1296285868928512003
1296285845268254720
1296285800037076992
1296285786791436288
1296285766197420032
1296285720777302017
1296285715769286656
1296285702540406786
1296285643241398277
1296285642977157121
1296285630381555712
1296285590841782276
1296285585036869632
1296285533845372928
1296285523884019714
1296285512869859329
1296285499292823554
1296285495346049026
1296285493819211777
1296285439003942913
1296285429822455809
1296285421601611777
1296285374378123264
1296285356107665408
1296285338977964032
1296285325040537600
1296285300508037120
1296285274100469760
1296285266328662016
1296285173575811072
1296285157628891136
1296285122598252545
1296285092936130562
1296285089140297730
1296285013030428673
1296285000527228930
1296284981421998081
1296284957871153153
1296284923662229504
1296284919279255553
1296284824962039809
1296284803852054528
1296284801167765504
1296284787435544576
1296284705785090053
1296284695223730176
1296284689481830402
1296284600646488064
1296284570996944897
1296284495654592514
1296284467951210502
1296284444035133440
1296284360795095042
1296284335503532032
1296284289483411456
1296284270529523713
1296284242658435072
1296284167450144772
1296284139520430080
1296284123636654081
1296283992401096704
1296283976169127937
1296283970888327168
1296283967973457920
1296283946733494273
1296283917436116992
1296283884217401344
1296283868765589506
1296283856497020928
1296283842173698048
1296283830119211008
1296283820921061376
1296283796564635649
1296283789270736897
1296283784216629249
1296283700934717441
1296283683440267264
1296283678121885697
1296283671939256321
1296283670744047617
1296283629107269634
1296283623054880770
1296283473162850304
1296283459586068481
1296283432436346882
1296283373095264256
1296283351028924416
1296283305722118145
1296283290433978369
1296283286478626816
1296283280262627329
1296283265569918984
1296283251573690368
1296283225900199936
1296283219625730049
1296283212499607554
1296283205968986113
1296283179695738880
1296283168438460416
1296283124259749893
1296283113102942208
1296283098758500353
1296283095889596417
1296283010829029378
1296282999080865794
1296282998153703424
1296282996157427713
1296282982823723009
1296282965559967744
1296282953920720896
1296282952410767361
1296282935449071616
1296282875948564481
1296282870282162176
1296282807245971457
1296282755056259075
1296282734164422656
1296282728246239232
1296282726031659008
1296282725226250241
1296282710042767363
1296282690191339520
1296282674839973888
1296282622713159680
1296282620792381441
1296282613204877312
1296282590819823616
1296282524939771907
1296282519021727745
1296282482552299521
1296282477367975937
1296282470053281798
1296282455918477315
1296282427304955904
1296282425572462592
1296282411265921029
1296282365925437440
1296282363266301952
1296282354332442624
1296282338964525057
1296282327803363328
1296282324670259201
1296282311483416576
1296282288800620545
1296282262284181505
1296282248522522625
1296282238682910722
1296282193908641792
1296282184429404160
1296282182659575808
1296282181694873603
1296282114623787019
1296282082511958016
1296282066523496455
1296282063881080833
1296282055169454080
1296282050002124800
1296282049255546882
1296282039533084673
1296282039428083713
1296282022780919810
1296282015424221184
1296282001977348096
1296282000693833729
1296282000165416960
1296281993525596160
1296281988387741697
1296281981895008256
1296281961196064769
1296281957089701890
1296281945119358978
1296281942271447040
1296281931798085637
1296281928228904960
1296281926634938368
1296281922214088704
1296281917797670919
1296281903100653568
1296281892459819008
1296281891671220224
1296281880069672960
1296281879952359425
1296281878304096256
1296281877309992963
1296281872167776256
1296281860578869249
1296281859266154500
1296281854404853761
1296281853385678848
1296281851456258048
1296281843927580676
1296281838755995654
1296281838714064896
1296281834016260096
1296281831617318912
1296281829281013760
1296281819428487170
1296281816853176321
1296281815041355776
1296281807588130816
1296281785857441794
1296281784947224578
1296281783428939776
1296281776067878913
1296281769566756864
1296281768329392128
1296281763145289730
1296281760137908224
1296281750683951109
1296281742094086146
1296281731352461312
1296281724213776385
1296281722414231552
1296281713966891008
1296281713887318017
1296281711257452544
1296281705343483906
1296281703590309888
1296281702009131009
1296281701895647233
1296281697688997888
1296281697588260864
1296281687178063872
1296281686297190401
1296281679410208769
1296281678692913152
1296281678143528960
1296281676239101952
1296281675995869184
1296281666818899970
1296281656542859264
1296281656358141952
1296281655267790848
1296281644018565120
1296281636242362373
1296281635755905025
1296281634417844224
1296281632501006336
1296281608060833796
1296281600783720449
1296281589807230976
1296281588096016385
1296281586032410624
1296281584581124096
1296281580005097472
1296281575349456898
1296281574548426764
1296281573067640832
1296281570618167298
1296281566365118464
1296281563395694593
1296281561772433408
1296281558089859072
1296281557515345920
1296281550099709960
1296281549202219008
1296281546291281921
1296281540700319744
1296281537298796544
1296281532416569344
1296281531560988672
1296281527710633984
1296281525558837248
1296281517140975623
1296281511776391168
1296281509901500416
1296281507548532737
1296281504805527559
1296281503694028800
1296281503496908800
1296281502834196480
1296281502137954304
1296281490054094855
1296281487462076416
1296281477978763264
1296281477051817984
1296281476758212608
1296281473927000066
1296281472916168707
1296281465836142598
1296281463705534465
1296281463432904705
1296281462170251271
1296281461969096705
1296281455597953024
1296281454058430464
1296281450392825857
1296281449860083713
1296281447511334917
1296281444877078529
1296281443568701446
1296281440838209537
1296281434722836481
1296281432067911680
1296281421242413058
1296281419828940801
1296281408038735877
1296281404561592320
1296281400576966656
1296281400031752194
1296281396516982784
1296281396504223744
1296281383560785921
1296281380649938945
1296281375369302017
1296281374425579520
1296281367701909505
1296281357879042049
1296281355265945601
1296281339319029760
1296281337423224833
1296281317164953600
1296281312794480640
1296281309124407297
1296281286760374280
1296281283329392641
1296281266954866689
1296281266237706241
1296281250806849538
1296281198130536449
1296281172494954497
1296281067926753281
1296280918089441280
1296280866386112514
1296280810094551040
1296280730201239552
1296280713868849152
1296280691894820864
1296280689596219392
1296280653638623232
1296280586747871234
1296280511334162432
1296280444221247488
1296280413191712769
1296280409257447429
1296280339216830464
1296280305955872769
1296280236900798465
1296280234459791360
1296280191900061696
1296280183385669633
1296280180282068994
1296280167267082241
1296280164561715200
1296280161512456199
1296280066297606145
1296280029979193344
1296280012849582082
1296279988820475912
1296279927830925312
1296279925457117185
1296279810780536832
1296279791885156353
1296279603326201862
1296279546979704832
1296279402431631361
1296279377018265601
1296279222672068611
1296279095412772864
1296279093642768384
1296279087753777153
1296279012591964161
1296278980161679363
1296278975958913028
1296278871873069056
1296278850742169608
1296278849043550208
1296278834824781829
1296278829770715137
1296278732555026434
1296278720639049728
1296278718071975936
1296278547280125954
1296278528183480322
1296278516942528512
1296278411070111745
1296278287891800067
1296278240491966465
1296278159340560384
1296278147843989504
1296277871531421698
1296277830225944578
1296277821506060288
1296277775226212354
1296277481209696259
1296277477413748743
1296277309050290177
1296277235238760449
1296277233787691008
1296277188786950144
1296277179521802240
1296277138920923140
1296277109975982092
1296277099729182726
1296277037137756161
1296276975254941696
1296276930447253506
1296276895252779010
1296276593682214912
1296276513063657475
1296276504360427522
1296276337875750914
1296276227406417921
1296276198658580486
1296276180677656577
1296276055402020865
1296276034980130817
1296275849847726081
1296275802934345730
1296275746005102592
1296275659434713090
1296275570704121857
1296275552760991745
1296275530761863174
1296275434057891846
1296275254512365569
1296275230097313793
1296275096089145344
1296275092180271104
1296275070671716353
1296275016435355649
1296275008331886594
1296275006880485379
1296275003902746624
1296275001197436928
1296274940673560576
1296274921576857600
1296274909673533440
1296274887963811840
1296274831386664960
1296274795592593408
1296274657377751041
1296274652126470146
1296274628260827138
1296274599932395520
1296274579925671937
1296274565165916161
1296274515010486273
1296274385846796288
1296274367299682304
1296274185052921857
1296274075069878273
1296273991473266694
1296273983281614849
1296273944199098368
1296273856139755521
1296273832458649600
1296273802712748038
1296273768374046723
1296273716201033728
1296273610936659968
1296273578913140741
1296273377376829441
1296273345537806339
1296273335958085632
1296273303456251906
1296273259621683201
1296273252365537282
1296273233889693698
1296273097503453185
1296273075088945154
1296272829898469376
1296272795077414912
1296272760822530054
1296272691159277568
1296272667830415360
1296272667587284992
1296272579767013378
1296272414616281090
1296272398778617861
1296272390545182721
1296272367652487168
1296272291756728321
1296272236085747718
1296272042938048514
1296271990525956097
1296271802088468483
1296271789987946496
1296271724929904641
1296271670785781760
1296271607388950529
1296271585616302081
1296271454946893831
1296271406955737088
1296271332900995078
1296271290379239424
1296271262961020928
1296271192320438272
1296270913202077696
1296270901017812992
1296270896622075910
1296270824823906304
1296270749402112003
1296270728392634368
1296270718351691776
1296270715591761921
1296270681433427968
1296270603817820160
1296270522913873926
1296270505692073984
1296270500323299328
1296270419247468549
1296270386317926400
1296270342227398661
1296270229698273280
1296270166062505984
1296270155031314432
1296270133271203842
1296270126233325570
1296270124761186305
1296270050534608896
1296270035325988864
1296270003495460865
1296269998537801728
1296269876827430912
1296269830094557185
1296269805826322433
1296269778424860673
1296269742840266752
1296269724553224198
1296269659583348736
1296269649852559361
1296269617745350657
1296269565069008896
1296269550879682560
1296269488611090433
1296269446164746240
1296269343928586241
1296269200478965760
1296269159349788672
1296269158380900353
1296269157328199682
1296269015036203009
1296268968110338048
1296268953040367617
1296268943968079882
1296268931041300482
1296268905078566914
1296268888481632256
1296268879648432130
1296268872992141314
1296268868504227840
1296268850023903232
1296268713595932673
1296268630880137221
1296268622420152320
1296268536671866880
1296268410834362368
1296268277010882560
1296268224346984454
1296268193674211328
1296268193321742336
1296268062551879687
1296268051512320001
1296268024652103681
1296267936806645760
1296267820720893958
1296267810327482370
1296267804681875459
1296267731029893120
1296267694329565185
1296267673119186951
1296267640428732416
1296267614642147329
1296267611114811394
1296267508492767232
1296267484463603714
1296267435499282432
1296267421809074176
1296267413265285122
1296267409033175041
1296267291894730753
1296267082343096322
1296267059303784448
1296267055247831042
1296267023392157698
1296266956320976897
1296266763253014533
1296266741388128261
1296266712682201088
1296266682789326848
1296266620772515841
1296266489478225920
1296266488689627136
1296266485682384896
1296266474647162880
1296266451100336130
1296266333190053888
1296266324365250560
1296266315070689283
1296266314038808578
1296266307462205442
1296266289795796994
1296266200742334466
1296266194912239617
1296266144739995652
1296266133050232832
1296266122229161989
1296266120853254144
1296266110573125632
1296265966838480896
1296265907543707652
1296265847326085123
1296265833811976192
1296265832822185986
1296265800471531521
1296265785585745920
1296265771920707585
1296265743475122178
1296265736181121025
1296265713485832192
1296265681017634816
1296265664793964544
1296265651619733506
1296265650499989506
1296265649182801921
1296265507071569928
1296265389987561478
1296265385881161728
1296265373906608130
1296265373390602240
1296265310933323776
1296265307909001217
1296265225533108225
1296265212891402242
1296265202749644800
1296265200690176000
1296265170814152704
1296265140954959874
1296265101541027840
1296265071371464704
1296265054757806086
1296265039943327744
1296265013120966661
1296265012093345792
1296265010310606850
1296265002740002819
1296264985195274248
1296264963221225473
1296264959433867264
1296264942761500672
1296264939406004224
1296264931331973120
1296264823651684405
1296264800742383618
1296264787790385160
1296264779959373825
1296264778395127808
1296264741871116289
1296264684308496384
1296264683545075713
1296264683335430150
1296264675089362945
1296264671826042880
1296264647809671169
1296264638879825920
1296264631720251399
1296264624418021376
1296264622421487616
1296264620664066048
1296264620546625536
1296264616490795009
1296264555224539136
1296264546206846976
1296264532453621760
1296264525449236483
1296264472634548225
1296264470512250880
1296264469325189127
1296264457761554435
1296264438056615936
1296264427277361152
1296264421266690048
1296264414480535554
1296264409183129602
1296264395455180803
1296264391797534720
1296264389608255489
1296264380728971264
1296264359392546819
1296264353973510145
1296264328065228801
1296264315557695488
1296264303301935104
1296264301746028545
1296264298717732864
1296264297857912835
1296264295228092417
1296264239020040192
1296264233445982208
1296264231218601985
1296264223501295616
1296264206463848448
1296264199828418561
1296264180169879552
1296264141066428416
1296264129179770885
1296264117154721792
1296264107793014786
1296264081041752064
1296264070631497729
1296264043007627264
1296264035541962757
1296264031888642048
1296263963190022144
1296263952557584385
1296263895531880449
1296263882495758337
1296263881925558275
1296263771325894656
1296263737062469632
1296263733333852162
1296263721455509504
1296263705169199104
1296263669471481856
1296263639893073920
1296263433206116352
1296263417653755907
1296263386859151360
1296263333448998914
1296263285180948483
1296263245087596544
1296263197175971840
1296263127160496128
1296263103726804993
1296263081660764160
1296263000391929856
1296262995928969217
1296262850948657152
1296262753129095169
1296262691716247555
1296262672284028930
1296262649668415490
1296262527500931073
1296262499315015686
1296262469963440131
1296262435955933185
1296262425734524928
1296262423578644480
1296262382084214784
1296262378133368832
1296262293487906816
1296262253826707456
1296262235342270464
1296262209320951809
1296262193953017856
1296262085328932865
1296262070925692928
1296262049119576064
1296261885482999809
1296261873327906817
1296261783498498050
1296261728347578373
1296261679253250048
1296261591613284355
1296261582973030400
1296261580082966530
1296261573556625409
1296261542518956032
1296261415842377733
1296261371806580736
1296261299920412675
1296261290848124928
1296261119213010944
1296261077747953664
1296261044180901888
1296260991370420224
1296260987633299457
1296260918410608652
1296260911305568258
1296260842787426304
1296260783115046912
1296260727901171713
1296260656040038401
1296260526104645632
1296260490461696000
1296260395338956800
1296260348245409794
1296260284299071488
1296260114937270272
1296260109782458368
1296259947345383426
1296259924843024384
1296259910741696513
1296259909512814592
1296259841246330881
1296259838910103552
1296259808861986816
1296259777677361153
1296259677919965184
1296259549587025921
1296259503294427141
1296259372360716288
1296259258531618818
1296259185126985731
1296259050020261888
1296258957401444352
1296258926959370240
1296258914867085312
1296258888694718465
1296258880285159424
1296258802325520384
1296258696767516673
1296258646758883330
1296258629264461824
1296258611878871040
1296258611144994818
1296258463824322561
1296258453485297664
1296258440705257474
1296258323512274944
1296258217153003522
1296258216951717890
1296258214904963072
1296258178758463489
1296258175604264960
1296258174593294336
1296258149184180224
1296258090640142336
1296258087389732865
1296257973354999809
1296257823005908992
1296257785462693888
1296257641329709056
1296257617547923458
1296257617430552576
1296257602674995201
1296257562313216004
1296257396705296384
1296257237267226624
1296257224554115075
1296257180950245378
1296257007704592384
1296256942180974592
1296256861327380481
1296256838619537409
1296256763411468289
1296256654611185665
1296256465938898945
1296256434808782849
1296256430815633408
1296256426466140160
1296256386536480768
1296256308790923264
1296256276075286530
1296256192780685312
1296256152695578624
1296256124216377347
1296256104872247296
1296256094315008001
1296255912680787968
1296255895668527104
1296255790655963136
1296255750713483265
1296255630366453761
1296255547377963010
1296255489915977728
1296255489647554560
1296255478129922055
1296255471540740101
1296255446374899713
1296255430096752642
1296255390800318464
1296255384810926081
1296255258792886272
1296255193819090944
1296255191260573696
1296255089007501312
1296255077796073472
1296255065204891649
1296255063367618560
1296255005377409034
1296254994207965187
1296254977074135041
1296254794751864834
1296254782806659073
1296254716297523201
1296254694608707584
1296254663147192320
1296254389565501440
1296254374285471744
1296254370271690752
1296254302797746176
1296254215887769600
1296254168789811201
1296254097344135170
1296254094542286854
1296254061138804745
1296254042402770945
1296254022165262336
1296253974253834241
1296253951394713600
1296253938572894209
1296253925750968321
1296253917961936896
1296253896357224448
1296253855701794821
1296253759312470019
1296253759115472896
1296253752366845952
1296253681407610882
1296253576059260929
1296253574041616384
1296253563937710083
1296253506215608321
1296253402192773120
1296253333980745732
1296253266838335489
1296253232210034690
1296253231727878145
1296253096184750083
1296252868836630529
1296252863941935105
1296252789069418497
1296252746153308160
1296252589936447488
1296252589701574667
1296252552590360587
1296252529710215169
1296252491592544259
1296252474085515264
1296252473670328320
1296252419190398980
1296252409451290624
1296252370922483712
1296252180958191617
1296252172573855744
1296252152457953281
1296252138411220993
1296252096107425793
1296252082182209536
1296252070433976320
1296252059340152833
1296252013186027522
1296251897540730881
1296251726064947202
1296251602077126658
1296251425924628480
1296251421856272384
1296251347818303488
1296251335977979905
1296251333885022209
1296251313219465219
1296251311512485896
1296251278008422400
1296251252268032000
1296251237759950848
1296251179501064194
1296251177483542535
1296251154997874689
1296251077940191232
1296250983408906240
1296250927888969728
1296250913422823424
1296250822003654657
1296250809831886850
1296250773953798146
1296250698787483650
1296250675849043969
1296250653048807424
1296250585667313666
1296250510773633024
1296250464133156866
1296250454150717441
1296250381123514368
1296250309824712704
1296250305676562435
1296250292258975744
1296250122423209984
1296250098796630017
1296250055670870016
1296250041036922880
1296249851282366466
1296249697171013635
1296249684034334720
1296249651365138433
1296249628199976960
1296249599288438784
1296249477720809472
1296249346162401286
1296249331306180608
1296249317389369344
1296249243607285765
1296249179581214720
1296249078293180417
1296249004251140096
1296248969022980096
1296248920712998913
1296248865864089601
1296248717192966152
1296248707260624896
1296248677477093376
1296248640923672581
1296248480973885441
1296248316318101505
1296248300253978624
1296248299339632640
1296248287327068160
1296248137544171521
1296248123161903104
1296248114588930048
1296248038151815173
1296247950369329153
1296247910124982273
1296247817816743937
1296247736577269760
1296247687688286208
1296247575868186625
1296247548974444544
1296247445433864192
1296247410046296064
1296247395311915008
1296247376038961152
1296247187010027520
1296247151497027587
1296247008731074561
1296246946429120514
1296246893723385857
1296246883006976001
1296246847804252162
1296246824962056192
1296246767294455808
1296246741121957889
1296246653981044737
1296246535970263041
1296246447818539010
1296246443821486082
1296246290754473985
1296246289580150796
1296246280390414339
1296246157514088448
1296246032758693889
1296245846909112320
1296245820904308736
1296245762351861760
1296245726377209856
1296245719557439488
1296245668038823936
1296245654717693955
1296245647809687553
1296245532684410885
1296245418033139713
1296245402916749313
1296245381521530880
1296245345584910351
1296245337351389186
1296245324609011713
1296245310214279168
1296245254979428352
1296245183428931585
1296245147747975169
1296245060670050304
1296245015291801601
1296244992126656513
1296244966281420803
1296244933532286976
1296244906751655937
1296244794621071362
1296244482052984833
1296244454731526145
1296244394929147904
1296244362028998656
1296244310061481988
1296244280940466176
1296244192566484993
1296244052204060674
1296243901171466240
1296243886319271936
1296243812709404673
1296243799950340096
1296243788785037312
1296243691171057664
1296243634245734402
1296243532382994432
1296243457078382592
1296243410437902337
1296243393258049536
1296243357317046273
1296243339025625088
1296243307773931521
1296243113590169600
1296243103817400323
1296243034527424513
1296243031318962179
1296242930928189440
1296242853123940352
1296242829325467649
1296242788498055169
1296242704490336262
1296242655723229184
1296242653978398725
1296242610143625216
1296242538542555136
1296242205770817542
1296242152985571335
1296242090389598208
1296242059079122945
1296241967123202048
1296241765704298496
1296241692421419008
1296241665691332610
1296241655549501441
1296241582094659585
1296241568177848321
1296241536250806275
1296241507637370880
1296241443481309184
1296241411474554881
1296241403853504512
1296241403198967814
1296241361696378882
1296241273419042816
1296241214593748994
1296241083257688065
1296241068971823104
1296241025527287811
1296240996183756800
1296240975027875842
1296240879469027329
1296240866244190209
1296240776666648576
1296240734316777472
1296240725806460929
1296240700787310592
1296240546709557248
1296240315981012995
1296240290496274433
1296240283089276928
1296240225413410816
1296240225241272322
1296240154462392320
1296240141464371200
1296240114545369093
1296239950636240897
1296239909242535936
1296239803588124673
1296239701095878657
1296239628266110977
1296239596313837568
1296239595844186113
1296239524373135362
1296239517670576128
1296239419330932736
1296239294408011776
1296239106352087040
1296239098743537664
1296239083417513985
1296238991839240192
1296238965939302400
1296238911518318594
1296238893960855552
1296238859966185472
1296238655917391873
1296238507682197504
1296238505128079364
1296238375905763330
1296238355701616641
1296238349951393792
1296238260428120064
1296238254937665536
1296238230170370054
1296238226861166592
1296238080521715712
1296238035747704832
1296238027992436736
1296237762597629954
1296237729894797318
1296237701117571072
1296237681832267776
1296237653080387584
1296237540438093824
1296237520137728005
1296237395864690691
1296237364101238786
1296237328453820417
1296237324968361984
1296237299089383425
1296237276524052480
1296237265979662336
1296237175730843652
1296237073486274562
1296236964228866048
1296236915776200705
1296236902916530178
1296236856326012928
1296236853713162240
1296236788546183169
1296236769101438976
1296236698549002241
1296236625106579457
1296236455535218689
1296236385054208000
1296236182880256000
1296236138022277121
1296236061383778304
1296236037488820225
1296236032388550657
1296236023756853251
1296236001354870785
1296235856920010754
1296235788737355781
1296235751185711106
1296235751089352706
1296235604477435905
1296235590229331969
1296235520796827650
