1290029540408926208
1290029539259817984
1290029485773840385
1290029459567865856
1290029273151967232
1290029254344708098
1290029232857337856
1290029018071224321
1290028999872147456
1290028998802595840
1290028853386067970
1290028661039484929
1290028644321067008
1290028629905281025
1290028348010192896
1290028214895640578
1290028193794023424
1290027941380755456
1290027920241487872
1290027896774332417
1290027858128232449
1290027777471713280
1290027638824681473
1290027516929941506
1290027375149760512
1290027237522018306
1290027136754089985
1290027100447969280
1290027093485588480
1290027089425571842
1290027081473040385
1290027032751964165
1290026912841048065
1290026692698750976
1290026657898610690
1290026574788485121
1290026462750240769
1290026431599214594
1290026414364749824
1290026270000943104
1290026156154994688
1290026081194577920
1290026065134460928
1290026030439124993
1290026001527902212
1290025956392853504
1290025851141070850
1290025646341595136
1290025645074821120
1290025642835156994
1290025570542084098
1290025552158420992
1290025517513490432
1290025512278978560
1290025496600670208
1290025482998579200
1290025454393425920
1290025441927938048
1290025427046629376
1290025269248499712
1290025201900482561
1290025146418421760
1290025080244887563
1290025047743242241
1290025023869079552
1290024877181681665
1290024876703506432
1290024834974416897
1290024820680224768
1290024784890191877
1290024642426486784
1290024558792122368
1290024500734513154
1290024403783127040
1290024262678360065
1290024160949764096
1290024111129976832
1290024106591547392
1290024090988761088
1290023919542394880
1290023891268763655
1290023769583452161
1290023411721187329
1290023379081334784
1290023341093302274
1290023287515357184
1290023146737655808
1290023139766919168
1290023082334142464
1290023053989208065
1290023051715735552
1290023045055184897
1290023013799231488
1290022938985414657
1290022937328676864
1290022912775327744
1290022852163276800
1290022767031537664
1290022717031215106
1290022691013967872
1290022672378675201
1290022516631764993
1290022497698459649
1290022472960671744
1290022398750679040
1290022349970890752
1290022242240196608
1290022215656726528
1290022207268073472
1290022189492654080
1290022175982759937
1290022173420081152
1290022137432903680
1290022063856668672
1290022029236740097
1290021959934197760
1290021921745063937
1290021667964624896
1290021661706579968
1290021634062000128
1290021583784837121
1290021232021143552
1290021172797566976
1290021050382614528
1290021031818563586
1290021031432749056
1290020968379760640
1290020892416778240
1290020744148131840
1290020722430025734
1290020682328416257
1290020444192387072
1290020442774712322
1290020439402532864
1290020336663224320
1290020329868464136
1290020328555474944
1290020288210653184
1290020274075602945
1290020228219285504
1290020041816064001
1290020017388449792
1290019941807091713
1290019931845611520
1290019910840590337
1290019904259682306
1290019722386268160
1290019664387440640
1290019504274018307
1290019492618100737
1290019441883803649
1290019402360844288
1290019396333658113
1290019255115636736
1290019174987657217
1290019074886443008
1290019055332741121
1290019054447665152
1290019011334418432
1290018988550807552
1290018897702162432
1290018855708852224
1290018738721263620
1290018684161859584
1290018676805005313
1290018547759034369
1290018422567313410
1290018278379859970
1290018256263290882
1290018255004774401
1290018242354769920
1290018224147333120
1290018154454949888
1290018102323945475
1290017994991493120
1290017901957718016
1290017878943522816
1290017869359509510
1290017860434055169
1290017646771965953
1290017576181854209
1290017532997283841
1290017485580718080
1290017377883570176
1290017274167009285
1290017206588211201
1290017075767853057
1290016972990636033
1290016902387920897
1290016890656440321
1290016880627875845
1290016829583351809
1290016810050310144
1290016704697753601
1290016663820263425
1290016654307409920
1290016542042750978
1290016393862103040
1290016320797339649
1290016281354096640
1290016122461229056
1290015979942981633
1290015917494042625
1290015913232576512
1290015834702639104
1290015802922541056
1290015782378774529
1290015765022744577
1290015748060979200
1290015740217581568
1290015554774786048
1290015543588605954
1290015536517013504
1290015494959849473
1290015489121345538
1290015464039432193
1290015371181735936
1290015360523984896
1290015240952766465
1290015190428405760
1290015160275353601
1290015144202792960
1290014947343101952
1290014936307912704
1290014853931786240
1290014782892908544
1290014774596481024
1290014771530444802
1290014702181986304
1290014676009357313
1290014594845380608
1290014556744568833
1290014506924507137
1290014504550424577
1290014490767929345
1290014473369968641
1290014443078684673
1290014423613157376
1290014360547385346
1290014316821790720
1290014025422499840
1290013969034297345
1290013890848460800
1290013889774534656
1290013867536297984
1290013840130732034
1290013793502683136
1290013770123624448
1290013659926855680
1290013622832267265
1290013598782128129
1290013576934182913
1290013526728163328
1290013465101312005
1290013387145924608
1290013371840913408
1290013316077596672
1290013286885289984
1290013276638793736
1290013144941764608
1290013103820693504
1290013081087557633
1290013054546202625
1290013026620338176
1290013004059168769
1290012921003520001
1290012894684311552
1290012737565683712
1290012730364170245
1290012589427060737
1290012409298481153
1290012312154193922
1290012265996001285
1290012214494199817
1290012019748413442
1290011999061962753
1290011991017308161
1290011792362467328
1290011738671374336
1290011590260129795
1290011486245527552
1290011439348903937
1290011371615055873
1290011297644294147
1290011227435884544
1290010996652703744
1290010941820555266
1290010818554126336
1290010706415296512
1290010626320818176
1290010531152031744
1290010327443222540
1290010281859354625
1290010204768096256
1290010170047655936
1290010113500209152
1290009988304429068
1290009879361462273
1290009821446582274
1290009750122319872
1290009733701808131
1290009719323598848
1290009684951224321
1290009630995886083
1290009596812173312
1290009515467841537
1290009487881854976
1290009250387750913
1290009183681540098
1290009181013946368
1290009151163084801
1290009070976434178
1290009048637612032
1290009022037233664
1290008971848249344
1290008942119018496
1290008935986892800
1290008870346055682
1290008538010357760
1290008407370473472
1290008358301446145
1290008357458173952
1290008259336732672
1290008169092063232
1290008058236530688
1290008050640678912
1290007881052385280
1290007783752912896
1290007728660729856
1290007687246360582
1290007639598854144
1290007588126384128
1290007488742350848
1290007400951492608
1290007298950098944
1290007296282464256
1290007132671053824
1290007095656345600
1290007083450949632
1290006817708429318
1290006804852875265
1290006802705207298
1290006695804956672
1290006618239725568
1290006514694934528
1290006436626362369
1290006149480230912
1290005970286866433
1290005885453033472
1290005798735806466
1290005775537131520
1290005709262934016
1290005677700714499
1290005675691536384
1290005579143012354
1290005565930737664
1290005386058031106
1290005332350005248
1290005229866369025
1290005063998439424
1290005053936250881
1290005037964435456
1290005015755517952
1290005000848994305
1290004993651572736
1290004933803012096
1290004931282378753
1290004930619740161
1290004884125650944
1290004859953938432
1290004821919973377
1290004714726109186
1290004628512227328
1290004624057856002
1290004607934971904
1290004596379787264
1290004566604279816
1290004433669992448
1290004400434364416
1290004296478597121
1290004213867655173
1290004196515708928
1290004177406418944
1290004169206583296
1290004107084754944
1290003957431988224
1290003891468173312
1290003864515563521
1290003854671540225
1290003781078282240
1290003723712790528
1290003664795389959
1290003553935699968
1290003458255331328
1290003346321940480
1290003300994019330
1290003156919713792
1290002979496398849
1290002896919158786
1290002797560311811
1290002714085081089
1290002577233510406
1290002393606680576
1290002272240377856
1290002244004270080
1290002192586248192
1290002130015621122
1290002073585512448
1290002052626747395
1290002026571554816
1290001990446006275
1290001967238897664
1290001945533411328
1290001841745534981
1290001751421067264
1290001684127608832
1290001536722989057
1290001527776649217
1290001488979214336
1290001488933040130
1290001432834236422
1290001026905325568
1290000975323787264
1290000919011061761
1290000918654533633
1290000891144069120
1290000886127661057
1290000839449276417
1290000831308210178
1290000759849771009
1290000718959480832
1290000690895622145
1290000531507666944
1290000388616118272
1290000252099993602
1290000251059748864
1290000195824967681
1290000111758696449
1290000091269328897
1290000049817055233
1290000003285434368
1289999995790192641
1289999989788168192
1289999935518027776
1289999888508280832
1289999793532612610
1289999771550113792
1289999740164161536
1289999698967724032
1289999564489990144
1289999543556284416
1289999510228197381
1289999509313982467
1289999454259429376
1289999452955193344
1289999451239505925
1289999450056921090
1289999446420283392
1289999445120040961
1289999441785585665
1289999439441035271
1289999437411094528
1289999435225640960
1289999389583237120
1289999368972455941
1289999361837948928
1289999339612286977
1289999337074745345
1289999309581279232
1289999247811600384
1289999172335091713
1289999129045659648
1289999049819451392
1289998973713805313
1289998962699710464
1289998948363653121
1289998932584538112
1289998914825752576
1289998880432693248
1289998860677345280
1289998857703526402
1289998851395338240
1289998827605258242
1289998793115447296
1289998588442030080
1289998584520355841
1289998403070377984
1289998367301410816
1289998156843716609
1289998070206197761
1289998006763233282
1289997950039601159
1289997902815748099
1289997899183665153
1289997886336323584
1289997829734150144
1289997827041501185
1289997700042117120
1289997684263342080
1289997625199009796
1289997549118476289
1289997546224365569
1289997535889637376
1289997513693343744
1289997355069014016
1289997346395193345
1289997276929089536
1289997258147020800
1289997249489977345
1289997165281062913
1289997101410029568
1289997086063120386
1289997055281303555
1289996974662418436
1289996876847161345
1289996827308113921
1289996725994663938
1289996672030748672
1289996657292013570
1289996500198555649
1289996494880116736
1289996447853580288
1289996445081272321
1289996444561154048
1289996415721066502
1289996323706396673
1289996208623235072
1289996178642202624
1289996089559363584
1289996005820129280
1289995979832229890
1289995971565420546
1289995952518914048
1289995917018324993
1289995788882337792
1289995759086186497
1289995747891453952
1289995693227008000
1289995587299848193
1289995470769491968
1289995454814412800
1289995435340255232
1289995379543597056
1289995353383673860
1289995249587089410
1289995231627055105
1289995154179334144
1289994999312965632
1289994915062132737
1289994900428095489
1289994754785083392
1289994708580593664
1289994500321038337
1289994424982761474
1289994400433500160
1289994323304386561
1289994296771444739
1289994293248229376
1289994275808325632
1289994245751808000
1289994135559004160
1289994088893169665
1289994004273098753
1289993850451181568
1289993796894117888
1289993766233751552
1289993744968630272
1289993709237309441
1289993692481290242
1289993530644070403
1289993503653519360
1289993406760931328
1289993346702700544
1289993291799257089
1289993230679867395
1289993228922413056
1289993215307739138
1289993100752953345
1289993051557912576
1289993037750263810
1289992968414220289
1289992943567175680
1289992783638466560
1289992778009600000
1289992775140888579
1289992741494108162
1289992695033692160
1289992611940519936
1289992606001147904
1289992551601061888
1289992339675586574
1289992338987597825
1289992338140323840
1289992336504545282
1289992335774818304
1289992252413026305
1289992196188303360
1289992061215629314
1289991926414864391
1289991864284717057
1289991814548803585
1289991732575182850
1289991479499186176
1289991394967183360
1289991393167867904
1289991339086475265
1289991325350162432
1289991257855528962
1289991185038077952
1289991168441253888
1289991075768045568
1289991040842137600
1289990967160954880
1289990934633967617
1289990928262807553
1289990907513585664
1289990829986086913
1289990698784055296
1289990578478882816
1289990552117682176
1289990492944359425
1289990473075945473
1289990376372097024
1289990367597621248
1289990325281230848
1289990207991775233
1289990205060067329
1289990108012142593
1289990060553601025
1289990052915732480
1289989976466235393
1289989958329982977
1289989940114153472
1289989810208354304
1289989752125440000
1289989647775367170
1289989628934545413
1289989624857686017
1289989617681338369
1289989609426841600
1289989548659871744
1289989533082120193
1289989364773093376
1289989348004306944
1289989191648989185
1289989092080590848
1289989073663332352
1289989008702033933
1289988933363757056
1289988901466066944
1289988869404811265
1289988618786762752
1289988274442797056
1289988266771353600
1289988109656944640
1289988098202378240
1289988083438350336
1289988006258995200
1289987992577163264
1289987954891350016
1289987920900714496
1289987916370833408
1289987813732020230
1289987727350329344
1289987598400790528
1289987577987006464
1289987560937144321
1289987496986566658
1289987490309238784
1289987460177342465
1289987437138124800
1289987412303712256
1289987355370086400
1289987328623009792
1289987255679901696
1289987214881861633
1289987188713717767
1289987054055563264
1289987029019684864
1289986949902553088
1289986911550005253
1289986908584435712
1289986872240820226
1289986815550685185
1289986696365236225
1289986688098267137
1289986680586461184
1289986655806296064
1289986576655646722
1289986447852752897
1289986268416204801
1289986203421413382
1289986180012900354
1289986172152737792
1289986111373115392
1289986105580949505
1289986096961470465
1289986043739963393
1289985931307634688
1289985901108420608
1289985851175260160
1289985711215648769
1289985543103582208
1289985479958388736
1289985412522377217
1289985363981737984
1289985297426464769
1289985222591668224
1289985206271635457
1289985204036046849
1289985189314039810
1289985109186105344
1289985107852431360
1289985104631095296
1289985005611958272
1289984999517638656
1289984966747500545
1289984887424860161
1289984756717740032
1289984717035433984
1289984612991606785
1289984589931245568
1289984472344125440
1289984465100394497
1289984457189941248
1289984409853018113
1289984391561666560
1289984374977396736
1289984311119302658
1289984281268420609
1289984259625639938
1289984248766636033
1289984226675159042
1289984088867102721
1289984038610976768
1289984004305743873
1289983898366046208
1289983870566375430
1289983754279288833
1289983744791597056
1289983725909028866
1289983702915670016
1289983688944410625
1289983653464780800
1289983640059801606
1289983591095472128
1289983563194986497
1289983539782602752
1289983528906571778
1289983507947589634
1289983454499581952
1289983365643481089
1289983361180667905
1289983338728443904
1289983304825888769
1289983273154666496
1289983242603356160
1289983238883221507
1289983229693317121
1289983175897124864
1289983162139828224
1289982978681012226
1289982922443849730
1289982899702251521
1289982885911560192
1289982774439378946
1289982760157761536
1289982649486856192
1289982561616187392
1289982530108534786
1289982490699018241
1289982359857659905
1289982335404986369
1289982200922791939
1289982172649025536
1289982147437051906
1289982118169206786
1289982083469778944
1289982057897066497
1289982012481126405
1289981968977821701
1289981946945105921
1289981921217449984
1289981899201363968
1289981885322428417
1289981878045306881
1289981784097271808
1289981733111128064
1289981726219886592
1289981666900021248
1289981644326293509
1289981628081508358
1289981626898939907
1289981574482599937
1289981562172317697
1289981442252869634
1289981406542565376
1289981402159620097
1289981363462971392
1289981310547537920
1289981262262702080
1289981231006773249
1289981210626727937
1289981161247330305
1289981124697976833
1289981116657668097
1289981099058376705
1289981068716593152
1289981008574521345
1289980847408525313
1289980833491607554
1289980794950127617
1289980741888151554
1289980738906005504
1289980567673425922
1289980567530778624
1289980546005655552
1289980535972847617
1289980426962927618
1289980416653320193
1289980359568846848
1289980267596308482
1289980254799294465
1289980187384274944
1289980180476264449
1289980138457714688
1289979987681054725
1289979979325796352
1289979896136118272
1289979871905497088
1289979634214301696
1289979577339654145
1289979561468293120
1289979550093451265
1289979494598508544
1289979479633231873
1289979424398434304
1289979342139858945
1289979282953969666
1289979173629394944
1289979100153573376
1289979070260772865
1289979056100749317
1289978956045721602
1289978661613867009
1289978660502421505
1289978648682995712
1289978635630211073
1289978510388363264
1289978502561689600
1289978434186166274
1289978391630880771
1289978390246653953
1289978377017802753
1289978345850114048
1289978330125484032
1289978215243452416
1289978140047990784
1289978014621548544
1289978007835222018
1289977849529548801
1289977814490345475
1289977811739070469
1289977806789709824
1289977793258950658
1289977790083633152
1289977770181906433
1289977752527855617
1289977729207668739
1289977711092469760
1289977634739240960
1289977606939402240
1289977567336833024
1289977527151104002
1289977517630078976
1289977509983866882
1289977408196493313
1289977357026177025
1289977297030623232
1289977292916105217
1289977111982141440
1289977089701998598
1289977038321770496
1289976995422572546
1289976969568776192
1289976898487857157
1289976816745107458
1289976776433627138
1289976765113229312
1289976758545121280
1289976757320323072
1289976653297250305
1289976603338895361
1289976439652200454
1289976426821640192
1289976418894401536
1289976395808948224
1289976393111965698
1289976348346261504
1289976326653263872
1289976194620952578
1289976080061800455
1289976077750685696
1289975917478064129
1289975877690769410
1289975705111900160
1289975664754360320
1289975644634271748
1289975643963191299
1289975600862515200
1289975481001943041
1289975420272615424
1289975350559035395
1289975271387353090
1289975244749381632
1289975195487236097
1289975162725634049
1289975143570186241
1289975119801016320
1289975071889485825
1289974965593284608
1289974917392248832
1289974778380447744
1289974702505508865
1289974659698450432
1289974372090834944
1289974364423647232
1289974272396529665
1289974142301646848
1289974131065147393
1289974030481543169
1289973968665849856
1289973951721091080
1289973912495771648
1289973832405487618
1289973806535122944
1289973703321804800
1289973655309623297
1289973624313585664
1289973569200381956
1289973514863173632
1289973467467546624
1289973412606046209
1289973405777887232
1289973404884295680
1289973345471983618
1289973342372413440
1289973232561524737
1289973150847913987
1289973124398809088
1289973084426891264
1289972873889812480
1289972810694062082
1289972802812960768
1289972742649913344
1289972719661060097
1289972590178525185
1289972585224998912
1289972477905444864
1289972444497813504
1289972388059176961
1289972231414546433
1289972209734356994
1289972197549727744
1289972087654715394
1289972069166247938
1289972062241529864
1289972058219110401
1289972056709189632
1289972049931317248
1289971954502385664
1289971933648424965
1289971897606774784
1289971895555645440
1289971797438291974
1289971754366930944
1289971700281401349
1289971669868535808
1289971634632134656
1289971607608295426
1289971575085654016
1289971513064480769
1289971269652213760
1289971216820781057
1289971076793946113
1289971068094967808
1289971028668452865
1289971017490632704
1289971004534673408
1289970974482284545
1289970824586211330
1289970771100499974
1289970734534729728
1289970650770153472
1289970618222301184
1289970607765876736
1289970505793982468
1289970423086505988
1289970416123953156
1289970386277265408
1289970347446435840
1289970277099724805
1289970201107169280
1289970187500888064
1289970144362418177
1289970030193438720
1289969870348550144
1289969859564953600
1289969703469715456
1289969679755288576
1289969673983811585
1289969651905105921
1289969628106522626
1289969593453129728
1289969541301374976
1289969521369837570
1289969518408654849
1289969478520864769
1289969478004928512
1289969297821962246
1289969268193468424
1289969202489524224
1289969057484009472
1289968889154084864
1289968875694563328
1289968856543318020
1289968825216069632
1289968802667442180
1289968758623096832
1289968757167632384
1289968612636110848
1289968580621082624
1289968360743043078
1289968270855081984
1289968238005116928
1289968230191128579
1289968157902295040
1289968138319085571
1289968098913603585
1289968047260745728
1289967951626608641
1289967937521094657
1289967784454000641
1289967782881181701
1289967724144156679
1289967706263842817
1289967687871770624
1289967685065773056
1289967671337861121
1289967651331010560
1289967651305869313
1289967575149862913
1289967525740961792
1289967287106072577
1289967283243085826
1289967196337090562
1289967091248840704
1289966998798000130
1289966994230370305
1289966968829812736
1289966937963769858
1289966903365001218
1289966872901726209
1289966815481696256
1289966783164637185
1289966763518517248
1289966621050589185
1289966607788171265
1289966526532128768
1289966458928340992
1289966446005583877
1289966388124307458
1289966375247593473
1289966318108606465
1289966299901116416
1289966277260263424
1289966180753539072
1289966140320550913
1289966139196338177
1289966134234615808
1289965986095882240
1289965965992574977
1289965792205795330
1289965766452719617
1289965742767702016
1289965618569998336
1289965540904075265
1289965440257556481
1289965414257168384
1289965376185327616
1289965279263391744
1289965206815137792
1289965074547761152
1289965074421936128
1289965018851627009
1289964995409670146
1289964892867506178
1289964858172035074
1289964813162934273
1289964763091333120
1289964666974687233
1289964509763969024
1289964484644048897
1289964466835095552
1289964387587854337
1289964186047401986
1289964174387417088
1289964170100629512
1289964123804119042
1289964086659174400
1289964072927027202
1289964032624136192
1289964015553089536
1289964004325105667
1289963997752516608
1289963960020525069
1289963928173256704
1289963910188208129
1289963815170260993
1289963792080572417
1289963774200500224
1289963694038941696
1289963503478923265
1289963360251817984
1289963246653304832
1289963204727025664
1289963110401376256
1289963042050981891
1289962997633306626
1289962791520985091
1289962769027014657
1289962741092872193
1289962739838996480
1289962673711362053
1289962643680145408
1289962520522809346
1289962495709343745
1289962479670267905
1289962460590399489
1289962427828690944
1289962286732328962
1289962243891683329
1289962041017380864
1289961972058873856
1289961946872070144
1289961910880931841
1289961904694161408
1289961790143713282
1289961748141756419
1289961709579276294
1289961599424372736
1289961353998774272
1289961292380291073
1289961258997837825
1289961201678524417
1289961172800696320
1289961157432836101
1289961145969725441
1289961117091938305
1289961098817335297
1289960922438447104
1289960785041448960
1289960764841713665
1289960756490821633
1289960753370247170
1289960753219297281
1289960751696732161
1289960694746677249
1289960662727237632
1289960623594508288
1289960578350346240
1289960303132737536
1289960238699798528
1289960141110931456
1289960131665379328
1289960099809644544
1289959859618643970
1289959853750808578
1289959847845216256
1289959775682342912
1289959743864180736
1289959742538838018
1289959673223733249
1289959639652528128
1289959629590392832
1289959504382013441
1289959446853165060
1289959410526126081
1289959313016934401
1289959022309732357
1289959010603610112
1289958951543431170
1289958924276260864
1289958921629655040
1289958915141021697
1289958869809025030
1289958704507314176
1289958667157008384
1289958644130254849
1289958444808548352
1289958368887500801
1289958333533708289
1289958328605474817
1289958266529656833
1289958231981223936
1289958176888983552
1289958146547433472
1289958145414934529
1289958081477009414
1289958078566109185
1289957970420228097
1289957915240083456
1289957903269605381
1289957903261028353
1289957896520753155
1289957784310542337
1289957764693811201
1289957614739058688
1289957497827024896
1289957423654920194
1289957411575541760
1289957342792921088
1289957327949324290
1289957281291890689
1289957235313926152
1289957155399860225
1289957122222862337
1289957019231821825
1289956979004375041
1289956961979469827
1289956834946711552
1289956792223453185
1289956723390742528
1289956713060343810
1289956665668771841
1289956625562742785
1289956478539821056
1289956438672936962
1289956421157687296
1289956365377519616
1289956313372344320
1289956297748684803
1289956276357627904
1289956239347077121
1289956181201416193
1289956058417463297
1289956049428942848
1289956049319890948
1289955957028474882
1289955804683145216
1289955778057494528
1289955748336693248
1289955690820194304
1289955677553725441
1289955664475889664
1289955576001175552
1289955572150804480
1289955428994920450
1289955411840233475
1289955391183388674
1289955277135949830
1289955128137535489
1289955115202297859
1289955022210383874
1289954973585874945
1289954958884745219
1289954907399700484
1289954837396766720
1289954764529180673
1289954755486203906
1289954742274146306
1289954736863666180
1289954676700360705
1289954667938504704
1289954555250139137
1289954452678508546
1289954399469449221
1289954354431004673
1289954319949692928
1289954302174228482
1289954201120829440
1289954198914654209
1289954140240539648
1289954123215859712
1289953871855382529
1289953829342060544
1289953800577409025
1289953747867594753
1289953731258195973
1289953706272669697
1289953417742258176
1289953349953970176
1289953267716251648
1289953196308402183
1289953148203724800
1289953125030191104
1289953096819326977
1289953009682616320
1289952994444730370
1289952940803923968
1289952860445212675
1289952692501061640
1289952641854746624
1289952598770847744
1289952467942346752
1289952465085804545
1289952378523983874
1289952372769214465
1289952320621441026
1289952176089907201
1289952156401901571
1289952134922825728
1289952131659657221
1289952105285840896
1289952019789168640
1289951925710909440
1289951701458276353
1289951690758774784
1289951579290898433
1289951523938557952
1289951475611979776
1289951443328200704
1289951369630117888
1289951355931525123
1289951281067433987
1289951199068790784
1289951138331197442
1289951101504983041
1289951015098183681
1289950929643479040
1289950896692948994
1289950835007352832
1289950820075798529
1289950773858586624
1289950574008442880
1289950462003699712
1289950219996499970
1289950208961454080
1289950066162020352
1289950017181159427
1289949790172639238
1289949772414169090
1289949763052347392
1289949663836041217
1289949643158089730
1289949625043103745
1289949607733198848
1289949557879525376
1289949514749456391
1289949390589714435
1289949360730460160
1289949350794149889
1289949332121083911
1289949303079747584
1289949266161496065
1289949218124083201
1289949207164358656
1289949195424604161
1289949167838609408
1289949088255967234
1289949029351268357
1289949027115573251
1289949006475345921
1289948959494946817
1289948705286651905
1289948696507854850
1289948549698867202
1289948338767290369
1289948259721478145
1289948229405032448
1289948175378219009
1289948160140312577
1289948125361139712
1289948083812352001
1289948020277010433
1289947823631343616
1289947818925289472
1289947785144410112
1289947778592849920
1289947774906228737
1289947764806230017
1289947730517753856
1289947678864846848
1289947589127938049
1289947503643766786
1289947478049996803
1289947439005237248
1289947401474568192
1289947383346864130
1289947378372378626
1289947362824081409
1289947346273554432
1289947341756067840
1289947085521838080
1289947066576166912
1289947044912619520
1289947005658075137
1289946994463715329
1289946939417456641
1289946897038204928
1289946862682701824
1289946845695942657
1289946802481815555
1289946732386643969
1289946732231405570
1289946584705187842
1289946494573797382
1289946470028922880
1289946464114733059
1289946424411471873
1289946373425491969
1289946283667369991
1289946250914066433
1289946246266810368
1289946233679691776
1289946231892926465
1289946225773428741
1289946212129333248
1289946190339903496
1289946172392521728
1289946153413300224
1289946097813614594
1289946087675981825
1289946062694658048
1289946061046312961
1289945984361852928
1289945938535100428
1289945888136155138
1289945852794900480
1289945847187161088
1289945800827535368
1289945792950571008
1289945653636784129
1289945595373711360
1289945560586190849
1289945290653306886
1289945177679790082
1289945011136716801
1289944976353181702
1289944969021501441
1289944926336081920
1289944816806060041
1289944767724285952
1289944761487388672
1289944754613096449
1289944693225271296
1289944664678658048
1289944628364324865
1289944521829052416
1289944517122994176
1289944472726286336
1289944428904198144
1289944404841467906
1289944353000095745
1289944279058530304
1289944199706685445
1289944110489460736
1289944073579556864
1289944058761158658
1289944041811976202
1289944023998767108
1289943959037448199
1289943947750629376
1289943941752578048
1289943940892774401
1289943848823566336
1289943843773665283
1289943762102173697
1289943743856959489
1289943678622904322
1289943606325698560
1289943599547682817
1289943556593823744
1289943538763874304
1289943487824068615
1289943417850458120
1289943269049131009
1289943062349615105
1289942906665492480
1289942793448591362
1289942787803226113
1289942635130519552
1289942581602693120
1289942435787759621
1289942412261879808
1289942341797605376
1289942267570995202
1289942119524655104
1289942073861259266
1289942061009874944
1289941990788878336
1289941907766833154
1289941788820561922
1289941772932509697
1289941723330695170
1289941719291592705
1289941711679033345
1289941710588395522
1289941679084994566
1289941644855279618
1289941469294235648
1289941439208493056
1289941400788770816
1289941393834520576
1289941313119379456
1289941311265615873
1289941287492354049
1289941277669314560
1289941273814552580
1289941248535433217
1289941230705491969
1289941116142247943
1289941056360833026
1289940976748785666
1289940950748282880
1289940788550356993
1289940769155895298
1289940759555186690
1289940666978459648
1289940620321095680
1289940568349593601
1289940524426657794
1289940510568640513
1289940425864871936
1289940372194381829
1289940353580175361
1289940311037210624
1289940273598877696
1289940207182127104
1289940195463376896
1289940150806511618
1289940074394599425
1289939977392906240
1289939873315450880
1289939760660615169
1289939692767465477
1289939586416807938
1289939574500634624
1289939543274094594
1289939469273935874
1289939467441119232
1289939421047877634
1289939395680718848
1289939395533996032
1289939317557563392
1289939280911937537
1289939255104540672
1289939224414703617
1289939202109390852
1289939154231410688
1289939132685287424
1289939129078358016
1289939098036133894
1289939017128017921
1289939004431925248
1289938992054460416
1289938981480734722
1289938935452336128
1289938915625807875
1289938914266902528
1289938906998353921
1289938890606821376
1289938838089904129
1289938831743967234
1289938727490347010
1289938725200211973
1289938689884221442
1289938636096577536
1289938585148207105
1289938485504221184
1289938444882456576
1289938430181302272
1289938333636767745
1289938306902265856
1289938218297823233
1289938216318099456
1289938140770205702
1289938117877575682
1289938028278972416
1289938015083626500
1289937977297100800
1289937854525607936
1289937819985739781
1289937766663352321
1289937735667478534
1289937598467772418
1289937550988070912
1289937440744943616
1289937438912073729
1289937437930557441
1289937378354765824
1289937375372537856
1289937228001456129
1289937202726580224
1289937148997545984
1289937146221137920
1289937111819247617
1289937019163074560
1289937007485976576
1289936911734251526
1289936897330929670
1289936892561985537
1289936854603583489
1289936822236254208
1289936817739796480
1289936805282766849
1289936694943178756
1289936650215202816
1289936507667537921
1289936505658515456
1289936502617567233
1289936260228722690
1289936250972057600
1289936229568352256
1289936207795720192
1289936198958383107
1289936171158528001
1289936165391409155
1289936131157499905
1289936056561803264
1289936051453276160
1289935961569206272
1289935861317066752
1289935780643659776
1289935762612301829
1289935714814025728
1289935710888198145
1289935707415261185
1289935687920185344
1289935665539330049
1289935515827879940
1289935498736046080
1289935494319546368
1289935448177913856
1289935323368218624
1289935310718033920
1289935129268252672
1289935102835699713
1289934986351718400
1289934968039149569
1289934956953731073
1289934925433430021
1289934905426632706
1289934827890843648
1289934734219345921
1289934722701959173
1289934606448246786
1289934550575878150
1289934382275338242
1289934381012758528
1289934364785012737
1289934333847851008
1289934327820644353
1289934263626825730
1289934241556357120
1289934231934623747
1289934218957426689
1289934168223150086
1289933919383560192
1289933864262148097
1289933825665929216
1289933754228604928
1289933686603800580
1289933654622314497
1289933501479845888
1289933354293313536
1289933320306872327
1289933299926867975
1289933276656758787
1289933154652811267
1289933059240984576
1289932945700970497
1289932934867165186
1289932911026692098
1289932847013396480
1289932837915787269
1289932819351982087
1289932653806759938
1289932571816599552
1289932510827184131
1289932480628154371
1289932447451238400
1289932317436198912
1289932289309196288
1289932289028132864
1289932250398642177
1289932216131190784
1289932212650086400
1289932168265789440
1289932082077081601
1289932068323909634
1289932013365936130
1289931982697312260
1289931927059865601
1289931810843930624
1289931789373341696
1289931776836669441
1289931769441947649
1289931693936087047
1289931670532042753
1289931569134571524
1289931516793876486
1289931434937868289
1289931314901078018
1289931270932193286
1289931245602840576
1289931191890489344
1289931080506605568
1289931070549274625
1289930935203500039
1289930922461192192
1289930851136999425
1289930850474192897
1289930828013805569
1289930824687788032
1289930752763875328
1289930728151511041
1289930642436710401
1289930624384618497
1289930604746702848
1289930587873181696
1289930502334492672
1289930473183916033
1289930421522690049
1289930373455941633
1289930314748325888
1289930238730764288
1289930220892352512
1289930158606962688
1289930111899164675
1289930007691669504
1289930005749719040
1289929991698800640
1289929934098460672
1289929916683673601
1289929910941696000
1289929847448297474
1289929789986369537
1289929562432761857
1289929432128294913
1289929413845377025
1289929108160421890
1289929082029797378
1289928953885372419
1289928920251342849
1289928897719607296
1289928848700633088
1289928723592970243
1289928649567662080
1289928632027287555
1289928616969555968
1289928610829070338
1289928508282552320
1289928448350150662
1289928349960331266
1289928236533551104
1289928200538095617
1289928138412064769
1289928117050433536
1289928110113034240
1289928045415997452
1289928011970539522
1289927947810246658
1289927889291341826
1289927814146383872
1289927708407824386
1289927620738646016
1289927591483207681
1289927326541778944
1289927283696836610
1289927029194780673
1289926971758018560
1289926967295270913
1289926803566411776
1289926771907768321
1289926584137261058
1289926562637180931
1289926453685915656
1289926451240800256
1289926377005649922
1289926341299548160
1289926203751542785
1289926076936998912
1289926038210912257
1289925959068483584
1289925784459649024
1289925718596440064
1289925701320114178
1289925660748599299
1289925653748264960
1289925615479472128
1289925502371684352
1289925497682460674
1289925403612766208
1289925225400766477
1289925171789406214
1289925161345527808
1289925119482109953
1289925085994741767
1289925084736450560
1289925031250731009
1289925022987857922
1289924992998793216
1289924963453947910
1289924781811183616
1289924714631069696
1289924674340749313
1289924569768136712
1289924384111591425
1289924384073723904
1289924255300296705
1289924252754378754
1289924246936772608
1289924222211457032
1289924207313186820
1289924193677525000
1289924184177389569
1289924114719834112
1289924055924056064
1289924011477082112
1289923999397490688
1289923969726836740
1289923939645284353
1289923921181945857
1289923893956718593
1289923816328589312
1289923802797752320
1289923800864366593
1289923775182458885
1289923748770979843
1289923747034660867
1289923577202872331
1289923575076417538
1289923452497850368
1289923398999539712
1289923353139195904
1289923299678576644
1289923238034681856
1289923215096074240
1289923166001741824
1289922794738728967
1289922782210400259
1289922697766592514
1289922588009877506
1289922450847756291
1289922450147352578
1289922297940369411
1289921882989326337
1289921856250753024
1289921787904454657
1289921773874577409
1289921662859829249
1289921620132294657
1289921539727450112
1289921327315300352
1289921282830524416
1289921213876273152
1289921180892147712
1289921177364787201
1289921037065310209
1289921030144712705
1289920799369867264
1289920740289118208
1289920738967748611
1289920710828228609
1289920683795857410
1289920679362453504
1289920538287144961
1289920501066989569
1289920459807453188
1289920455906820097
1289920383504670725
1289920309240320001
1289920300113485824
1289920238666919939
1289920236800614400
1289920183750991872
1289920123118202881
1289920094554877952
1289920029954252800
1289919910093570048
1289919886215405568
1289919875893272578
1289919871422169090
1289919811196088325
1289919782951612416
1289919581864079360
1289919365807108097
1289919043198021632
1289918849773481984
1289918717090910208
1289918635645911040
1289918618847731713
1289918577139539970
1289918544474497032
1289918482965045251
1289918464757399553
1289918408117624833
1289918407203201024
1289918378690457600
1289918325259001857
1289918296007950339
1289918205809569792
1289918155658334213
1289917926267473921
1289917917581078528
1289917898945953794
1289917505322983426
1289917422598647810
1289917389811773440
1289917372065882113
1289917116041187334
1289917100748705792
1289917034357075968
1289917034021572620
1289916880254193666
1289916840886636544
1289916527966208001
1289916441852960769
1289916205260607488
1289916071466565633
1289915863324217345
1289915850292629504
1289915797884661761
1289915787847720960
1289915784563695616
1289915496960102400
1289915454547324928
1289915308019343361
1289915059389345793
1289915046655492097
1289915036886941697
1289915010466975745
1289915009791692801
1289914992196820992
1289914989600415745
1289914970281594882
1289914811694723073
1289914798117752832
1289914714370256896
1289914684338888705
1289914487496044544
1289914373557772291
1289914242833866752
1289914116593684484
1289914033336770561
1289914022956077061
1289913991578316801
1289913928978325509
1289913890206298112
1289913419601084416
1289913221193900032
1289913204265517056
1289913139354406912
1289913109419667462
1289913085151461378
1289912984932761602
1289912971263541254
1289912952007483392
1289912919409463296
1289912807039700996
1289912804850294787
1289912803407486978
1289912681206489088
1289912530706608130
1289912527036416000
1289912404667781120
1289912337437044736
1289912321695821824
1289912272509272064
1289912218645983232
1289912218054615043
1289912138836787201
1289912112337375232
1289912034646093825
1289911990689898496
1289911916907778048
1289911872133595136
1289911813530742786
1289911798657761280
1289911702767583232
1289911696866254848
1289911674862841856
1289911673738780672
1289911666206023687
1289911649466322945
1289911599470387200
1289911526871011329
1289911505765335042
1289911465218998273
1289911460416466944
1289911455962152960
1289911350123061249
1289911331634606081
1289911212000645125
1289911102197731339
1289911030668091394
1289911016466214915
1289911007381295109
1289910996589568000
1289910612324098048
1289910594988994560
1289910485064617985
1289910428605194242
1289910298103562240
1289910270597443584
1289910203056496649
1289910170479284225
1289910074857594882
1289910055513411591
1289910021216583680
1289909997560766464
1289909962886361094
1289909915268481025
1289909849455620098
1289909823761334272
1289909822486265858
1289909796527902721
1289909788118102017
1289909754253340674
1289909732652785670
1289909716542316544
1289909708791349249
1289909666877550592
1289909661198479360
1289909630890643456
1289909616336236550
1289909590071504897
1289909576612155393
1289909570337267712
1289909536757649409
1289909534358568964
1289909517510213633
1289909441668608002
1289909437671436288
1289909417257758726
1289909392125632512
1289909364287889409
1289909323737563137
1289909318674862080
1289909314694471681
1289909280439640064
1289909262697693185
1289909248684564480
1289909198856138754
1289909197677588481
1289909163791773697
1289909131541991424
1289909099207901186
1289909073488486400
1289909001111494658
1289908982933360641
1289908834106871809
1289908817338101760
1289908642355978240
1289908640346828801
1289908638258208770
1289908539792568320
1289908504896053248
1289908491402928132
1289908381902426114
1289908371554885633
1289908237010186246
1289908137579778049
1289908074581565440
1289908030872514561
1289907959296819202
1289907918167367680
1289907837506707457
1289907741293608960
1289907696305442816
1289907694158131200
1289907649283108864
1289907504072273925
1289907458723344384
1289907434165661696
1289907409868161024
1289907406693048321
1289907396614094848
1289907357154041864
1289907169064701953
1289907090211790848
1289907081437421568
1289907075271684096
1289907004790542336
1289906997685444608
1289906873680814081
1289906859298549760
1289906835894333442
1289906611784474624
1289906523359993857
1289906505358008320
1289906483065307136
1289906425334870016
1289906221038702592
1289906220531236864
1289906165942333442
1289906100695834625
1289906094110892032
1289905883279810562
1289905811276173315
1289905793878429697
1289905735539634179
1289905494694535169
1289905484724674562
1289905396468064256
1289905394182053891
1289905298056986629
1289905243262599170
1289905236178423809
1289905143488471040
1289905048000974849
1289904862516240384
1289904841158881280
1289904750918393857
1289904609352245249
1289904607099908101
1289904592021598208
1289904563642748928
1289904521188118529
1289904377184935942
1289904289708531712
1289904199317123073
1289904174100910080
1289903937592504321
1289903869871263744
1289903660269527040
1289903470435155970
1289903386591027202
1289903352323559424
1289903233188552704
1289903180243902468
1289903039218819073
1289902817474301954
1289902507301298178
1289902446764990464
1289902362245492736
1289902357262852097
1289902083882115072
1289902056061296641
1289901810757623808
1289901808874217473
1289901775282221065
1289901673536614400
1289901577122152448
1289901439955820547
1289901410126049280
1289901306623082496
1289901262998126592
1289901262285094915
1289901032491724806
1289901030788874241
1289900853751508993
1289900790535135233
1289900702966284290
1289900630304145409
1289900609533927425
1289900452872683520
1289900367812026369
1289900348568608771
1289900338237935616
1289900319518765059
1289900233669844994
1289900143450431489
1289900052832346115
1289899960843067392
1289899722493161473
1289899580436312064
1289899553160859648
1289899437163081728
1289899400203046912
1289899239112409088
1289899228622393344
1289899223043850241
1289898809233821699
1289898748282249217
1289898717865299969
1289898579843194880
1289898264263712778
1289898141529989120
1289897862394834944
1289897820883828738
1289897757432373251
1289897726302277632
1289897641715757057
1289897579497447424
1289897574380445703
1289897476451794945
1289897382453194754
1289897333698768896
1289897277444829185
1289897241272913921
1289897208175681537
1289897162097164288
1289896991317581827
1289896988054495233
1289896919183929344
1289896751403397122
1289896689491251201
1289896648923996161
1289896563381170179
1289896511862538240
1289896482766639106
1289896476928221184
1289896351723958272
1289896333222883328
1289896246115594240
1289896002116128768
1289895985083068423
1289895874097643523
1289895814077136896
1289895792635809798
1289895775867150337
1289895749438722049
1289895747652026368
1289895693490909186
1289895620249972737
1289895517443432449
1289895493212884992
1289895361322967042
1289895316284678146
1289895218523693056
1289895020028243968
1289894776012042241
1289894769691250688
1289894601650614272
1289894576455446533
1289894475574022144
1289894416904146944
1289894347190595585
1289894277846192128
1289894244811812867
1289894186368397312
1289894036669513732
1289894036631777280
1289894036438831104
1289893813104721920
1289893801448706050
1289893715989811203
1289893713863274498
1289893642996391945
1289893451627212801
1289893426935160833
1289893419666386945
1289893227466645505
1289893069706235904
1289892999367766016
1289892752088608769
1289892748812640257
1289892699747659777
1289892671050440706
1289892624325677056
1289892269328277506
1289892173198970882
1289892142010085378
1289892126885543937
1289891957037137921
1289891931187748866
1289891786765168641
1289891762006188032
1289891742179680256
1289891712203071488
1289891629856423936
1289891604547825665
1289891449526300674
1289891447886422017
1289891395843444736
1289891313437954048
1289891249265061894
1289891004036784128
1289890888206884868
1289890629539885058
1289890622531178499
1289890612716568579
1289890533528092672
1289890395837444098
1289890305890639874
1289890210994696193
1289890103200866306
1289889952096870406
1289889796400091139
1289889546209865728
1289889406719897600
1289889389418409984
1289889223986892800
1289889091656355843
1289889047473721346
1289888836072296448
1289888603577827328
1289888466159808512
1289888413609418752
1289887998738182144
1289887555677167616
1289887391864381441
1289887335534952451
1289887196686630917
1289887135776911363
1289887115132600320
1289886875495227392
1289886837276778498
1289886735757799427
1289886692896149505
1289886527523356673
1289886480647598081
1289886409617108992
1289886206168244224
1289886205463552001
1289886120977686528
1289885953679491072
1289885886285410310
1289885736775192577
1289885663463006210
1289885635235512321
1289885511071350785
1289885343370674176
1289885317625872385
1289885193772269569
1289885144677941249
1289884924384645121
1289884822106562560
1289884599577845762
1289884472007987201
1289884377887813632
1289884312964222981
1289884183028887552
1289884011444273152
1289883705205350400
1289883407439163393
1289883303089070080
1289883066849058816
1289882617261617152
1289882352915582976
1289882208723808256
1289882165992288256
1289882047608164352
1289881777532579840
1289881683756347393
1289881338305290241
1289881275554123776
1289881125779693568
1289881098047037442
1289880948763324416
1289880887207895041
1289880872213258240
1289880830609743872
1289880757595287552
1289880446268870656
1289880417168814080
1289880187757191169
1289880152604737537
1289879874291679237
1289879832197623812
1289879818150977536
1289879704376430592
1289879471189831681
1289879283398189056
1289879255086592000
1289879237550379014
1289879001280835584
1289878845965950976
1289878820829507584
1289878805104848896
1289878770963292160
1289878376811859968
1289878144455979008
1289878139569680389
1289878067649761284
1289877461165961216
1289877278327861248
1289877143980142593
1289876887569698819
1289876815343947777
1289876715817316353
1289876510384386050
1289876218670530560
1289875898435477505
1289875595531182082
1289875302546456576
1289874957082664962
1289874939370061824
1289874928871698434
1289874799750033408
1289874094750539778
1289874035434610688
1289874006443798529
1289873892169756672
1289873824582787072
1289873811811102720
1289873581799694336
1289873571871850498
1289873418968428544
1289873332913881088
1289873313695596544
1289873301322567680
1289873137664835585
1289873076256030720
1289873000003547137
1289872626446286848
1289872543029972993
1289872454039547905
1289872073284755457
1289871705918197760
1289871691447861248
1289871656668692480
1289871486241538050
1289871109072941056
1289870946942087168
1289870746160730112
1289870296774778881
1289870295814172672
1289870077248958466
1289870075395096583
1289869981216174081
1289869586624479233
1289869159124176896
1289869157257719808
1289869137376837634
1289869087896559616
1289869069219291136
1289868843699990529
1289868831842684928
1289868796920881152
1289868781993435137
1289868748413784065
1289868656277458944
1289868563436765189
1289868514858160129
1289868127547920384
1289868104583938053
1289867942570598400
1289867873071124480
1289867719773286401
1289867649162256384
1289867542316511232
1289867486926528519
1289867133376008195
1289866905566580736
1289866874679783425
1289866792202956800
1289866782568669186
1289866694848950272
1289866266400890881
1289865645153083394
1289865608729780225
1289865318236475397
1289865095950958594
1289864801959596032
1289864032695005189
1289863493642903552
1289863394766422021
1289863279519469569
1289863135583641601
1289863109331435526
1289863105669783553
1289863088636911616
1289863072660639744
1289863019288092672
1289862830905163777
1289862705046724608
1289862704224538625
1289861864147492865
1289861533237784576
1289861531320979456
1289861389167845377
1289861279105134593
1289860969095602176
1289860949629779970
1289860942138716160
1289860659090354177
1289860109061861382
1289859985849978882
1289859558131691520
1289859532844224512
1289859434609381377
1289859383774519296
1289859329969905666
1289859326694158336
1289859180283781120
1289858680326823936
1289858559598112769
1289858474289987586
1289858050187120640
1289858036714975232
1289857665338707969
1289857621965537281
1289857310362406913
1289857269316820992
1289856960636940289
1289856815572844544
1289855761284136962
1289855325999214597
1289855169262309377
1289854975699333120
1289854826797363203
1289854577978859520
1289854204060692480
1289853963953528832
1289853877357928448
1289853723531862016
1289853638068678656
1289853531596365826
1289853454723231744
1289853198191099904
1289852802819219459
1289852370579423232
1289852262479667200
1289852213016158208
1289851816801456133
1289851148199792641
1289850824500289538
1289850799200190464
1289850733756440578
1289850636440281094
1289849811873615872
1289849689496383489
1289849663756017665
1289849553932267520
1289849011600412673
1289848992830914560
1289848844134551554
1289848760663605253
1289848443804868609
1289848279992213505
1289848259280699392
1289848219799879680
1289848142322515969
1289847748305383433
1289847393467293698
1289847330112323585
1289847274827157504
1289847129964343297
1289846876733235200
1289846850133008394
1289846651171901445
1289846050786664449
1289846031643885569
1289845839339442176
1289845759223898114
1289845750621278210
1289845741939171330
1289845631679262721
1289845615598346242
1289845546597748737
1289845460799123456
1289845395493752833
1289845096452521985
1289844838645542913
1289844605593288704
1289844483228663809
1289844371051839488
1289844190768062465
1289844119427194880
1289844100787658752
1289843683731345408
1289843634112565249
1289843473655328768
1289843379967164417
1289843307284234240
1289843046658400257
1289842818052050944
1289842708744294400
1289842528049442818
1289842267654705155
1289842234741858304
1289841746768093184
1289841680523251713
1289841445377982471
1289841320341704705
1289841303191093248
1289841256147886082
1289841254381965312
1289841221582622721
1289841188955193346
1289841136736047104
1289840844342734853
1289840842673250305
1289840735949185026
1289840690982260736
1289840469258600448
1289840397351440384
1289840329089118208
1289840237317746692
1289840024553271297
1289839640782938112
1289839326302310400
1289839289321377792
1289839193137414144
1289838641225687041
1289838609583894528
1289838603892215808
1289838576935399430
1289838397628887040
1289838313256259584
1289838307682050048
1289838235577769985
1289837975212158979
1289837760623390721
1289837709490450434
1289837368904622080
1289837176637624321
1289837145918787585
1289837103300276224
1289837094047584256
1289836975822757888
1289836019634692096
1289835974520786945
1289835526904664068
1289835379835785217
1289835367214886913
1289835266534858754
1289835013006008320
1289834911642214401
1289834356308168706
1289834200569278464
1289833791205199872
1289833598174941186
1289833585214513153
1289833487369826304
1289833475898396672
1289833373054033922
1289833038139084800
1289833028491997184
1289832986440093696
1289832983583584257
1289832942571724800
1289832919146487809
1289832680335355905
1289832618368761863
1289832603390861312
1289832400076275712
1289832204613251073
1289832164326924289
1289832103656345608
1289831670720286720
1289831623299674113
1289831605633048578
1289831567892738048
1289831408198877184
1289831062814593024
1289830975380140032
1289830795721338880
1289830792949104640
1289830792537862146
1289830383874277376
1289830131557695488
1289830108455460865
1289829968386514945
1289829879966359552
1289829842712592384
1289829809225232386
1289829682167218177
1289829575858388993
1289829450629120001
1289829168985694214
1289829086223720448
1289828679548248066
1289828672791146496
1289828305542107136
1289828282490171392
1289828109869445120
1289828104962154497
1289827573296279555
1289827559215992834
1289827047108296706
1289826998676684802
1289826873342476288
1289826840408973318
1289826577077825536
1289826542730674176
1289826526695788544
1289826509792792581
1289826481544331264
1289826415710543872
1289826040936767488
1289825860204154881
1289825778364891137
1289825360972935168
1289825000493481985
1289824877310914566
1289824705935941632
1289824189197750274
1289823909403979776
1289823728759537667
1289823670014103554
1289823641496981504
1289823629874610178
1289823593468059648
1289823558890225665
1289823526904401925
1289823376672870402
1289823289662029826
1289823250915065857
1289823250638188546
1289823204962230274
1289823140202164224
1289823074330664961
1289823038410616832
1289823007427268609
1289822747179196416
1289822188103561216
1289822186610409473
1289822127676362754
1289822125683929090
1289821498249629698
1289821364753321986
1289821030639259649
1289820968307703808
1289820885415862272
1289820870991478785
1289820739353243648
1289820651394654208
1289820642045358080
1289820628330176517
1289820599611662336
1289820475732836352
1289820387606269952
1289820367918370817
1289820347038969856
1289820344782446592
1289820045145645057
1289819790547120131
1289819602743107585
1289819569012404224
1289819568391643138
1289819527748837376
1289819471029436416
1289819401735114753
1289819324627263488
1289819295900291073
1289819262337445890
1289819245522505728
1289819178933739523
1289819102102528000
1289818773130637315
1289818768739168256
1289818625231269889
1289818473632133121
1289818356082782208
1289818226453385216
1289818117837737985
1289818077014761472
1289818059205562371
1289817625757794304
1289817484900499456
1289817474343436288
1289817303895257089
1289817099880165376
1289816895651160064
1289816721864265730
1289816717552754688
1289816427101184001
1289816328279404544
1289816242971385856
1289816229398552577
1289815825033990144
1289815823998242821
1289815615822209024
1289815458875445248
1289815108730806272
1289815085242695680
1289814606483922944
1289814392414953472
1289814272646627329
1289814260550254592
1289813963887112194
1289813853891567622
1289813373446545413
1289813316508893185
1289813299387707397
1289813255431639040
1289813031862468609
1289812922860843009
1289812879999242240
1289812873007386624
1289812858310553603
1289812579049594882
1289812556115148800
1289812252497862658
1289812189377785856
1289812188098527233
1289811775781662720
1289811769758584833
1289811742927785985
1289811616695894018
1289811463670870016
1289811312340430850
1289811239800102918
1289810953752555520
1289810712395526144
1289810685610917889
1289810653155176452
1289810564340781057
1289810534942953473
1289810464763854851
1289810409231273984
1289810321868115973
1289810255283552256
1289810080397848576
1289809966409293824
1289809449104707584
1289809248793194496
1289809195315761152
1289809110024642560
1289809014222544896
1289808950884409344
1289808919968141315
1289808744084205568
1289808670969274368
1289808403573829632
1289808105258139649
1289808080650137601
1289807846842888197
1289807783097819137
1289807684636512258
1289807607213907969
1289807341156577280
1289807265558663173
1289807210390802432
1289806970535333894
1289806794764648449
1289806595665272833
1289806508939571203
1289806469991297025
1289806202088480768
1289805957304745986
1289805639187705856
1289805631566671874
1289805255421464576
1289805110185426944
1289804702343806976
1289804532080414720
1289803830847184896
1289803676953894912
1289803507713708032
1289803124933238784
1289803041990901760
1289802893520850944
1289802679443697664
1289802518768361472
1289802472890855425
1289802471087333378
1289802368322695169
1289802297128747008
1289802181843881985
1289802151040958465
1289802073018642433
1289802051099201536
1289802023865479168
1289801886954975232
1289801820517232642
1289801656851259393
1289801271155675136
1289800965261070337
1289800814907789312
1289800814647681025
1289800647169028097
1289800557088010240
1289800513869889536
1289800448996552710
1289800333787402240
1289799790813798400
1289799714435555328
1289799529315749889
1289799180710375430
1289799122342440960
1289799055325839360
1289798941299507200
1289798783233134592
1289798464004476929
1289798184806395904
1289798176963264512
1289798170931650560
1289798168960409600
1289797877741441025
1289797645955817472
1289797526699343875
1289797496043053056
1289797410072350720
1289797305634349056
1289797106660589569
1289797103355457538
1289796961780903936
1289796839940583425
1289796835826008066
1289796771586039811
1289796412402630659
1289796205782827010
1289795995283275777
1289795919777415169
1289795843101356033
1289795781432504321
1289795563718938624
1289795463583916032
1289795221509689345
1289795180501987328
1289795132988956674
1289795119541923840
1289795044795277314
1289794931247083521
1289794780768038918
1289794709099954181
1289794705207648257
1289794631702470659
1289794430782836737
1289794363866804224
1289794199638941696
1289794157637021703
1289794052204802053
1289794037168222209
1289793972815007744
1289793875805007877
1289793636037607424
1289793522309111810
1289793208646475776
1289793131420856320
1289792997408743424
1289792947769102336
1289792756466974720
1289792658324353025
1289792561511448576
1289792542393868288
1289792528183517187
1289792179959787520
1289792136557129728
1289792093401964546
1289791841727062017
1289791711884050432
1289791514025922560
1289791431997919233
1289791403493437440
1289791348015423490
1289791101092732929
1289791045295775747
1289791015839125506
1289790963523567618
1289790929935704064
1289790912088821760
1289790880937738240
1289790796225339392
1289790759441326082
1289790652255858688
1289790610266664960
1289790570022371329
1289790284423806976
1289790173631221762
1289789919481729025
1289789545051877377
1289789299215331329
1289789224804167680
1289789193691037696
1289789057397006337
1289788874495889409
1289788765477707778
1289788722569912320
1289788492709429249
1289788467770036225
1289788458269990912
1289788408454197254
1289788226253680640
1289788187821342720
1289788181324238851
1289788133169459200
1289788098600005633
1289788032548134913
1289787913027256322
1289787758664282112
1289787550513549314
1289787532259889152
1289787512853008387
1289787298393911297
1289787258334134273
1289787249408630786
1289787192332582915
1289786955408916480
1289786948177911814
1289786527254544386
1289786221414084608
1289786095287201792
1289786060046663682
1289786029151404033
1289785769855311874
1289785755137703944
1289785744043778054
1289785714029162497
1289785504867655682
1289785156161732608
1289785072531324928
1289784958442065921
1289784741785243648
1289784707685560321
1289784611338219520
1289784519730454529
1289784406639403011
1289784362137919488
1289784097938837504
1289783842581012482
1289783730018480128
1289783671612821504
1289783657733820417
1289783549759852545
1289783530826788866
1289783466695864320
1289783429194637313
1289783258776055809
1289783193063714817
1289783136448987141
1289783130161704960
1289783122171576321
1289782802628526080
1289782770164617217
1289782746676518914
1289782739235790848
1289782708562825217
1289782697519280129
1289782653701496832
1289782650018779136
1289782637809111040
1289782596453330946
1289782591592095744
1289782416681218049
1289782025675628546
1289781960840118272
1289781911909408768
1289781794925993985
1289781780719886336
1289781750894170112
1289781738957242368
1289781714215030784
1289781501874204673
1289781286572179457
1289781152778080256
1289781124927954944
1289780967922532352
1289780936117112833
1289780838452797440
1289780698987945985
1289780675248234501
1289780636434051072
1289780510676250625
1289780458285219840
1289780306086514690
1289780252663717891
1289780217544728586
1289779832713179137
1289779790430404608
1289779768968151042
1289779746121764865
1289779657403858946
1289779639812935680
1289779595890155520
1289779587086348290
1289779582300610560
1289779581419806722
1289779343628017664
1289779339354046464
1289779305753407489
1289779224535076865
1289778998185140224
1289778937720012800
1289778889884143616
1289778852793692161
1289778765023903744
1289778729703464960
1289778710548111360
1289778636145524737
1289778566637355009
1289778486689832960
1289778438102855682
1289778314870046726
1289778241499205632
1289778223073693696
1289778217742553088
1289778198520057858
1289778180069502976
1289778102852362240
1289778097110228992
1289777963613863936
1289777924086697985
1289777909683560450
1289777852595011584
1289777843971530752
1289777777437114368
1289777448037412865
1289777367032852480
1289777364591734785
1289777349550981120
1289777339929305091
1289777228885061632
1289777170735222784
1289777157619585025
1289777155736363008
1289777132365680640
1289777110031069186
1289777094587633666
1289776972176846850
1289776829977395200
1289776809085550593
1289776667385241600
1289776620375437312
1289776495607443457
1289776468839473152
1289776432084692993
1289776384894672896
1289776245299789825
1289776164492386304
1289776021600784384
1289775926243278848
1289775793631981568
1289775752515182592
1289775504698966016
1289775470376939521
1289775462890082304
1289775439611744265
1289775223953223680
1289775204772622337
1289775057292541953
1289775030885158912
1289774968146821121
1289774907941888000
1289774815742582785
1289774795215851521
1289774645458030592
1289774594337853441
1289774593322827777
1289774337281712129
1289774319581577220
1289774310425534464
1289774287331581953
1289773867620110337
1289773839161806848
1289773798539931648
1289773757020528641
1289773695645278210
1289773595212820480
1289773480729178112
1289773431559344128
1289773370893049857
1289773307684720642
1289773212159467520
1289772992868696064
1289772904087879681
1289772867320651777
1289772726664609793
1289772712252985345
1289772662537953283
1289772654237384704
1289772601049399296
1289772524285210625
1289772448595021824
1289772432169906177
1289772238938370048
1289772221628477441
1289772092422909952
1289772088161533952
1289772085276008448
1289771469011001344
1289771452334395398
1289771397523202048
1289771321585410049
1289771318343282689
1289771250647146497
1289771127464632321
1289771046971691009
1289770904243691520
1289770867786825729
1289770797133737986
1289770713260466176
1289770610420146179
1289770545957896193
1289770462579392512
1289770289203535872
1289770185830723584
1289770136493101057
1289769980183998464
1289769965420269568
1289769943068626949
1289769855592275968
1289769809664782337
1289769803893227520
1289769762386358274
1289769706140782592
1289769654374633473
1289769652772470785
1289769581834194944
1289769464695681024
1289769249116954625
1289769225184141312
1289769130623606784
1289769053267976195
1289769039347228672
1289768934753751041
1289768927048765440
1289768916256878593
1289768780357234693
1289768702183800832
1289768662379847681
1289768659183783936
1289768648954052608
1289768628259139584
1289768603663740929
1289768534621339648
1289768518909485057
1289768268668915715
1289768209353039872
1289768203208417280
1289768091811889153
1289768026342952960
1289767840350793728
1289767815784718337
1289767767013351429
1289767756959592450
1289767683957772290
1289767616903602176
1289767578118889472
1289767424137420803
1289767405372096513
1289767389249196032
1289767246911246338
1289767214250254347
1289767192955727872
1289767160881979392
1289767147082833925
1289767127721717760
1289767093538234370
1289767074403725314
1289766941930840065
1289766933038915584
1289766826126188546
1289766750515531776
1289766679329640449
1289766640343638016
1289766539416092678
1289766488736321536
1289766447036502016
1289766389020942337
1289766345270157313
1289766341868572672
1289766338844659712
1289766332288782338
1289766287585902593
1289766164323684353
1289766154899083264
1289766042684682240
1289766013093830656
1289765779034918913
1289765615968739328
1289765588466712576
1289765543566745601
1289765508758159362
1289765474557812741
1289765455599529984
1289765228528328704
1289764523486752768
1289764498572824578
1289764454666629121
1289764314384015360
1289764303566856192
1289764244104155137
1289764209778032640
1289764159001894912
1289764097622302721
1289763690254753793
1289763595757080577
1289763527180406784
1289763513842327558
1289763505017516032
1289763487309115392
1289763482531856384
1289763449199886336
1289763323509010432
1289763311920091141
1289763224875761670
1289763039969865729
1289762837565333504
1289762681935679488
1289762623311900672
1289762488674684929
1289762475215327234
1289762448199651328
1289762408471367680
1289762397876412418
1289762362233196551
1289762358173167616
1289762276124237824
1289762252623474690
1289762100936507393
1289762017838940161
1289761930328981504
1289761859487186949
1289761806685102081
1289761772635697152
1289761686635782144
1289761627777228800
1289761190025949190
1289760973918621699
1289760893664804864
1289760749179383811
1289760661023518720
1289760566500659200
1289760539107823616
1289760492098002945
1289760470987988992
1289760452445118464
1289760344475279360
1289760341824479232
1289760306223357952
1289760031366422531
1289759904425635841
1289759833927737344
1289759806186598400
1289759773424934914
1289759659822219265
1289759536405000192
1289759507367596032
1289759309216145410
1289759298986246144
1289759247454986241
1289759223816093696
1289759220733075456
1289759215733465088
1289759191658139648
1289759155146747904
1289759096594300933
1289759094434193408
1289759082946207745
1289759048619798528
1289759042680664064
1289759031721000960
1289758954675793921
1289758855681851392
1289758829656276994
1289758809578016769
1289758538462564352
1289758468946173953
1289758467876466688
1289758398011998214
1289758394711040007
1289758106205945857
1289758093887156225
1289758003021766657
1289757972239810561
1289757875347189762
1289757825292328960
1289757824524771329
1289757823711158273
1289757820850593792
1289757818036183040
1289757700390178817
1289757542550130689
1289757533616451587
1289757491522224128
1289757453798854656
1289757423121489921
1289757400690352129
1289757230221254656
1289757100596330499
1289757038004731904
1289757005536612355
1289756828369330176
1289756796500840450
1289756781195825153
1289756770546487296
1289756754880819203
1289756735586971648
1289756730067283968
1289756656373583872
1289756605043572737
1289756541881524225
1289756538542755841
1289756492568997889
1289756330597797888
1289756272812646400
1289756263878819841
1289756163970437121
1289755657789349890
1289755642786246656
1289755641158885376
1289755613971415040
1289755591280189441
1289755458727636992
1289755323587231744
1289755240305061888
1289755163532509186
1289755145006231552
1289755118838009859
1289754822485225472
1289754695532081154
1289754616544890880
1289754587239288832
1289754540929986561
1289754519614627841
1289754386772582406
1289754239657316353
1289754048359362560
1289754039312416768
1289753991857897472
1289753493712994311
1289753485416620032
1289753456635334656
1289753443830083585
1289753405011812352
1289753358991933441
1289753357565874176
1289753220634439681
1289752801342418945
1289752675400077313
1289752654717935616
1289752607104176128
1289752525625675778
1289752284365090816
1289752240014553089
1289752189259272193
1289752148532756482
1289751896010317825
1289751886543822849
1289751621824462848
1289751593902985216
1289751586944585728
1289751584558026753
1289751514211262464
1289751465867669507
1289751367020449794
1289751215098585088
1289751197830664192
1289751078724972544
1289751053487890432
1289751053001424898
1289750954170920961
1289750941634191360
1289750920000045056
1289750903252164609
1289750854757527552
1289750785371201536
1289750769676115969
1289750695420334080
1289750610980601856
1289750594257711104
1289750579749715969
1289750568055926784
1289750549458452480
1289750516679897088
1289750513613848576
1289750444713996288
1289750438124728321
1289750299347951616
1289750294465785856
1289750124776783873
1289750072490692608
1289749891246206976
1289749797029548032
1289749628359827456
1289749461325897728
1289749367981608960
1289749304437948417
1289749199974612994
1289749137596936193
1289749128977629184
1289749114394091521
1289749098153697280
1289748973431988224
1289748900627308546
1289748855911669760
1289748832109002752
1289748800290996226
1289748756074598400
1289748624746754048
1289748552512487426
1289748268226764800
1289748252061966339
1289748078526738432
1289748049657397248
1289747868719316999
1289747749626314752
1289747498186215425
1289747412802768898
1289747345035243523
1289747283248951296
1289746979757518848
1289746885016657920
1289746792846962688
1289746790900801536
1289746777801986049
1289746756133982208
1289746680733204480
1289746674726785025
1289746647665086464
1289746519248326658
1289746502319915008
1289746404420849666
1289746379661815808
1289746352579125248
1289746218470371328
1289746147645329414
1289746116939059200
1289745877301473280
1289745849602301952
1289745833336823810
1289745756539125760
1289745656760819712
1289745624863318018
1289745620736126976
1289745609407311872
1289745603237302272
1289745429828001793
1289745358747086849
1289745347242127360
1289745346822905857
1289745302866411520
1289745175837675521
1289745077409992704
1289745064223051777
1289745010896834561
1289745009927847936
1289744960003035138
1289744929640476672
1289744806328098821
1289744765215367173
1289744763726397440
1289744751588122624
1289744606528036864
1289744408691093505
1289744328860917761
1289744303107878912
1289744215207899136
1289744206903128065
1289744119355473920
1289743881622282240
1289743786046681093
1289743777507053571
1289743740286861313
1289743588817956866
1289743575375175680
1289743529552433152
1289743465945866242
1289743324371251202
1289743202463805441
1289743157182308353
1289743099397193729
1289743040047808513
1289743022263959559
1289742847717982208
1289742825429430272
1289742803921068034
1289742753455394818
1289742747914575873
1289742639982473217
1289742153627783168
1289742086313451520
1289741876459790337
1289741620011663360
1289741607739236353
1289741437358108672
1289741420002066433
1289741415430238208
1289741387538210818
1289741297218068483
1289741093387542528
1289741005101715457
1289740995458785280
1289740937191596034
1289740867448655872
1289740790697091074
1289740623184924673
1289740559876157442
1289740543405092865
1289740523251490816
1289740516159115269
1289740448521625600
1289740188998971392
1289740186323054592
1289740184494333953
1289739934169874432
1289739918017572866
1289739877026639873
1289739798790332420
1289739755618353152
1289739643475447808
1289739483705798656
1289739448767270912
1289739424784244738
1289739274670096384
1289739222568460288
1289739196672827393
1289739174166188032
1289739164481544192
1289739099360784384
1289739056683708416
1289739052749475841
1289738997502103554
1289738943940853760
1289738574145794050
1289738532886654987
1289738475185401856
1289738471788052480
1289738305181949953
1289738123694415872
1289738079452958720
1289737971315273728
1289737935487737856
1289737925689856003
1289737794525360129
1289737657040244736
1289737565952647170
1289737330371092480
1289737330127810560
1289737205506879489
1289737190214254595
1289736993447051264
1289736945900249089
1289736837456510977
1289736805898625025
1289736783089999874
1289736676567220224
1289736610645303296
1289736526843146240
1289736490310721537
1289736457259606018
1289736286643740675
1289736271850430464
1289736109048520704
1289736093013889024
1289736061187317761
1289736014722789377
1289735907071803392
1289735894799224832
1289735857977450496
1289735786053607424
1289735698556129280
1289735640708349953
1289735599151181824
1289735561930870784
1289735446415646721
1289735334486409216
1289735073252532224
1289734766585995264
1289734604190957568
1289734529683513345
1289734478320017408
1289734289903349760
1289734248975536129
1289734216792580096
1289734110458474496
1289734076576931840
1289733853033033729
1289733789791301632
1289733764881448966
1289733719721295872
1289733607896965121
1289733592940072960
1289733455371071489
1289733199648759808
1289733087425753088
1289733064122200064
1289733041783320576
1289733019771662336
1289732963245015041
1289732826149957632
1289732806994583552
1289732677025714176
1289732445345132544
1289732340474736640
1289732332782403584
1289732231108362241
1289732196916318208
1289732190859751425
1289732185130299392
1289732182164922374
1289732122081497089
1289732075537358848
1289732065785774081
1289732035112833027
1289731927335829504
1289731746850906112
1289731677200228352
1289731672242520064
1289731536598704128
1289731405098950656
1289731404578734080
1289731400896335872
1289731277319372801
1289731201767366656
1289731182968496129
1289730951086346241
1289730869163253760
1289730864792793088
1289730369793581057
1289730207172005889
1289729989147897856
1289729957829046272
1289729866300968960
1289729822172655618
1289729820478156800
1289729744733315073
1289729733228257280
1289729668166295553
1289729619029921794
1289729476780158979
1289729448523128833
1289729312258629632
1289729092271501313
1289729043776933888
1289728826142990337
1289728821491507200
1289728685604573187
1289728682613805057
1289728345890988033
1289728307781464064
1289728276810706944
1289728175438610433
1289728101186846722
1289728088503283712
1289728084908756992
1289728016730353665
1289727779139796993
1289727731618308096
1289727650911551489
1289727611577327616
1289727549581320192
1289727549514215424
1289727531650879489
1289727521286545409
1289727500092715009
1289727354097393664
1289727307721003008
1289727225655259137
1289727143769968640
1289726607301607427
1289726555552325632
1289726553908289541
1289726542910590977
1289726501458337793
1289726248692793344
1289725837508399104
1289725755031580672
1289725691118772224
1289725643832229889
1289725562487844865
1289725481709780993
1289725415599177729
1289725311081304064
1289725211026194432
1289725065810960384
1289725012786610176
1289724947120586754
1289724943131803648
1289724882490503168
1289724670619430912
1289724669910687745
1289724593733660672
1289724559269085184
1289724544425443330
1289724512594882560
1289724219425615872
1289724166011158528
1289724104396779521
1289724019151794176
1289723865589923840
1289723670663839744
1289723560412377088
1289723545048813568
1289723493106425857
1289723486508851200
1289723429482983424
1289723287518371844
1289723275824660481
1289723138251452416
1289723130701848581
1289722995569594368
1289722921884164096
1289722877000916992
1289722853537898496
1289722806847111168
1289722716107542528
1289722701251133440
1289722663787610112
1289722623031758848
1289722552055500801
1289722468580507648
1289722455066415104
1289722351219744768
1289722344391323650
1289722330675994625
1289722329853882368
1289722245498068992
1289722176271130625
1289722059304640517
1289721950466580481
1289721943487217664
1289721939204820993
1289721937690791942
1289721863036219392
1289721850021330944
1289721815527337985
1289721732723433472
1289721648996745216
1289721593086779392
1289721545489698816
1289721540129431552
1289721480352169985
1289721365583425536
1289721187791118336
1289721179284992000
1289721086226006016
1289721075824128001
1289721067162877952
1289721049215508482
1289720978663079937
1289720913655521280
1289720779651784704
1289720750887153665
1289720669236649985
1289720600508772353
1289720530040315905
1289720476936237056
1289720444568797184
1289720441574051840
1289720392689410048
1289720143883329536
1289720076225011713
1289719975024799745
1289719871651995649
1289719802836074496
1289719735354036224
1289719644782288896
1289719609227001888
1289719347972395008
1289719306830274560
1289719295795253255
1289719293349830657
1289719151259353092
1289719014994743298
1289718968228253696
1289718871528636416
1289718856848568320
1289718844689231872
1289718658046947333
1289718621892009985
1289718542850383872
1289718419265335297
1289718393038405633
1289718307977695232
1289718259739025409
1289718220170178560
1289718208203636736
1289718208199454720
1289718196560211968
1289718185319514112
1289718178797375489
1289718064368324608
1289718062753542144
1289718059612221440
1289718034303602688
1289718028318343168
1289717874915864576
1289717868980912128
1289717846486835200
1289717827146903552
1289717696351723520
1289717648586977280
1289717597496201216
1289717560024260608
1289717492500197376
1289717478033985536
1289717341983571978
1289717129302835200
1289717114547257346
1289717100177571840
1289717093563273216
1289717080128761857
1289717038840086528
1289717002278297600
1289716860309721089
1289716859437117441
1289716818458763265
1289716705359302656
1289716642105061376
1289716609242849280
1289716547208896513
1289716303763255296
1289716300709679105
1289716294342721536
1289716291146854400
1289716214231523329
1289716142248882176
1289716140466266112
1289715904310378498
1289715762001674244
1289715702580965376
1289715617222729728
1289715472393527297
1289715389815910401
1289715301345566720
1289715268692795392
1289715147695480833
1289715032830414851
1289715013020561408
1289715004766187520
1289714807050924032
1289714773282627584
1289714739648528384
1289714678847819776
1289714626658045952
1289714477391175684
1289714189817098240
1289714183643176961
1289714144619270144
1289714099928985600
1289713901341257728
1289713884740202496
1289713832001036288
1289713821179768833
1289713675616448512
1289713573506068480
1289713571299901442
1289713510109155328
1289713509547139072
1289713489737478144
1289713323282329600
1289713317699698688
1289713279804174336
1289713239052267520
1289713181976195072
1289713158005780480
1289713140301586433
1289713018830336000
1289712909405130754
1289712837074411520
1289712796985262082
1289712747161083904
1289712645260505088
1289712567858786307
1289712539450748931
1289712479333834752
1289712436157718528
1289712421834231808
1289712352422588417
1289712303487750144
1289712274043621376
1289712225544884224
1289712147706986496
1289712056573104129
1289711983663681537
1289711792529084416
1289711773675687936
1289711770949390337
1289711722991726592
1289711708538204160
1289711644289851392
1289711394426892288
1289711337744949248
1289711305918619648
1289711240395202562
1289711184002727937
1289711158467809280
1289711125072711680
1289711090348077056
1289711055518617600
1289711044307202050
1289711042604351490
1289710943459356672
1289710861473296385
1289710843735638018
1289710842900959232
1289710573668581377
1289710550444728321
1289710532388196352
1289710486787743744
1289710478751494144
1289710385378086920
1289710362372108288
1289710338783371264
1289710335633448960
1289710331762278400
1289710292843126784
1289710288607031296
1289710281644417025
1289710246185717760
1289710164405190656
1289710100165230592
1289710047480537089
1289709992812003328
1289709912331886599
1289709902592536578
1289709887992160257
1289709871198171137
1289709831490637831
1289709814226939904
1289709811769028609
1289709731121004544
1289709727887155202
1289709700045447170
1289709689421275137
1289709667321442304
1289709638724628480
1289709617149292544
1289709591752654848
1289709556042350593
1289709555278987265
1289709482579116033
1289709276433285122
1289709208565243905
1289709045171933186
1289708981619810304
1289708977756884993
1289708949004906496
1289708925768486912
1289708916767485953
1289708841051942913
1289708752313004033
1289708728011255808
1289708663842713600
1289708654703386624
1289708629004713984
1289708556657127425
1289708416504455169
1289708290557927425
1289708287261196288
1289708281829572610
1289708192486707200
1289708152221384705
1289708144428380162
1289708129094000640
1289708083497771009
1289708069362966528
1289708037402370048
1289707948927672320
1289707930103644160
1289707921660551168
1289707828857327616
1289707685923958784
1289707643859111939
1289707641401298945
1289707483406020608
1289707305731108864
1289707286139531264
1289707264979468288
1289707194842148866
1289707133135511552
1289707108598857729
1289707054618140672
1289707031553699840
1289707016441589760
1289706849390825473
1289706745070149633
1289706692813271040
1289706452215451651
1289706450655129600
1289706367465349121
1289706364701413376
1289706279405903872
1289706177517858816
1289706112556490752
1289706046932414464
1289705862324350976
1289705601644154880
1289705524796076033
1289705471994023936
1289705426137669633
1289705424879587328
1289705402876141569
1289705399839424512
1289705395947266049
1289705394194059270
1289705324069285888
1289705306461581312
1289705191185379328
1289705148181295109
1289705075926016001
1289704966559473665
1289704922452090880
1289704835160236032
1289704812624269313
1289704566393417728
1289704558466228224
1289704538304180225
1289704480242638850
1289704457744207872
1289704275535204352
1289704246640693248
1289704233789349889
1289704079757676545
1289704004331569152
1289703986086330370
1289703942910164993
1289703924425822208
1289703838186737664
1289703819366895617
1289703775997845511
1289703726454718466
1289703719924195328
1289703627586584576
1289703626743545856
1289703609228316673
1289703425907679235
1289703352553467905
1289703326053879809
1289703216808996864
1289703030619664385
1289702855419387906
1289702801895874560
1289702725475635201
1289702723055529984
1289702717594558464
1289702656643084289
1289702597935284225
1289702502892544001
1289702492859559941
1289702483091103744
1289702463021301760
1289702407279128578
1289702391151902721
1289702309476413442
1289702266832916485
1289702163799617536
1289702162260361216
1289702115166871559
1289702034069831680
1289702000116895744
1289701965358825473
1289701943435091968
1289701782080299009
1289701758781001728
1289701708528934912
1289701679575658496
1289701486906290176
1289701458250612736
1289701457047027712
1289701105597906944
1289701097003724800
1289701089227415553
1289701014866599936
1289700977080250375
1289700953814441990
1289700793080135680
1289700780887306240
1289700777234030597
1289700643427491841
1289700493137248257
1289700336345718791
1289700333552308226
1289700244683251712
1289700226681303040
1289700161342627841
1289699972284391424
1289699808148467713
1289699790389821440
1289699789026689025
1289699759813517312
1289699659821117440
1289699620331720705
1289699591638487040
1289699550056206336
1289699335358173184
1289699306228928512
1289699295365484544
1289699259822903296
1289699254315802625
1289699241284206592
1289699123982028801
1289699119909359617
1289699049780555776
1289699042931294213
1289698982906564608
1289698971980574724
1289698918532612098
1289698893190463488
1289698880666263553
1289698785648508928
1289698772436443136
1289698767298531329
1289698757563559938
1289698709047894016
1289698657688629251
1289698493485875200
1289698474393513985
1289698422522392576
1289698380503896065
1289698376624242689
1289698346001502209
1289698285578383360
1289698167974436865
1289698134407417864
1289698118599159809
1289698089721163776
1289698063615791104
1289697996897005568
1289697969965371393
1289697953100095488
1289697929276674049
1289697801597722624
1289697774498242563
1289697733616443392
1289697615496359936
1289697569539465216
1289697471099068416
1289697365369032705
1289697343046946817
1289697249304301568
1289697084145205248
1289697045607981057
1289696994064076800
1289696931392843776
1289696904914165761
1289696904671043584
1289696877567336448
1289696745635495936
1289696712957681664
1289696703495446528
1289696544841637889
1289696499459227648
1289696485186007041
1289696468782088192
1289696454093676544
1289696290901819393
1289696282475466753
1289696233959772160
1289696231040544769
1289696202737369089
1289696134433308673
1289696063402782720
1289696040422182920
1289696032142499842
1289695939511238656
1289695743574515717
1289695636091101184
1289695616860225536
1289695445967450112
1289695401331707905
1289695393668718593
1289695302002319360
1289695296981594113
1289695270155034626
1289695065154052096
1289694968118824960
1289694887919513601
1289694821255282688
1289694696063655936
1289694612924141568
1289694511627554816
1289694297869041664
1289694123272728577
1289694060295286784
1289694040984653824
1289694027114090497
1289693998521569282
1289693940887805952
1289693933853749249
1289693933828636674
1289693928258641922
1289693871224442881
1289693846452895745
1289693844942987265
1289693801460535296
1289693646971838464
1289693571415601152
1289693489320484864
1289693480743100416
1289693397154820096
1289693384261554177
1289693379580723200
1289693362895728640
1289693245253902336
1289693087283871744
1289693078601650177
1289693075623669762
1289693033835843585
1289692975493079040
1289692848288219137
1289692758735642624
1289692717006458880
1289692705983889408
1289692697045868544
1289692553084796928
1289692452467564544
1289692385920745472
1289692331700936705
1289692203892133888
1289692091157639168
1289692021586763777
1289691982688854017
1289691967899627520
1289691844197064704
1289691819475836928
1289691803562606592
1289691632674185217
1289691557168201728
1289691531918454784
1289691525710921733
1289691417489494017
1289691415476342790
1289691363378782208
1289691231115784192
1289691197624090624
1289691179609739267
1289691111452110848
1289691052857671681
1289690991306317824
1289690967013052425
1289690954731892736
1289690921093627904
1289690839149449216
1289690792684957697
1289690780529881089
1289690754105794560
1289690749508784129
1289690593417805824
1289690589420691457
1289690449788039169
1289690387703975936
1289690370301988864
1289690191888752640
1289690176898215937
1289690111089680384
1289690094991863809
1289690085537902592
1289689999491756033
1289689993116606466
1289689984052662272
1289689858873520128
1289689822127218688
1289689655944687617
1289689554060865536
1289689529075617792
1289689506904342528
1289689389803565056
1289689331926540288
1289689267040477184
1289689261915041793
1289689234559782912
1289689119732273152
1289689004259061765
1289688934562193409
1289688916744744960
1289688815439761409
1289688814126915585
1289688761928953856
1289688722493988864
1289688718995988480
1289688716324167681
1289688702986285057
1289688659503902723
1289688521851117568
1289688510522363904
1289688425721810944
1289688266447286272
1289688239469727745
1289688122830098432
1289688090273935361
1289688075308679169
1289688055339597824
1289688005083426816
1289687924187869184
1289687850896654336
1289687823927320576
1289687790830026754
1289687655706329088
1289687619807281152
1289687480900313089
1289687275048116224
1289687234237669377
1289687214134198272
1289687085285179393
1289687060962349057
1289687036509556736
1289686755101163520
1289686631302090753
1289686605599584257
1289686532656230400
1289686460342312960
1289686407930249216
1289686364686934016
1289686363315376129
1289686315655561216
1289686275084017666
1289686250274709505
1289686245006663680
1289686236274155521
1289686235833802752
1289686217353641984
1289686103474094082
1289686055055028224
1289685954727272448
1289685817657442304
1289685639223336960
1289685626220998656
1289685424135270400
1289685305977499648
1289685240730931203
1289685215992938497
1289685085357301766
1289685046106845190
1289684915018113024
1289684897334878209
1289684774445969408
1289684769253425152
1289684704686301185
1289684702450708481
1289684701213593602
1289684660406988800
1289684591608045569
1289684507692421120
1289684369884377088
1289684352972931072
1289684333524131841
1289684257959419904
1289684191798390784
1289684189940523015
1289684087989444608
1289684033912188928
1289683991251968000
1289683826713665538
1289683743603449856
1289683638817193985
1289683579354656768
1289683563537825792
1289683467282726912
1289683438379905027
1289683425415184384
1289683176210575360
1289682948074037248
1289682926905352193
1289682827936555008
1289682822060335104
1289682820856651777
1289682588349603840
1289682547895500800
1289682532489818114
1289682494325788672
1289682452416303104
1289682442043842562
1289682437719625729
1289682361584517122
1289682338473889792
1289682327157665792
1289682321747017728
1289682083472912390
1289681971099009025
1289681867730427905
1289681843114192897
1289681819302993925
1289681771118964737
1289681730975064064
1289681690089201664
1289681680370774016
1289681607251566592
1289681588553420803
1289681483062370306
1289681384957648897
1289681350530871297
1289681345023631362
1289681204568920064
1289681164786003968
1289680980962205696
1289680815203291137
1289680721628413952
1289680682525106181
1289680677672087552
1289680670122360833
1289680591986647040
1289680533669076992
1289680395567394817
1289680382938374144
1289680359739727874
1289680231259705344
1289680218089836549
1289680059687550976
1289679972286660610
1289679954024599554
1289679942536454144
1289679928431009792
1289679905693679616
1289679828522737664
1289679801519943681
1289679714852827136
1289679709723168768
1289679702290911234
1289679700537700353
1289679654266089472
1289679590244233216
1289679576340353024
1289679542253244416
1289679512372785153
1289679424342892547
1289679417539665920
1289679387483242496
1289679363001053184
1289679272722956288
1289679246118461441
1289679229802524672
1289679111951126530
1289679107941253120
1289678952689094657
1289678945516806146
1289678864772247553
1289678849425342464
1289678846430785536
1289678843125604353
1289678765023473664
1289678746471956480
1289678634307837953
1289678620047192064
1289678605795106816
1289678598622703616
1289678540745711616
1289678487582695425
1289678334612238336
1289678322096435200
1289678309123489794
1289678294544084992
1289678271118884864
1289678243000270849
1289678242371305474
1289678235161124864
1289678221034700800
1289678177728516096
1289678172380778497
1289678120715354112
1289678108153352192
1289678064473972736
1289678055636574208
1289678047910735872
1289678043557093378
1289678009260216320
1289677991400767488
1289677933066350592
1289677928322670593
1289677913621594112
1289677888984244224
1289677875860258816
1289677861717082112
1289677687884136448
1289677593134821376
1289677564831834112
1289677506895732736
1289677468270342144
1289677379737202690
1289677377061101568
1289677301689401345
1289677287651266565
1289677286443114497
1289677285600051202
1289677162895888385
1289677154658091011
1289677115785228288
1289677070142803969
1289677058994388993
1289676849786716161
1289676846221496320
1289676784854859776
1289676777225203713
1289676767339274240
1289676762830352390
1289676690629644288
1289676646920806400
1289676595901407232
1289676582898921474
1289676506243817474
1289676473289252866
1289676460043583488
1289676345446989825
1289676227515621376
1289676193550065664
1289676120330080256
1289676101099429891
1289676099757072384
1289675929023741952
1289675873080078336
1289675849093074946
1289675837633990656
1289675832152035328
1289675765181640705
1289675733669826560
1289675706125840384
1289675529541443584
1289675398133903360
1289675364243877888
1289675332203581440
1289675299706134530
1289675212888215552
1289675182143987713
1289675171578568705
1289675106759843842
1289675019170091008
1289674902539137025
1289674848365551619
1289674808616083456
1289674718664994816
1289674689472651265
1289674633717755904
1289674610795876352
1289674548443361280
1289674485960859648
1289674325684031488
1289674309057699841
1289674184935657472
1289674176341540864
1289674114710478848
1289674100567207937
1289674054274711552
1289674016307834880
1289673983634350081
1289673976432607232
1289673917968216064
1289673824795947009
1289673741950164992
1289673693107380224
1289673445689548800
1289673419206713344
1289673412093198338
1289673226285510657
1289673223966085121
1289673195293937666
1289673117581709312
1289673037868982273
1289672989869404160
1289672976653152256
1289672925675524097
1289672883057209345
1289672881064931331
1289672815638020096
1289672795631300608
1289672748113858560
1289672651179401219
1289672610230329344
1289672602944864256
1289672599161597952
1289672577133076480
1289672534024044546
1289672533814292480
1289672466122432512
1289672435646599168
1289672260941262850
1289672221930205184
1289672096776253441
1289672067542122496
1289672038299209730
1289671977951617025
1289671905155248129
1289671904878563328
1289671903620128768
1289671893675651079
1289671790629814272
1289671624816377856
1289671572937203712
1289671450396221440
1289671406007889921
1289671381274071040
1289671341449371650
1289671322545426432
1289671295714566145
1289671175086518273
1289671148519620608
1289671134619656192
1289671015275143169
1289670961583726593
1289670909058400258
1289670818159632385
1289670816754307072
1289670741823074304
1289670684453376000
1289670677767655430
1289670634876723200
1289670581193854976
1289670565402275840
1289670523371139073
1289670296278949889
1289670273629708288
1289670214850719745
1289670181166358528
1289670157674008576
1289670146894622721
1289670082231238659
1289670071724326912
1289670001436192770
1289669969291042816
1289669858070876163
1289669785475661824
1289669780023255047
1289669775237382144
1289669632534560768
1289669480927211520
1289669460924575744
1289669456403353600
1289669398576295936
1289669313910190080
1289669234562228225
1289669149015171072
1289669124679806976
1289669114236043264
1289669086612316161
1289669078110461953
1289669062356643842
1289669049257873408
1289668920983527425
1289668895238955008
1289668839760891906
1289668812908793856
1289668805791084544
1289668800619544576
1289668657581236224
1289668626627227648
1289668615503921153
1289668609376047104
1289668479243530245
1289668463955283968
1289668329964101632
1289668299236577280
1289668297630216192
1289668253443215361
1289668249320210433
1289668205628149760
1289668051458129925
1289667991840251904
1289667947305168896
1289667928837693440
1289667924144267264
1289667917634662400
1289667860705337344
1289667850911617024
1289667697685311488
1289667673626824704
1289667620652777472
1289667585001152512
1289667582207725568
1289667398212059136
1289667354071244800
1289667333858848769
1289667331124334593
1289667327311654924
1289667307350810624
