1292566272207515648
1292566151629766657
1292566013678989312
1292565873971138561
1292565737622708227
1292565728697225218
1292565714906361866
1292565691409657856
1292565656404197376
1292565525604847617
1292565499801370624
1292565464300781568
1292565451151675396
1292565321585504261
1292565296012763136
1292565274495979521
1292565257521631235
1292565165020532736
1292564984925429765
1292564918173081600
1292564789231857666
1292564691424874496
1292564662911934470
1292564625741844480
1292564594238656524
1292564468900278273
1292564414135021568
1292564399299887105
1292564325584891904
1292564278516604929
1292564270643843075
1292564154310688769
1292563908390277125
1292563861325914112
1292563798386253827
1292563785883037702
1292563761438642181
1292563655276417025
1292563634514796544
1292563563362607110
1292563550947352576
1292563548078370816
1292563519683153922
1292563517577539591
1292563432911200256
1292563375726252037
1292563329555337216
1292563308998823936
1292563147270819841
1292563040844619777
1292562960955707393
1292562958099390466
1292562788594966533
1292562767208038400
1292562607870812164
1292562555442008064
1292562555429429248
1292562525599473665
1292562517777162247
1292562478661083137
1292562387971833856
1292562104843739142
1292562030071816193
1292561960572157952
1292561937985867776
1292561812999864320
1292561779344777217
1292561629457129472
1292561489778413574
1292561266683322369
1292561257149747201
1292561253051686913
1292561234043142145
1292561151134445569
1292561009392017414
1292561003130097671
1292560918082019328
1292560821147467776
1292560741485215744
1292560710577291265
1292560679157760001
1292560590960033792
1292560562761719809
1292560488279289857
1292560413976981505
1292560234184089600
1292560017128914946
1292559882864992256
1292559821242347522
1292559769081913345
1292559732075503616
1292559635124228096
1292559602798731264
1292559541167706113
1292559489225261056
1292559460188270596
1292559429766807552
1292559378642542594
1292559365644247040
1292559294815059968
1292559294391558144
1292559255044644865
1292559123888984065
1292559055194554369
1292559050895273984
1292558980687056897
1292558979340668928
1292558870154317824
1292558815032901632
1292558732317069312
1292558636104011778
1292558533985095680
1292558461016764416
1292558453806903299
1292558387633258497
1292558321971388416
1292558293878157313
1292558261942542337
1292558175476932608
1292558141335404545
1292558113170698243
1292558097001701376
1292558066462920705
1292558065485709314
1292558039049015297
1292558023483953157
1292557982392352775
1292557974569988098
1292557907205079040
1292557808865382400
1292557732013195264
1292557602052808707
1292557570557739008
1292557476290863105
1292557365414420481
1292557349799047169
1292557292974542850
1292557231154769921
1292557187387207693
1292557166289793025
1292557025440935936
1292556895534960641
1292556884252094464
1292556764441911296
1292556684599099392
1292556582094602245
1292556558648442880
1292556555703840768
1292556432295026688
1292556430952804353
1292556386061225992
1292556319279517696
1292556277143535618
1292556254754283521
1292555987946151937
1292555973907841027
1292555949358686208
1292555935760568320
1292555884858683392
1292555853657186310
1292555828617252869
1292555744290709507
1292555728826380298
1292555590141718528
1292555536680935424
1292555479458164737
1292555420733759490
1292555303599452162
1292555227481231361
1292555196657209344
1292555187777941515
1292555074594648064
1292555022799183874
1292554937801609217
1292554915752169473
1292554854854950915
1292554807035609088
1292554785292464128
1292554784495607808
1292554558011404289
1292554505981059072
1292554478378524672
1292554448590589952
1292554422002708481
1292554337848307713
1292554288582074368
1292554218377797632
1292554201197879296
1292554178229874689
1292553918539608064
1292553813585428481
1292553781440208896
1292553648883617793
1292553618768330752
1292553571980869632
1292553496651210752
1292553409086849025
1292553295999967232
1292553292971737090
1292553288655740932
1292553198310502400
1292553021721722881
1292552988901269504
1292552335546134529
1292552294572072960
1292552286498168832
1292552266550059009
1292552243686801408
1292552209104695296
1292552185428008961
1292552169908875264
1292552116024872961
1292552085557276672
1292552071032561665
1292552024140255234
1292552023007584256
1292551994901540864
1292551945253728258
1292551944213585920
1292551917609123842
1292551809261764613
1292551661886377985
1292551542189547526
1292551530072158208
1292551335557111816
1292551314371538944
1292551257706700801
1292551247078227970
1292551227746787334
1292551225234337796
1292551221933305856
1292551090743816192
1292551065385173003
1292551012742504449
1292550950440382469
1292550880701620225
1292550814876262400
1292550801865441283
1292550760836861953
1292550757783306242
1292550712526872576
1292550645166219264
1292550615042859011
1292550547422228483
1292550545094463490
1292550515918864386
1292550494884306945
1292550302642720772
1292550291116580865
1292550133909987328
1292550122224705538
1292550106324119552
1292550072484298753
1292550049382035457
1292549866392969216
1292549866074394624
1292549727200980993
1292549481993576448
1292549444064415744
1292549269203886083
1292548913589780482
1292548887593365504
1292548737047248896
1292548685256183809
1292548678176010240
1292548617761443840
1292548603609833473
1292548569233346561
1292548558953078785
1292548540112273409
1292548439352500229
1292548408058634240
1292548368862834688
1292548341671309312
1292548313200226304
1292548287434719234
1292548225908510722
1292548209026498561
1292548202894303232
1292548195357200384
1292548157642080257
1292548081456734211
1292547984488423424
1292547917102878722
1292547915991244801
1292547816712273920
1292547790581751808
1292547765357154305
1292547742263382016
1292547638533881857
1292547471571394562
1292547471483138048
1292547403619368961
1292547266469695488
1292547234731565056
1292547221632643073
1292547078967754753
1292546892187021318
1292546809005510658
1292546746770264064
1292546685248430081
1292546675886579712
1292546668869681153
1292546658891333633
1292546606793981953
1292546549197737993
1292546494655082496
1292546429773176832
1292546376065327105
1292546217155497986
1292546158821281792
1292546093591474178
1292546029808750593
1292545987819569152
1292545954013483009
1292545908517662720
1292545825613197313
1292545820819152898
1292545678627999745
1292545677164195843
1292545609694687232
1292545511401062403
1292545277493227532
1292545135377604609
1292545026107506688
1292544931572125697
1292544884524670976
1292544751649075201
1292544731982028801
1292544693822201856
1292544684561182727
1292544629188038659
1292544617687080961
1292544592273985543
1292544440033320961
1292544250526208001
1292544240313016320
1292544240032063489
1292544209896050688
1292544197958893569
1292544186974175238
1292544078899339264
1292543893557321728
1292543809172246528
1292543768491634692
1292543701185695751
1292543666653782016
1292543666591010816
1292543505089224705
1292543445077299200
1292543402119180288
1292543377754345472
1292543194060775424
1292543108010237952
1292542779688714240
1292542721882615808
1292542682703654912
1292542673006411776
1292542619885735942
1292542579020619779
1292542479267487745
1292542425496518658
1292542424418406400
1292542347431927809
1292542326301028352
1292542231027617799
1292542210660093957
1292542196453974021
1292542058192875520
1292542017671589888
1292541939426955265
1292541932368015366
1292541870342430720
1292541791992975361
1292541657540448259
1292541461221855238
1292541451688001536
1292541419194736640
1292541415201714177
1292541364438274048
1292541218451202049
1292540927697813504
1292540880159682560
1292540850308820997
1292540826925621248
1292540715281649666
1292540680754135042
1292540641868685312
1292540551867314178
1292540485974794240
1292540394526384129
1292540308807233536
1292540185813557248
1292540074928697344
1292540043303751680
1292540041181515778
1292539964572545029
1292539746980331520
1292539723848835075
1292539623957311488
1292539589069070343
1292539523088424960
1292539489609560065
1292539479916347392
1292539428489973761
1292539412731924481
1292539365332324353
1292539344469798913
1292539238911807488
1292539198738534400
1292539194812768257
1292539109978898436
1292539026126192641
1292539025916481536
1292538952042328065
1292538937487921152
1292538902574698498
1292538861831303169
1292538819519094784
1292538787797532677
1292538522814029824
1292538495886659590
1292538485346197505
1292538246593945600
1292538123172352004
1292538121003896834
1292538105367539712
1292538066716958720
1292538046479503360
1292537966817095682
1292537961960153091
1292537944079769600
1292537916896485376
1292537861615620096
1292537855927959555
1292537779075809281
1292537611345592320
1292537490927243271
1292537436141166592
1292537414016212995
1292537372442112001
1292537355140653057
1292537289361498112
1292537251638005761
1292537092451569664
1292536973542846465
1292536919025496066
1292536881796624385
1292536700498042882
1292536700455936000
1292536665546915841
1292536659146346496
1292536615685033984
1292536561570058240
1292536478216728580
1292536477793095681
1292536461217210369
1292536364114771969
1292536302479572992
1292536284381171714
1292536269189206016
1292536256744820737
1292536240445829121
1292536180429320192
1292536124712325127
1292536106286755843
1292536058266169344
1292536012011384832
1292535957132988416
1292535910718898178
1292535815671668736
1292535792036962312
1292535772067835905
1292535770423660643
1292535728178491392
1292535719597137927
1292535690299731968
1292535662470725633
1292535627859152896
1292535577594736648
1292535568593833993
1292535562314887169
1292535515959484417
1292535491183747073
1292535487731601408
1292535485043286018
1292535469075582978
1292535334887030784
1292535318256791553
1292535263621713921
1292535222572122112
1292535139461980160
1292535108650651654
1292535072512507908
1292535004174651393
1292534887656783872
1292534837312708610
1292534800801083393
1292534787215777792
1292534778269298688
1292534694341496832
1292534638083280896
1292534620827901953
1292534542981402624
1292534509573988352
1292534480410947587
1292534421099360256
1292534363352182784
1292534345304084483
1292534316757590017
1292534267285708801
1292534247819968515
1292534222826213376
1292534165502558213
1292534160192503808
1292534111064580096
1292534076176465921
1292534041045094402
1292533898380017666
1292533864355766274
1292533784643084288
1292533721287942144
1292533595073110026
1292533561082482693
1292533454114963456
1292533339711107072
1292533201261527042
1292533198287712257
1292533196589092864
1292533190649929728
1292533142277021699
1292533139051409409
1292533116121350144
1292533037251452928
1292533016447856640
1292532915692281858
1292532890883039239
1292532855688638465
1292532814395641862
1292532757537726465
1292532743968927745
1292532702298681345
1292532662591270912
1292532654722764801
1292532627044433920
1292532575517454336
1292532574150176771
1292532486740746240
1292532472773775362
1292532410698149889
1292532409641177088
1292532331530661890
1292532322894581767
1292532306054447106
1292532270448783360
1292532175607222272
1292532114949382145
1292532084481896448
1292532055809462274
1292532001963216898
1292531978399449088
1292531932618805248
1292531802100453376
1292531706575179783
1292531624072982528
1292531619820183552
1292531560273661953
1292531529948835842
1292531489700282369
1292531470532190208
1292531341020532737
1292531287450963972
1292531260116656140
1292531232018821126
1292531138926448641
1292531134560051200
1292531127979249666
1292530792980189184
1292530784780406784
1292530766883074048
1292530706023772161
1292530532627210241
1292530427559804928
1292530311650213898
1292530217060315136
1292530203764367364
1292530160952983554
1292530083098492936
1292530045349703681
1292529992828686336
1292529860598996992
1292529528279990274
1292529512350208002
1292529403185045510
1292529376584699904
1292529261274894337
1292529248155115522
1292529236457201664
1292529211761098753
1292529205767528448
1292529162897559553
1292529118345605120
1292529102025633792
1292529040893648896
1292528967711432704
1292528966931222528
1292528831887278082
1292528776405045248
1292528723019931654
1292528545693077509
1292528425664745472
1292528352016896001
1292528332144168961
1292528242986024960
1292528185012375552
1292528093257760768
1292528073246728198
1292527896624594948
1292527884356247555
1292527845420531714
1292527833936535554
1292527707864145927
1292527677811949570
1292527660946595840
1292527652402876416
1292527638926389248
1292527578448826369
1292527440611377153
1292527282851119105
1292527245962227718
1292527129868095490
1292527003938086912
1292526948699082753
1292526885042180096
1292526771003219968
1292526758453903360
1292526585279545345
1292526495756431363
1292526443948380160
1292526259763847171
1292526231716425728
1292526168890015748
1292526009795960835
1292525969861992448
1292525863494352897
1292525826240655361
1292525815821930498
1292525811950587904
1292525666638811136
1292525640478949378
1292525623706099713
1292525521688027141
1292525500905086976
1292525495482036227
1292525472849563648
1292525398799122433
1292525286534373378
1292525207505248268
1292525202623139842
1292525169173561344
1292525084754624513
1292525074088701955
1292525072645857280
1292525005419548677
1292524946388692997
1292524929532006400
1292524910825308160
1292524909432774656
1292524798715863043
1292524796681400321
1292524687130529793
1292524661369118728
1292524554242404355
1292524481035096065
1292524416681869312
1292524348641882113
1292524320980381698
1292524272020144128
1292524214671433728
1292524126280626176
1292524033443954690
1292523954582806529
1292523935607726080
1292523857006465027
1292523816564822016
1292523789767467008
1292523757303726080
1292523679595855878
1292523592253689859
1292523558111858693
1292523551010955264
1292523492982894592
1292523464255930373
1292523441111871494
1292523427048427521
1292523368911167488
1292523301059866624
1292523121363357696
1292523107144671232
1292523096377876486
1292522954098642947
1292522941163409410
1292522857545846785
1292522850776166402
1292522676020445185
1292522578733604870
1292522567727820800
1292522437465247744
1292522362189918208
1292522201384652804
1292522194149548033
1292522129821437952
1292522036632444929
1292521941446819847
1292521906080448515
1292521867547488256
1292521707492737027
1292521496267624450
1292521397109919744
1292521344756666368
1292521316982099968
1292521275877974022
1292521174656851973
1292521169325760518
1292521044817870850
1292521023431225345
1292521022319542272
1292521000261779459
1292520808615759872
1292520533473611776
1292520502485975040
1292520348731219969
1292520284193525760
1292520272856141825
1292520171983249408
1292520106946256896
1292519955402051584
1292519931892834306
1292519914994049024
1292519750862430208
1292519664464134149
1292519634936225793
1292519625310253056
1292519532079099905
1292519280668364802
1292519258501644290
1292519208853614593
1292518872860504070
1292518863196782593
1292518845475966979
1292518824898637826
1292518810378018816
1292518745878016000
1292518679892987905
1292518605146529792
1292518577988349954
1292518527174402054
1292518475622039555
1292518421335347200
1292518418051203072
1292518392469966849
1292518384274411520
1292518361151275008
1292518224676950021
1292518222672125953
1292518169484165121
1292517951908831232
1292517899173629952
1292517862419111936
1292517841686724609
1292517705761738752
1292517696702238721
1292517422210179072
1292517312575295491
1292517263782883329
1292517052477927424
1292517044248879104
1292516861377159172
1292516736487628800
1292516620552884225
1292516585140178945
1292516481138176000
1292516452810006528
1292516431855312896
1292516396765712396
1292516265802768386
1292516149175832576
1292516023787233280
1292515993865117703
1292515983387693056
1292515961132797955
1292515940060377088
1292515868140871684
1292515773081165826
1292515758573051904
1292515751585361921
1292515729523212289
1292515557158334464
1292515526866952192
1292515512480661508
1292515469358796800
1292515282846711811
1292515278748700673
1292515270288977925
1292515257395613697
1292515243726266368
1292515240769445892
1292515166882607108
1292515146284310528
1292515107872952322
1292515028411781126
1292514871746203648
1292514835507412997
1292514774820020224
1292514687649812480
1292514645157216259
1292514550168903682
1292514487103258624
1292514355267993606
1292514307092226049
1292514276998029312
1292514276075339779
1292514237005275136
1292514214033137669
1292514192445104128
1292514179971260422
1292514169485484033
1292514131782668292
1292514127907295232
1292514095841845251
1292513892917284869
1292513858419073025
1292513708149821440
1292513614604177413
1292513551144214528
1292513522044342278
1292513457623969797
1292513253353033728
1292513192774643712
1292513146637361161
1292513030517841923
1292512927065337856
1292512867204251649
1292512815614431232
1292512730063294465
1292512678053740544
1292512645464162304
1292512614308876288
1292512581039661056
1292512559757631488
1292512511728779264
1292512442434682880
1292512391024893952
1292512344329924608
1292512319478497285
1292512182274600960
1292512102540873728
1292512061935751168
1292512017467576322
1292511844637253633
1292511821299986433
1292511694124711936
1292511615192043522
1292511570631831554
1292511493729050627
1292511459126185984
1292511445788372992
1292511388506570754
1292511351386943488
1292511344839864322
1292511323348238336
1292511318642171905
1292511228825305090
1292511189801381888
1292511175415148547
1292511160244162561
1292511132729716739
1292511126601728003
1292511119265816579
1292511085128495107
1292510943910473733
1292510762469068801
1292510715262177281
1292510615055958016
1292510584940965889
1292510467047358465
1292510461833904128
1292510408457191429
1292510369689341959
1292510351230218243
1292510264999522304
1292510162369032192
1292510121835331590
1292510026775527425
1292509962875396097
1292509929161592833
1292509843560030209
1292509797103919110
1292509751012622339
1292509656959655939
1292509404521209859
1292509399123197958
1292509393162969090
1292509361051504640
1292509214708031489
1292509181170327554
1292509053428563968
1292508945811087360
1292508898189103104
1292508861685997568
1292508803280191488
1292508765342904327
1292508661869424640
1292508402451611648
1292508395530903554
1292508389302571008
1292508385544372224
1292508309073940482
1292508204774064131
1292508120950939652
1292508109886431234
1292507787734515715
1292507702413922304
1292507647250325504
1292507626303979520
1292507601578549248
1292507573611122689
1292507557999841280
1292507526748143617
1292507500634419200
1292507493822869504
1292507486134480896
1292507457626017800
1292507430576951296
1292507391033049095
1292507295843311616
1292506951054696456
1292506865528639490
1292506548649046016
1292506534975549441
1292506419233792001
1292506292083478529
1292505979691708416
1292505960251105282
1292505911643328513
1292505799235964935
1292505763118809088
1292505555131670530
1292505354509705216
1292505210892558336
1292505132979060742
1292505068357341187
1292504977873797122
1292504841089175552
1292504837926670341
1292504610956095489
1292504583701438464
1292504565598883849
1292504419716620290
1292504368713998336
1292504326020255745
1292504255413342209
1292504161305743368
1292504155723096068
1292504146747293704
1292504105726820354
1292504075100135425
1292504030690803712
1292503978249519105
1292503960704544768
1292503675282296835
1292503569917075456
1292503567736045568
1292503442687168515
1292503385636306944
1292503384164110337
1292503320624603137
1292503129016205312
1292503126340177922
1292502970064674817
1292502968256925697
1292502880021348352
1292502787373244416
1292502706469384194
1292502638253281283
1292502251186118658
1292502182240096257
1292502124757241856
1292502113780547585
1292502107065585664
1292501988077457409
1292501934612664320
1292501816337403906
1292501783986737152
1292501705448476672
1292501668194648064
1292501529161879553
1292501521792475136
1292501416989339648
1292501393085849605
1292501342120861698
1292501289939632129
1292501238123311106
1292501217344724992
1292501190492659712
1292501141801127936
1292501076764229646
1292501073106804737
1292501065187893249
1292501052781199362
1292500773453139968
1292500584914919425
1292500536168570883
1292500504199565324
1292500392484524034
1292500345101393920
1292500143590330369
1292500092918915074
1292500085968789505
1292500010035290113
1292499986689613824
1292499983086878720
1292499929374568454
1292499733412446209
1292499652655427584
1292499638428282880
1292499633235795968
1292499430491295744
1292499413324234752
1292499389030838272
1292499364359872514
1292499360870092800
1292499345619771394
1292499143160508416
1292499075514892290
1292499059119284224
1292499008087367683
1292498908397142017
1292498827409162242
1292498718911070216
1292498696861614081
1292498686791081984
1292498658706030592
1292498648484343809
1292498629824057344
1292498547804340224
1292498515113934849
1292498400743526400
1292498307407917057
1292498277930278912
1292498217184243712
1292498177665503235
1292498166084968449
1292498158426169344
1292498073604644865
1292498018126749696
1292498001529835520
1292497982332506112
1292497961344045056
1292497957422415873
1292497887289516033
1292497851331813376
1292497827466219520
1292497792947060742
1292497694846484480
1292497565498449920
1292497555046256642
1292497295297122304
1292497277160787969
1292497208055652352
1292497084906692608
1292496987133284353
1292496954660925441
1292496840689102850
1292496788046446611
1292496745490939905
1292496720346198016
1292496699861196801
1292496688725266436
1292496615685709827
1292496557540024328
1292496412886867968
1292496404426915842
1292496397518778369
1292496323376082944
1292496284327325698
1292496199438786561
1292496148255641600
1292496000360370178
1292495955774910466
1292495861772103681
1292495772114726912
1292495745640214529
1292495680469180417
1292495661406003200
1292495614794780677
1292495585820499976
1292495529964961792
1292495231171072006
1292495195737665537
1292495157259100161
1292495152360062976
1292495129895297024
1292495102879899649
1292494837900619776
1292494654404005892
1292494566667493381
1292494533687758848
1292494499101282305
1292494423633227777
1292494413856477186
1292494371032461313
1292494243680878593
1292493845893206016
1292493844685127680
1292493752725123072
1292493750237880321
1292493735045918720
1292493727764582407
1292493673415024640
1292493534398836736
1292493530905051136
1292493514446700544
1292493513364570114
1292493507245023237
1292493359890800641
1292493351611228160
1292493302365921280
1292493292416925696
1292493213761036288
1292493134572793856
1292493080935964672
1292493066771869696
1292492985284919297
1292492962358853633
1292492904271941634
1292492841365770240
1292492660595277824
1292492572275875842
1292492450569818113
1292492419989045254
1292492283967873024
1292492270504042497
1292492230029201409
1292492091830996992
1292492089498800128
1292492074407821312
1292491894417653760
1292491852768313349
1292491795335720960
1292491695909740545
1292491654839128064
1292491581069463553
1292491330271223809
1292491231595913216
1292491168970752000
1292490959163449345
1292490898933071872
1292490859024224256
1292490828271755266
1292490823091748864
1292490817869942793
1292490635841167361
1292490583546765313
1292490549388283907
1292490431494750212
1292490406345703425
1292490391208566785
1292490358937522176
1292490247826280449
1292490242285420545
1292490161616347136
1292490161431879681
1292490092779646976
1292489973531377664
1292489927708614656
1292489896653987841
1292489696619134978
1292489689644044289
1292489408394928129
1292489354452127744
1292489167637753856
1292489127875805184
1292488955758358528
1292488930168897537
1292488904038387718
1292488898329956353
1292488774908293123
1292488773096398848
1292488621283373056
1292488530032242690
1292488475820937216
1292488468300521472
1292488465964240897
1292488271851859976
1292488270740242432
1292488234501644288
1292488193867210752
1292488166360993794
1292488153480204289
1292488006012743682
1292487967890538497
1292487959334268928
1292487935116431362
1292487903654879232
1292487892972052480
1292487875779534851
1292487861133021187
1292487726135046145
1292487556920205312
1292487542995062784
1292487511944527872
1292487482618126338
1292487402024566784
1292487327193980931
1292487203621347330
1292487101469134853
1292487035543080964
1292486851706658819
1292486831553105927
1292486801958023168
1292486793409904640
1292486709305905152
1292486685578665987
1292486574509371394
1292486511431225344
1292486482888974341
1292486412042788865
1292486387460116481
1292486337610821632
1292486321336922112
1292486270032191488
1292486195897933825
1292486191766548484
1292486153363283974
1292486036396875776
1292485995540238342
1292485972181958656
1292485962396839936
1292485896554586116
1292485767533649921
1292485748286001152
1292485682590617603
1292485644489568257
1292485425878011904
1292485385327710209
1292485356470796288
1292485346198843392
1292485345930608646
1292485246957563922
1292485245250473989
1292485221602848769
1292485138220294145
1292485097254539267
1292485069559468037
1292484978056536064
1292484911203520514
1292484892480110593
1292484832866504705
1292484805670699010
1292484722531217408
1292484562375921664
1292484493752885253
1292484471955038209
1292484450421485568
1292484304199733248
1292484301867622402
1292484283454676993
1292484242102865920
1292483961277513729
1292483950661836800
1292483802053382144
1292483800237256705
1292483735212957697
1292483694184353797
1292483600907145216
1292483430433927169
1292483392274157569
1292483388822167558
1292483360695230465
1292483341120233472
1292483269724905477
1292483269368446976
1292483166746419200
1292483064053071873
1292483026253828096
1292482997829226496
1292482984076083201
1292482942942486528
1292482900403855362
1292482823010607105
1292482798717227009
1292482753611599872
1292482720711315458
1292482701027676160
1292482566491197440
1292482443849732103
1292482258297851904
1292482209673359360
1292482184012496898
1292482182242541568
1292482150067929093
1292482127733428227
1292482116878508034
1292482075124273160
1292482031125843968
1292481949148340225
1292481897550032897
1292481683334336513
1292481677118382080
1292481675222491136
1292481672810835968
1292481667144151040
1292481614023258112
1292481518921629696
1292481505881518080
1292481469827502082
1292481414148096002
1292481209247977472
1292481173004877827
1292481124502065153
1292481047465201669
1292481019333865473
1292481003924094982
1292480962761089025
1292480872919248899
1292480843512938501
1292480837599010816
1292480782037127169
1292480501056495616
1292480471927005184
1292480207396380672
1292480204368158729
1292480140958740480
1292479987883413504
1292479971634622464
1292479965422931968
1292479855410388992
1292479812532080643
1292479671280566272
1292479511968309248
1292479479932235778
1292479405504241664
1292479210615975939
1292479077455204353
1292479053287419904
1292478831169855488
1292478819836755973
1292478752325341184
1292478743915761666
1292478683056410628
1292478310497353731
1292478269476855814
1292478202678521863
1292478189579776000
1292478189302841354
1292478165365874688
1292478109187530753
1292478033203470337
1292478011409801217
1292477976240697345
1292477797974212609
1292477746296188928
1292477441361969152
1292477408696832002
1292477322084462592
1292477258343555072
1292477222608154625
1292477216006316032
1292477123903414272
1292477037798711296
1292476803559432192
1292476784651493376
1292476588664279041
1292476488126693381
1292476374964269058
1292476227299811330
1292476150846029824
1292476143380107273
1292476132726538242
1292476070638354432
1292476031761145856
1292476014786940928
1292475975796588545
1292475966862876677
1292475870431641600
1292475731289575426
1292475612809039876
1292475606932758536
1292475573353291778
1292475399704911873
1292475375000461319
1292475332499509250
1292475307891363842
1292475296357244928
1292475243433472000
1292475228875042817
1292475200383209472
1292475169320001536
1292475017070931968
1292474968895295488
1292474936678928384
1292474931129720833
1292474920622907392
1292474906274193409
1292474895746494465
1292474857884512256
1292474654414831616
1292474483266260994
1292474427742068736
1292474404002242560
1292474348125659138
1292474299736109061
1292474221239697411
1292474210204483585
1292474196870668289
1292474191158153218
1292474090087952389
1292474085381779456
1292474074854240257
1292474007510568964
1292473911398092803
1292473709001752582
1292473702098116612
1292473674520502272
1292473627011506176
1292473575547559936
1292473565653217281
1292473490352803843
1292473319099432966
1292473278364254209
1292473243597774849
1292473189797371904
1292473176505622528
1292473045177831424
1292472942333431808
1292472800343740420
1292472793821581314
1292472708836593665
1292472651336818688
1292472637248217088
1292472621817364481
1292472602074607617
1292472473414492162
1292472465088630784
1292472394431361024
1292472333307969537
1292472275338498048
1292472265049886720
1292472255440736257
1292472233139613698
1292472222804635653
1292472220330098688
1292472177862881283
1292471923641929728
1292471892251574272
1292471851034255363
1292471771875033088
1292471653868302336
1292471586667331584
1292471543541506054
1292471368655802370
1292471322099032065
1292471265047900160
1292471103231860739
1292471093832409088
1292470995035533312
1292470897308311552
1292470870703616001
1292470794149224449
1292470717162848260
1292470679636307969
1292470670195122177
1292470514867482627
1292470427000999941
1292470266891661318
1292470241335881728
1292470219223502868
1292470041909354496
1292469975496753153
1292469789722644480
1292469720810229760
1292469549485289476
1292469486847586304
1292469486529007617
1292469441159192581
1292469361970749444
1292469353565298689
1292469250582618112
1292469163143778305
1292469100841709568
1292469000136531975
1292468730795102208
1292468591644880896
1292468394177056769
1292468388179120128
1292468367995985923
1292468328955408384
1292468292712640518
1292468262572380160
1292468161657397249
1292468107496140800
1292468085279121414
1292467948695756802
1292467772807618561
1292467764368740356
1292467707741380616
1292467440102801409
1292467303796346880
1292467204701794305
1292467077572440064
1292466937621098497
1292466805638864896
1292466664039043072
1292466416415899653
1292466166997409794
1292466052555833345
1292465858506350593
1292465745864077315
1292465693938659329
1292465682894991362
1292465544894066689
1292465260528640000
1292465157948559361
1292465015430115331
1292464824702472194
1292464817094168576
1292464790133075969
1292464735418372096
1292464717794029570
1292464702581334017
1292464668938772480
1292464621681545217
1292464499744813057
1292464494543802369
1292464276096122880
1292464115793817600
1292464048756404225
1292464026300157964
1292463960818622464
1292463876970369024
1292463788369862661
1292463770456010754
1292463742576398341
1292463656635113478
1292463614733897729
1292463461641998339
1292463436383698944
1292463338467680258
1292462850078920710
1292462794772582401
1292462791740272640
1292462774023360512
1292462696382836736
1292462639050891264
1292462414085140481
1292462093711507458
1292461633256722432
1292461568580636676
1292461386476539905
1292461365404336128
1292461351881891842
1292461166308888579
1292461162488115200
1292461156779593731
1292461151838707712
1292461119991361537
1292461079608676353
1292461077440208896
1292460876256043008
1292460876092538885
1292460876063109120
1292460689676808192
1292460663382695941
1292460645883887616
1292460482188709888
1292460242005983233
1292460189363429376
1292460135999254529
1292460074879913984
1292459924547604482
1292459855903514624
1292459854620221441
1292459713427275777
1292459695467307008
1292459358836555778
1292459260606132224
1292458984134397954
1292458872259481602
1292458791758372864
1292458738742304768
1292458658715111425
1292458577974763522
1292458553739968512
1292458551366103042
1292458512501612544
1292458232351531008
1292458049945378816
1292457898547740676
1292457885633515520
1292457594687295494
1292457587451912192
1292457542996627456
1292457517742731264
1292457511577161728
1292457456992497666
1292457452810772481
1292457428030816256
1292457380949753856
1292457253191254016
1292457240566398977
1292456992280203265
1292456920566108160
1292456911535779843
1292456775644585986
1292456334546423809
1292456228237516804
1292456216619352064
1292456106531401731
1292456090676985857
1292455845264084999
1292455741702443008
1292455678745993222
1292455671426740225
1292455474990911488
1292455443898535936
1292455316395892737
1292455218664427520
1292455184837246977
1292454870214205442
1292454844784152586
1292454606291730432
1292454592777682945
1292454583713910784
1292454474842243072
1292454210001424387
1292454209930092545
1292454203902705665
1292454093575733248
1292454024109633537
1292453926730633218
1292453921642827778
1292453892559638530
1292453854831874051
1292453833491140610
1292453801425805318
1292453750783856640
1292453708253605890
1292453692881461250
1292453606382239750
1292453583955337226
1292453582244057094
1292453545426530307
1292453517114970114
1292453512857755648
1292453462928760834
1292453452006686724
1292453418351636481
1292453377499070474
1292453314647425024
1292453239003254786
1292453175144972288
1292453150780272640
1292453147944812547
1292453098632478720
1292453074427027456
1292453067967721472
1292452920324169728
1292452845044858882
1292452772399505409
1292452760374382593
1292452743588777984
1292452711217102849
1292452668548546561
1292452605227040768
1292452081828331520
1292452024945172481
1292451685600829440
1292451662033039361
1292451368918286337
1292451173379842048
1292451120594522112
1292451072884252674
1292451057294082048
1292451001690013696
1292450961861091328
1292450951794700290
1292450951039680512
1292450664379908096
1292450653445464064
1292450534134341635
1292450477758611458
1292450395030204417
1292450394916954112
1292450374251679744
1292450334225334272
1292450237638823938
1292450182395834369
1292450144470917120
1292450041471340545
1292450030570307584
1292450019363246087
1292449969866027010
1292449847623245824
1292449591565131776
1292449474204368896
1292449449835409409
1292449367966863360
1292449334282395650
1292449302288179200
1292449301843648512
1292449091385831425
1292449058611777536
1292449058024431616
1292448910535950337
1292448903934152709
1292448872564838401
1292448860837752832
1292448831326625798
1292448721800658944
1292448720743792642
1292448507534675968
1292448367168098304
1292448326785400832
1292448314063978497
1292448238637744135
1292448144735842306
1292448089299726343
1292447963114090502
1292447768460447744
1292447652949434368
1292447562633486338
1292447500226506762
1292447287306682369
1292447223737982977
1292447157052674048
1292447066988384256
1292447014198874114
1292446995362320384
1292446978341838851
1292446934880399363
1292446869046677504
1292446741254602753
1292446682253336576
1292446609880616962
1292446569644453889
1292446493169852421
1292446475222384641
1292446474618404864
1292446374705995777
1292446238420475904
1292446130626756609
1292446034828894210
1292446030898712577
1292445989719224320
1292445902670618625
1292445803609559041
1292445800723812352
1292445584092286977
1292445572364894210
1292445528102522882
1292445490060177409
1292445484464906240
1292445408862646279
1292445230684418048
1292445057614741504
1292444960562614273
1292444951733829632
1292444946046365698
1292444861073895424
1292444742018531333
1292444465622376448
1292444433544359938
1292444347800137729
1292444304993116161
1292444304481366017
1292444108942987264
1292444078320357379
1292444043876741121
1292444041934757888
1292443964310794242
1292443796794351617
1292443740074848257
1292443644188864512
1292443577558212610
1292443472843202561
1292443382875217922
1292443230726955010
1292443156961607681
1292443104126083072
1292442930225938432
1292442803130306567
1292442792938151937
1292442779306676224
1292442637606289409
1292442612482310144
1292442560850345984
1292442547332083712
1292442547206402049
1292442484761481217
1292442450238242816
1292442395490029570
1292442082414661632
1292442017902059520
1292441960477753345
1292441868400308227
1292441771625058304
1292441482838904832
1292441472386633729
1292441468796309505
1292441434352685057
1292441390153191433
1292441228634730497
1292441086435057672
1292441080588312578
1292440927349411841
1292440852569165824
1292440815726403584
1292440815051186180
1292440798491967488
1292440763410853888
1292440676026798082
1292440621349654531
1292440586017021952
1292440541225943040
1292440526692769794
1292440312019746816
1292440102774292480
1292440078250278912
1292440074739744774
1292440002312495110
1292439989125554176
1292439986772611077
1292439939284635649
1292439931198099457
1292439740566745089
1292439645624688642
1292439382008504321
1292439337099866114
1292439290073554944
1292439230963212291
1292439171353780227
1292439157269291008
1292439155155378176
1292439121164668930
1292439081696337922
1292439046883610624
1292438869607161856
1292438675176005633
1292438435601559552
1292438345323352064
1292437762227015680
1292437603933999104
1292437537521197056
1292437216002813952
1292437214723485697
1292436975396573184
1292436883230855168
1292436827954085890
1292436694726324224
1292436575171813377
1292435945669775361
1292435742199820288
1292435609945100289
1292435530689515521
1292435522778955777
1292435420932866049
1292435225348210691
1292435066635923456
1292435033421230080
1292434897567711235
1292434819851395073
1292434726515552262
1292434611742679040
1292434512954167298
1292434483250171905
1292434324470587394
1292434307169083400
1292434218774036481
1292434088570302464
1292434078927654913
1292433954172211201
1292433922714935302
1292433849255899137
1292433708088266754
1292433606690983937
1292433424200982528
1292433217774026752
1292433210807324675
1292432935707123713
1292432769306505219
1292432688326930433
1292432585738661893
1292432442935119875
1292432386878246913
1292432357149073408
1292432212948811776
1292432198856069126
1292431983667118080
1292431974758592512
1292431959545851905
1292431931913756672
1292431719220551681
1292431613318619136
1292431470057803776
1292431430035730434
1292431423073333248
1292431408393342976
1292431184106987520
1292431126640959488
1292431015504490497
1292430957073412096
1292430778106880002
1292430761820397568
1292430747081543681
1292430678060077056
1292430677225418759
1292430624708534277
1292430510489309186
1292430433498660864
1292430007818768385
1292429714695561219
1292429587146842113
1292429156525932544
1292429112217423872
1292428916230107136
1292428893459230720
1292428808864378885
1292428645101981696
1292428595244277760
1292428593621012486
1292428581025415170
1292428557877223425
1292428546925899778
1292428512612233216
1292428507142852609
1292428328750776320
1292428264988913664
1292428160303337472
1292428016212160514
1292427911069220869
1292427875887480833
1292427826516426752
1292427690667134976
1292427668781228033
1292427622232858626
1292427483766169602
1292427321333493766
1292427224252125185
1292427116903108608
1292427051819991042
1292426933376913409
1292426811658383360
1292426488248180736
1292426464504274946
1292426375736033281
1292426332530528256
1292426005509013504
1292425814638596096
1292425588037353474
1292425536476606466
1292425432785190912
1292425357291814912
1292425323360002051
1292425257035464706
1292425164366450688
1292425152731455493
1292425087975596034
1292425029502869504
1292425019331694594
1292425002193747968
1292424466727931904
1292424393994506240
1292424350583476229
1292424317695938560
1292424314969640961
1292424166717526016
1292424051822977026
1292424017085775872
1292423993677549568
1292423979286908933
1292423934311374848
1292423725309034496
1292423665863327752
1292423631117590529
1292423484606382087
1292423420034953217
1292423277567021059
1292423229827616768
1292423059622813697
1292423037661450240
1292422876306370562
1292422865187475460
1292422734463598592
1292422682202591233
1292422660979335168
1292422460449656832
1292422426920394753
1292422224624984067
1292422199568142336
1292422061625942016
1292422045997957120
1292421895179001857
1292421877189681153
1292421664261603329
1292421624889778178
1292421567553708034
1292421507667329025
1292421424980856837
1292421383876730881
1292421342445395970
1292421335797424128
1292421275328163840
1292421267803471877
1292421110835949568
1292420878005932036
1292420727682015232
1292420706119094272
1292420702814064641
1292420598891712514
1292420413134450688
1292420406901641217
1292420324135403520
1292420279487156224
1292420061009981440
1292419860291616774
1292419645408870402
1292419620566175745
1292419550005399553
1292419373555228672
1292419347529576448
1292419157841940480
1292419112484790273
1292419008596238336
1292418916052955136
1292418721097478144
1292418682283536384
1292418611231981568
1292418352300920833
1292418315051294721
1292418153604055041
1292418002223345664
1292417778541113346
1292417560466673665
1292417272515121158
1292417099986620417
1292417062418042884
1292416969392533505
1292416849997639680
1292416801847021570
1292416798839779330
1292416659093954560
1292416364297281536
1292416179202654211
1292416107253555202
1292416076341542913
1292416062458404864
1292415850285342720
1292415843620528132
1292415572454539266
1292415538921189376
1292415418167177219
1292415389683666946
1292415334469840896
1292415301045432321
1292415245621706752
1292415199509708800
1292415138352500736
1292415098296733696
1292415060858613761
1292415035038343168
1292414908810833920
1292414843824242688
1292414514739269633
1292414338301669377
1292414292134895616
1292414167933214720
1292414131711234048
1292414108877430784
1292414103454191616
1292414077738811393
1292414052916961280
1292414027201642497
1292414001960361984
1292413734955098113
1292413535784402944
1292413343391768576
1292412956899266562
1292412942151892992
1292412846094024705
1292412581756514304
1292412496746291201
1292412456153894912
1292412290034274304
1292412214532505602
1292412094944628736
1292411859551887365
1292411794808549377
1292411583281475584
1292411421842604033
1292411066648014851
1292411042417520640
1292410429474471941
1292410318891577344
1292410009557635072
1292409967794966529
1292409368483422208
1292409184814878726
1292409053985964033
1292409035275358215
1292408837538844673
1292408812570378240
1292408788050296832
1292408590574157828
1292408346973057026
1292408309530734592
1292408250286055426
1292408248134520832
1292407817626955776
1292407599560892416
1292407419826577409
1292407408925474816
1292407124841111552
1292407006276603905
1292406883127644160
1292406595213824000
1292406572354764802
1292406562066010113
1292406102747906048
1292406092136353795
1292405937945354240
1292405913161146368
1292405590036275200
1292405587095977984
1292405479000465409
1292405461795438593
1292405448960872448
1292405102553128961
1292404911179796480
1292404883946119168
1292404068997103616
1292404011530948608
1292403945177059333
1292403897177448448
1292403815979921409
1292403755267366914
1292403560555196416
1292403556604170240
1292403497372196871
1292403360730095616
1292402936623046656
1292402628555505664
1292402568912666625
1292402502051274752
1292402365430140929
1292401891884883970
1292401624523079687
1292401348999348226
1292401036435640320
1292401022145527809
1292400863772803075
1292400518069968898
1292400459487965184
1292400331255619585
1292400255254892544
1292400226179747841
1292399949209108480
1292399875955527680
1292399791759069186
1292399601060728834
1292399321221128193
1292399296738926592
1292399281924640775
1292398983676076043
1292398426618044421
1292397833971216386
1292397821799219200
1292397138090106884
1292396990337351680
1292396939305193475
1292396731049611264
1292396339758632960
1292396267746791425
1292395921683210246
1292395906692722688
1292395860177743875
1292395722340532224
1292395290654380033
1292394929856151553
1292394697185402880
1292393930642907136
1292393695648481280
1292393594503012355
1292393564735967232
1292393381780430849
1292393260606877696
1292393259864449024
1292393083653574659
1292393075042467840
1292392798969384961
1292392395527553024
1292392298073001984
1292392184856150017
1292392054262312960
1292391949106896896
1292391823537606656
1292391707934425088
1292391420347715584
1292391418879672320
1292391390706577409
1292391216148078592
1292390916842573824
1292390754527174656
1292390504433213440
1292390295175405568
1292390216582520838
1292390059149320192
1292389691929624577
1292389635218386945
1292389534534004736
1292389517752561665
1292389506046337024
1292389500035842050
1292389484462403585
1292389467009900544
1292389429617651712
1292389413662552065
1292389396637876224
1292389188017491973
1292389129016225793
1292389007020752897
1292388178494717954
1292388175101546496
1292388171532193794
1292388170332549121
1292387863468924928
1292387668840665088
1292387667917840385
1292387336404307969
1292387277100814336
1292387243009728513
1292387196994027520
1292387172125999104
1292386887777296384
1292386729438191616
1292386674148888576
1292386498650595330
1292385782209097728
1292385695563218947
1292385639732662276
1292385461789392896
1292385149880082433
1292385125527822336
1292384627433168896
1292384563101077505
1292384065186742272
1292383974967463937
1292383973755072512
1292383697908518912
1292383534166966272
1292383341870817280
1292383028615024640
1292382786838355968
1292382732761194496
1292382428489818112
1292382381891092480
1292381952503414785
1292381801357488128
1292381457210638336
1292381363136606209
1292381333025517569
1292381152150396928
1292381067324862464
1292381049108992000
1292380850588286979
1292380751992967169
1292380548204310528
1292380378016043008
1292380126940815362
1292379935550640138
1292379855674388481
1292379518251012097
1292379242613952512
1292379093019713537
1292379033183887360
1292378804682285057
1292378637967253505
1292378478889906178
1292378296429289472
1292378096927150080
1292378080393166849
1292377700997488640
1292377591358328838
1292377501075795968
1292377278144327680
1292377067154268160
1292376793668816896
1292376026341933056
1292375715338424321
1292375691309309952
1292375685621678082
1292375601282715651
1292375565224357888
1292375497318584321
1292374511007019009
1292374222862524416
1292374075566960641
1292373619415240706
1292373242645282817
1292373111736737793
1292373068917202945
1292372900415188993
1292372794077052928
1292372669887729665
1292372615638716416
1292372612803330050
1292372042969485312
1292372025491755008
1292371760038346753
1292371750089523200
1292371604060737536
1292371373067603968
1292371351123030016
1292370515563147264
1292370077635895297
1292369867623018496
1292369850409652235
1292369835670663169
1292369725138145280
1292369455008423943
1292368343869960193
1292368195945406465
1292367967330750465
1292367859256037376
1292367794122653702
1292367329867657216
1292367153811857409
1292366942712541185
1292366267014316032
1292366146084245504
1292365816025972741
1292365671578267648
1292365561855266818
1292365357106081792
1292365235781804038
1292365219067580416
1292365154600935424
1292364541473574912
1292364493113249795
1292364457147076608
1292363964979052544
1292363923421908992
1292363843331674113
1292363684455432193
1292363198675292161
1292362403280302082
1292362198166253568
1292361855801884673
1292361475433127937
1292361474724306945
1292361446039457793
1292361423520112641
1292361418449342464
1292361349524152320
1292361286202920966
1292361069177044993
1292360943356313600
1292360773801512960
1292360748157612032
1292360674857717761
1292360541567033345
1292360369105711104
1292360360385814530
1292359976137228290
1292359976132980743
1292359964057534464
1292359864790867968
1292359788890714112
1292359482408865793
1292359310727553024
1292359251487330304
1292359045291089920
1292358903091433472
1292358860645306368
1292358651491921920
1292358604725587968
1292358600703320069
1292358597452558336
1292358558797840386
1292358315708686337
1292358260520103937
1292358256111882240
1292358247844806656
1292358169994432514
1292358149278765056
1292358100226387968
1292357952431624194
1292357894848024576
1292357874077835267
1292357866154799104
1292357696281358336
1292357516186095617
1292357424968597509
1292357345880739841
1292357341522911232
1292357312917757957
1292357040195743746
1292356848310530048
1292356817507487744
1292356163363844096
1292355758961692678
1292355676405207040
1292355542149746689
1292355385962237952
1292355296476749825
1292353975451299840
1292353969646256129
1292353957193322497
1292353570625351681
1292353453583478784
1292353270778716161
1292353118630481920
1292352618455498752
1292352582422233088
1292352238996733952
1292352028023300096
1292352019496280065
1292352015184658432
1292352002018537479
1292351890210996224
1292351776293900290
1292351715715555330
1292351683834642432
1292351254589472770
1292351172314046464
1292351076109172736
1292350998208536576
1292350939735588864
1292350849738510337
1292350756079562752
1292350473090084864
1292350075868307456
1292349466410807296
1292349095617744898
1292348994535006208
1292348823776317441
1292348554455986179
1292348071423115264
1292347938375528448
1292347686541131781
1292347657088901120
1292347399466188800
1292347184193691649
1292347123816693761
1292346837395890176
1292346611687972865
1292346252995317760
1292346136225894401
1292345872232009731
1292345510020304896
1292345159108132864
1292344556847996929
1292344477772738564
1292344387951828992
1292344184448393216
1292344151145697280
1292344140907380736
1292344128177668096
1292343880533172224
1292343783963521024
1292343761461100544
1292343615310532609
1292343229019336704
1292342795794100225
1292342713631887360
1292342649353953283
1292342445003472897
1292342133219905536
1292342094607130624
1292341787995131905
1292341456397574145
1292340746469748738
1292340690937143296
1292340642505523200
1292340589422243843
1292340556299984896
1292340533042581504
1292340506291142662
1292340476821925888
1292340107459076100
1292339987686420480
1292339872145997825
1292339473062211584
1292339442682748928
1292339345639251969
1292339330011168768
1292339240173543425
1292339085252726786
1292338934244970497
1292338931879555073
1292338867446652930
1292338778594512897
1292338672365232128
1292338592430329858
1292338383646273538
1292338285440667648
1292338127265308672
1292338057618903041
1292337805495074824
1292337739753558016
1292337656290918403
1292337194888200192
1292337099153313792
1292336861982142465
1292336796240674817
1292336785251618817
1292336723066851328
1292336667269840897
1292336645312638976
1292336568254988291
1292336264730103811
1292336228503756803
1292336130642161664
1292335352724692992
1292335265734893569
1292335182863728642
1292334676569255937
1292334548706107393
1292334419370549249
1292334315431485442
1292333985943580672
1292333942020943872
1292333919442882562
1292333692438761472
1292333580123877376
1292333550092480513
1292333536876191744
1292333161947553792
1292333071090491392
1292332779800125440
1292332607481491456
1292332418742001664
1292332364291616773
1292332134124990464
1292332096187326468
1292331876154314752
1292331855040176128
1292331700849004547
1292331486163673089
1292331180306530305
1292331153324531712
1292331152955641856
1292331122655989761
1292330877435940864
1292330465165103104
1292330441530175489
1292330263419158530
1292330006958485504
1292329869796421639
1292329777806946309
1292329089764864002
1292329000300232705
1292328981568552965
1292328838362312706
1292328790639685634
1292328694363627520
1292328378838597632
1292328259531747329
1292328140832829440
1292328106804617216
1292327884279779328
1292327406145921025
1292327272150642688
1292327244451520513
1292327094026776576
1292326978515808258
1292326958861361152
1292326860248891392
1292326799460859908
1292326791105798144
1292326737552871424
1292326725620305920
1292326719521787910
1292326703310626817
1292326473353687043
1292326424838250496
1292326335751299075
1292326217979396101
1292326004363591680
1292325881197629440
1292325492599783425
1292325134238449664
1292324891732180992
1292324853995847680
1292324717077000193
1292324514571968512
1292324369377755137
1292324350398472192
1292324322946629634
1292324293771239425
1292324229329739776
1292324207561527299
1292324083833561089
1292323858532282369
1292323748775964673
1292323560313065472
1292323543326367746
1292323286483906561
1292323243026767873
1292323207232413696
1292323095714263040
1292322528715628544
1292322460046520320
1292322059184373760
1292321931186798593
1292321881975005184
1292321748990353408
1292321716535001088
1292321656350834690
1292321652575895552
1292321468324483073
1292321244310888448
1292321155400040449
1292320967071604738
1292320573477945345
1292320450626945035
1292320450182295552
1292320437368762368
1292320257567326209
1292320100368945154
1292319736299167744
1292319647782428672
1292319585195241472
1292319578949922817
1292319549929467904
1292319303723819008
1292319285554089984
1292318895068438528
1292318841201098752
1292318649420718081
1292318526959689728
1292318495850414080
1292318027514617857
1292317997936386049
1292317940491018240
1292317876590804992
1292317792356769797
1292317636940959745
1292317559392477196
1292317527167688706
1292317259524792320
1292317176649543687
1292317095011614721
1292317032785088513
1292316966347132928
1292316691163209732
1292316475294986240
1292316379043860480
1292316368101138433
1292316231064846336
1292316005189001229
1292315878357454848
1292315840759488513
1292315803921059841
1292315682898612224
1292315402333065220
1292315182883049472
1292315102092431360
1292314888094744576
1292314770599804934
1292314644141322241
1292314181186621441
1292314090006876161
1292314068787879936
1292313911065055233
1292313904970895360
1292313841167212546
1292313759663284227
1292313641643991040
1292313581904711685
1292313449398063105
1292313222977069056
1292312830964834304
1292312779588874240
1292312729185918976
1292312729122816002
1292312664673325056
1292312266742931457
1292312244496334848
1292312235369529344
1292312162791292928
1292312091861237761
1292311782963449861
1292311681947885569
1292311555439173632
1292311550968111104
1292311460329197568
1292311334269464582
1292311264920838144
1292311262123065344
1292311224357662722
1292310987983527937
1292310935932149760
1292310895004192769
1292310850464882689
1292310844265713664
1292310575532236800
1292310529231347712
1292310501427486723
1292310428673073152
1292310279263367170
1292310237131800576
1292310164092137472
1292310049914851328
1292310018423951360
1292309876094296064
1292309860604928000
1292309755067801601
1292309632543854593
1292309631222636545
1292309551362924544
1292309546061496320
1292309183384166400
1292308949266391040
1292308831288979456
1292308798695018496
1292308609116889088
1292308544767660032
1292308510001246208
1292308474697854978
1292308303633145864
1292308249954246656
1292308185148059648
1292308122300747776
1292307973155385344
1292307945561165825
1292307836567982080
1292307652282691584
1292307625326055424
1292307526139154432
1292307382429782017
1292307354202120192
1292307339836563457
1292307209439911936
1292306947123957761
1292306915943313408
1292306806711222273
1292306643892539393
1292306614465200128
1292306535998033920
1292306524392562689
1292306442205224961
1292306294909460480
1292306069088350209
1292305775864320001
1292305617596620800
1292305568137269248
1292305478140088323
1292305447488294912
1292305188947218435
1292305143841591296
1292304820821471233
1292304778257735680
1292304201863909376
1292304147279220741
1292304035748491265
1292303836670054406
1292303830630256640
1292303697213628426
1292303671825498121
1292303662203703296
1292303566540083200
1292303398939889665
1292303336956452864
1292303309550886912
1292303145364787201
1292303099516911623
1292302739096117250
1292302567221923841
1292302522976280579
1292302361445183490
1292302106800590848
1292302037493977099
1292301912541237248
1292301688741789697
1292301472672227332
1292301246292992000
1292301242018852864
1292301208787529728
1292301130186346500
1292301032022843392
1292300557319897094
1292300081505243138
1292299808124866561
1292299803813019649
1292299777510580224
1292299723748126720
1292299671411531776
1292299640356786179
1292299593649197056
1292299466041634817
1292299350463229952
1292299331249135618
1292299252413030401
1292299238747996161
1292299230376271872
1292299166312472576
1292299132762292227
1292299032740519936
1292298894638899200
1292298866558025729
1292298855380180993
1292298821523902464
1292298793493422081
1292298533656309766
1292298491608342528
1292298235533578241
1292297832804675585
1292297812504383488
1292297540109570050
1292297505166766080
1292297394403643394
1292297381518680071
1292297366587027459
1292297323784155136
1292297312442568705
1292297173690978305
1292297084079673344
1292297080262856704
1292297004253696001
1292296994543804417
1292296931822182405
1292296878642659328
1292296807096233985
1292296743518760961
1292296713349156864
1292296647251308545
1292296617031163904
1292296355038343169
1292296268077768705
1292296142814949377
1292295781156888579
1292295771937738758
1292295754103414786
1292295482337878017
1292295433985777665
1292295265131487233
1292295227789713408
1292295079852421120
1292294864034439168
1292294727920951298
1292294721029771264
1292294689006276608
1292294675722694657
1292294658521956352
1292294573717323776
1292294557472890883
1292294530906107905
1292294530851627008
1292294511947808777
1292294499411070976
1292294320175841280
1292294293982457858
1292294116655562753
1292294100427972609
1292293917392564224
1292293902926372864
1292293757619052544
1292293666351058944
1292293658969071616
1292293603855802369
1292293521945145344
1292293439032365059
1292293367829876738
1292293299676614656
1292293205891915778
1292293170609508352
1292292895639101440
1292292875292729346
1292292829587415040
1292292786377678849
1292292604986630152
1292292454834671617
1292292451852529664
1292292301688057856
1292292283950407680
1292292233320964098
1292292164148502528
1292292153708818432
1292292058691121152
1292291811302445057
1292291709523709953
1292291546058915840
1292291535149707265
1292291392098586624
1292291271978110976
1292291159797055489
1292291120467070976
1292291080747130880
1292290941647118336
1292290882968813569
1292290843370373120
1292290672653983751
1292290601530998784
1292290468840009728
1292290415429734400
1292290345946869760
1292290264908865536
1292290225025290243
1292290222437404672
1292290156204982272
1292290063645188096
1292289941158985730
1292289835768721411
1292289805343064065
1292289782282891264
1292289767011385344
1292289709364989962
1292289667878883328
1292289656650948608
1292289486420877318
1292289384335646721
1292289269180952577
1292289243201634304
1292289203150163969
1292289137815498752
1292289124041465856
1292289118270115840
1292289040973209600
1292288947444277250
1292288776958382082
1292288647161675779
1292288539166744585
1292288481603903488
1292288478785474560
1292288428856336384
1292288420849561600
1292288355309367297
1292288200074043395
1292288174216093696
1292288138245812225
1292288133476675584
1292288047653048320
1292287606768562177
1292287461008142336
1292287421929881600
1292287284415541248
1292287231663759361
1292287219676389376
1292287206573383681
1292287099048284160
1292287039388483589
1292286976415223809
1292286904184995841
1292286769174462464
1292286716816945152
1292286356551602179
1292286294458953728
1292286180164280320
1292285833257594880
1292285792677703683
1292285311016468480
1292285264220565509
1292284940378202112
1292284923420778497
1292284894895157248
1292284783356043267
1292284657799585792
1292284619535065093
1292284591026384896
1292284497447268352
1292284486718193664
1292284470821822464
1292284403503083521
1292284403427794944
1292284202843623424
1292284192630411265
1292284163614220290
1292284064091832320
1292283990573867008
1292283976279887872
1292283825624616960
1292283595667709956
1292283560041177089
1292283512523980800
1292283504705896448
1292283371792535558
1292283365354123269
1292283361818484738
1292283205559750656
1292283205450522624
1292283112181784576
1292282927284355072
1292282843570360321
1292282720681439238
1292282480884617218
1292282456343805953
1292282446373888000
1292282420499304449
1292282263380660224
1292282260075491330
1292282224470089729
1292282194698870784
1292282062058196993
1292282023760011264
1292282005040898048
1292281880663019520
1292281858265362432
1292281846257135618
1292281797762523136
1292281754464800768
1292281574185218049
1292281529884766209
1292281517687951360
1292281508879839234
1292281421248307200
1292281352965033984
1292281211507937280
1292280988597391360
1292280919831842818
1292280893239943169
1292280879381975042
1292280843969470464
1292280736515411968
1292280656660135936
1292280476108034048
1292280430075490305
1292280386723119104
1292280265151336448
1292280189133754371
1292280181395087360
1292280125543731200
1292280110981275648
1292280010271850498
1292280008677961728
1292280001707094016
1292279943943073793
1292279830277435399
1292279725122113536
1292279682126114816
1292279621400924162
1292279619215921154
1292279433022169088
1292279374893453312
1292279336007905281
1292279281972805633
1292279214503129089
1292279136451534848
1292279007812235266
1292278962706624514
1292278761509883904
1292278604487778305
1292278229936422912
1292278124357406721
1292278107131580417
1292277832878563329
1292277730604654592
1292277726859210753
1292277669506084864
1292277492628234240
1292277374516514816
1292277059625127936
1292277009851326465
1292276996932882433
1292276986963001345
1292276939210862592
1292276856071364608
1292276703516123136
1292276678920744962
1292276640060497921
1292276630707216387
1292276617998467077
1292276554496716803
1292276502394896384
1292276487220015104
1292276484359573505
1292276431741886466
1292275855222116352
1292275763991867393
1292275736720453640
1292275505715183616
1292275472617873409
1292275466917773312
1292275318955401217
1292275314299723780
1292275307441991681
1292275241713098752
1292275129871773696
1292275067351638018
1292274871020339200
1292274750887211008
1292274666430758918
1292274658855849984
1292274564794167296
1292274355263561728
1292274333579083778
1292274322929627136
1292273995979591680
1292273919924342785
1292273533305970688
1292273414879817734
1292273340032397313
1292273214513700864
1292273178241359872
1292273144410103810
1292273127637037057
1292273109475762179
1292273106531291136
1292273064336666625
1292273044707323905
1292272810430066690
1292272785713172480
1292272712467902466
1292272710215766017
1292272646751649795
1292272550597332994
1292272503763558401
1292272466044375042
1292272410557739008
1292272410054598656
1292272365527760898
1292272352500297729
1292272295097098240
1292272232304189442
1292272190298234881
1292272186900860928
1292272148187426817
1292271949918347264
1292271881295298560
1292271836550422528
1292271781353414657
1292271770603532289
1292271734620643331
1292271670024122373
1292271450699771906
1292271446945705984
1292271426708398080
1292271415069233152
1292271335251599363
1292271316511477764
1292271192607305729
1292271187897114629
1292271144213655552
1292271070163210252
1292270902118436865
1292270898582560774
1292270853711962113
1292270802566602752
1292270768139595777
1292270707259461633
1292270499507187712
1292270001957810183
1292269966482460674
1292269957892513793
1292269764660862982
1292269707039580161
1292269694897008640
1292269653570596865
1292269645525852164
1292269611451404289
1292269611426160641
1292269574071689217
1292269305036300289
1292268877511041025
1292268870036787202
1292268869353013249
1292268837308641283
1292268832564928512
1292268722300882944
1292268691560607745
1292268613777477637
1292268567338143744
1292268485154766851
1292268420713590785
1292268254241738754
1292268047240245250
1292267982534705153
1292267921406865409
1292267889622474753
1292267861071847424
1292267844714061824
1292267838594482178
1292267724266180610
1292267398431563776
1292267322325966848
1292267094999027713
1292267030977142793
1292266985070288896
1292266906943131653
1292266776848240641
1292266727145902080
1292266680379412482
1292266637660430338
1292266619243245569
1292266603476709379
1292266544261726210
1292266436254195718
1292266150965809153
1292266050952638464
1292265923307601925
1292265676346818560
1292265517508710402
1292265275644141570
1292265258128637953
1292265234837704709
1292265198615592961
1292264974803505152
1292264916137771008
1292264723925221376
1292264685534711808
1292264518026838016
1292264492710207489
1292264466222989313
1292264431456591872
1292264410703110144
1292264395595079680
1292264332944908288
1292264258630225930
1292264109636046854
1292264002110840832
1292263946704084994
1292263861144387592
1292263848028901376
1292263835622088704
1292263683045957634
1292263614024421376
1292263580977561600
1292263476086345730
1292263470063407109
1292263377306296321
1292263311388692481
1292263133285888000
1292263014247227392
1292262748441772038
1292262729105932288
1292262711632506882
1292262640287449088
1292262618523226112
1292262575703576577
1292262490227736578
1292262479385382912
1292262465309474823
1292262388989820929
1292262337550798848
1292262216188665857
1292262026165747712
1292262000559558656
1292261815662120960
1292261704483639296
1292261640457474049
1292261530524934144
1292261234612502528
1292261133546659840
1292260824019501056
1292260721783459840
1292260688749047811
1292260671128772609
1292260661716819968
1292260465624702976
1292260444628037632
1292260341255004160
1292260290914996224
1292259986865676289
1292259953609072640
1292259821308305408
1292259789926469633
1292259731587948549
1292259635509055489
1292259573752123393
1292259546291830784
1292259439970525184
1292259373079826432
1292259334177591305
1292259319979716608
1292259252619415553
1292259128035819520
1292258822376038400
1292258815757283328
1292258657644744704
1292258603865223168
1292258569123958787
1292258562216001537
1292258551331729408
1292258491961184256
1292258278018146304
1292258217964298240
1292258132715020288
1292258065161609217
1292258047235104770
1292257889848102913
1292257749942906887
1292257506694176769
1292257405313654784
1292257346270326786
1292257281388797952
1292257233087205377
1292257231271010304
1292257169283268608
1292257078153797635
1292257050005831680
1292256972671078401
1292256959819845632
1292256781293375491
1292256625181495298
1292256622874628101
1292256602108514304
1292256078051385344
1292256008803319808
1292255943749701639
1292255837151346689
1292255797326557184
1292255570142076929
1292255446435278848
1292255385227866112
1292255343259549696
1292255292999311360
1292255289488498688
1292255177655889921
1292255115886366720
1292254991860862976
1292254690256629760
1292254686100295681
1292254593020301318
1292254395107770368
1292254271107342336
1292254206502600704
1292254099493343237
1292254099258433544
1292254006379593728
1292253950515740674
1292253841316966400
1292253810455437313
1292253498420019200
1292253391910051842
1292253352844308480
1292253185608830976
1292253173873336320
1292253097310466053
1292253020881911808
1292252933174841347
1292252902476648453
1292252828925337600
1292252382907301891
1292252025384837133
1292251979029176325
1292251929469493253
1292251911635316736
1292251903699681280
1292251901950656512
1292251841858854914
1292251827065389056
1292251765660778496
1292251761646813184
1292251589613412352
1292251577579970563
1292251425565806594
1292251377742225408
1292251297232674818
1292251202390917120
1292251165762166784
1292250983083528192
1292250930482753536
1292250675871612928
1292250604132347905
1292250602903416834
1292250554933096448
1292250282009788422
1292250022130651136
1292249978564481027
1292249924017348609
1292249916274806784
1292249842379612160
1292249799497056256
1292249785789870080
1292249651257671680
1292249586082500609
1292249409632243712
1292249353629896704
1292249240434102273
1292249168514293760
1292249157978263553
1292248900896559105
1292248853182382081
1292248746244345859
1292248667605422090
1292248632801005568
1292248426407591938
1292248403926278146
1292248383801843718
1292248268890689543
1292248167354961923
1292248055748665345
1292248029253099525
1292247859656560641
1292247827263844352
1292247741654020103
1292247728924364804
1292247607536807937
1292247603019644928
1292247487953039360
1292247456902795264
1292247435327217664
1292247344193261568
1292247147920973825
1292247085434040320
1292247034930565120
1292247008401645568
1292246919415238656
1292246896795365377
1292246884355117057
1292246794680913921
1292246733469220869
1292246705836929025
1292246668210053125
1292246649687773184
1292246564254121984
1292246490199465984
1292246464203292674
1292246422683815937
1292246318392451074
1292246309315854336
1292246247294865409
1292246180055965697
1292246112758149120
1292245999201779713
1292245889411698694
1292245841781100545
1292245774001217537
1292245718514708486
1292245621261426689
1292245441590038528
1292245350531489792
1292245338363965440
1292245299822551040
1292245143278493697
1292244877175066625
1292244803342741506
1292244586438340608
1292244548605837315
1292244546131124224
1292244430687150080
1292244405273989121
1292244253767118849
1292244238889975809
1292244237291941888
1292244155503128576
1292243840615710720
1292243498062745602
1292243476415836160
1292243406001848320
1292243218466209792
1292243066582192130
1292243065596456960
1292243064925421569
1292243003298504709
1292242943709974528
1292242884670808064
1292242761136168960
1292242758820823046
1292242613052018688
1292242402212814849
1292242365265002496
1292242287469051905
1292242219672326144
1292242194082955264
1292242154090147841
1292242151083057152
1292242099748962306
1292241859046236161
1292241702783029248
1292241702711955458
1292241682709254146
1292241650538942464
1292241644541169665
1292241574802284544
1292241434888663041
1292241426122760192
1292241401061638144
1292241356400680965
1292241286213197824
1292241137034571778
1292240898156306434
1292240822860222464
1292240766321012736
1292240713770397696
1292240637744611328
1292240530781474822
1292240385343983618
1292240369095122954
1292240367006502912
1292240267215613954
1292240022964502531
1292239863056445440
1292239859583782919
1292239783888998400
1292239625428201473
1292239569199325184
1292239508092719109
1292239408809246720
1292239396645765121
1292239376496263168
1292239105804435463
1292239052859736065
1292239026301341698
1292238978259845122
1292238974786863104
1292238844964646913
1292238801537048576
1292238762760519681
1292238713028780032
1292238708289175552
1292238402696355840
1292238365996310533
1292238359763529728
1292238285847306242
1292238121761939456
1292237933802655751
1292237918556356608
1292237873450643457
1292237833365860352
1292237771894030336
1292237737991516161
1292237696195276802
1292237688532344841
1292237569200021505
1292237440539865092
1292237271081586697
1292237090109915136
1292237071038513158
1292237044467499009
1292237034493562880
1292236953967046656
1292236916855717888
1292236830440644608
1292236781404946433
1292236703835361285
1292236385605300224
1292236349349736453
1292236269418946560
1292236190280642561
1292236154507583488
1292236101252513794
1292235993463037953
1292235869248790532
1292235740869402624
1292235733231517696
1292235703389216776
1292235670367481856
1292235638859800576
1292235621755260928
1292235564645851137
1292235529577086976
1292235484324868098
1292235477156675585
1292235401743044608
1292235278372032512
1292235037660909570
1292234851727355905
1292234814783979521
1292234713910968322
1292234591642804225
1292234375753433089
1292234245235257348
1292234201924866054
1292234160325775363
1292234157540675589
1292234067690364928
1292234030612504577
1292234030541426688
1292233872621670406
1292233752144470017
1292233671144022017
1292233639544135690
1292233624495022080
1292233586821791751
1292233555016384518
1292233359033335809
1292233183619031040
1292232870203777024
1292232784514363393
1292232779577647104
1292232687726428160
1292232672832454656
1292232621842485249
1292232592398225408
1292232560802758663
1292232546122637324
1292232534865125376
1292232499599376385
1292232385690513410
1292232323514224640
1292232322432086016
1292232269638377472
1292232179691421696
1292232137140297728
1292232111085125632
1292232075081383940
1292232061437087744
1292232038410592256
1292232037856837638
1292231935318798336
1292231793366773761
1292231771128582145
1292231739537010690
1292231661745250304
1292231596876193793
1292231555222577152
1292231482598203393
1292231406035382272
1292231355556823040
1292231293506334730
1292231290989797380
1292231283649712131
1292231270911664128
1292231253308170244
1292230894418309127
1292230880220663808
1292230841003909124
1292230760183865351
1292230757478531075
1292230696883433476
1292230678281703429
1292230671403024384
1292230575831560192
1292230524027592704
1292230451466326018
1292230364375797760
1292230289943666688
1292230099195092994
1292229696541749253
1292229672219090944
1292229613884645376
1292229609271033858
1292229459190386688
1292229388973617152
1292229178742407170
1292229158974758912
1292229115291017217
1292229063998930945
1292228967102021635
1292228906347638785
1292228878392492034
1292228774948306944
1292228774117781504
1292228763745320960
1292228757982502913
1292228578499756032
1292228543611416577
1292228537697665024
1292228454310649859
1292228353475391489
1292228282205732864
1292228230087208961
1292228216082448385
1292228060578811904
1292228011987795968
1292227907721539585
1292227613386317825
1292227506595078146
1292227502199300096
1292227484608536582
1292227452547342337
1292227394619703296
1292227336750981126
1292227333269737474
1292227317268242433
1292227300780580865
1292227245742882818
1292227235475316738
1292226798529515520
1292226723191259137
1292226686554169346
1292226613929746432
1292226604601675777
1292226384723611648
1292226320701816832
1292226165520789505
1292226081597075457
1292225975506395145
1292225912646316033
1292225731284672514
1292225582038753280
1292225546047426560
1292225524186714114
1292225442468868096
1292225432146726912
1292225411066105856
1292225356569686016
1292225128215052294
1292224947977359360
1292224730980691969
1292224698831572993
1292224689645875200
1292224641008893961
1292224635573080067
1292224503171428352
1292224437991997442
1292224412213637120
1292224411756503040
1292224365984198656
1292224360539881472
1292224116280393735
1292224064128507905
1292223912936378368
1292223806279430154
1292223396076572672
1292223350941470720
1292223302904229889
1292223199535489024
1292223111677399041
1292223076151758850
1292223065737363458
1292222955028652032
1292222818403278848
1292222810312658945
1292222800124551168
1292222778981011456
1292222709619814400
1292222629974163456
1292222609052938241
1292222372255354881
1292222279053643782
1292222209772191745
1292222136535388162
1292221857756831745
1292221833370992641
1292221827885006849
1292221593758904321
1292221553891975169
1292221520576761856
1292221498061725701
1292221372832391179
1292221212979081217
1292221130040848384
1292221075112095744
1292220986989793280
1292220881859751945
1292220853057228800
1292220740188737536
1292220703563870210
1292220505697787905
1292220454682451970
1292220327661993984
1292220227837517824
1292220188520218629
1292220110791249921
1292220107146571777
1292220055867068416
1292220015501086725
1292219939340709888
1292219919967358979
1292219881224572931
1292219804804317184
1292219710264631296
1292219656313491458
1292219590089551876
1292219404047069184
1292219384698671104
1292219372711231488
1292219363395883012
1292219187058733057
1292219096109666304
1292218884108554249
1292218632039100416
1292218557317734401
1292218514355499009
1292218458415931392
1292218419148922880
1292218329826856960
1292218280057462785
1292218235874496512
1292218220934569984
1292218147160723456
1292218141292912640
1292218032807383040
1292218030852837376
1292217864045432835
1292217856696909829
1292217799092338690
1292217575062085640
1292217518220816384
1292217485228482562
1292217454840754176
1292217418471944192
1292217393272336385
1292217220542668802
1292217102678421504
1292217092750454784
1292217081212088320
1292216936684826627
1292216866447003651
1292216844388950019
1292216751791443969
1292216741817458695
1292216695973728257
1292216488624099329
1292216472941600769
1292216450581762048
1292216377462292480
1292216355224195072
1292216282390175745
1292216058519019520
1292216051539861505
1292216031004385281
1292216018434052096
1292215996384555008
1292215994782494720
1292215929967976451
1292215806021873664
1292215802792497152
1292215738074312705
1292215693841182725
1292215684047437824
1292215678653681664
1292215624819593217
1292215610315808768
1292215601595727872
1292215523573366784
1292215332917014530
1292215321068212224
1292215288646205443
1292215274670706688
1292215261173559298
1292215253900701696
1292215148028071936
1292215103312584704
1292215032370081794
1292215015861374983
1292214811644829696
1292214792329949184
1292214717788966914
1292214713317822469
1292214703284985856
1292214675007045632
1292214634112573440
1292214458086051841
1292214417208348677
1292214377794371591
1292214292041871368
1292214286136168448
1292214116766101508
1292214100307607554
1292214001175158784
1292213932476772353
1292213903099924481
1292213826264465408
1292213696400424960
1292213616255463424
1292213413234581504
1292213393961693185
1292213383023005696
1292213285023080448
1292213149379289095
1292213093997527040
1292212967434416129
1292212951869521925
1292212948279189505
1292212791890325507
1292212677666844678
1292212629612589056
1292212606757777408
1292212379758014467
1292212199327375360
1292212170491678720
1292212130759036929
1292211893063618560
1292211841570156544
1292211776952643586
1292211740873240576
1292211723437510658
1292211695679569924
1292211494789296128
1292211483955408896
1292211142123716610
1292211114109886464
1292210995247505408
1292210991468404737
1292210958841139201
1292210868743286797
1292210675281006597
1292210669526294529
1292210465943228417
1292210440601251843
1292210375144833024
1292210323651538944
1292210149252190208
1292210108819222536
1292210096286703618
1292210088770514944
1292209978539999232
1292209886873489408
1292209722045501440
1292209647340990465
1292209511051268097
1292209372035252226
1292209317874216969
1292209275104907265
1292209229231804416
1292209200123215873
1292209199087312899
1292209176727478274
1292209127163400192
1292209100676378626
1292209079541145600
1292208990965977088
1292208984087117824
1292208966022434818
1292208883990253568
1292208867833712641
1292208765857492992
1292208697805099008
1292208657292288001
1292208368455688193
1292208212280782854
1292208155552751616
1292208137395724294
1292208000602603520
1292207944080162817
1292207908722282497
1292207880750469122
1292207738240540678
1292207717856219136
1292207680036249611
1292207656749412352
1292207632862687237
1292207579347611649
1292207561991757824
1292207432979165192
1292207258282143745
1292207167798468608
1292207038680924163
1292207002584641536
1292206937149505537
1292206936620818432
1292206893490987008
1292206851396972552
1292206768517513217
1292206689056444416
1292206267247845382
1292206224516304898
1292206005640728577
1292205989945438209
1292205665813962753
1292205591360868352
1292205540588662784
1292205460850868229
1292205307024666624
1292205289832415233
1292205287043203076
1292204998240038912
1292204973422309376
1292204858100129792
1292204647722049536
1292204537957187586
1292204450954620929
1292204060125274112
1292204016026505220
1292204002030030861
1292204000893378560
1292203933209890824
