1292928681833164801
1292928668663193600
1292928641148563456
1292928613830942720
1292928587062968320
1292928581975318536
1292928558625689601
1292928504984731650
1292928416593768448
1292928376399945730
1292928304970977282
1292928303934783488
1292928266794344460
1292928212591349762
1292928118773211137
1292928055728627713
1292928055414001665
1292928042499813384
1292928038091526144
1292927980382105602
1292927962270982144
1292927951265177600
1292927882348515328
1292927787863625732
1292927742158213121
1292927703964962817
1292927681730957313
1292927631478988801
1292927544279408640
1292927529964142594
1292927395691806720
1292927382278594560
1292927371293720577
1292927346710736896
1292927282655277057
1292927274660974592
1292927267446722562
1292927239248633862
1292927146118090753
1292927144532873221
1292927135422832642
1292927111653556225
1292927104363962368
1292927077923069952
1292927052455325698
1292927029671731202
1292926983907803138
1292926967348699139
1292926962361667586
1292926950688907265
1292926919441186817
1292926864575496192
1292926812109131776
1292926773781573633
1292926753363681283
1292926742437519361
1292926726893457408
1292926676385447937
1292926618344849411
1292926582726639616
1292926545498124293
1292926524094636035
1292926447531765761
1292926213808361474
1292926194871042049
1292926189670031361
1292926124469649408
1292926079229992961
1292926078558916609
1292926072615559172
1292926071558615040
1292926016168525824
1292925939492560899
1292925900657512448
1292925866360668166
1292925826556735489
1292925749968678912
1292925687620235264
1292925602106933248
1292925599627935747
1292925595861635074
1292925579017293829
1292925540681371657
1292925472708464640
1292925469952815117
1292925424239030274
1292925413040295950
1292925400289599490
1292925398209232909
1292925338792669185
1292925330424905728
1292925318144167937
1292925285097254917
1292925259419717638
1292925246270582784
1292925239454646273
1292925187604860930
1292925178842775552
1292925046340501504
1292925021992767491
1292925003873345536
1292924952396488704
1292924947959091208
1292924934398844930
1292924923204296705
1292924878539165716
1292924872792965121
1292924851691421697
1292924823941705728
1292924704303480835
1292924634837417985
1292924579132866560
1292924550343208962
1292924525026390017
1292924500858662913
1292924467207905284
1292924436773920769
1292924412967022592
1292924409603403778
1292924389827084288
1292924281001857024
1292924244456804352
1292924221908287492
1292924161615110145
1292924143260835841
1292924141914529795
1292924074562162688
1292923980698066962
1292923973114540032
1292923933772087296
1292923903317118976
1292923881041403905
1292923826372661248
1292923810140655616
1292923766322987008
1292923739022045184
1292923714917474305
1292923698920534025
1292923678641070085
1292923674018840578
1292923641173282818
1292923635036876800
1292923576404848642
1292923513251061761
1292923451561390080
1292923389414449152
1292923269969059842
1292923238620823555
1292923224725032969
1292923196094767107
1292923163429543937
1292923154323722241
1292923150058102784
1292923135436754946
1292923082701758465
1292923052523687936
1292922863935270913
1292922846239432706
1292922800798183424
1292922733039419396
1292922715410763776
1292922693604564992
1292922659815202817
1292922558677807104
1292922517330460672
1292922456144064513
1292922417086697473
1292922317891416070
1292922278406225920
1292922218205384705
1292922141218869253
1292922062617575426
1292922032783609857
1292922026378723328
1292922001087062016
1292921914000736256
1292921895856287745
1292921891703918592
1292921826411241475
1292921820526583810
1292921808551723008
1292921802616954882
1292921764717223939
1292921674946420737
1292921656692924422
1292921626288427017
1292921614288510978
1292921430049320960
1292921419370598400
1292921418380972037
1292921393630392324
1292921340496814080
1292921338382807041
1292921310868385794
1292921247815340032
1292921230731943947
1292921190839758848
1292921163388248069
1292921160506707968
1292921150188576769
1292921132698476545
1292921098363969544
1292920992923299841
1292920855362777088
1292920795879088130
1292920783963136000
1292920742284341251
1292920730250883074
1292920676307763200
1292920528852811776
1292920506346123264
1292920479699750913
1292920451602083841
1292920427992539137
1292920403770388483
1292920398351278080
1292920396539469831
1292920363995758595
1292920307666128896
1292920295708270592
1292920257670250496
1292920125306200064
1292920077130530822
1292920019396046848
1292920012995530752
1292919974613454848
1292919960675717145
1292919939834273794
1292919922910257152
1292919905382146048
1292919893491240960
1292919839544217604
1292919791703986176
1292919625513152517
1292919620714864640
1292919606231826445
1292919525357355016
1292919493195440132
1292919396269092864
1292919379957616644
1292919375448571905
1292919371933855745
1292919342406008838
1292919282465214466
1292919189636702208
1292919173811769346
1292919156052914179
1292919154631217152
1292919065774895105
1292918938762960903
1292918911499870208
1292918911084539904
1292918806344601602
1292918746328244227
1292918741554966529
1292918652497530880
1292918601062785024
1292918441817579520
1292918202876473346
1292918188238307330
1292918169250791426
1292918135255740416
1292918118877192194
1292918117232934918
1292918088975945728
1292918075067641859
1292918050384158725
1292918043304222722
1292918015865032704
1292917997141557249
1292917983375962114
1292917969694187532
1292917947107700736
1292917914442629121
1292917900316217345
1292917899712172032
1292917847132438528
1292917840677203968
1292917812583976960
1292917805440958470
1292917804497350661
1292917775921549312
1292917707139096585
1292917686226358274
1292917650566385664
1292917634845958144
1292917634837753857
1292917524057776128
1292917518538072064
1292917517061689346
1292917476351553536
1292917467661111296
1292917407787384832
1292917396890685441
1292917333917302791
1292917319451258887
1292917313268846593
1292917257081847810
1292917159153344513
1292917153579110400
1292917132238307328
1292917025275248646
1292916977544179713
1292916970107678720
1292916955322568705
1292916953561075725
1292916926814068749
1292916905020461061
1292916902956691457
1292916881876164608
1292916852906029056
1292916824066134016
1292916801655828482
1292916795171643398
1292916771759038469
1292916770362327041
1292916736258433024
1292916676158259202
1292916655379681282
1292916563280969733
1292916544478105614
1292916483404824581
1292916465646149633
1292916382091431936
1292916288134582272
1292916277116370944
1292916262700556289
1292916261089947654
1292916219851558914
1292916141095096320
1292916129547968512
1292916097826652167
1292916086267052035
1292916082068652040
1292916059276705792
1292916056822972416
1292916034098229248
1292915970701492224
1292915957459869696
1292915947372773379
1292915922013949952
1292915872282148871
1292915859002990593
1292915824920010753
1292915784239525888
1292915686440947715
1292915672117317633
1292915672004124678
1292915572850622465
1292915509554556928
1292915406315888640
1292915353408937984
1292915342298058753
1292915304641765376
1292915299235364865
1292915288338395137
1292915229471514626
1292915171027976199
1292915125582782464
1292915122609041413
1292915046180360192
1292915035124174851
1292915016883154957
1292915003213963272
1292914965771411464
1292914886159278083
1292914856526516225
1292914690838888450
1292914671708708867
1292914630570856448
1292914620173357056
1292914586652250112
1292914563088896000
1292914549482385409
1292914548282982402
1292914493161234432
1292914436290871300
1292914343517073409
1292914317138903040
1292914215460777989
1292914206505938951
1292914193318936577
1292914174129995778
1292914173408665602
1292914084728512515
1292914082794749954
1292914079321841665
1292914068932767751
1292914039018999808
1292914036401635329
1292914028084367369
1292914015816032260
1292914007653965826
1292913987827376134
1292913980659445761
1292913978671353869
1292913959377481732
1292913890263801858
1292913880667226112
1292913879903883266
1292913862312747008
1292913726799187970
1292913710617567234
1292913666321313792
1292913649800093697
1292913632079220737
1292913628388175878
1292913591822299137
1292913556959051776
1292913528584785922
1292913519701241858
1292913511425806336
1292913479301529600
1292913461417082893
1292913358056742913
1292913305321955331
1292913281640923142
1292913267514515456
1292913139193982979
1292913088195375109
1292913079701909508
1292913062358528006
1292912988710506496
1292912969643364355
1292912914958028807
1292912742865817601
1292912735697752073
1292912726667399172
1292912700457091081
1292912670774099968
1292912654349148160
1292912588259500032
1292912566419836931
1292912481153802241
1292912465651666944
1292912414346883074
1292912354246758402
1292912305454190592
1292912288488239104
1292912267185590272
1292912251817664514
1292912241898029057
1292912222092632064
1292912212495831040
1292912136331694080
1292912134876094464
1292912101917425668
1292912079821733888
1292912004202733570
1292911969796841484
1292911952029679623
1292911936468848645
1292911926557716481
1292911879539523592
1292911776145772549
1292911763994873861
1292911753144094720
1292911725839351808
1292911724006445056
1292911666347364352
1292911514341392384
1292911495303626758
1292911481231679489
1292911456145506308
1292911448021258240
1292911421240614912
1292911378349555713
1292911357403119616
1292911242126991361
1292911191942148097
1292911186720292865
1292911176754626561
1292911174007377921
1292911161739030528
1292911151546863621
1292911096156717056
1292911093342445568
1292911045598568449
1292911034496417792
1292911028016119809
1292911007434768391
1292910985834045440
1292910981874618368
1292910943895089152
1292910867642712075
1292910859388358658
1292910847908384768
1292910774571216896
1292910754450903040
1292910749162102792
1292910726638600198
1292910657520783360
1292910595008802816
1292910542043189251
1292910519955918851
1292910448623452163
1292910411608727558
1292910359830040580
1292910321464537088
1292910277269258240
1292910274975076364
1292910258806050816
1292910186513014786
1292910085908226048
1292910077108682754
1292909999891652609
1292909931822297089
1292909923827949569
1292909899022766081
1292909863962644480
1292909849223802881
1292909810527154176
1292909776230391809
1292909743468687361
1292909721104592896
1292909661491011584
1292909627844071426
1292909599717314561
1292909513423630338
1292909431944908800
1292909429415989249
1292909411745267712
1292909374185381891
1292909373606559744
1292909297098203136
1292909291477667840
1292909243063050241
1292909171977752577
1292909118483824640
1292909002947465217
1292908987868905474
1292908964355743745
1292908950174617600
1292908905844989952
1292908897477562377
1292908882277412866
1292908790598127616
1292908683131789314
1292908601334476806
1292908596259323905
1292908586071252992
1292908537966923777
1292908509722484737
1292908509592420353
1292908503791804417
1292908464742817794
1292908455330709507
1292908440830881797
1292908437068800004
1292908419331035138
1292908397956943873
1292908390063071233
1292908330114056192
1292908275671994368
1292908274803716097
1292908219573075971
1292908217853456384
1292908212765761537
1292908209057882112
1292908192356347906
1292908181451149313
1292908164577460224
1292908154230050817
1292908085686804481
1292908081530040320
1292908056897101825
1292907944179306499
1292907918057185285
1292907886813818881
1292907853322231808
1292907844887609346
1292907788105113606
1292907761680805888
1292907660703084550
1292907659084148737
1292907609108942850
1292907597058760704
1292907589655834627
1292907555178635264
1292907519678046209
1292907509167030274
1292907479202963457
1292907472332570624
1292907415793532929
1292907366480932864
1292907227179896833
1292907108501921792
1292907094279151616
1292907059114106880
1292907024326549504
1292906983637622786
1292906963458826247
1292906919783407617
1292906814728802306
1292906769027481600
1292906698496077824
1292906685137379328
1292906649561292801
1292906561120145409
1292906470061666305
1292906350306091008
1292906296686018567
1292906266528870401
1292906242449592321
1292906146882297856
1292906084861128704
1292906011469254659
1292906009044774912
1292905945106796544
1292905889188331522
1292905843688648704
1292905838206689280
1292905788294356994
1292905781868875782
1292905770963656706
1292905648460505088
1292905609470316546
1292905599676620802
1292905391005863936
1292905381178609664
1292905375377887232
1292905373901492224
1292905305085550593
1292905197480505344
1292905174722387968
1292905139095781376
1292904788074598402
1292904722270236672
1292904686304006144
1292904676283875330
1292904662299840513
1292904660018139136
1292904653298909184
1292904648244895750
1292904619308273664
1292904566837583872
1292904556427386880
1292904479361241091
1292904464421195776
1292904449367633920
1292904447509766144
1292904433349791744
1292904419386785792
1292904409375154177
1292904393008771072
1292904354572201985
1292904350126354437
1292904342710816768
1292904309143867394
1292904256140386306
1292904230102147072
1292904208354684932
1292904121733914624
1292904078071169025
1292903990108262401
1292903976405327874
1292903830473015296
1292903794880249856
1292903778182668288
1292903753092341771
1292903682833387520
1292903641846894595
1292903599920513025
1292903572099735557
1292903567393796096
1292903533008822272
1292903461651021824
1292903409415225347
1292903345846276096
1292903343266955267
1292903296005337088
1292903235309641729
1292903199599403009
1292903165654970368
1292903073396948993
1292903054145069056
1292902949207842817
1292902920866996226
1292902909001293824
1292902855632990214
1292902815472517120
1292902814000144384
1292902802310733826
1292902781108486145
1292902756630646784
1292902727886962688
1292902703312646148
1292902684186402816
1292902670454398977
1292902638867099656
1292902606314934272
1292902587247853568
1292902478342533121
1292902455823474688
1292902332557078529
1292902322553663489
1292902322079592448
1292902263548186625
1292902127056990208
1292902049324191744
1292902046253735936
1292901964339187719
1292901949344448513
1292901924216483844
1292901834890371073
1292901797380739074
1292901780121104384
1292901774022463489
1292901743056105474
1292901729143595009
1292901684608368644
1292901634985660429
1292901610243477505
1292901543792975873
1292901534452404225
1292901528638906370
1292901290125688833
1292901286069837826
1292901249046712321
1292901216519946242
1292901207858700288
1292901171632508929
1292901165005406208
1292901145183162373
1292901128846348293
1292901010659213312
1292900993194057730
1292900901733138432
1292900883861209088
1292900874356916227
1292900847421014017
1292900662251053056
1292900573390438406
1292900532663791622
1292900439290195970
1292900323988836358
1292900268179259392
1292900237405757440
1292900206779019267
1292900068027174913
1292900056048295936
1292899972938190850
1292899968764837890
1292899940981760000
1292899931783454721
1292899838363725824
1292899766163197952
1292899761448787968
1292899718834671619
1292899689302503430
1292899637808922624
1292899626048077824
1292899605978460161
1292899564437909504
1292899560617058304
1292899516450922497
1292899515880611843
1292899491989852165
1292899444795551746
1292899314285641728
1292899216747040768
1292899184752889857
1292899147813662722
1292898965633904640
1292898926266322945
1292898903445176327
1292898851330961408
1292898822096596992
1292898791859933184
1292898768334008322
1292898750365491200
1292898578793476098
1292898524477239302
1292898511772626952
1292898511625781248
1292898459205480449
1292898442956742657
1292898433532035072
1292898420798218244
1292898394994872320
1292898315617603588
1292898244914077696
1292898185103450113
1292898150068477955
1292898038927826949
1292897861374484483
1292897797818257408
1292897752624570371
1292897641030967298
1292897565789257732
1292897367805562882
1292897312323383307
1292897193595146242
1292897098115891200
1292897090960412684
1292897013294669825
1292897006969589760
1292896949578866688
1292896860823261184
1292896839818194946
1292896833828773889
1292896763054108673
1292896742858399744
1292896738752237572
1292896708091875335
1292896682221412352
1292896676852760577
1292896438989578240
1292896422258450434
1292896409050583040
1292896301592522755
1292896073401286656
1292896046234963968
1292895991675355136
1292895987631939584
1292895927204753412
1292895895328038913
1292895889112137729
1292895814159802368
1292895780064440325
1292895749198565377
1292895690348060673
1292895591131803648
1292895509720555520
1292895489793327107
1292895476191297539
1292895390790856705
1292895363037306881
1292895283123281923
1292895277653864456
1292895158929895429
1292895114550018048
1292895098561273859
1292895091254857728
1292895008064811009
1292894997029818368
1292894929639751680
1292894902687354880
1292894842390011906
1292894804464906241
1292894772495962112
1292894737024921600
1292894729714237442
1292894618670030848
1292894609463480321
1292894567805718529
1292894508431167488
1292894484859150336
1292894437589184517
1292894248791138309
1292894240654200833
1292894194864918529
1292894172966346752
1292894072630161408
1292894050295713794
1292894015445250059
1292893984533016577
1292893961015697408
1292893920838455296
1292893872138399746
1292893814382788609
1292893760460853249
1292893683684012032
1292893614054440960
1292893600368545792
1292893519636393984
1292893494789451776
1292893442650132480
1292893432281796608
1292893429202972673
1292893363117723648
1292893258574692355
1292893169076408320
1292893111069310976
1292893071533674496
1292892991892459520
1292892940050870278
1292892923026190337
1292892867250335750
1292892841828593672
1292892818155896837
1292892674274603009
1292892639075983361
1292892550622314496
1292892497312710657
1292892414491992064
1292892405348302848
1292892403611901952
1292892235978113025
1292892192223006721
1292892060438220800
1292892052280299521
1292892045464547328
1292892042025209862
1292892024669196291
1292891926241435650
1292891869794402304
1292891836730814464
1292891833861844992
1292891813796286465
1292891750579789824
1292891701975986178
1292891609038647297
1292891513081548808
1292891441354637313
1292891432588578816
1292891353903439874
1292891345925877761
1292891345594519552
1292891296558981120
1292891278359834624
1292891214006673414
1292891196138848256
1292891134021124097
1292891066555928583
1292891023723700235
1292891023081906181
1292891008041181185
1292891001783226368
1292890975111729153
1292890910213242881
1292890895000276992
1292890885139632134
1292890878189674497
1292890812179787776
1292890803900002311
1292890779262898178
1292890750087081984
1292890738103947264
1292890714246909954
1292890655170207746
1292890643027591170
1292890635909894144
1292890607388680195
1292890546453839872
1292890498089152513
1292890495161524224
1292890489234927616
1292890469177925632
1292890379990102019
1292890358649696257
1292890262532952064
1292890215531544581
1292890189614985219
1292890141342732291
1292890087412371457
1292890083910135809
1292890051555270662
1292889990482079745
1292889844696350722
1292889799788027905
1292889769710477314
1292889732490428421
1292889713372692480
1292889555239088130
1292889538520653824
1292889490219061248
1292889425395949568
1292889107396468736
1292889093861330946
1292889057618534401
1292889036441309184
1292888999049064448
1292888892689879042
1292888827930058757
1292888760754098177
1292888712032878592
1292888684568686597
1292888602557517828
1292888514175082496
1292888491131637760
1292888246645653505
1292888218615140354
1292888183185854464
1292888147190099968
1292888084087025665
1292888033629536265
1292888015090704385
1292888014327341063
1292887959281246216
1292887955707658240
1292887892914843648
1292887880726016008
1292887856701149186
1292887794608742400
1292887792343801856
1292887722462531585
1292887715537592321
1292887619144040448
1292887601599447043
1292887596176211968
1292887587976347649
1292887567470415875
1292887542392659970
1292887538659741697
1292887527947489289
1292887499141009409
1292887445411958784
1292887369205587974
1292887345662955521
1292887297340461064
1292887268340924419
1292887253975543808
1292887184840593408
1292887160346075138
1292887049859510275
1292887042519703558
1292886890627117059
1292886862919606272
1292886856451989504
1292886785740148737
1292886729045807104
1292886605343023104
1292886587135713280
1292886580269649920
1292886560376074240
1292886529338220544
1292886525689167873
1292886491283128320
1292886483800555520
1292886436132331521
1292886336119230466
1292886310751883265
1292886292544577536
1292886251121586176
1292886146586943488
1292886102945214472
1292886075959128064
1292886066467352577
1292886039518994437
1292885993301913606
1292885898657497091
1292885895201402884
1292885694831108098
1292885694101192704
1292885682495643650
1292885612408836100
1292885530733150209
1292885421656072192
1292885412571164673
1292885375816540161
1292885330891124736
1292885287270526976
1292885225392025601
1292885201652084736
1292885160808128514
1292885146828300293
1292885130999205888
1292885117892005888
1292885096366780417
1292885029387984901
1292885019413733376
1292884970730598400
1292884854602960896
1292884841432637440
1292884781785546752
1292884723484762113
1292884709098131457
1292884701460467715
1292884689607327744
1292884641976913920
1292884605859762176
1292884571990654977
1292884570573025283
1292884431766781953
1292884385780375552
1292884328809193475
1292884326770778117
1292884200585072643
1292884115080060929
1292884067491471361
1292884022637535232
1292884002387484675
1292883934871801857
1292883909865115650
1292883872749887489
1292883863660687361
1292883821495549954
1292883811823308801
1292883740931379200
1292883725047431169
1292883707817267200
1292883652074930182
1292883591433801730
1292883570323750912
1292883555954110472
1292883482201423875
1292883458042277888
1292883455131312129
1292883420452925442
1292883397669519360
1292883384637718530
1292883344473161728
1292883302014230528
1292883185722777601
1292883036313235457
1292883009016942593
1292882944017805313
1292882910509498368
1292882866230177795
1292882784516702208
1292882713414971394
1292882669823561730
1292882530610188290
1292882512092393473
1292882481364926466
1292882452487245824
1292882434648936449
1292882400133832706
1292882390201901056
1292882386083106822
1292882380886282243
1292882363110785026
1292882355120676864
1292882346711097344
1292882271913951232
1292882247582756865
1292882165492064266
1292882132054847488
1292882101738639362
1292882048202375169
1292881948365467648
1292881828202905600
1292881731532607488
1292881659445075969
1292881584677363712
1292881570374782976
1292881503974809600
1292881499142987779
1292881477257121792
1292881443413274624
1292881410253099009
1292881364195463174
1292881337536278530
1292881322193686540
1292881313821650944
1292881160377434113
1292881071621775360
1292881050654461953
1292880968362074112
1292880909725769729
1292880869376524291
1292880814645141506
1292880754821812224
1292880730817626113
1292880714795560961
1292880707358842880
1292880651050340352
1292880640422170624
1292880590304350209
1292880455616823296
1292880375090311168
1292880304298958856
1292880145657630721
1292880110496952320
1292880100678152192
1292880096139845634
1292880047854895104
1292879984801923072
1292879984185479172
1292879971761954820
1292879952044490752
1292879932742393861
1292879918062338049
1292879901691752448
1292879874865102848
1292879842569007105
1292879793772359681
1292879750810271749
1292879689611190275
1292879665410048001
1292879660553048064
1292879657709326340
1292879500078977032
1292879496090181635
1292879475139440643
1292879438171037697
1292879345627824130
1292879322345340928
1292879309519106048
1292879276245753856
1292879137284263936
1292879129390407681
1292879105344638976
1292879084712845312
1292879078366879744
1292879016119226371
1292878971428839425
1292878968018866183
1292878943327051778
1292878845612306433
1292878832257716227
1292878714326278145
1292878703089922049
1292878695032664064
1292878677819232258
1292878649331535873
1292878643409170432
1292878615353286657
1292878568180125699
1292878518691520513
1292878323081719810
1292878295562727424
1292878272322138113
1292878206635319296
1292878205129502720
1292878169058549760
1292878131058094083
1292878119116984321
1292878034953854976
1292877994063585281
1292877987398823937
1292877951504187397
1292877936455024640
1292877918784323587
1292877907187183617
1292877886979014656
1292877817856827393
1292877767445544961
1292877721157025793
1292877715549360129
1292877643872972801
1292877610968657922
1292877526013018115
1292877471721951233
1292877432874078209
1292877393355390976
1292877369980661760
1292877366453325826
1292877328935194626
1292877113561882632
1292877001167175682
1292876998457491458
1292876980174704640
1292876971484094464
1292876885496606722
1292876875560296449
1292876814298349568
1292876809646809094
1292876791862816768
1292876785772720128
1292876774343348224
1292876769754787844
1292876763081641984
1292876717397245965
1292876582256861187
1292876576791683074
1292876546307502080
1292876497825529857
1292876442695540738
1292876410953048064
1292876391898259456
1292876311187222528
1292876306523107329
1292876303344041985
1292876277939150850
1292876269802205189
1292876245181632513
1292876238944636928
1292876220611219457
1292876199564279808
1292876174054612999
1292876125283155971
1292876108866752519
1292876006764605440
1292876004919259141
1292875985126412290
1292875978159599616
1292875959922819079
1292875934165397505
1292875931724521475
1292875895489798145
1292875894890074116
1292875864343040000
1292875802598608897
1292875779005730816
1292875774920466432
1292875724987211777
1292875714421837824
1292875564597092352
1292875533290745859
1292875335323676672
1292875293686812672
1292875167241306116
1292875156340129792
1292875154498953216
1292875114380492806
1292875082591875078
1292875068935004160
1292875022122377216
1292875012362428417
1292874984902275078
1292874966623494144
1292874948705423366
1292874935656947713
1292874921857744899
1292874873681743874
1292874778945236994
1292874725790756865
1292874716525604870
1292874691523366912
1292874600708284418
1292874597948370945
1292874587282108416
1292874570240864256
1292874515983282182
1292874470592585730
1292874441089626112
1292874425235156993
1292874400392515586
1292874388505796612
1292874338903957504
1292874320935563265
1292874308923142147
1292874293374791682
1292874283799150594
1292874207089459201
1292874161946349568
1292874155629584384
1292874144028254208
1292874079058501635
1292874026197626883
1292874022187802624
1292874017280581634
1292874008891813895
1292874004538294272
1292873997441331200
1292873956597403650
1292873941321519105
1292873899223515136
1292873858714873856
1292873829832970241
1292873794479173632
1292873721850597376
1292873720101572611
1292873643769421828
1292873642167107584
1292873631177928704
1292873622592397312
1292873618326683648
1292873539880656898
1292873440232460288
1292873372158828544
1292873326281588737
1292873306094411777
1292873284237897728
1292873279967985665
1292873236435394560
1292873199382929408
1292873177991770112
1292873167871057923
1292873086161825794
1292873060408856577
1292873013873041410
1292872988044546050
1292872973670645760
1292872937968668672
1292872909485211649
1292872882792562692
1292872870624923648
1292872766517940224
1292872703385513986
1292872672804605954
1292872554911326210
1292872516613087232
1292872482723069952
1292872451278417925
1292872433175863298
1292872404100722688
1292872372786266113
1292872367035777026
1292872329064636417
1292872211049701376
1292872120322723841
1292872115247550465
1292872071173873664
1292872031231340544
1292872003947503622
1292871848288550914
1292871844446576641
1292871728738242561
1292871643556061184
1292871522261110785
1292871474399805440
1292871373807693824
1292871344900599808
1292871342858133507
1292871321584631812
1292871283735232512
1292871272108523525
1292871145235124224
1292871022828556290
1292870981061693450
1292870850060877824
1292870827021496320
1292870788970958848
1292870771002531842
1292870737200443394
1292870525400895488
1292870513132437504
1292870505679056896
1292870440549933057
1292870431507185667
1292870359767748609
1292870305472446469
1292870298174459908
1292870149851295744
1292870138748780545
1292870051083751426
1292869995421147136
1292869970699976708
1292869954384146433
1292869903318474752
1292869889154338816
1292869866907549696
1292869850667384837
1292869779905081344
1292869768903565315
1292869768727453696
1292869728755687424
1292869681162801153
1292869583490002945
1292869577689501697
1292869498073227264
1292869452720230403
1292869438916755458
1292869399502872576
1292869317453918208
1292869309178486784
1292869303419768832
1292869289964236801
1292869281110261760
1292869271916367873
1292869225674153984
1292869207206567937
1292869153649569794
1292869066647011328
1292869046212464644
1292868949634318338
1292868884983418880
1292868844936142848
1292868717257383936
1292868700543033344
1292868695363117061
1292868573107429376
1292868566924922880
1292868553381642240
1292868545152311297
1292868526596861957
1292868427858681861
1292868426055200771
1292868404601290752
1292868396539936770
1292868396174934016
1292868367909617664
1292868342970122241
1292868308845367298
1292868294085550080
1292868286674350083
1292868239786213380
1292868160224452609
1292868144336445440
1292868110488412178
1292868098119401473
1292868093811679233
1292868079601348608
1292868060626341888
1292868056335765509
1292868008474554368
1292868001507823616
1292867956368642049
1292867913494466560
1292867906909302784
1292867875460587525
1292867731948220416
1292867657478205440
1292867638238961665
1292867572245954564
1292867571801350145
1292867554390794241
1292867520622473216
1292867511151722499
1292867490536620038
1292867466473934848
1292867421867581443
1292867347431198720
1292867345275387906
1292867323284447232
1292867301163667459
1292867295514173443
1292867292511051781
1292867272059555843
1292867170746195970
1292867156913336326
1292867102525870085
1292867077615677441
1292867049241423872
1292867043306491905
1292867026084663296
1292867021051514881
1292866973219426305
1292866921654870018
1292866878440972288
1292866867577708544
1292866852771770369
1292866846945947650
1292866809461460994
1292866781535666176
1292866777710460932
1292866718939963395
1292866695493816321
1292866690783444993
1292866686677397507
1292866674761359361
1292866651717853186
1292866640632328192
1292866607417622532
1292866526039535616
1292866525301481472
1292866511175122944
1292866490677460994
1292866479734620160
1292866475552907266
1292866457135538176
1292866437388931074
1292866425347088392
1292866421416812544
1292866412256669697
1292866407357653001
1292866397941272576
1292866383756263424
1292866381952593925
1292866375157977088
1292866348423491585
1292866344900341760
1292866316848824320
1292866296053473284
1292866271164342273
1292866268459147266
1292866253187506176
1292866170375241729
1292866127106908160
1292866114028998661
1292865986400575488
1292865956302200833
1292865686600130567
1292865576533204995
1292865568345927683
1292865567045623808
1292865562062856192
1292865549530050563
1292865499856961536
1292865466520674304
1292865292671037446
1292865212589068288
1292865212261990403
1292865187679272960
1292864937124155392
1292864838553788423
1292864835135459328
1292864816198156288
1292864793393520641
1292864768127176704
1292864751488233477
1292864725135454209
1292864724917350405
1292864678398439424
1292864662015442945
1292864643430518787
1292864622257680384
1292864611730034690
1292864609871896581
1292864605283323907
1292864577391165441
1292864557761859585
1292864548341526529
1292864543056633858
1292864519769690113
1292864479189807106
1292864437930557440
1292864420293599233
1292864406229925889
1292864405978230784
1292864324353044485
1292864309228376066
1292864300915154944
1292864299988332544
1292864265918046213
1292864250248073216
1292864216723062785
1292864116915347457
1292864088662564866
1292864080177397762
1292864047646416897
1292864034962845697
1292864031339024391
1292864014570070016
1292864001999872007
1292863929639743488
1292863875545796611
1292863868574801920
1292863639955714050
1292863625892421632
1292863617902272513
1292863601133289472
1292863578513510401
1292863526336442368
1292863440932012033
1292863437396226048
1292863343645138949
1292863326884638720
1292863302939205632
1292863265018716161
1292863256135110657
1292863255161925633
1292863246903521281
1292863225600585729
1292863224937877518
1292863206122074121
1292863149130108931
1292863099276365824
1292863074827997190
1292863052073832449
1292863048978501632
1292863023565201410
1292862993219321856
1292862991667310593
1292862927746326528
1292862917738745856
1292862838332100609
1292862831105318912
1292862822578348033
1292862814441353217
1292862761618219008
1292862658950176771
1292862644500795392
1292862633775857666
1292862589580566528
1292862564767092742
1292862557481443329
1292862471255064578
1292862431107194891
1292862401214156800
1292862371279536133
1292862337322569729
1292862335418343429
1292862334365511681
1292862328178958339
1292862314929152000
1292862299800104963
1292862237309390849
1292862203633250306
1292862179138580480
1292862134972489734
1292862123161206798
1292861968697655296
1292861902536822784
1292861823298002946
1292861750094823427
1292861726287945731
1292861643957968897
1292861493508218880
1292861450923520000
1292861420569350159
1292861402189897728
1292861375631499264
1292861375312613376
1292861339984113671
1292861317691441154
1292861317678678018
1292861274594869253
1292861158014287873
1292861147318759426
1292861144449912838
1292861132634566656
1292861073679237128
1292861069426413568
1292861044080222210
1292861012895383557
1292860954267594752
1292860787732746246
1292860762696949760
1292860718203666433
1292860714936410119
1292860622342766598
1292860613203562498
1292860597860732929
1292860577468035083
1292860509235142658
1292860407653294081
1292860333145677825
1292860314804006919
1292860256838656000
1292860165495181321
1292860138932645890
1292860064622051331
1292860029272547335
1292860027619819527
1292859987207823360
1292859938344177665
1292859914893828106
1292859883075895299
1292859821193072641
1292859811416154112
1292859774154022918
1292859769036791808
1292859752112955395
1292859723029463050
1292859709700165634
1292859675621445635
1292859582717411336
1292859580851118080
1292859539126128647
1292859501306142721
1292859408163061768
1292859315959758849
1292859278559240194
1292859240025976833
1292859230287007751
1292859029170028544
1292859008915652623
1292858974925094913
1292858960236732418
1292858906058928133
1292858874400129025
1292858863809638400
1292858846713528320
1292858810256756737
1292858673522515969
1292858581587570691
1292858556740448261
1292858549102469120
1292858530438012929
1292858516278042625
1292858376997740545
1292858283280273412
1292858220856463360
1292858192817463297
1292858162438078464
1292858132771684365
1292858128762052610
1292858060420128770
1292858017734692870
1292857979981705219
1292857898544934912
1292857865858760725
1292857792869675009
1292857779141697536
1292857733587189761
1292857677429776386
1292857663911604225
1292857618336231425
1292857562631753730
1292857515881840640
1292857436056035332
1292857401025019912
1292857353159622656
1292857337393434624
1292857217486651394
1292857203343478784
1292857178970378240
1292857177502363648
1292857154114711553
1292857103850172416
1292857094157340672
1292857093742002176
1292857041828995072
1292856945817325570
1292856880956674049
1292856818990014465
1292856792968560643
1292856717563265025
1292856675767144450
1292856627994009600
1292856623254458368
1292856611422310401
1292856537644503042
1292856521479643139
1292856389174308864
1292856386544709633
1292856382786621440
1292856199860441088
1292856109791940610
1292856059573526540
1292856050257813504
1292856044348112897
1292856042930556928
1292855982691962883
1292855942837678085
1292855933761138689
1292855879386234881
1292855867331747841
1292855866874564613
1292855736981233665
1292855690168434688
1292855663736041472
1292855577803026433
1292855570685472770
1292855508655800325
1292855486199533577
1292855459746131968
1292855446684831745
1292855427898781696
1292855351310770179
1292855337155002368
1292855248210604034
1292855221245349890
1292855220133920771
1292855188550803466
1292855174944489477
1292855141092261889
1292855109848793090
1292855100805992451
1292855093855830018
1292855076541923329
1292855072989249537
1292855033579606017
1292855004835934209
1292854917204508673
1292854854810050566
1292854845318270977
1292854803400359939
1292854774623346690
1292854754150932480
1292854727001214976
1292854721213018112
1292854695648620545
1292854678548553729
1292854633728098312
1292854628606832640
1292854469751902208
1292854426810683398
1292854377825402880
1292854327283834880
1292854324280930304
1292854302868770816
1292854269385641984
1292854217028190208
1292854206383173632
1292854204927741953
1292854173344595971
1292854150632550400
1292854115727548416
1292854100103749632
1292854063676166144
1292854056289996806
1292854047716720640
1292854006247694338
1292853981673402373
1292853938925056000
1292853926421725186
1292853905093791744
1292853856758640641
1292853843819212801
1292853782720786433
1292853770204962817
1292853761543741441
1292853756950908928
1292853751997505538
1292853710390013953
1292853670451851265
1292853554680664065
1292853500368617473
1292853497424236544
1292853374577238016
1292853370223558656
1292853366071205891
1292853352276144129
1292853298798755840
1292853263977644032
1292853214287724546
1292853140807716864
1292853099552477188
1292853054447001600
1292853049833197570
1292853024260489221
1292852988759941121
1292852880039264258
1292852868375023622
1292852846828949505
1292852799680593921
1292852781666246656
1292852780386914306
1292852764695859202
1292852757188227076
1292852727295483906
1292852632000909313
1292852519107006464
1292852465763676161
1292852421820121088
1292852387573424130
1292852378564276224
1292852330342354946
1292852295013548033
1292852249224450050
1292852239082504193
1292852215275589632
1292852207008743424
1292852152675770368
1292852109294141443
1292851982525517827
1292851960140509185
1292851893455089665
1292851881644044294
1292851879643406341
1292851848186146816
1292851847422590976
1292851815533469702
1292851786550738945
1292851782004224002
1292851764862038017
1292851727037693953
1292851722910683136
1292851717202214913
1292851680984420352
1292851631185432579
1292851606476726272
1292851575329665026
1292851566622515201
1292851551074242567
1292851392772632576
1292851377279062018
1292851360904421376
1292851358010429440
1292851352377405445
1292851350032789505
1292851349521076230
1292851323856183299
1292851254025244672
1292851215840112640
1292851209511014402
1292851162966720512
1292851142142156813
1292851044180004864
1292851030569259008
1292850883492024320
1292850863762026498
1292850810951434240
1292850650079002629
1292850529417203712
1292850464866947073
1292850454234202112
1292850442028961794
1292850385422614529
1292850371904380928
1292850302660612096
1292850296498999298
1292850246066876419
1292850208884305920
1292850181482971136
1292850153838313475
1292850139783208961
1292850072540061696
1292850061655891968
1292850033109475333
1292850031905648644
1292850024179625984
1292850018664296454
1292849988565979138
1292849900707774464
1292849872702328832
1292849815370465281
1292849811834560512
1292849711817404419
1292849700970934272
1292849686005583875
1292849662639181824
1292849658100760576
1292849614954082304
1292849610457788418
1292849607458750464
1292849572339953669
1292849569714315270
1292849516366966786
1292849504182558720
1292849474205896709
1292849439158280194
1292849411639382017
1292849349236596737
1292849308467789824
1292849232924221441
1292849174791282689
1292849073901445121
1292848996386578432
1292848951440351235
1292848932221943813
1292848846020784128
1292848835891429376
1292848818153824256
1292848798407053320
1292848784066650113
1292848743910264833
1292848691674583040
1292848676784594945
1292848628667764737
1292848620539195393
1292848607805071361
1292848588054241281
1292848577102974977
1292848511541587969
1292848438338412544
1292848330691805192
1292848287976796163
1292848283581382656
1292848188265832448
1292848130925268994
1292848107286388742
1292848008925716483
1292847948615876610
1292847916948885506
1292847915870883842
1292847865832890368
1292847801886314499
1292847764808900608
1292847668474019840
1292847663755546624
1292847657463898112
1292847573938647040
1292847568276410368
1292847368006701056
1292847357881589761
1292847295264968704
1292847284988739585
1292847224460894209
1292847207260004361
1292847164662530051
1292847143644872705
1292847099453865986
1292846975000252416
1292846914283671555
1292846839868334083
1292846832561934337
1292846774718259200
1292846707257020422
1292846706506248192
1292846696246870017
1292846651170676736
1292846529166872577
1292846450695704576
1292846427094290433
1292846426670628865
1292846405506064384
1292846398317056000
1292846325789151234
1292846317052596226
1292846312245927936
1292846310186291200
1292846162626527232
1292846081156558850
1292846055894261761
1292846015582736384
1292845976101642247
1292845964575703040
1292845932929675264
1292845908934053888
1292845887018934273
1292845879548956672
1292845869939732481
1292845865242157057
1292845853959307264
1292845808191078400
1292845786900774912
1292845777296007170
1292845719355826176
1292845718017912833
1292845689932832768
1292845653907865608
1292845503328276482
1292845496478957570
1292845462362284032
1292845433090383875
1292845363313991682
1292845341038071810
1292845326114660359
1292845266282991616
1292845113312387072
1292845042315546624
1292844816712245248
1292844766066081794
1292844734357155840
1292844692372168707
1292844688706277377
1292844674684772359
1292844628786520066
1292844564085080064
1292844490076483590
1292844372422254593
1292844335545954307
1292844323277602817
1292844308534456322
1292844300661927936
1292844221762805768
1292844190888603650
1292844179685617665
1292844118125813762
1292844113230995458
1292844090950909963
1292844049624375296
1292843970058489857
1292843913116434432
1292843900105715714
1292843889506885634
1292843847475765254
1292843817020751878
1292843793398497280
1292843776122159104
1292843770476724226
1292843762587181059
1292843726503632897
1292843711693500418
1292843704965718017
1292843662129467392
1292843655422717953
1292843646711205889
1292843628121878528
1292843601236557825
1292843588380958721
1292843571410681857
1292843546207293440
1292843540658053128
1292843502670417923
1292843496311857155
1292843409938448385
1292843379047272450
1292843359976001539
1292843286701330432
1292843239280697344
1292843202077175808
1292843159081365513
1292843088755466243
1292843086842941441
1292843081797165057
1292842928222564353
1292842907590963202
1292842819846057984
1292842814833819648
1292842802242609152
1292842687767420928
1292842681446666244
1292842646684217349
1292842609069690880
1292842608931332096
1292842545920319488
1292842460272631810
1292842442417471493
1292842395369783300
1292842355758960640
1292842291468603394
1292842269066723328
1292842265635938307
1292842200108158977
1292842153123733504
1292842012178358272
1292841950509498368
1292841934780801040
1292841917307400193
1292841911707815936
1292841911556943873
1292841889054498820
1292841811191435264
1292841713095057412
1292841696338706434
1292841647227666441
1292841636771307525
1292841616185659394
1292841615741132801
1292841561936596992
1292841527199387651
1292841518047297543
1292841457544560641
1292841454507905024
1292841441958428672
1292841412359335936
1292841367941591043
1292841355274670080
1292841345921556480
1292841286274342915
1292841204439289857
1292841166514335746
1292841154891911169
1292841014399578115
1292840976491347974
1292840962163646464
1292840935290802186
1292840892324347905
1292840876335562756
1292840775483523072
1292840768961273857
1292840665630597122
1292840625478524928
1292840580628832256
1292840577189449729
1292840552078008321
1292840531702222852
1292840522847940609
1292840455399505924
1292840440992063488
1292840421274591234
1292840414677016578
1292840381965623297
1292840349275234304
1292840308468854784
1292840211286818824
1292840207637782529
1292840156362309637
1292840136523177984
1292840072602095616
1292840037944631297
1292839975831076864
1292839945346973696
1292839942020898817
1292839932596232199
1292839924937502720
1292839900329451520
1292839892024807425
1292839866087223296
1292839806679101440
1292839786680442880
1292839751108759556
1292839733320716288
1292839612029624321
1292839602311618565
1292839577942724610
1292839554890829830
1292839550084153352
1292839542425374725
1292839488079749120
1292839480714498050
1292839471591956485
1292839450263916544
1292839411747557377
1292839357532049408
1292839356277891072
1292839347650265088
1292839283498377218
1292839200857960448
1292839153370005506
1292839153172746240
1292839149259698176
1292839036579721217
1292839007320264707
1292839005759864832
1292838899807449089
1292838850142900224
1292838726574514176
1292838673906651136
1292838670647595008
1292838534416601090
1292838518222290946
1292838463172214786
1292838449901236224
1292838346063056897
1292838335359180800
1292838269139521537
1292838268099338241
1292838262290161664
1292838257240289282
1292838204891160576
1292838200977829890
1292838183630024705
1292838133449531392
1292838102986133505
1292838062737600512
1292838034346373120
1292838026314420224
1292837999559028739
1292837962405871616
1292837924187168773
1292837921922453504
1292837919707856903
1292837905522741249
1292837875994656769
1292837842629070849
1292837769761497090
1292837752967323648
1292837726597853192
1292837716472799233
1292837714593812481
1292837698814849028
1292837677696524289
1292837671853858817
1292837603578916867
1292837585635639296
1292837532657491968
1292837516236804096
1292837467310055425
1292837424775798786
1292837384313348099
1292837363723300864
1292837361492140034
1292837192486793216
1292837161666932737
1292837137239465985
1292837115571642368
1292837069853790211
1292836931630510081
1292836925112541187
1292836890161418241
1292836858712514563
1292836831776710657
1292836829717319683
1292836754760839169
1292836737547460609
1292836709000982528
1292836693264007169
1292836692026630150
1292836682119688192
1292836669675024391
1292836664629436417
1292836620513824768
1292836557968138240
1292836540637417472
1292836497348087809
1292836476955381760
1292836476779208707
1292836427953127424
1292836413977894912
1292836410114940929
1292836353911058444
1292836349180088323
1292836314258317318
1292836265772167169
1292836246872559617
1292836231227875328
1292836218321936386
1292836217042743297
1292836198197723137
1292836188399833093
1292836184251564040
1292836135752925186
1292836102517059584
1292836101330104320
1292836039862648840
1292836024729706497
1292835991368216576
1292835971071803393
1292835954017927174
1292835940600340484
1292835902943891463
1292835799797465088
1292835787852128257
1292835745833549824
1292835722450415616
1292835718889381889
1292835706730143745
1292835702103658496
1292835650299785216
1292835618356178945
1292835607643934720
1292835564308373504
1292835548990787590
1292835445416443905
1292835404102733825
1292835396347465728
1292835372867756032
1292835203086508034
1292835201467392000
1292835174665916417
1292835170198880256
1292835138603085825
1292835080969232386
1292834996185640961
1292834918700126214
1292834864706789382
1292834841394925570
1292834826446307330
1292834753603948544
1292834748872757249
1292834701284012032
1292834694808195077
1292834679570288640
1292834611266031616
1292834594207801344
1292834555703984128
1292834549425111041
1292834509281525761
1292834498514755588
1292834482052050945
1292834405598273543
1292834296575807490
1292834258080407553
1292834184868708357
1292834174827548673
1292834147547975680
1292834143290744832
1292834137586507778
1292834101980880896
1292834078119485440
1292834076815130624
1292834069919805451
1292834049262858241
1292834025430593541
1292833987447193600
1292833937622855681
1292833926713675788
1292833919063203841
1292833899475656706
1292833854634500103
1292833779581558789
1292833728482488321
1292833720500658182
1292833665714618369
1292833650359369729
1292833641782030343
1292833636031569921
1292833614057668609
1292833493261660160
1292833469333110786
1292833460210610176
1292833401620385793
1292833398369656832
1292833391197458434
1292833351221628928
1292833329289539586
1292833314362064898
1292833268312809473
1292833216877989892
1292833206849462273
1292833174494601216
1292833167309787137
1292833118185955329
1292832967769890822
1292832863839227905
1292832840569237505
1292832836286914561
1292832808273158145
1292832639569649664
1292832473068511234
1292832411307216902
1292832373554331648
1292832304646311936
1292832290410835970
1292832283167088641
1292832263537922054
1292832163155648513
1292832015503495175
1292831871408263170
1292831782425878529
1292831772577796097
1292831590276648962
1292831586187186181
1292831581883772928
1292831540456697856
1292831508793823233
1292831478435414023
1292831424131866624
1292831397581918213
1292831339423490049
1292831317017550848
1292831287955382272
1292831181004771329
1292831167775989762
1292831149887303681
1292831144652701699
1292831142459011072
1292831141955862531
1292831121911304192
1292831083466313733
1292831082593878017
1292831063761391616
1292831004353273857
1292831003023740928
1292830936187510784
1292830913693462529
1292830888343068673
1292830798366887937
1292830787587325957
1292830769463754754
1292830761977077766
1292830730796531713
1292830726384164865
1292830704015937538
1292830684164296705
1292830667806355456
1292830596301979648
1292830560038117377
1292830484834197504
1292830456036110337
1292830348796211203
1292830339560284161
1292830265136431104
1292830233817755649
1292830173008666624
1292830156030201862
1292830112128421891
1292830048949620737
1292829995363192837
1292829979542159367
1292829850684788743
1292829838810783744
1292829808343351296
1292829771068575744
1292829745479131145
1292829631113039881
1292829630500687873
1292829628139286531
1292829567523196929
1292829501349453829
1292829468814442498
1292829467581116416
1292829347854929920
1292829333229314049
1292829311666253824
1292829282507599875
1292829272965554176
1292829221895778305
1292829214857728001
1292829109777825793
1292829066954002433
1292829044065677313
1292828977569046528
1292828878772240386
1292828865065152513
1292828851878453250
1292828838469275654
1292828708072566784
1292828632868622338
1292828623267934208
1292828485086588934
1292828373152960514
1292828320070066183
1292828230097960965
1292828219469713408
1292828178860445699
1292828135986085888
1292828111864815619
1292828049818386433
1292828015660015616
1292828003995660295
1292827954947543040
1292827827591577601
1292827698805366785
1292827672557518849
1292827665460637713
1292827651514802176
1292827595252183041
1292827544572633090
1292827517057892352
1292827515338268672
1292827503212388352
1292827488452775936
1292827417359384576
1292827375542177792
1292827350879657984
1292827315848658951
1292827269342343168
1292827207275106305
1292827194587328512
1292827188413202433
1292827027880529920
1292826933017882625
1292826917628973057
1292826895629930496
1292826849425469443
1292826845554135040
1292826688909443072
1292826662627872771
1292826626175184896
1292826518222180354
1292826513025507329
1292826489600143372
1292826433560227840
1292826373921206273
1292826361992749057
1292826334700302336
1292826310071455746
1292826307009470465
1292826274256355329
1292826244531335168
1292826205503143936
1292826175962787840
1292826149815369728
1292826148754292736
1292826119452921856
1292826000338767874
1292825953186598912
1292825949260484608
1292825925143482370
1292825889168936963
1292825832113790977
1292825776358907904
1292825722361466887
1292825720016830464
1292825717554782210
1292825644817174530
1292825620259450882
1292825582670053377
1292825573077798913
1292825549149278208
1292825544179015682
1292825533156405248
1292825508120612865
1292825496187736064
1292825477883858946
1292825364335656966
1292825308509409288
1292825295276453894
1292825290171772931
1292825271947735046
1292825115776950273
1292825062463148033
1292825038761205760
1292825029613359106
1292824945433616394
1292824864714362880
1292824838520930305
1292824758753599490
1292824673764417537
1292824650674851842
1292824649810817032
1292824505807667202
1292824482319605764
1292824420491223041
1292824416951382017
1292824416301330441
1292824396336373761
1292824381865918465
1292824379949187073
1292824375830470657
1292824340098985984
1292824327826505728
1292824314882985984
1292824249418371072
1292824219127107585
1292824201473056769
1292824200374300672
1292824076759830529
1292823990956941314
1292823952818085888
1292823952545345543
1292823900523507714
1292823888892702720
1292823859830222850
1292823838976282625
1292823783330521088
1292823781338013697
1292823773226426369
1292823726053040128
1292823602228801536
1292823545894985729
1292823534063034368
1292823516312735745
1292823463389007874
1292823424029601792
1292823418790912002
1292823410628845569
1292823357273116678
1292823313870446597
1292823266566889472
1292823255737348096
1292823244123385856
1292823189211447296
1292823175487774720
1292823170802688001
1292823166126096386
1292823128314437636
1292823121167364096
1292823085419311105
1292823034080841729
1292823026241884160
1292823016750100482
1292823012799066113
1292822997355683844
1292822960856760320
1292822949997641732
1292822709076926464
1292822686255783937
1292822671424618498
1292822653271564289
1292822646736986118
1292822626428235776
1292822622519123968
1292822562381021186
1292822539165736963
1292822531959853059
1292822442335969281
1292822337889406979
1292822325268627457
1292822306239270912
1292822268561829888
1292822258831044610
1292822224739672065
1292822087304978433
1292822055814127618
1292821983730728972
1292821921038573569
1292821818722721793
1292821653240664065
1292821548730966017
1292821502056955905
1292821499477471233
1292821392061345798
1292821381663596546
1292821346263728129
1292821247932469248
1292821207910318081
1292821104847773696
1292820931732074498
1292820874479927298
1292820872135356416
1292820841281986560
1292820756645191680
1292820518480023553
1292820391493275649
1292820352142368770
1292820333641240581
1292820284798640128
1292820274136723460
1292820212606046216
1292820206067298312
1292820196214833156
1292820144008372225
1292820111452246016
1292820068271783936
1292820058247438337
1292820040128004096
1292820017218760704
1292820012005314565
1292819966954295297
1292819795767971841
1292819742693236742
1292819737613873152
1292819594927890433
1292819579769692160
1292819550661206019
1292819542780063744
1292819491169226752
1292819428891979778
1292819377872658432
1292819366254452738
1292819357609930752
1292819343164813312
1292819325196304384
1292819248058970116
1292819170564988931
1292819128252866561
1292819106106875904
1292819084434903040
1292819059592110080
1292818924053106689
1292818805186535424
1292818798773338114
1292818784911228928
1292818738400591874
1292818722613321729
1292818659547783169
1292818496716406784
1292818483437338624
1292818429683146753
1292818390210490368
1292818265920724992
1292818244999548928
1292818202024714246
1292818157955145730
1292818122089562112
1292818117639442436
1292817943823290371
1292817940576907264
1292817885044396034
1292817880141029376
1292817873560371202
1292817812604489728
1292817616189497344
1292817606391533568
1292817494290251777
1292817451076464641
1292817333807919104
1292817226903371777
1292817151934562305
1292817133186043904
1292817041876037632
1292817029557346309
1292816980626604036
1292816964117770241
1292816925869912064
1292816919704240130
1292816850607382528
1292816781078396928
1292816697682993152
1292816659988832256
1292816635536048130
1292816517789253632
1292816514131922952
1292816494955581442
1292816469005402117
1292816345265045505
1292816333172887558
1292816155984396288
1292816134471811074
1292816087252377601
1292815998752563200
1292815986878484484
1292815876098535426
1292815856167256067
1292815843676622848
1292815770670440448
1292815748436504577
1292815683865247747
1292815624201273345
1292815622267641856
1292815588444778499
1292815505275924480
1292815474544332801
1292815472812003338
1292815283653152771
1292815279651782656
1292815256314667008
1292815240850284545
1292815177595809793
1292815138995736582
1292815129965400064
1292815057202683905
1292815042841280513
1292815038886154242
1292814823365910528
1292814802725646338
1292814776129728513
1292814641890959361
1292814593522315264
1292814575767900160
1292814519178321921
1292814461481504774
1292814389725323264
1292814376152567809
1292814366094565376
1292814315800727552
1292814279972982785
1292814228378849281
1292814171432607744
1292814071570595840
1292814055804219392
1292814032974553088
1292813907690770434
1292813851117772801
1292813820273070080
1292813800454926337
1292813776023060481
1292813642216472579
1292813576126607360
1292813442269753346
1292813368294858752
1292813283548975104
1292813277018435584
1292813231703166976
1292813220114239488
1292813196676534272
1292813177361768453
1292813165714178049
1292813139394822146
1292813118255575041
1292813091793776642
1292813022604537856
1292813005802082306
1292813002434117632
1292812906044837889
1292812658035568640
1292812472555102208
1292812450551812097
1292812429123112962
1292812355588501504
1292812040130768896
1292811949399584777
1292811863630270464
1292811836249853962
1292811794080305160
1292811713197166593
1292811711678906368
1292811687586758656
1292811671824728065
1292811647573164032
1292811542682116098
1292811530094940165
1292811510289399809
1292811403250761728
1292811330815131650
1292811273416183809
1292811237214924801
1292811196312281088
1292811174183133186
1292811159515607040
1292811121649475590
1292811103618170881
1292811059062079488
1292811034315677696
1292811010533994498
1292810912043282432
1292810860994404357
1292810829067251713
1292810803574460416
1292810765540392960
1292810731839262722
1292810721386999808
1292810629120700421
1292810615388610560
1292810614700679169
1292810516209991680
1292810488724758530
1292810390011871238
1292810229068038144
1292810217080721408
1292810192816668673
1292810164270178307
1292810132276076545
1292810081248186368
1292810072217747456
1292810024754978816
1292809989325717505
1292809944966856708
1292809938247524352
1292809888373133314
1292809879535706112
1292809859562377216
1292809841493377025
1292809797155332097
1292809789119102992
1292809780269129730
1292809657736724485
1292809628124880897
1292809591059886088
1292809576329310214
1292809565659189248
1292809530309595139
1292809483077341185
1292809482574209024
1292809422880804868
1292809216730726406
1292809215019487236
1292809120509239296
1292809108572250112
1292809074418098177
1292809002980716552
1292808984546738176
1292808889952501760
1292808840841437184
1292808835376254976
1292808788995715072
1292808780598538242
1292808750420701184
1292808553032540161
1292808489874731009
1292808263029985281
1292808163671117824
1292808098739032071
1292808087909343238
1292808053423837185
1292808035107319808
1292808021878415360
1292807977016139777
1292807734530904064
1292807731636838401
1292807709566304256
1292807655854157827
1292807503970013184
1292807361950695429
1292807221320077313
1292807216442019841
1292807184330489863
1292807135357808640
1292807122036699136
1292807120556101633
1292806985394663426
1292806897628786690
1292806871728889862
1292806815286202368
1292806766191935489
1292806699645009920
1292806598184886273
1292806519604510725
1292806409583841290
1292806371310735360
1292806366504128514
1292806255963262977
1292806110542475271
1292805920083279872
1292805862067712001
1292805824134381568
1292805772804587520
1292805725572542466
1292805663584694272
1292805606408060929
1292805605078466561
1292805585784774656
1292805580738920449
1292805446307282945
1292805422403989505
1292805401608458240
1292805352044605440
1292805275351564290
1292805065313603593
1292804974527819787
1292804953015189504
1292804921448894464
1292804877245128704
1292804873055023104
1292804846475673601
1292804788460171264
1292804732973711362
1292804697104031744
1292804595555606528
1292804553591738368
1292804439791874048
1292804393973288960
1292804341645086720
1292804312134045696
1292804295226728450
1292804235374059521
1292804126607388673
1292804120374640642
1292804106839560194
1292804055987822593
1292804024492843015
1292803948202676225
1292803928644493312
1292803908474216450
1292803887766749185
1292803886726684674
1292803886085021696
1292803825871605761
1292803818569310210
1292803793831305217
1292803793755598851
1292803748524429314
1292803747022868482
1292803723438292993
1292803355170017281
1292803286425378816
1292803166493433857
1292803120251244550
1292802984359886848
1292802839912124416
1292802786355101700
1292802602028142592
1292802507928932352
1292802492611387392
1292802332443336704
1292802317436309504
1292802130814873603
1292802124473085954
1292802097965076484
1292802076976660483
1292802030810157057
1292802014137798661
1292801955992133633
1292801741281538051
1292801694330507265
1292801356579983362
1292801354717638663
1292801317736415232
1292801275579568129
1292801197825503233
1292801174618267649
1292801145266733058
1292801064652210176
1292801019118792704
1292800769696071680
1292800746237448193
1292800720211718144
1292800712213254144
1292800708383617024
1292800623306575872
1292800618176950272
1292800500866469888
1292800433090629632
1292800177179369478
1292799953572634624
1292799907166732289
1292799886220550144
1292799770520481796
1292799719190781952
1292799701687783429
1292799697942392832
1292799562076356608
1292799548428095488
1292799355423002628
1292799348162600963
1292799296564269059
1292799264951808000
1292799171410395136
1292799063038058497
1292798991357423616
1292798940048502784
1292798817105063936
1292798752349138944
1292798668131762178
1292798601270157313
1292798510224482304
1292798452552945664
1292798445925826561
1292798443589709824
1292798270872391680
1292798267382812673
1292798239020740611
1292798127985106944
1292798096246812675
1292798024457093127
1292797909461680133
1292797876188459009
1292797691349495808
1292797499158269953
1292797382774620163
1292797363816468480
1292797177241141249
1292796994340225024
1292796980842754049
1292796864962600962
1292796841684283393
1292796759945535489
1292796722494582785
1292796686083948544
1292796613312708608
1292796568719052802
1292796535021998082
1292796337931657218
1292796227994689539
1292796209283899392
1292796088710299649
1292796059576602625
1292795999447068672
1292795935312011265
1292795810246262787
1292795740184621058
1292795731527585793
1292795670081015808
1292795608072425472
1292795518557528064
1292795495820210176
1292795453441024001
1292795295559016453
1292795243147014144
1292795078327533568
1292795046455119879
1292794895581798400
1292794852674015232
1292794845828874241
1292794821770444800
1292794644510670848
1292794618761949184
1292794533034557440
1292794379464212482
1292794351018561536
1292794231916920834
1292794219778551809
1292794198614302720
1292794118427611138
1292793974403604481
1292793943088865290
1292793929499205632
1292793681423081474
1292793633310150658
1292793558852939777
1292793471078731777
1292793398039056389
1292793363356360710
1292793297581289474
1292793243999117312
1292793235618836482
1292793126587969538
1292793126411628544
1292793108762165258
1292793059999088640
1292792859620331522
1292792667445825547
1292792573787070465
1292792552710647809
1292792548872933376
1292792338369122304
1292792323122688001
1292792311647047681
1292792285080489984
1292792199252410370
1292792155271036929
1292792047892598785
1292792002665422850
1292791950672908288
1292791722288832512
1292791446005780480
1292791413260914688
1292791267563384832
1292791263004102656
1292791206104137728
1292791179067756546
1292791136105316352
1292791119080652802
1292791029217865733
1292790937832296448
1292790905242636289
1292790881846726658
1292790857641295874
1292790824556736512
1292790823629623297
1292790800091238401
1292790764812947458
1292790757003329538
1292790721552973824
1292790595111596033
1292790480221220864
1292790454522712065
1292790414966218752
1292790397308149760
1292790344048943104
1292790212020654080
1292790182421254144
1292790144404160512
1292790101764907016
1292790049520545795
1292789955555622912
1292789955211665409
1292789911150645253
1292789874022584320
1292789717046525953
1292789683852722176
1292789539052965889
1292789457129811968
1292789398958829568
1292789323306274817
1292789303957950466
1292789303408570368
1292789196734763010
1292788976256835584
1292788954643668993
1292788784724148227
1292788782471708673
1292788539487399936
1292788512182370305
1292788492196630529
1292788418636926978
1292788417869357059
1292788415759515653
1292788158183211008
1292788118177734657
1292788111639040000
1292788098519248896
1292788088863825922
1292788084053086214
1292788021796974592
1292788015249620994
1292787953748631552
1292787763264270337
1292787759397122048
1292787751587401728
1292787564756324354
1292787500486922240
1292787309201498114
1292787301354012677
1292787165819293697
1292787138996707328
1292787074836369409
1292786926584504322
1292786912734990336
1292786761903616001
1292786646400692224
1292786522413051904
1292786508034965504
1292786475247865859
1292786464451973120
1292786354347290627
1292786203335577603
1292786173677572096
1292786130794971140
1292786086213816320
1292786051157766144
1292786045248049156
1292785600072953858
1292785515188482049
1292785289702920193
1292785019711377414
1292784967358066689
1292784661437886466
1292784629003554816
1292784504839589888
1292784468365901824
1292784375969525760
1292783790314725378
1292783723470106624
1292783684878249984
1292783591848652800
1292783564359180289
1292783363363831808
1292783286234775555
1292783230232469505
1292783119783940101
1292783107351826434
1292783045381165066
1292782891508928513
1292782821531160579
1292782816044953609
1292782774798241792
1292782770738077697
1292782765994389504
1292782662550257664
1292782630283423744
1292782596989034496
1292782424619974656
1292782402171887618
1292782327211479040
1292782290213441536
1292782037661822977
1292781987548344320
1292781975858745349
1292781864093179905
1292781847307407360
1292781654256291843
1292781627337138176
1292781624329895938
1292781486320615429
1292781276995489792
1292781154974695425
1292781142089883650
1292781122863149056
1292781108162166789
1292781106589249537
1292781046551937026
1292781027534884865
1292780966549823488
1292780953111166976
1292780887944441856
1292780873260179456
1292780866033287168
1292780864938684416
1292780863869063168
1292780722009374720
1292780686638829576
1292780681462870016
1292780561350758400
1292780545206824961
1292780341070106625
1292780281796145152
1292779780920815618
1292779639207854082
1292779621625274369
1292779592244133888
1292779480717631496
1292779470261280768
1292779438543908864
1292779362958348289
1292779294209572865
1292779248130961409
1292779161661120514
1292779120301154308
1292779064512700417
1292778996804067329
1292778644192899072
1292778604485476353
1292778565558243328
1292778485421944832
1292778046412513283
1292777960382947329
1292777942242799616
1292777903151886338
1292777867730976772
1292777756149911552
1292777737153904641
1292777718476689410
1292777653217316866
1292777453543399425
1292777380797468673
1292777370731061249
1292776984234401792
1292776979251437568
1292776919285534720
1292776699738951682
1292776517953519617
1292776085294391298
1292776070282915842
1292775985277018112
1292775982848290816
1292775969825193985
1292775662059749378
1292775545848111107
1292775443494576128
1292775298430369798
1292775255858196482
1292775108654899200
1292775083728146439
1292774902001532930
1292774752709476355
1292774332062720002
1292774094228918272
1292773778464935937
1292773765601021953
1292773728871473152
1292773673234046976
1292773610881527810
1292773441758732293
1292773077894541312
1292773055379288064
1292772974299316224
1292772876102373377
1292772801192120320
1292772779000045573
1292772626746740737
1292772611303313418
1292772512665759749
1292772311033171971
1292772253264834563
1292772242917662721
1292772214987579392
1292772082594582528
1292772054010339328
1292771985504776193
1292771729203290113
1292771651512401922
1292771516103434240
1292771249400295425
1292771168957558785
1292771088024457217
1292770834709393411
1292770738542276609
1292770664395366400
1292770331795562497
1292770301772812289
1292770296185778177
1292770248807124992
1292770193916166144
1292770120327143430
1292770031068221441
1292769455211249668
1292769380913340417
1292769276043186176
1292769234456416258
1292769175799136258
1292769152944558080
1292769113090080771
1292768856398733313
1292768687603290120
1292768581160230912
1292768444652322816
1292768183401811968
1292768178481831936
1292768133439201281
1292767973816573960
1292767775329587201
1292767650452590592
1292767647227097088
1292767443711143941
1292767336139808768
1292767067624681473
1292767019784273922
1292766923109863425
1292766706222465025
1292766536189575170
1292766500156248064
1292766433848565760
1292766204793442304
1292765997322194944
1292765885430718464
1292765282260459520
1292765058733412353
1292764537456918528
1292764068059676673
1292763988170686465
1292763953177690112
1292763911469572096
1292763872617811968
1292763866347245569
1292763711330029569
1292763578748018688
1292763281694875648
1292763227286380545
1292763223872213000
1292762938156212225
1292762785542279168
1292762747965497346
1292762645905453057
1292762488359051264
1292761934228529152
1292761806570696704
1292761732402864133
1292761679026163713
1292761261101391872
1292761117761122305
1292760837061517313
1292760772054056960
1292760703976300544
1292760555917209603
1292760343366840322
1292760122385555456
1292760115376992256
1292760107827310592
1292759931582545921
1292759879921422336
1292759839601557504
1292759762602426368
1292759673834176513
1292759612366761985
1292758936853118976
1292758912626761729
1292758743193657346
1292758639112003589
1292758626285817856
1292758268247453697
1292758223938826240
1292757568058798081
1292757516888219648
1292757442099441672
1292757419756523520
1292757390530576384
1292757332225646597
1292757287279435776
1292757164570955777
1292756929404518401
1292756596565647361
1292756490160410630
1292756417712193536
1292756369431437312
1292756330936176640
1292756236681850880
1292756228146450437
1292755782019289088
1292755550938312704
1292755451004649473
1292755401532989440
1292755322160001025
1292754939584937984
1292754840700018688
1292754604548071424
1292754439154139138
1292754242411749376
1292754147532509184
1292753822687920130
1292753567883956226
1292753086608416768
1292753016488001537
1292752892345163776
1292752692994084865
1292752656818208769
1292752408217399297
1292752219792642048
1292752174070616065
1292751937335681024
1292751542500589568
1292751069135679490
1292750987879358464
1292750847022174213
1292750811957796864
1292750602611564548
1292750400827817986
1292750177615265794
1292750109642493952
1292749843052584960
1292749771938070528
1292749115382812672
1292749099771387904
1292748957152620544
1292748546156965900
1292748439835406337
1292748150604591105
1292748146225881088
1292747941019451396
1292747900934594560
1292746822809788419
1292746790123573248
1292746390691631105
1292746357766332416
1292746348878614529
1292746219777855489
1292745736837386240
1292745667455209473
1292745629651947520
1292745533619019776
1292745409866194944
1292745336189063170
1292745170451079169
1292744751985364997
1292744535349624838
1292744478105702400
1292744257309032450
1292743688809000962
1292743055737532418
1292742124836978688
1292741863124811777
1292741701669273601
1292741207010009088
1292740944643657729
1292740865958477826
1292740848371642368
1292740639369682944
1292740401900683269
1292740274528178178
1292740064661905414
1292740031971389440
1292739964371902465
1292739956587323392
1292739898642923520
1292739735102857218
1292739604991238146
1292739354004279297
1292739301072154625
1292739264783032320
1292739196709244928
1292739046414913536
1292738878307217408
1292738785021657089
1292738569606438913
1292738547590414336
1292738424743628801
1292738394460626944
1292738159919484928
1292738059809611776
1292737859611492353
1292737842599407619
1292737829504679936
1292737647291531264
1292737617428197376
1292737017713954816
1292736800398749696
1292736639090020354
1292736397418389505
1292736119294001152
1292736026251792384
1292735959256256513
1292735782806073344
1292735714589728769
1292735708893863936
1292735482267279361
1292734993165250561
1292734849317470210
1292734781902319616
1292734711928938496
1292734417891471360
1292734299331067904
1292734281530261504
1292734004949667843
1292733957449101312
1292733915338354689
1292733546134745088
1292733337702891520
1292733252625674240
1292733131829772289
1292732907883241472
1292732828669693952
1292732828581535744
1292732037963476992
1292731929922437121
1292731779372191744
1292731762376876032
1292731682110312448
1292731644323889152
1292731611281330176
1292731539323789312
1292731330535534592
1292731199396470784
1292730820344664064
1292730704619601920
1292730685892042753
1292730662105968640
1292730292931723266
1292729958239014913
1292729662553153536
1292729638851153920
1292729530063425536
1292729377088770048
1292729227628945408
1292729208461033475
1292729166790569985
1292729156078313479
1292729155264679937
1292729137157865472
1292728959973695488
1292728689675968513
1292728594641252354
1292728313295843329
1292728222971387905
1292727955987345408
1292727900328738817
1292727889826394113
1292727849674137600
1292727773509890048
1292727605850972160
1292727471503106050
1292727346932232192
1292726693321416704
1292726634181689344
1292726598760902656
1292726439599583232
1292726024761942016
1292725882214404096
1292725807253684225
1292725792418549761
1292725683303657473
1292725412120887297
1292725314640961537
1292725129739243520
1292724735797792768
1292724717745573888
1292724653581107200
1292724635684016128
1292724583284371456
1292724550833078273
1292724529320665088
1292724443924566016
1292724274550185986
1292724238147887105
1292724222834311170
1292724022015336448
1292723969989267457
1292723665382121472
1292723604346425345
1292723351706841088
1292723282010152960
1292723077927669762
1292722953537323014
1292722827414482945
1292722825757954049
1292722683076063233
1292722241965371392
1292721928298541056
1292721824015552513
1292721787143323648
1292721751231782913
1292721597808349185
1292721589658816514
1292721481408012289
1292721197927391233
1292720878145478657
1292720850588893184
1292720653892648960
1292720587748421632
1292720381061668864
1292720235309539329
1292720197233672192
1292720031441104897
1292719848351584257
1292719836532027393
1292719627835805696
1292719610505187328
1292719560722915330
1292719471514320896
1292719457375342593
1292719226382356481
1292719180450533377
1292719081192292353
1292718958366334978
1292718914775003137
1292718867190439936
1292718811372691457
1292718752711286789
1292718690421501952
1292718520279547904
1292718161171816448
1292718055643131904
1292717929637830657
1292717869457903616
1292717865309790208
1292717852877783040
1292717825463705601
1292717708010614786
1292717402057146368
1292716865249132546
1292716846857310208
1292716614597525504
1292716508980760577
1292716478538686464
1292716311747928065
1292716288217944064
1292715843923714053
1292715792727932928
1292715284717961219
1292715260366004225
1292715230737436672
1292715093998727173
1292714802742284294
1292714722706554880
1292714633527271424
1292714513469505538
1292714371072786432
1292714260108386305
1292714254525767682
1292714057468870657
1292713931056832514
1292713926187073538
1292713711916916736
1292713691897626624
1292713666157121536
1292713601711525889
1292713367778533376
1292713259586347008
1292712959379034112
1292712918270619648
1292712609267867648
1292712580667121664
1292712461888626688
1292712336084459521
1292712271597182978
1292712225371611136
1292712132576935936
1292711945678630912
1292711925894336513
1292711553297338368
1292711452659179520
1292711355536084994
1292711271226200067
1292711222282989568
1292711171792003073
1292711099188486144
1292711039142789120
1292710987024355329
1292710889552896002
1292710849308655616
1292710832619618304
1292710658589458432
1292710617967558657
1292710445917204481
1292710410446090240
1292710391064272897
1292710219836018690
1292709777961889792
1292709737415540736
1292709648252973056
1292709393574879232
1292709332208046080
1292708492478947329
1292708307325595649
1292708304024514561
1292708257816088582
1292708194964234241
1292708194171535362
1292707818869526528
1292707816063430656
1292707807184093186
1292707793393180678
1292707746987433985
1292707580658298880
1292707540749385728
1292707364727136262
1292707265028513794
1292707253984927744
1292707230576291840
1292707121709162496
1292706961163722757
1292706837826068482
1292706661996662784
1292706363664146433
1292706294445436930
1292706218352488449
1292706024118341633
1292705874826297345
1292705391390756870
1292705185471647746
1292705118991691776
1292705063085826049
1292704941019037696
1292704687578324993
1292704554388090886
1292704014837125120
1292704002551853060
1292703696292257793
1292703676210044928
1292703411998081033
1292703310714036224
1292703290489151488
1292703239561809920
1292703077775093760
1292702876129800192
1292702710202920960
1292702403167424512
1292702351288078337
1292702304018325504
1292702262003826688
1292701497570951171
1292701122692624384
1292700641228333058
1292700483161735168
1292700403063230464
1292700022127996928
1292700020790013952
1292699796449431552
1292699553733513217
1292699537543516160
1292699379501944832
1292699349554610176
1292699142637129728
1292698945844461575
1292698543749120000
1292697822978953216
1292697789403717632
1292697533605527552
1292697199826984960
1292696911061762054
1292696747433578497
1292696628260872193
1292696573848117251
1292696501932589057
1292696315244158976
1292696202392276992
1292695835537543169
1292694913428017152
1292694902321668097
1292694798495821826
1292694565585948672
1292694563405144065
1292694453421895680
1292694211939246081
1292694182750953472
1292694164912578561
1292693882782720000
1292693868534591489
1292693860817096704
1292693637776564225
1292693476807593984
1292692713976950784
1292692616576827398
1292692433550151680
1292692153513193479
1292692115655282688
1292691936076337153
1292691626775793664
1292691570546761728
1292691491354271744
1292691444600373248
1292691371883663361
1292691091930656768
1292690886841774080
1292690873453441024
1292690644578766848
1292690630527729665
1292690624790106112
1292690139722870784
1292689920469827584
1292689881731399680
1292689778039758848
1292689771853012992
1292689733265567744
1292689659869495296
1292689354129838081
1292688969948438528
1292688804277415936
1292688573834067969
1292688406078566400
1292688392115740673
1292688314521104384
1292688280757174277
1292688270762156032
1292688150226038784
1292687858835193857
1292687463593291776
1292687247217758208
1292687121128599553
1292686968153923585
1292686942484566016
1292686801312706562
1292686740554231808
1292686219982385153
1292686172175597569
1292685824694169605
1292685692619948037
1292685667101814786
1292685601615953926
1292685522431889409
1292685432677793793
1292685224518664192
1292685205988311042
1292685034705629185
1292684974085341184
1292684917394927616
1292684883400196097
1292684697768615938
1292684259623403520
1292684217067986949
1292684164484026369
1292684058242306049
1292684011823697920
1292684010523680768
1292683697187983360
1292683607618850816
1292683443600580608
1292683441444548608
1292683425967529984
1292683325883273216
1292683256530219008
1292683252277194752
1292683180273786886
1292683160115970054
1292683030553821189
1292682889893617664
1292682751984820225
1292682601468223489
1292682538536894465
1292681936863977473
1292681879209082881
1292681726771236864
1292681686627446784
1292681438714880003
1292681340412977152
1292681242039799812
1292680940892938241
1292680910236790784
1292680883913347078
1292680874127958016
1292680595332427776
1292680559089647617
1292680511589101570
1292680223121534976
1292680039377534976
1292680019467096071
1292679791901114371
1292679707289423876
1292679319110770689
1292679126587977728
1292679077380460545
1292678950594834432
1292678725453008897
1292678706545205253
1292678479159451649
1292678384947011585
1292678372154318854
1292678339715506176
1292678325178191872
1292677818980208641
1292677498547736576
1292677333678272513
1292677081558654976
1292677069822803969
1292677053217746944
1292676805900374017
1292676518293000192
1292676513880592385
1292676456498311168
1292676320292347905
1292676074313338880
1292675784717381632
1292675569059061761
1292675515472633857
1292675488314400768
1292675440826515457
1292675407179849728
1292675142036979712
1292675108658610176
1292674976181637122
1292674731049660416
1292674730324103168
1292674712879890432
1292674434214453254
1292674146749411328
1292674106056421376
1292674050301530117
1292674008933109761
1292673975852703744
1292673961004695553
1292673869719928832
1292673861645824000
1292673793396277248
1292673784965668864
1292673636650774529
1292673615905935363
1292673182944485376
1292673087587196928
1292672929608720384
1292672923170271232
1292672762817978368
1292672482705580033
1292672451944554498
1292672360097746947
1292672258033557504
1292672176580165633
1292672149778567168
1292672080572559360
1292672067532398595
1292672053389254656
1292672018140114944
1292671961588469760
1292671419751505920
1292671372682960896
1292671213278334976
1292671149306978304
1292671021443690496
1292670931735916545
1292670926916653062
1292670892057587712
1292670842422386688
1292670661140324353
1292670457955545088
1292670350061383680
1292670310680952834
1292670249129652224
1292670214358925314
1292669951124242432
1292669536848605184
1292669202332110854
1292669179179409408
1292669122665484289
1292669012027904000
1292668516990988289
1292668340478136325
1292667845575192576
1292667723143622656
1292667478997454849
1292667450484502528
1292667444616716288
1292667373615423489
1292667231235522561
1292667164865028098
1292666877894889472
1292666647497576449
1292666593932058626
1292666577171763202
1292666397349359616
1292666389619265536
1292666348145913857
1292666315887349762
1292666272727961600
1292666209163448322
1292666189970313217
1292666156692549632
1292665825556537344
1292665789414219778
1292665697160630272
1292665595494899712
1292665525105901569
1292665422412566528
1292665395090829312
1292665384655519745
1292665235690708993
1292664887181750272
1292664454774239233
1292664424486940672
1292664334015844352
1292664297752068097
1292664216466358273
1292663985561645056
1292663770188337152
1292663761518592000
1292663198882160641
1292663122558439427
1292663066249715712
1292662826805260288
1292662586362736641
1292662555945697280
1292662537960468481
1292662525520044032
1292662438240743426
1292662380774731783
1292662368523042818
1292662047575089152
1292661601544232961
1292661508502102016
1292661463140765696
1292661137662554113
1292660838956847104
1292660829779668992
1292660764214530048
1292660733948420097
1292660667116163076
1292660653597978624
1292660629128519680
1292660576657846272
1292660433237639168
1292660406117376004
1292660142274752513
1292659984614821888
1292659841064792066
1292659787855994881
1292659751797440512
1292659689105158145
1292659511640109056
1292659479926931457
1292659284094988288
1292659257909837826
1292659230852382720
1292659201936896001
1292659158911770625
1292659125114077185
1292658981140402177
1292658930204770304
1292658870100271107
1292658847845429248
1292658834327175168
1292658692660371456
1292658691838222337
1292658547851800577
1292658503652265985
1292658499713990657
1292658475156115457
1292658280494497793
1292658273099886597
1292658172054798341
1292657847470178304
1292657804730408961
1292657720496185344
1292657333831643137
1292657045104209921
1292656976103649283
1292656888576761856
1292656855349682178
1292656744754225152
1292656742925574150
1292656734868316160
1292656679130030081
1292656641700057088
1292656601359253504
1292656526189047814
1292656509856313344
1292656508585390080
1292656257493417984
1292656248538771459
1292656098252427264
1292655943134646272
1292655865548410880
1292655813312610304
1292655811701772288
1292655753623482370
1292655662103695360
1292655574857822208
1292655484009209857
1292655448294690816
1292655432486531072
1292655416070098946
1292655349657264129
1292655287438983168
1292655269705646081
1292655067372421120
1292655045071327232
1292654845116256256
1292654707937140737
1292654707379331073
1292654691432636417
1292654650596954114
1292654609820000258
1292654603377532928
1292654428961611776
1292654355326177280
1292654187369467905
1292654004502052864
1292653950722871298
1292653921874448384
1292653725367099393
1292653544072515586
1292653487050768384
1292653424102772736
1292653418633469957
1292653347602825221
1292653134540546049
1292653120040792064
1292653080996007937
1292653020988051456
1292652936322048000
1292652553914679296
1292652510222716928
1292652369310777344
1292652278839681025
1292652190939717634
1292652125399334913
1292651837276016648
1292651544773570560
1292651488171433995
1292651362656780291
1292651330935427072
1292651149384757249
1292651129688358914
1292651025782976512
1292650896606797826
1292650874699780096
1292650737860780039
1292650691257925632
1292650686480408578
1292650443818938368
1292650321835986945
1292650253838098432
1292650234191937539
1292650195801473029
1292650190395015168
1292650116759920640
1292650018189565953
1292649892628881409
1292649837364559873
1292649739691859975
1292649483474362368
1292649454357696517
1292649416558510083
1292649375701667846
1292649241509232640
1292649019496259584
1292649014136053760
1292648981919653888
1292648900738707457
1292648791611305986
1292648710174908416
1292648704944545792
1292648656202543105
1292648591266394112
1292648586845532166
1292648551692959745
1292648485540335616
1292648474496757761
1292648438618873857
1292648429571670018
1292648313263665152
1292648109638430720
1292648104085331970
1292648041745350656
1292648038264078337
1292648009763680257
1292647987714371589
1292647879383953408
1292647737964531712
1292647701436399616
1292647696097058825
1292647546008018945
1292647261651046407
1292647223344410626
1292647078284468225
1292646974332776450
1292646936823169027
1292646388568920064
1292646351583371264
1292646144250507266
1292646043989860352
1292645738699264000
1292645152352174081
1292644983426744321
1292644946713939970
1292644742040154112
1292644710486626304
1292644560393383937
1292644400661659655
1292644316679213057
1292644266980700160
1292644179437215745
1292644119064522752
1292644060717559818
1292644014731272192
1292644014521552896
1292643985626996736
1292643909907165189
1292643855217631232
1292643447917228032
1292643408385921025
1292643359794708487
1292643183722221568
1292643070291386369
1292643022606422021
1292643014620438529
1292642955002433537
1292642916070879234
1292642877068189696
1292642739214077952
1292642717231542272
1292642644414410753
1292642568677679105
1292642389094522882
1292642286535421952
1292642185809141765
1292642138702970880
1292642002618781696
1292641968519090176
1292641865481818114
1292641718710333440
1292641696505790465
1292641658862030849
1292641588154376193
1292641391130992640
1292641377193517058
1292641167889367040
1292641009533366273
1292641004118593536
1292640787700711424
1292640604241965057
1292640592447635456
1292640568095506434
1292640433978269696
1292640381482532865
1292640358153588736
1292640288083714048
1292640160690180097
1292640099042238464
1292640065085153280
1292639972739162113
1292639971199913984
1292639432055693314
1292639386031525889
1292639353458442242
1292639272890228736
1292639196524548096
1292639047656124417
1292639034519552000
1292638988562399232
1292638959927992320
1292638847172579332
1292638744512737280
1292638616221626369
1292638613453381632
1292638597401772033
1292638527646248962
1292638361702871041
1292638348545146881
1292638253770735616
1292638218999992327
1292638128881246208
1292638084950040583
1292638080038395905
1292638070081310720
1292638039114518529
1292637957648719872
1292637950577016832
1292637872319651840
1292637839746895873
1292637747187011586
1292637669952978946
1292637619386494977
1292637307607056385
1292637268914647041
1292637206205599744
1292637053100990464
1292636946078920704
1292636940110503937
1292636870942351362
1292636869784567810
1292636784954937345
1292636730940588033
1292636692554317825
1292636659020898307
1292636652658196485
1292636447648780289
1292636406104363014
1292636334390013954
1292636090059325440
1292636001584717824
1292636000066273280
1292635923344220160
1292635902557257729
1292635614869958656
1292635593550200835
1292635573656616960
1292635557281927168
1292635530568404992
1292635469897961477
1292635417972416513
1292635233339219975
1292635180897718272
1292635081626931201
1292635025687666688
1292634881890148355
1292634856145338368
1292634749878632450
1292634365630054402
1292634313301909504
1292634289662824451
1292634284830818304
1292634270159319043
1292634262525673474
1292634165326815241
1292633867795537921
1292633758932389890
1292633645010698241
1292633561883906050
1292633551209472001
1292633531433324546
1292633505558495239
1292633379955933185
1292633234610716679
1292633085796810752
1292633055249801216
1292633006822350852
1292632969023229953
1292632862634770432
1292632814198849536
1292632805663539201
1292632712747024384
1292632550297354240
1292632482844639232
1292632467900444673
1292632437529485312
1292632156808736768
1292632066530643968
1292631961891151873
1292631726900969472
1292631708580352002
1292631698748788736
1292631508365148160
1292631337376141313
1292631048044544011
1292630982009466881
1292630928305672193
1292630843794456576
1292630709010481152
1292630641167736832
1292630565678485505
1292630514604679168
1292630281099386880
1292630127659102213
1292629918380040192
1292629733755301895
1292629670337245187
1292629634945875974
1292629601584373760
1292629484055797762
1292629391256649728
1292629387582504961
1292629356850720769
1292629300848590849
1292629223291490304
1292629108707536896
1292629077472444416
1292629038339629056
1292628960577126400
1292628927140302848
1292628426235367424
1292628218219048962
1292628205573230592
1292628128779702274
1292628038199521280
1292627910063423491
1292627801732984832
1292627741225807873
1292627667116855296
1292627645516087296
1292627516402917377
1292627135207821312
1292627013300375553
1292626918815289345
1292626731380158464
1292626692788420616
1292626611016052737
1292626544746102785
1292626538299641856
1292626355167866881
1292626230605492224
1292626227904368641
1292626213165387777
1292626146429984768
1292626127106633728
1292626099332055041
1292626001357225984
1292625934034415620
1292625814488379394
1292625707236024321
1292625655524397059
1292625634175463424
1292625621831614464
1292625557826535425
1292625555666305026
1292625537165414403
1292625490377945090
1292625345552814081
1292625329870319621
1292625327575965696
1292625305358741505
1292625248932823041
1292625177726115840
1292624941024714753
1292624747235119104
1292624654595571712
1292624399800115202
1292624360784592896
1292624320649461760
1292624150058668033
1292624081167106048
1292623993141329932
1292623811158786048
1292623794079752193
1292623740510121985
1292623678962716673
1292623590253195264
1292623345754701825
1292623314947645441
1292623305875259394
1292623256223199232
1292623177374470145
1292623166209130497
1292622965956214784
1292622943864926210
1292622753254846465
1292622687794323459
1292622600028540929
1292622469719715840
1292622376052486144
1292622360491761665
1292622317181259777
1292622258410868736
1292622248843415555
1292622011882246147
1292621923206270977
1292621904487096320
1292621739332165637
1292621711674925057
1292621662156972032
1292621631446061056
1292621494128799744
1292621489628487680
1292621335697534976
1292621077152227328
1292621007610503169
1292620962802917377
1292620901205368835
1292620720023928832
1292620679859318784
1292620328804519936
1292620134784348161
1292620068778516480
1292619897210634242
1292619878709567488
1292619860384665603
1292619728003858432
1292619666003722241
1292619616565571584
1292619196354957318
1292619157851308032
1292618784180547584
1292618723145261057
1292618712642617346
1292618697497088004
1292618694510575616
1292618651296772096
1292618638453874689
1292618604836421633
1292618574931144706
1292618417325903873
1292618303228096512
1292618293296001024
1292618187876585473
1292618170344275971
1292618056485740544
1292618047971262471
1292617975653183488
1292617879687507973
1292617650997284864
1292617598308319233
1292617553903267840
1292617410957193216
1292617365004251136
1292617254945861640
1292617245923987456
1292617051866046465
1292616981485621249
1292616845338578946
1292616813394579457
1292616787276832768
1292616780939251712
1292616743421190149
1292616675422900225
1292616623958847488
1292616583051968513
1292616530795143168
1292616497089716232
1292616346501603329
1292616328914677760
1292616326758805504
1292616158600986625
1292616156096999429
1292616152770916355
1292616116267868167
1292616061532155907
1292616025406668802
1292615989063016449
1292615859760816128
1292615809949413376
1292615797861277696
1292615737949982720
1292615504830574592
1292615450489102336
1292615367823679489
1292615241990156288
1292615159689740288
1292615103699853313
1292614952121847808
1292614951681568768
1292614926960336896
1292614834975113216
1292614805216309249
1292614487976148993
1292614344954478592
1292614273005268992
1292614159096410112
1292613726374330368
1292613712470212608
1292613647735365633
1292613620078120962
1292613533029474304
1292613429442813954
1292613293870202880
1292613293572595714
1292613198080888836
1292612943482322945
1292612885261189123
1292612756622004227
1292612721096241153
1292612637684097024
1292612511703891968
1292612302525669379
1292612195218534400
1292612124888297473
1292612021498904577
1292612001877962752
1292611847699476480
1292611827315036161
1292611814208024576
1292611776165683207
1292611766392848386
1292611711942492161
1292611707441823744
