1265024751140995076
1265024625643270145
1265024095617351680
1265023913798463488
1265023911420481536
1265023879791206400
1265023865643773956
1265023762195288064
1265023699695964160
1265023602912563200
1265023530170793984
1265023376269041664
1265022940380192768
1265022740521578496
1265022336371249154
1265021988713771009
1265021590888046592
1265021383731490822
1265021381491769344
1265021257109647364
1265021075311779840
1265020804338597888
1265020591246946304
1265020492961902593
1265020179198521344
1265020146818539520
1265020073799856129
1265019890903199744
1265019841510912002
1265019390791168002
1265019007498727425
1265018727868674048
1265017717322428423
1265017706237100035
1265017142392565760
1265016471736012800
1265016123629531136
1265016099948474370
1265015953861074949
1265015732623958016
1265014886532169728
1265014799890612225
1265014742835318784
1265014504993087488
1265013815134924803
1265013274963259393
1265012719196844034
1265012411917987840
1265012358138572800
1265012269236105217
1265011884962443264
1265011650081574912
1265011250213380099
1265010949620035584
1265010877779947521
1265010762197565442
1265010640365563910
1265010554109747200
1265010435817967616
1265010067352498184
1265009947143618560
1265009929800351745
1265009833511653379
1265009625658769408
1265009564635639809
1265009339091136517
1265009302588108808
1265009223018168320
1265009168416636928
1265008854829379585
1265008735665020928
1265008729075920896
1265008670657531904
1265007833805762563
1265007474337251329
1265007460114477057
1265007280069566464
1265007146380349440
1265006857787064320
1265006839176982528
1265006650819096581
1265006481616900097
1265006093123686401
1265006085120733187
1265006045602050048
1265005841322618880
1265005822913978377
1265005816924393474
1265005730978914305
1265005683419701248
1265005518042681345
1265005346302681088
1265005336710090752
1265005047085228033
1265004882487947265
1265004347223494656
1265004282836692992
1265004182081122311
1265004158790307843
1265003967429238784
1265003741666611201
1265003551027273739
1265003529116114945
1265003391631208450
1265002957688406018
1265002770224029698
1265002744361947136
1265002680289656833
1265002650287783936
1265002641928728576
1265002454967439360
1265002423078305797
1265002330035859457
1265002281579184128
1265002244530831360
1265002219184758790
1265002071796920321
1265001762148061186
1265001537320792064
1265001480458649600
1265001379514462211
1265001265467179008
1265001263864795136
1265001166691282946
1265001008897372160
1265000940458958848
1265000722204168192
1265000686908878855
1265000110439624704
1265000071655022592
1265000031054032896
1264999681261572097
1264999587644731393
1264999444476342272
1264999428722618368
1264999219032662016
1264999046764167168
1264998950987161600
1264998887753871365
1264998809349681153
1264998527832330240
1264998520911626241
1264998512837554176
1264998426254532608
1264998397611671552
1264998391563476992
1264998284570984448
1264998236269326336
1264998229482995712
1264998214047920128
1264998121366589441
1264998121047801857
1264998091448397824
1264998074495074304
1264997884635705344
1264997653290479616
1264997463917654016
1264997249605464064
1264997237244887040
1264996984760516612
1264996543980900352
1264996288459759616
1264995980899803137
1264995924595466252
1264995782530383873
1264995537201160194
1264995436915376128
1264994918621220864
1264994752774246407
1264994565406130176
1264994382190505984
1264994326578331649
1264994226502131722
1264994186094206977
1264993832635994112
1264993749882396677
1264993617115897861
1264993489328254983
1264993177833857026
1264993130178244609
1264993027946352640
1264992889756581896
1264992831698960384
1264992696579420160
1264992560856158208
1264992542472298496
1264992354097741824
1264992232550981634
1264992217812402176
1264991952614744070
1264991604659478528
1264991377005428736
1264991165167722499
1264990470762946564
1264990442958974976
1264990123575238658
1264989659270012928
1264989563388215296
1264989341765431296
1264989184919351297
1264989167693357061
1264989156855345152
1264989124236197888
1264988805594886144
1264988797516668933
1264988720307961857
1264988698375933952
1264988633892675584
1264988530901581824
1264988379969490944
1264988310927106048
1264988274973499392
1264988164579418113
1264987772919508992
1264987752954646528
1264987673107841024
1264987598390468608
1264987595936694273
1264987524985786368
1264987468366897152
1264987420765741056
1264987114283950081
1264986799220289537
1264986685814669313
1264986629774573568
1264986622992330755
1264986605825273857
1264986439688708096
1264985981301559296
1264985848153542657
1264985808257331201
1264985390928232449
1264985350776123392
1264985304206729216
1264985183415005185
1264985153979310086
1264984432735182849
1264984309032574988
1264984308114231298
1264984208876789762
1264984134373519366
1264983899706253314
1264983833281093632
1264983601294249987
1264983424575533056
1264983369646891016
1264983347006062592
1264983276034220032
1264983269679837185
1264983208849883136
1264983048921255939
1264982912816099328
1264982875851628544
1264982679042224128
1264982434157715459
1264982331669897216
1264982139084234753
1264982130192310282
1264982047296118785
1264982036332380160
1264981803867070470
1264981696149143560
1264981611495317506
1264981556768235530
1264981432448901120
1264981405592944641
1264981095566602240
1264980928687792131
1264980861365018635
1264980834865430528
1264980788283465728
1264980739151376384
1264980701452984320
1264980572692254720
1264980404248948748
1264980183750041601
1264980081346252801
1264980030427299840
1264980024785952768
1264980016070299652
1264979838500089857
1264979582119075840
1264979569406177280
1264979556794077185
1264979539463041024
1264979402208636928
1264979332398583808
1264979266950881283
1264979041146351627
1264978616497999872
1264978580129406980
1264978423266471938
1264978212804755461
1264978169469132800
1264978169452326912
1264977994000433152
1264977963792994304
1264977943861661697
1264977916624068610
1264977733550923777
1264977612293595136
1264977530978660352
1264977269673451524
1264977234739093504
1264977030824824834
1264976843037261824
1264976773999136769
1264976771625046016
1264976612438749184
1264976457714946048
1264976454233681922
1264976428581351426
1264976404820766721
1264976277095608320
1264976276667785218
1264976156719058944
1264975887872618496
1264975879924518913
1264975783057141760
1264975627926396928
1264975606535446528
1264975445037944832
1264975384027807745
1264975142775476224
1264974999091175424
1264974988525756417
1264974858452185090
1264974775312453632
1264974744345964544
1264974537583497216
1264974503244730368
1264974412232585216
1264974165234180097
1264973937504468992
1264973837277507586
1264973741856968704
1264973638274633728
1264973603088371712
1264973573439082499
1264973253325361165
1264973171012198400
1264973074673176577
1264972910503923715
1264972831290298369
1264972720510341123
1264972688394563585
1264972637555625985
1264972563496738817
1264972522287534086
1264972209090695168
1264972131055439883
1264972092069384205
1264971911164866561
1264971864415383553
1264971821922676736
1264971804726063106
1264971573053841408
1264971496553881600
1264971323643531277
1264971072882925568
1264970993971294208
1264970719349399553
1264970628672569344
1264970619562496000
1264970458073403392
1264970184759971845
1264969953867784192
1264969874050293766
1264969834451931137
1264969725483773952
1264969694483582978
1264969692893941760
1264969671784009737
1264969592058724352
1264969446696685570
1264969444456927244
1264969200683978766
1264969175987916807
1264968892062896129
1264968842196840448
1264968639133908992
1264968638261366786
1264968566358622209
1264968273575251969
1264968129773309959
1264968098794233856
1264967682702618625
1264967661139529738
1264967613303537664
1264967441345474560
1264967410819325953
1264967307677188097
1264967255684796417
1264966873734451204
1264966830222749696
1264966793506029570
1264966738799497216
1264966385920208896
1264966319583006726
1264966318559686656
1264966135050407936
1264966059418718214
1264965880947056642
1264965395112312832
1264965334395748352
1264965313369477120
1264965310559539202
1264965087954997261
1264965079897739267
1264964908308971526
1264964882983555082
1264964709696114688
1264964690276257793
1264964656017235968
1264964654716993537
1264964617605836801
1264964563809665024
1264964407194292225
1264964272297132037
1264964240831582208
1264964167464898560
1264964153464123392
1264964013877628928
1264964006722166784
1264963839503634443
1264963794297479168
1264963608468959232
1264963524670832642
1264963341975293954
1264963305786859520
1264963287856242688
1264963257573339136
1264963221091282945
1264963178997223425
1264963153726550016
1264963096096931842
1264962983165231105
1264962921509126147
1264962869977706496
1264962824767279104
1264962727191035904
1264962710556549127
1264962472680869889
1264962429215113217
1264962304300339200
1264962226407870469
1264962218258337793
1264962202353557504
1264962135932538886
1264962035084701697
1264961926087335936
1264961887084544001
1264961846722695177
1264961838577356809
1264961745132457996
1264961711770984448
1264961681815244805
1264961580946518016
1264961540085686272
1264961500441014272
1264961424356339712
1264961293590528000
1264961230864703488
1264961174921080832
1264961161239367680
1264960935396995073
1264960732317093889
1264960728663863296
1264960721781059584
1264960705964371968
1264960683516366848
1264960654030618625
1264960649840300041
1264960375226634240
1264960328829243401
1264960257165365260
1264960207626465280
1264960173182816257
1264960148860047363
1264960083034640392
1264959843368079363
1264959758056017920
1264959746995417088
1264959742675312640
1264959715949154306
1264959669908336640
1264959529067745288
1264959488035033088
1264959344665260033
1264959168458309633
1264959163840360448
1264959138221547520
1264959049810010113
1264958890745253889
1264958878871158784
1264958817269235712
1264958697920270336
1264958646863179777
1264958635546783744
1264958624675311619
1264958623857475584
1264958575044112386
1264958502193123329
1264958446916366336
1264958332558733312
1264958285746188296
1264958111581945857
1264958049527062528
1264958021131620354
1264957787806859265
1264957764947677186
1264957285907828736
1264957145906155520
1264956991023136768
1264956982764507138
1264956880738152448
1264956624428466177
1264956179689570305
1264956052908335107
1264956031714488320
1264956025288835072
1264955971840823296
1264955931579695104
1264955861278945280
1264955860331065344
1264955652616544257
1264955567111409667
1264955495044886529
1264955332402352138
1264955206598455296
1264955146066251776
1264954893254537216
1264954822177914881
1264954809750130691
1264954786828386306
1264954781853839362
1264954702564749312
1264954518594187264
1264954446200532992
1264954412281106434
1264954343695908865
1264954255749701632
1264954119678160896
1264954081367298048
1264953981446451200
1264953889079648256
1264953822671073280
1264953785262026754
1264953784490430470
1264953720841728000
1264953679414562816
1264953630429347840
1264953623819063296
1264953549852729344
1264953516679852032
1264953459796783106
1264953375218696192
1264953321258749953
1264953315063762952
1264953303009394688
1264953261343170560
1264953066400317444
1264953056619147264
1264952983042785281
1264952869435965440
1264952831380819968
1264952647062179840
1264952586475454464
1264952517697273857
1264952428928987136
1264952336775917568
1264952267225968640
1264952184690503680
1264952172317249537
1264952153979760640
1264952064075071490
1264952051173167105
1264952028431650816
1264951979618390016
1264951975197564929
1264951951826882570
1264951775850708993
1264951712265060352
1264951707512926209
1264951609953415168
1264951542618001409
1264951400775028737
1264951308483588097
1264951274203578370
1264951272618299392
1264951230687830016
1264951230016581632
1264951226757603328
1264951140669517824
1264951032125296640
1264950911555604483
1264950900918910976
1264950892131807232
1264950831922774017
1264950806937137157
1264950733922881542
1264950694894727169
1264950654365315074
1264950614137561088
1264950579970707457
1264950560974794759
1264950510412427266
1264950367172751361
1264950360935825409
1264950348147331072
1264950285866131456
1264950204920287232
1264950159147962369
1264950074951340032
1264950056404217857
1264950047273148417
1264950037076799488
1264949963164839936
1264949951873728512
1264949918076198914
1264949903546961926
1264949891106607106
1264949885750726667
1264949849113292800
1264949766020096000
1264949744473763841
1264949708394385411
1264949658692071424
1264949473374908416
1264949399681208320
1264949377669398528
1264949370308268033
1264949334300188678
1264949252641263616
1264949193291870208
1264949125482569729
1264949109741379585
1264949011527512064
1264948884763262980
1264948791867609088
1264948775119753216
1264948578046234624
1264948555711565824
1264948486098821120
1264948477064142848
1264948424765370368
1264948363616817155
1264948299313766400
1264948018530250752
1264947972745367552
1264947917976027136
1264947769011134465
1264947769002692608
1264947702212644865
1264947659665600513
1264947655651627009
1264947632536838144
1264947374046294017
1264947367205199877
1264947360695635970
1264947360536293377
1264947066561757192
1264947044105388032
1264947002229395457
1264946983229218816
1264946971149611008
1264946598599163905
1264946445913743361
1264946377827577856
1264946357707644928
1264946319749046273
1264946281060814848
1264946194008047617
1264946176366788610
1264946170364784640
1264946102316367872
1264946101649502213
1264945886662139904
1264945879045160961
1264945756168810497
1264945754294095876
1264945711327608833
1264945645086863360
1264945380942180352
1264945327955574785
1264945232493244417
1264945224091971584
1264945153648873473
1264945106324459521
1264944973008470022
1264944961092386817
1264944895900307456
1264944716019167232
1264944623056650247
1264944582019563521
1264944578047574016
1264944524515700737
1264944443745898496
1264944328213815302
1264944216066519040
1264944002278789121
1264943856761491456
1264943774167216139
1264943773617799171
1264943763153182721
1264943097865068544
1264943073005432833
1264943018441732101
1264943014775934976
1264942953232912385
1264942929237270528
1264942873285242881
1264942838506156034
1264942572545466369
1264942571815669768
1264942511711109121
1264942490198523905
1264942424608120832
1264942422573805570
1264942411978924032
1264942338863845377
1264942317921644544
1264942276217909252
1264942255791579136
1264942098949627906
1264942059305091073
1264941813283999746
1264941797119229957
1264941762839080961
1264941701832925184
1264941697643012098
1264941617128955904
1264941544638832642
1264941520366399490
1264941397217431552
1264941394663096330
1264941277340033024
1264941187464441866
1264941182989156352
1264941153943609346
1264941065028526080
1264941048272261120
1264940998062292992
1264940997223395328
1264940911139500032
1264940837927972864
1264940760891191297
1264940731858210816
1264940685343379456
1264940645073874944
1264940506401910785
1264940471270338560
1264940467667390467
1264940405017030656
1264940387967197184
1264940359253028864
1264940171427864577
1264940154466086913
1264940118118285313
1264939911817293826
1264939854963466243
1264939764567781379
1264939758809223168
1264939715154698240
1264939587278790657
1264939583633895425
1264939536372514816
1264939517632319488
1264939424585932800
1264939247334760449
1264939175653982209
1264939159073873920
1264939119622238208
1264939082842546183
1264938893087916032
1264938863706996737
1264938841900584961
1264938809449279488
1264938800117157888
1264938270699352065
1264938229544783873
1264938139027517448
1264937960232718341
1264937952473317377
1264937902921920517
1264937674541895680
1264937669110280193
1264937652974948354
1264937600885895170
1264937595236020225
1264937551174885383
1264937531100901376
1264937169451450373
1264937123158700032
1264937116590657537
1264937093249118208
1264937070818062336
1264936985778515970
1264936954887462915
1264936795042492416
1264936665409130501
1264936591962763266
1264936588858945538
1264936477927985153
1264936309908402176
1264936139321864192
1264936132049022977
1264936027614920705
1264935902142271488
1264935891476205568
1264935880118001671
1264935878515847169
1264935853299650562
1264935658575081477
1264935630846324737
1264935596742639617
1264935502815170562
1264935420166463488
1264935370497523713
1264935196496809984
1264935119070076928
1264935020894052353
1264934957564063745
1264934941995020296
1264934792182689794
1264934703427014657
1264934566709600258
1264934486480793601
1264934321132933120
1264934318645919747
1264934306478096384
1264934265302560768
1264934256532307974
1264934200043425796
1264934187724763141
1264934181236162560
1264934152219967489
1264933994342215683
1264933992630857728
1264933881259659264
1264933775617806336
1264933775391092737
1264933742545702912
1264933659343085568
1264933528686465026
1264933491407372288
1264933471488634885
1264933427767205903
1264933313958907910
1264933240214781952
1264933151630999553
1264933134811815938
1264933094584279045
1264932999776198657
1264932987352887306
1264932830477312002
1264932723065360391
1264932615095758849
1264932560427081728
1264932398950563840
1264932366264360962
1264932211419013120
1264932204926259200
1264932101796663296
1264932073078263808
1264931962692591616
1264931947869958144
1264931810481278976
1264931756840382464
1264931726842707972
1264931718944796674
1264931492179767297
1264931475679408128
1264931283857059841
1264931229759082497
1264931221710221312
1264931114155520001
1264931094140346369
1264931081045737472
1264930978536906752
1264930977362501633
1264930870659440640
1264930688173617154
1264930610306445325
1264930569315442689
1264930527418519552
1264930492962336768
1264930166800699393
1264930046193459200
1264929926542553089
1264929737505296384
1264929669045944321
1264929516381548552
1264929469342445568
1264929449025212422
1264929417987407873
1264929393148694528
1264929338043977730
1264929300123246593
1264929231219224581
1264929116601479169
1264929097068625920
1264928796836155392
1264928786795188224
1264928706163769345
1264928641122623490
1264928585795596288
1264928388290134017
1264928306253582338
1264928246644146176
1264928241564872705
1264928149415923713
1264928140163342336
1264928073880727553
1264927969295941633
1264927793734774787
1264927736604180482
1264927736587415552
1264927715355815936
1264927312673247233
1264927307015192576
1264927301025726465
1264927221833031682
1264927007764176896
1264926816067698689
1264926696962060289
1264926582524657667
1264926573347565568
1264926460290056192
1264926404782637056
1264926402354151425
1264926396406624257
1264926268929085440
1264926247919878144
1264926076758716419
1264926047960735744
1264925921628192769
1264925822114136066
1264925709002137602
1264925680627625988
1264925575384203272
1264925557898088453
1264925452403171328
1264925426398318592
1264925300263014406
1264925255421714432
1264925214703407106
1264925177680261121
1264925133875052545
1264925118486024193
1264924986369662977
1264924907181182977
1264924900327710721
1264924693212966912
1264924648690429954
1264924506197393412
1264924358566309889
1264923818901954561
1264923788430512129
1264923770549972999
1264923738060910594
1264923705530028032
1264923660919267328
1264923614203088896
1264923582750167041
1264923524340215808
1264923511702749185
1264923470606897154
1264923450704973825
1264923430652194816
1264923397210996737
1264923379175284738
1264923342806478849
1264923222383853571
1264923124794945542
1264923105257873408
1264923104272191488
1264923007706738688
1264922891616874496
1264922841000013826
1264922768442716162
1264922649341222912
1264922487701135362
1264922484748386305
1264922218393489410
1264922159119339520
1264922045336498178
1264922019755253762
1264921813273866240
1264921740939014144
1264921638241333251
1264921528249970688
1264921478522273792
1264921459886927872
1264921434016505863
1264921389187821571
1264921321109991425
1264921268194705408
1264921182081445888
1264921173323702272
1264921127249489921
1264921079669092352
1264920923548930048
1264920866959380480
1264920765457002496
1264920749548191745
1264920715423133697
1264920700046864385
1264920694896250881
1264920651204161536
1264920621961449473
1264920621143617536
1264920482073030658
1264920432945192960
1264920428176273410
1264920343367598083
1264920221111861250
1264920191873343489
1264920184613044225
1264920163301744641
1264919919029653504
1264919856337448962
1264919740092428291
1264919471589859331
1264919464413401089
1264919407395917826
1264919395719098371
1264919379226968065
1264919219650482176
1264919162314346500
1264919154747826177
1264919152482897920
1264919069037215753
1264918808092798976
1264918624503910400
1264918483336220674
1264918464428249089
1264918411806728193
1264918317497634817
1264918306982703104
1264918298078011392
1264918265370783744
1264918184932466689
1264918109913255937
1264918109640589318
1264917995136020480
1264917772590448642
1264917599629873153
1264917529173954563
1264917499994419200
1264917305487527936
1264917289498931201
1264917211417722880
1264917125480792065
1264917082732445696
1264917060590563330
1264917027883450369
1264917008279363584
1264916808626253826
1264916749000081411
1264916689994432514
1264916663981559810
1264916608897564672
1264916502219681792
1264916492782460928
1264916123008462848
1264915981685547010
1264915910139273224
1264915877691940865
1264915664818470912
1264915560778747904
1264915545591123969
1264915501995773953
1264915460920766464
1264915435499241473
1264915414196187137
1264915395871338499
1264915295463813126
1264915202148982785
1264915100781047808
1264915062260547585
1264914998989475841
1264914986696130560
1264914980949770240
1264914918370709509
1264914782701813760
1264914761537523712
1264914732500176897
1264914714045427712
1264914659422896129
1264914564954513412
1264914501553586178
1264914449309167616
1264914361786576896
1264914329226248193
1264914309571723264
1264914153858191363
1264914105799868416
1264913837238566912
1264913663447543809
1264913603112472576
1264913583286046720
1264913518786043904
1264913421604020224
1264913374296469505
1264913364163018755
1264913225532895232
1264913145501368320
1264913035052806144
1264912982955266048
1264912926021828608
1264912918501621764
1264912914177126401
1264912888029835265
1264912843834404864
1264912809789255680
1264912795193061379
1264912748216909824
1264912738553196545
1264912680487284739
1264912644097609728
1264912622614241281
1264912610320764931
1264912585012285441
1264912551923482625
1264912532063399938
1264912498035064835
1264912378187005953
1264912365885075458
1264912359077756933
1264912344976691202
1264912132404998144
1264912117636820992
1264912066692841472
1264911980596363267
1264911889915498496
1264911879668789248
1264911842352132097
1264911814615171079
1264911777000755200
1264911716233560064
1264911612177084416
1264911326964404224
1264911152359723008
1264911151189483523
1264911137193078785
1264911043198808065
1264911006624407553
1264910940002123779
1264910892803559424
1264910874193489920
1264910810209325058
1264910729364115459
1264910664914440192
1264910657830268928
1264910538150010880
1264910427055480832
1264910225087164417
1264910167302213632
1264909997303115776
1264909936573607936
1264909915887243264
1264909758957412352
1264909698005794817
1264909670537261056
1264909642133467136
1264909615591903232
1264909569366491136
1264909561930137600
1264909546125881344
1264909410830290944
1264909281318469633
1264909276423782401
1264909142122098688
1264908954229805058
1264908782913683456
1264908635072692224
1264908555540258816
1264908340427014146
1264908260844335106
1264908175347613696
1264908136168722434
1264907813362348032
1264907743103602689
1264907620772507649
1264907568754786304
1264907545841262593
1264907543454740481
1264907467261009921
1264907408884797440
1264907237132242945
1264907083800932353
1264907080336437249
1264907005560406016
1264906922399903745
1264906768888459264
1264906722163884038
1264906691897745409
1264906578261495810
1264906553401815041
1264906504689160194
1264906437060227072
1264906337823019009
1264906090178908160
1264906065256214538
1264905984234778624
1264905803779235841
1264905760963653632
1264905746266968064
1264905403898359808
1264905353403064322
1264905241406783499
1264905238781124610
1264904988519735297
1264904980630138882
1264904870533795840
1264904854847119360
1264904790997209088
1264904767098126336
1264904658184630277
1264904652937560065
1264904627960586240
1264904586327810048
1264904474696417280
1264904433697091584
1264904384049111042
1264904339824406528
1264904319330971648
1264904286242103296
1264904285684408321
1264904253446877184
1264904183162920963
1264904173230804993
1264904163466477573
1264904113445355522
1264904110114930688
1264904042754408450
1264903920603693056
1264903910059208704
1264903861086515205
1264903783580151808
1264903766597267456
1264903733084749826
1264903711614091264
1264903608132222976
1264903480491126784
1264903473138548736
1264903350174093314
1264903345237487618
1264903325046038529
1264903263591120898
1264903200018178049
1264903184679669760
1264903110712942593
1264903030799032321
1264902929678393344
1264902873210445824
1264902837819133952
1264902787348848641
1264902751080849408
1264902745959460864
1264902704431640577
1264902693983629317
1264902669186920448
1264902506384994306
1264902493168791552
1264902401703571456
1264902021712248832
1264901972882100224
1264901933350838273
1264901606081826816
1264901580119175172
1264901566135300097
1264901538075508736
1264901484535152642
1264901474506518529
1264901392809918465
1264900951036407808
1264900819628900359
1264900787945107457
1264900631573131264
1264900490963214341
1264900487079268352
1264900423116140546
1264900322859683841
1264900044970315776
1264900018873364483
1264899934358142976
1264899812635205632
1264899761510862849
1264899740686139392
1264899719177949185
1264899665322901504
1264899664651804674
1264899572339531783
1264899555088142336
1264899374506627072
1264899203802660867
1264898903725334529
1264898782673514497
1264898736582352896
1264898634136444930
1264898615211773952
1264898558521532417
1264898546190282752
1264898446714175489
1264898439952793600
1264898257655721984
1264898105939390464
1264897988482097154
1264897868965376006
1264897856705449984
1264897838724476928
1264897696130723840
1264897476412141569
1264897406983798785
1264897385999691784
1264897351467954178
1264897347625947137
1264897291917225984
1264897229761900545
1264896779662712832
1264896741112872965
1264896726046896128
1264896698091896832
1264896648746020864
1264896624091947011
1264896609315250178
1264896569964236806
1264896536011407360
1264896334512807937
1264896324526202881
1264896287607894017
1264896278602952705
1264896275515752449
1264896233476370432
1264896067499290625
1264896060876455936
1264896034284527619
1264895980354170880
1264895897214877701
1264895776498438144
1264895707124649984
1264895628389179392
1264895456762454017
1264895406200123393
1264895374000394244
1264895296300912641
1264895250729889804
1264895229565399041
1264895223043252225
1264895110312935424
1264894835225317377
1264894693067743233
1264894587581067265
1264894537136209920
1264894518609866752
1264894506316398592
1264894479330234368
1264894428327493632
1264894292541075456
1264894244608753674
1264893944761946114
1264893898305835009
1264893829900992513
1264893723411746819
1264893449599201292
1264893310901968897
1264893076285190145
1264893011659354119
1264892909611974656
1264892571987390467
1264892569042866176
1264892486750621697
1264892444035842050
1264892337731190784
1264892275693203456
1264892275097649152
1264892251517317120
1264892146500304898
1264892125541330944
1264892088849559552
1264892014409080832
1264891649450061830
1264891511549779968
1264891290161840128
1264891289369116672
1264891123098501125
1264891075203760128
1264891060745977856
1264891054517436416
1264891025014706179
1264891024247308289
1264891011345469440
1264890996170645505
1264890965015138304
1264890943242526727
1264890833825697797
1264890807628128258
1264890780235096066
1264890778532249600
1264890739856601088
1264890704313978882
1264890704247087104
1264890644897488897
1264890640288018433
1264890628808179715
1264890559652454400
1264890554199928835
1264890517470380032
1264890469584121857
1264890466824306689
1264890428899254272
1264890413065748480
1264890406254243841
1264890283080265728
1264890224343040000
1264890167308902400
1264889997024346112
1264889982306541569
1264889957325238272
1264889726886203392
1264889511315529729
1264889462787420161
1264889442658947075
1264889427848859648
1264889416952111105
1264889376145674241
1264889315567403008
1264889284177227776
1264889276476452864
1264889256020828162
1264889243542773763
1264889201650089984
1264889097526677505
1264889092975685632
1264888989749702656
1264888973018558465
1264888806655787008
1264888762699591680
1264888698891497476
1264888592993710080
1264888586890956800
1264888578758176769
1264888558579363841
1264888485359620097
1264888321576103937
1264888241188147201
1264888238772113409
1264888206572441604
1264888202789187584
1264888086397214727
1264888067988443136
1264887834449547264
1264887463442444288
1264887295494074368
1264887229882798080
1264887194298155009
1264887107761422336
1264887081140019205
1264887047044521990
1264886988903116800
1264886975246381056
1264886804680867840
1264886763174023171
1264886692592275456
1264886671075467264
1264886458390724609
1264886408717598721
1264886354678132736
1264886275594694656
1264886152156209152
1264886089723965440
1264886014905995266
1264885999068344322
1264885937596583936
1264885913135398917
1264885666325786624
1264885659983962114
1264885532946952194
1264885047489753088
1264884968599121929
1264884941709438976
1264884898168373249
1264884761262088193
1264884707897950213
1264884467472175104
1264884127506952194
1264884072616058881
1264884072414801920
1264884030324920320
1264883965527117824
1264883956287078402
1264883893573836806
1264883850729025542
1264883761826672640
1264883617584553985
1264883556523798530
1264883508196990978
1264883325807648769
1264883293477953538
1264883097276801025
1264882928779063296
1264882895799402496
1264882877826646016
1264882791927345153
1264882784574685184
1264882781726707712
1264882738030501888
1264882696083259392
1264882633143549953
1264882572879728641
1264882534237696002
1264882424976007170
1264882396349915136
1264882227038482432
1264882070880268288
1264882060004438016
1264881813152870400
1264881679669190659
1264881649298345985
1264881615278227457
1264881584517156864
1264881487586791424
1264881417021845505
1264881388177600514
1264881375338876933
1264881338391261185
1264881251770462209
1264881007469236224
1264880992663158786
1264880702194987010
1264880600738959361
1264880573106933763
1264880521093328899
1264880395083894784
1264880371159560192
1264880342701240321
1264880206411513856
1264880198241017856
1264880143274610688
1264880140183453697
1264880135271927809
1264880026710765570
1264880006951342082
1264879987930198018
1264879792710725634
1264879759978164224
1264879684191477760
1264879584979247107
1264879552460816384
1264879421292294146
1264879315851735045
1264879154413084672
1264879133584056320
1264879115414302720
1264878904046579712
1264878841387823105
1264878809070792705
1264878769044484099
1264878522889195520
1264878513632366595
1264878490131689472
1264878467893489664
1264878433655382017
1264878423677128704
1264878387639619584
1264878344538996736
1264878334292324356
1264878311764680705
1264878286418501632
1264878262167076865
1264878258685800449
1264878190356357122
1264878091412762625
1264877883027161089
1264877868972212225
1264877795290673153
1264877640185413633
1264877575492399105
1264877365454200833
1264877334965841924
1264877162642829314
1264877131290509312
1264877057206599690
1264876991418777600
1264876789316366338
1264876579882065921
1264876436445253633
1264876404904046592
1264876063240253445
1264876044672069633
1264876003618197504
1264875941425295360
1264875868108648450
1264875820754980864
1264875730237677568
1264875681197903872
1264875651011506177
1264875592941367296
1264875556052463623
1264875540541915136
1264875485718147072
1264875422971387904
1264875312984150017
1264875266775515137
1264875124412395520
1264875084977549312
1264875059669172224
1264875009836675072
1264874958229921793
1264874853959688192
1264874848918126592
1264874829808689152
1264874716638187520
1264874685105410049
1264874587742851073
1264874493287075841
1264874470327508999
1264874409082281984
1264874343588171776
1264874306720260097
1264874298604318720
1264874288470872066
1264874250017443845
1264874012749869057
1264873842490540032
1264873806117474304
1264873687762665472
1264873561388273669
1264873509983064068
1264873364612509701
1264873316604456961
1264873250439364614
1264873065483169792
1264872879105048576
1264872751023575040
1264872706572312576
1264872627866198017
1264872451210534914
1264872228665032705
1264872001363042304
1264871931691450369
1264871885449228289
1264871857909460997
1264871817430175745
1264871795565277184
1264871610311294976
1264871462281768960
1264871431193518080
1264871430409183235
1264871371382771712
1264871252776255488
1264871056172396544
1264871046823342080
1264870877734137857
1264870852526354433
1264870709840367618
1264870509843382272
1264870485323440128
1264870367903932418
1264870357971816448
1264870074508173313
1264870072180326401
1264869933701189632
1264869932736495617
1264869925794877440
1264869880555134976
1264869839639728128
1264869788506980353
1264869697796730880
1264869639621730304
1264869582705242112
1264869511511052288
1264869494469660673
1264869477776125952
1264869465746845698
1264869239866798081
1264869059914379264
1264868996525912064
1264868851713552384
1264868819362709504
1264868704086458369
1264868680799682563
1264868646779682818
1264868613283909632
1264868582019616769
1264868574805385216
1264868564344860672
1264868499421184010
1264868494924935170
1264868469050208257
1264868263151800320
1264868206323412992
1264868043445977090
1264867862771953664
1264867788838981633
1264867711726706688
1264867680042905601
1264867612585979906
1264867544046821376
1264867531153502209
1264867515248844802
1264867437159182336
1264867357287051266
1264867311875289091
1264867304254222339
1264867295651704832
1264867218895958018
1264867204262055937
1264867086876082176
1264867010401300480
1264866887311085568
1264866723276058625
1264866686592675840
1264866683820310529
1264866480367087617
1264866478592937984
1264866452563128321
1264866415820996609
1264865852676902912
1264865790668337154
1264865749228650496
1264865491790643200
1264865380616433664
1264865216078024704
1264865135769694208
1264865109454684160
1264865032879235072
1264864901106810880
1264864890033860609
1264864857985150977
1264864623171375104
1264864568381075456
1264864538953830406
1264864511451787265
1264864503189188615
1264864496146939905
1264864459257872384
1264864274897235968
1264864201392054272
1264864139077279746
1264864109989736449
1264864041555517440
1264863897476980736
1264863804661411843
1264863631323181057
1264863595172474882
1264863588709105671
1264863472791113728
1264863240690888704
1264863068892401666
1264863052706414592
1264863013800013825
1264863004559937538
1264863004522246144
1264862941242732545
1264862762464940032
1264862733091999745
1264862711818579969
1264862670143942656
1264862528313556993
1264862505643302913
1264862419412643841
1264862306921402369
1264862305449152514
1264862262780706817
1264862180916133890
1264862043196108801
1264861962191532035
1264861909272035329
1264861866913722368
1264861773850488832
1264861519151538183
1264861490651164673
1264861455251206145
1264861444622835720
1264861356911546368
1264861249818341379
1264861107157520384
1264860916467695616
1264860785198563329
1264860761341345794
1264860751073701894
1264860703657082881
1264860693204856836
1264860635730337792
1264860500170403841
1264860459393593344
1264860438379913216
1264860403487526912
1264860281450029056
1264860245525852160
1264860231995060224
1264860117641523201
1264859985176956928
1264859941883404289
1264859934841176064
1264859844529414144
1264859840414773248
1264859653634060289
1264859624668164098
1264859527184179200
1264859198212280320
1264859194806513664
1264858926559854592
1264858618697879555
1264858331983646720
1264858221530853377
1264858195102543872
1264858141545525248
1264858138953412608
1264858110797115392
1264858103222165505
1264858076617662464
1264857649318735873
1264857566770798593
1264857456913469444
1264857409589145600
1264857235739549697
1264857224364478466
1264857146681745409
1264857091010727936
1264856989059842048
1264856797547950080
1264856789108981760
1264856756137553920
1264856631239520256
1264856592710696960
1264856527413710858
1264856378796957697
1264856366167977987
1264856346450526210
1264856337780838405
1264856282852290560
1264856221950996480
1264856158713425921
1264855949539373059
1264855932468523008
1264855917222191104
1264855776339701760
1264855739958325250
1264855737496252416
1264855181579046913
1264855091711848448
1264854853546684417
1264854829752438784
1264854828288667652
1264854530505666561
1264854476562690048
1264854331121000450
1264854324372312064
1264854291065401345
1264854186417512448
1264854169355091968
1264854100358750208
1264854010281857024
1264853970628997120
1264853902354087936
1264853792924680192
1264853790617812992
1264853767200989185
1264853750042079232
1264853644165316610
1264853622623354880
1264853557922025473
1264853453437759490
1264853325410795520
1264853308986003456
1264853207844454402
1264853192262610945
1264853166312419328
1264853027573268480
1264852975123607552
1264852898690695168
1264852839639085056
1264852800304889856
1264852777865367553
1264852743216226308
1264852706901909506
1264852632683728896
1264852456741015553
1264852441599668224
1264852432867086339
1264852421982838785
1264852409857253376
1264852408154255360
1264852395411959809
1264852298884239360
1264851899028631552
1264851800139730944
1264851733764640773
1264851586116808704
1264851582971047940
1264851501899489283
1264851352561217541
1264851299746451462
1264851292943339522
1264851238396538882
1264851229508661248
1264851135157829632
1264851095852969984
1264851085908312066
1264850862964215809
1264850844022784000
1264850838398201861
1264850820173979648
1264850719842037760
1264850697809358849
1264850693078188032
1264850624115470336
1264850486038945792
1264850471472132098
1264850460680151045
1264850409379688448
1264850327548817408
1264850172959313920
1264850124615737344
1264849948610187264
1264849913495474181
1264849873700040705
1264849799775322113
1264849703222407171
1264849562415411201
1264849288078614529
1264848903045648384
1264848834414297089
1264848780672692225
1264848778986549249
1264848733482573825
1264848689819836416
1264848488606633984
1264848443723247619
1264848437629071365
1264848350106419200
1264848289922289664
1264848279520415745
1264848120094982145
1264848026847203329
1264847871695704067
1264847800757518336
1264847692938665984
1264847638672879617
1264847613179895808
1264847260237434882
1264847170177363969
1264847049574486017
1264846964262240256
1264846957459144704
1264846824059187201
1264846817843449856
1264846697600970754
1264846619675111424
1264846229474816000
1264846017301671942
1264845932815724544
1264845931574222850
1264845928474673155
1264845883897569280
1264845850817163264
1264845715034918912
1264845621078315009
1264845571241603072
1264845266420555776
1264845215442939904
1264845204076425216
1264845114007928834
1264844765452832768
1264844628181704704
1264844524582404097
1264844492277813250
1264844484346384384
1264844238899929091
1264843965401985027
1264843939023998977
1264843839174574086
1264843795981430784
1264843636547543041
1264843561318535170
1264843546927886342
1264843449901084672
1264843398772482048
1264843318350893056
1264843160653455362
1264842896420855810
1264842844553924608
1264842796256464899
1264842790376296448
1264842784348925952
1264842613913354242
1264842593692643329
1264842511345844224
1264842312804265990
1264842296375181314
1264842288041037828
1264842278805204992
1264841639396179969
1264841599642550272
1264841557816958976
1264841339826401280
1264841315193241600
1264841218716024832
1264841207131156480
1264841139904933888
1264841037010198530
1264840813126664192
1264840757875142656
1264840680964124672
1264840572977774594
1264840478689619969
1264840286494003200
1264840076934053888
1264840025776115712
1264839982037864448
1264839950626775040
1264839772155064320
1264839698423242753
1264839646506151936
1264839582786314240
1264839568135614464
1264839318566105089
1264839114752323584
1264838995768340482
1264838993343995905
1264838920837029888
1264838540942163977
1264838345122738179
1264838333730975744
1264838020747812865
1264837454021836801
1264837433239035904
1264837333318131712
1264837322572361728
1264837296299184128
1264837271288602624
1264837258391154690
1264837100932722688
1264837091864637440
1264837082897248256
1264837067516678144
1264836997299884032
1264836606063673344
1264836427663020034
1264836236000149504
1264835930415697921
1264835749406367746
1264835628795117568
1264835595500568576
1264835390252310528
1264835294966059009
1264835257284489217
1264835193770139648
1264835180323192833
1264835101076058120
1264834877800607746
1264834731096420353
1264834535683813376
1264834038470021120
1264833928646389760
1264833877224251392
1264833864570044421
1264833595648032768
1264833588123426816
1264833563729502210
1264833541130469376
1264833197189115904
1264833096794308609
1264833068239425543
1264833065504763904
1264833037470060544
1264833025382154240
1264832998127439872
1264832976627494912
1264832837766664192
1264832784029200385
1264832534023532546
1264832413567311883
1264832379459219456
1264831954521780227
1264831953070522369
1264831907973349378
1264831901849747456
1264831833901920256
1264831826826166272
1264831784568541185
1264831770677002240
1264831725919629312
1264831636044017672
1264831266253242368
1264831110686466048
1264830875348295683
1264830702555525122
1264830661463994368
1264830606405443584
1264830453678133250
1264830336187330560
1264830190900801536
1264830109359300608
1264829891221979137
1264829661923532801
1264829532005003266
1264829458332160001
1264829236050710534
1264829081352314882
1264828807720001537
1264828758017536001
1264828694679351296
1264828668808794114
1264828626723172352
1264828600756236289
1264828311097585664
1264828308270678016
1264828097733423104
1264827898881429504
1264827731205750784
1264827617594634241
1264827522983710720
1264827423675150336
1264826894685319168
1264826804201598982
1264826766587121664
1264826690498224129
1264826530321981440
1264826481177317378
1264826196916760576
1264826143804239873
1264826141317054464
1264826086606598145
1264826037638098945
1264826010903523328
1264825973247111168
1264825746054209536
1264825572833652736
1264825429904330754
1264825400380649475
1264825337461927941
1264825224224108544
1264825145903820802
1264825103688232960
1264825078258130945
1264824954245115904
1264824949367140352
1264824915431051265
1264824824930504704
1264824800385437697
1264824706890252290
1264824695968247808
1264824679421759489
1264824471074082816
1264824352781955072
1264824130437705728
1264824107733938178
1264823702849388545
1264823534884253696
1264823488331706368
1264823409843699715
1264823270508867585
1264823152699338752
1264823139654987782
1264822578587164674
1264822559796654080
1264822502817009665
1264822489734975488
1264822412937322496
1264822250215104512
1264822017213083648
1264822009780826113
1264821907569827842
1264821786090201088
1264821708206166016
1264821557244780545
1264821436511776774
1264821430958485505
1264821352902475776
1264821239320846341
1264821184727678981
1264821064061710337
1264821023632809985
1264821005475708933
1264820975050334208
1264820853671256065
1264820685404344322
1264820683889995778
1264820610070437888
1264820505569304577
1264820464255410176
1264820374396518400
1264820286785875970
1264820240711421952
1264819908707139590
1264819684328632320
1264819679333236739
1264819554296848384
1264819455911055361
1264819402232393728
1264819165036044288
1264819144681123845
1264819113613905921
1264818876291985408
1264818864799444992
1264818751481888771
1264818638856445953
1264818502214377472
1264818475211517953
1264818299902148609
1264818095647932418
1264817944929857536
1264817772640362496
1264817734946181120
1264817706957766657
1264817679820439553
1264817364421373952
1264817362492145664
1264817275439210496
1264817212344262658
1264817188386504705
1264817134212767746
1264816914032812034
1264816906193657860
1264816651771338752
1264816643009478656
1264816244433342464
1264815866463391757
1264815862671761409
1264815796082978816
1264815704206741504
1264815690235535361
1264815666038575104
1264815601677004802
1264815548535193601
1264815329424764930
1264815307513892866
1264815235786928129
1264815177519661056
1264815163024175104
1264815082858442753
1264814894798352384
1264814796228014080
1264814622852345858
1264814547027853313
1264814387946090497
1264814328739278848
1264814267980636161
1264814251643822080
1264814139962126336
1264813805495672832
1264813719629881345
1264813633675997184
1264813360333250563
1264813027620032512
1264812906245308418
1264812823529418753
1264812549201002499
1264812428665077760
1264812301426716672
1264812208355045377
1264812177086537728
1264811903060074496
1264811669588307971
1264811502726287360
1264811481016623106
1264811321117118464
1264811197485985799
1264811175457382400
1264810966711037953
1264810703753375744
1264810648224948231
1264810565966299138
1264810470722007041
1264810400408694784
1264810328908615685
1264809874040348673
1264809748823597056
1264809633241346049
1264809477955440640
1264809471945003008
1264809458569318401
1264809395126296576
1264809148635463681
1264809123511599104
1264809023364202496
1264808967282147329
1264808857764687872
1264808845311791104
1264808784569892865
1264808675677310976
1264808656505155587
1264808397779505152
1264808246612684802
1264808018987769856
1264807833528225796
1264807716515508225
1264807686903742464
1264807614107447296
1264807611083436032
1264807451624267777
1264807265795633153
1264806967748395008
1264806677401841669
1264806590013571073
1264806558908604416
1264806293316841472
1264806273104572416
1264806175498895360
1264806121916825600
1264805839652548609
1264805641828200448
1264805610756825088
1264805608412246017
1264805547280175104
1264805407287119872
1264805403537240065
1264805304237088768
1264805175547424768
1264805073806188549
1264805023260667904
1264804928272207872
1264804892985757696
1264804586335821824
1264804363534393348
1264804334610464768
1264804178813022209
1264804120327847936
1264803922759151618
1264803886608441344
1264803574074109952
1264803487625261057
1264803440015761409
1264803340010962949
1264803272084189184
1264803209178017797
1264803103104274432
1264803073521618946
1264803042408292354
1264803029326462977
1264802941166252032
1264802749746573314
1264802739961266178
1264802537829363714
1264802516438409216
1264802369646153731
1264802281721139201
1264802210602455041
1264802120877785089
1264801998504787968
1264801874051383296
1264801620480548864
1264801555493998592
1264801296512512000
1264800995718152193
1264800949454938122
1264800933961035776
1264800895025377280
1264800847155757056
1264800787097456640
1264800724879151104
1264800371462946817
1264800199949447168
1264800132270157825
1264799892645376002
1264799713867427840
1264799575069593600
1264799454403518464
1264799236853399553
1264798739954167809
1264798677685514241
1264798633918115840
1264798474735935495
1264798391290167297
1264798294842064897
1264798120828735488
1264797676844888064
1264797672348635142
1264797592862380032
1264797539066232833
1264797496150298624
1264796979542065152
1264796856355184640
1264796821445988352
1264796561206173697
1264796421602963456
1264796052017856519
1264796031763378178
1264795954256834560
1264795718507565056
1264795408175230976
1264795393742733312
1264795258119806977
1264795213072982016
1264795108072755200
1264794784503226369
1264794773040201728
1264794723220197376
1264794502490763265
1264794339454013443
1264794228258988033
1264794225599582208
1264794139062751234
1264794123136978945
1264794020779302912
1264793940844326919
1264793909378469894
1264793625436622849
1264793595590004742
1264793592335237131
1264793500052099074
1264793291544920064
1264793265783443457
1264793240919629824
1264793209030483968
1264793187626835969
1264793068433108992
1264792915475230726
1264792766682292225
1264792605159591936
1264792483575169025
1264792363643240448
1264792004023578626
1264791825782460416
1264791597868355586
1264791566910140419
1264791554494955521
1264791525927444480
1264791466385141761
1264791097412399104
1264790899453640705
1264790845963853824
1264790790330388482
1264790721111834626
1264790667483463681
1264790646792978433
1264790584629186567
1264790511291789312
1264790210304507904
1264790181409746945
1264790124832755712
1264789838672232448
1264789829830578177
1264789717393924097
1264789602931339264
1264789550754418688
1264789541207957504
1264789471242760192
1264789411725742080
1264789310441525250
1264789077942915072
1264788915828846592
1264788743921242114
1264788735675301891
1264788496037711872
1264787986459189248
1264787984664064000
1264787785459789824
1264787694409920516
1264787495822094336
1264787098474655744
1264786894841241602
1264786840281739264
1264786815858339841
1264786704482709504
1264786606919016448
1264786533162180608
1264786356477104129
1264786345299292162
1264785992168308736
1264785986057207811
1264785732679467008
1264785578454732800
1264785432757190656
1264785311411744768
1264785211251982337
1264785134391193602
1264785120097038336
1264784964903514112
1264784929931571205
1264784851661582338
1264784530319257602
1264784477919653888
1264784433892089856
1264784334944256000
1264784292032376836
1264784277679398912
1264784220771061760
1264784090277933057
1264784063451107328
1264783936577695747
1264783876058046464
1264783837550178309
1264783797079478272
1264783793514098688
1264783733128941568
1264783397672685571
1264783391402020866
1264782980318285824
1264782935007191042
1264782910516719616
1264782846507401217
1264782770875830279
1264782569515544576
1264782350946189313
1264782201666727936
1264782120209092608
1264781943473704960
1264781315255103488
1264781012422160384
1264780842993418241
1264780666564050944
1264780609047498754
1264780447273218048
1264780329971146752
1264780298715148288
1264780278519586817
1264780187952005121
1264780075200688129
1264779744475660289
1264779449888681984
1264779197760671744
1264779187425959936
1264779181180645376
1264779108522717184
1264778846139674624
1264778091668242432
1264778047028293633
1264777919378776066
1264777884507480065
1264777576691535879
1264777369077850113
1264777324144328709
1264777320079912960
1264777216145014784
1264777187799887873
1264777180925423616
1264777043792678914
1264777007323176960
1264776781405405184
1264776674589065216
1264776526060417024
1264776503071399938
1264776407017816064
1264776070642806784
1264775940741099522
1264775833060732928
1264775675434524672
1264775406818693120
1264775332235603969
1264775251654619136
1264775147984207872
1264775146360803328
1264775124626165761
1264774951715737601
1264774942739988480
1264774936213680129
1264774813635076096
1264774804260839424
1264774633686851585
1264774492255109121
1264774468129308673
1264774465692422144
1264773981967495169
1264773907271188480
1264773888233238528
1264773591658184705
1264773522737397760
1264773521256992768
1264773474129567745
1264773271440044032
1264772876197965825
1264772717934284802
1264772652511580162
1264772551231733760
1264772535285096457
1264772388685705216
1264772337842286592
1264772323980177409
1264772144598147072
1264772095332007948
1264772005758300160
1264771742364340225
1264771729265696768
1264771721388650497
1264771613276295169
1264771259713196034
1264771148471885825
1264771046843879424
1264770776751693824
1264770722003513345
1264770720841650176
1264770670581305344
1264770573973872643
1264770510753165313
1264770503467622400
1264770390628265984
1264770375767871489
1264770330729406465
1264770296386473984
1264770180581748738
1264770151578132480
1264770044917055489
1264770014646657025
1264769856299249670
1264769652216877056
1264769612463276033
1264769118068076544
1264769024694513664
1264769004222087168
1264768974484578304
1264768869916266496
1264768572745609217
1264768415610200065
1264768175293546500
1264768170746765312
1264768091038216192
1264768055717924864
1264768050399596544
1264767986776199168
1264767981638148096
1264767953158848515
1264767939946962944
1264767819700289536
1264767758832566272
1264767710593814528
1264767689307774976
1264767682680729603
1264767663068155904
1264767585435828224
1264767551457894401
1264767485326143489
1264767063836340224
1264767021759164416
1264767006525411331
1264766866272055298
1264766709631610880
1264766541872066561
1264766473962008577
1264766105228361733
1264765937611243520
1264765933056176130
1264765805624885248
1264765730517479424
1264765648904716288
1264765462715535361
1264765413679718400
1264765378225291265
1264765354036715520
1264765337511186434
1264765120355250179
1264764869682716672
1264764637016240128
1264764578765828096
1264764541939773442
1264764536499785729
1264764463455989766
1264764421185798145
1264764408405712897
1264764069245890562
1264764065538179072
1264764042666622976
1264764015760166914
1264763843399450624
1264763482408247296
1264763464196648960
1264763451215241217
1264763437466279936
1264763358344957954
1264763296978137090
1264763256196853761
1264763130506145792
1264763103134093312
1264763051238195200
1264762962574577666
1264762939895996418
1264762922619662336
1264762793405771777
1264762741824221186
1264762721217794048
1264762637402988544
1264762573666148352
1264762385232846848
1264762384062660608
1264762252785152000
1264762162771226626
1264762117653098496
1264762077522034695
1264761543826092033
1264761528160415745
1264761524767219713
1264761508367499264
1264761439404711939
1264761432425586689
1264761408484327425
1264761350015684608
1264761076341551104
1264761061439234048
1264760917167755265
1264760742709874688
1264760713354018816
1264760660585414658
1264760566494576640
1264760469501296640
1264760393206882304
1264760390149214209
1264760310566498305
1264760306594721802
1264760232321798144
1264760075727638540
1264759847653785600
1264759542270705666
1264758890530582530
1264758885514006530
1264758854526439425
1264758560925212672
1264758471993540609
1264758314421768192
1264758295321088000
1264758293479559168
1264758281093836800
1264758113862746112
1264757917476990977
1264757898451619841
1264757614505676802
1264757606339366913
1264757569769205761
1264757482167037953
1264757458066501633
1264757368614780930
1264757294652219397
1264756853415673856
1264756814966484992
1264756597051535367
1264756593142321153
1264756357023989760
1264756024734408706
1264756003033149440
1264755869612474368
1264755856182140929
1264755825081450503
1264755786917359617
1264755639500312584
1264755606298083330
1264755603311718402
1264755280975327232
1264755240986869761
1264754944411828231
1264754930390233088
1264754927785488384
1264754848668450817
1264754796617011200
1264754692451491840
1264754659501064192
1264754526558412800
1264754420950036480
1264754312434954240
1264754193501306882
1264753886838976513
1264753837312577536
1264753821227667456
1264753753665572864
1264753641694601224
1264753553215647746
1264753398332690434
1264753243852206082
1264753190580269056
1264753036125069312
1264753033818193920
1264753012637003778
1264752897692176384
1264752864976609282
1264752847574364161
1264752631890587648
1264752532326199296
1264752493898031105
1264752433814622211
1264752319289102337
1264752239622582273
1264752224502046720
1264751865507409920
1264751836566818817
1264751590956728320
1264751545209376770
1264751514217639936
1264751025774137344
1264750937068826625
1264750833570324484
1264750614426210304
1264750210091106308
1264750192038866944
1264750062170587142
1264750044957126656
1264749993123909632
1264749791382138880
1264749601736798209
1264749556136177664
1264749038768775168
1264749028916424704
1264748791745265664
1264748708979081216
1264748518079557632
1264748500891439105
1264748176000471042
1264748137685516288
1264747773250789376
1264747674709917696
1264747670616150016
1264747632271912962
1264747554920558594
1264747423332618242
1264747268873175040
1264747241144676352
1264747208542318592
1264747161687744517
1264747071183048704
1264746938676609024
1264746920502689792
1264746890580525056
1264746835052093440
1264746787463544832
1264746666223005701
1264746558710362112
1264746414195658754
1264746341600813057
1264746275150299136
1264746233932902401
1264746133621899269
1264745786144772096
1264745735926378496
1264745703353409536
1264745596725809153
1264745532322312193
1264745526454398976
1264745433521250307
1264745367570124802
1264745040968114179
1264744877377548290
1264744876945465344
1264744819936514048
1264744747836399616
1264744685886558208
1264744639812304898
1264744424497573889
1264744383636783104
1264744378620231686
1264744142623485953
1264744081202335745
1264744052848594944
1264744020061945856
1264744010465206274
1264743899064500224
1264743823671885824
1264743709654036480
1264743502103154689
1264743332044959744
1264742553678577664
1264742496279674883
1264742478881701891
1264742417229426688
1264742409398702080
1264741868123893761
1264741655292162048
1264741542486396928
1264741361703518208
1264741172360052736
1264740830314524673
1264740556862676993
1264740447106277383
1264740404047609858
1264740381205254144
1264740272144920577
1264740183406047232
1264740116972503040
1264740102682505216
1264739895030845440
1264739786163539970
1264739717980942336
1264739714583547905
1264739409271894016
1264739372047273984
1264739313142530050
1264739155029843969
1264738905284177921
1264737979052015619
1264737975386046465
1264737926618873857
1264737829956902912
1264737802673152006
1264737760834797568
1264737750101585920
1264737073782652928
1264736702184243200
1264736594398937094
1264736523712266241
1264736436500099073
1264736388345294849
1264736288537804806
1264736202512568328
1264736166403686400
1264736144257765376
1264736124628373504
1264736072929472512
1264736004855877632
1264735965479747584
1264735952477417474
1264735842448236550
1264735840531623936
1264735628295618560
1264735421755346945
1264735394236518400
1264735372770021376
1264735369070735360
1264735349953015808
1264734810758578176
1264734287166951424
1264734267155742720
1264734261241802756
1264734120619290624
1264733702954774529
1264733461299867648
1264733363451002880
1264733121703866373
1264733113587924992
1264733054775422976
1264732785308078081
1264732568617750528
1264732484270305281
1264732422370807809
1264732384517214211
1264732126798385152
1264732051573358593
1264732002399318016
1264731995046703104
1264731909801701377
1264731648991457280
1264731531987255297
1264731318325141505
1264731248682913793
1264731060236988418
1264730879215104001
1264730833316769792
1264730350695133186
1264730293597990913
1264730197133275137
1264729970552844288
1264729921575776256
1264729895222956032
1264729744265773056
1264729668139102208
1264729636639879168
1264729469929095170
1264729342019592195
1264729329000427532
1264729000183599105
1264728887725981696
1264728684927295494
1264728656976306176
1264728603398270976
1264728346786594817
1264728247616647168
1264728234400206848
1264728116431212544
1264728015570759680
1264727979508117506
1264727868283617280
1264727576230019073
1264727505795072000
1264727441542541312
1264727344779911169
1264727312773382144
1264727031734046720
1264726321579491328
1264726192810110976
1264726014585761792
1264725904716001280
1264725836394934273
1264725585101598720
1264725373805199361
1264724980274610177
1264724486655377408
1264724458528366592
1264724030877302785
1264723694024187904
1264723657483595776
1264723604614209537
1264723414725431296
1264723409839157248
1264723307653246976
1264723239135141889
1264723206063009792
1264723162605879296
1264722593367670785
1264722567719292929
1264722508290220032
1264722402552025088
1264722209794224128
1264721486444507136
1264721462134358016
1264721444522430464
1264721329963425795
1264721311726817285
1264721221486182401
1264721022768553985
1264720809492275200
1264720761673125888
1264720613891072002
1264720388480622593
1264720387750887424
1264719957595578369
1264719843732811776
1264719684189945856
1264719653340774401
1264719524550651906
1264719523418124289
1264719311421112320
1264718801301471232
1264718274601775104
1264718061065564160
1264717868647755777
1264717862415065091
1264717750506868738
1264717595938156545
1264717188436353024
1264717115606654976
1264716540030656512
1264716368756142080
1264716066657198080
1264715486350147593
1264715389008859140
1264715314408894464
1264715313569914880
1264715304686374912
1264715104890662912
1264714422158647297
1264714356635234305
1264714097028993024
1264714082734743560
1264714002950574080
1264713943890554881
1264713905135206400
1264713517602463744
1264713288534769665
1264713270209835008
1264713000935620609
1264712925932969984
1264712898145775617
1264712717618704384
1264712590640459778
1264712252684242944
1264712201941606400
1264712064838189057
1264711682103717888
1264711633349140480
1264711618606231552
1264711365224067072
1264711004572708864
1264710902932217859
1264710076520112130
1264709456354406400
1264709440244264974
1264708834519666699
1264708795621470208
1264708684686319617
1264708559138222080
1264708458441437185
1264708248017309696
1264707912439525377
