1265387050443866113
1265386965471563777
1265386934253367297
1265386825549524992
1265386751977074688
1265386666463842306
1265386436649353216
1265386419746373639
1265386403480780800
1265386300846288897
1265386259834421252
1265386209867677696
1265386100475871232
1265385938919870468
1265385903515672577
1265385856157835264
1265385747873517572
1265385741506363392
1265385670446469121
1265385641883336704
1265385508244533248
1265385277943681024
1265385217902206980
1265385146905133057
1265385119843573767
1265385088218394624
1265385053015678984
1265384994127712256
1265384869833531392
1265384677558194176
1265384658834845697
1265384583220035587
1265384570695942147
1265384522809356288
1265384299890688000
1265384162502029313
1265384145636651008
1265384138166722560
1265384016125087745
1265383924391264257
1265383885187284993
1265383879692648451
1265383866539401221
1265383850705731585
1265383842484858881
1265383836692643842
1265383807789805568
1265383785127972865
1265383783097929730
1265383777792122880
1265383598976311297
1265383482202742785
1265383466780278785
1265383326623424513
1265383253906567168
1265382982577258507
1265382947064025090
1265382811898388483
1265382802259767296
1265382723922718725
1265382680427806720
1265382616603205633
1265382607354650624
1265382393348632576
1265382359534391298
1265382331914883072
1265382315837947904
1265382198196264962
1265382139387883521
1265382081967935494
1265382019942330368
1265381940703768576
1265381877298483202
1265381790442827779
1265381628408406016
1265381612604264450
1265381506010185734
1265381353966768133
1265381330134630401
1265381232684171269
1265381170797260803
1265381094339248131
1265381065876799489
1265381063741734912
1265381062886273024
1265381058696134659
1265380896968003586
1265380864969412608
1265380844606124032
1265380759642267648
1265380759361241096
1265380726972854272
1265380718139457538
1265380520122150913
1265380297941680134
1265380257835692034
1265380106295545856
1265380088222277632
1265380016923332613
1265380014960381954
1265380007947485186
1265379901571584001
1265379882252591106
1265379867438219267
1265379795849732096
1265379744792694787
1265379719345733632
1265379693089353728
1265379678266761221
1265379613993205764
1265379510368768000
1265379451971526657
1265379436284669952
1265379354135031808
1265379308819738624
1265379223633608707
1265379112622882817
1265379079743778818
1265379037926445056
1265379001792704517
1265378980321832960
1265378957064581120
1265378812394647558
1265378726549872651
1265378711379030018
1265378700218060800
1265378653287755776
1265378615673253888
1265378581796044801
1265378556445462528
1265378551315996673
1265378486622973952
1265378468675702788
1265378422731259905
1265378408789237762
1265378383531212802
1265378336953339904
1265378312144121857
1265378287821307906
1265378226181935107
1265378158334881798
1265378038033899523
1265378024733782016
1265377975114948608
1265377937920004098
1265377937705984001
1265377923403599872
1265377874636201984
1265377803178041345
1265377793325572102
1265377792453214211
1265377779903803392
1265377754775801858
1265377735355973632
1265377723238748164
1265377701692653568
1265377610823065600
1265377573820743680
1265377540912209920
1265377528807596032
1265377521454833664
1265377511925403649
1265377441914277888
1265377376747356161
1265377346338553858
1265377226872311808
1265377177434030083
1265377126863306760
1265377032193445889
1265376905458520065
1265376840232734721
1265376804639924224
1265376796297572357
1265376730329477120
1265376665963827200
1265376597391151105
1265376589879091202
1265376579036876803
1265376487269638150
1265376409481969665
1265376334810939392
1265376330624962562
1265376309003210752
1265376308856590346
1265376261268004865
1265376202547593216
1265376193861292033
1265376189503475713
1265376123816488965
1265376055105331200
1265376001451835393
1265375993436536835
1265375988851961856
1265375939736809475
1265375916328390656
1265375913031720962
1265375837345505282
1265375826100596745
1265375820740096000
1265375799076630530
1265375747818094593
1265375553567297537
1265375481177804800
1265375466363314176
1265375418120626177
1265375265062113280
1265375209894359040
1265375188960423936
1265375090998415360
1265375015182012417
1265375005245931522
1265374993640284160
1265374917891166208
1265374875436417025
1265374853919539212
1265374772243902465
1265374485722599425
1265374465682219009
1265374449622188033
1265374441300733962
1265374414494765056
1265374275487350784
1265374210404364294
1265374152736665600
1265374152321572872
1265374066669547521
1265374048680202241
1265374032943173633
1265374017889787904
1265374002593140736
1265373985362948097
1265373970171260929
1265373961803591680
1265373936797257736
1265373744484106241
1265373685969489925
1265373682681221120
1265373661579509762
1265373637512552448
1265373476879077376
1265373461939175430
1265373349007556610
1265373334973407235
1265373325183848455
1265373320226041856
1265373312743432193
1265373248419696641
1265373164604928003
1265373139845996544
1265373125123944449
1265373118262136833
1265372972061097984
1265372958991831047
1265372947323195396
1265372905837334530
1265372889286455296
1265372811280842752
1265372715063693313
1265372671325413377
1265372648751673344
1265372648223248392
1265372647787040770
1265372545093480448
1265372524524830722
1265372406874542082
1265372216163794952
1265372212619628551
1265372207498190848
1265372153974841346
1265372081409134594
1265372036282699778
1265372011892805635
1265371999444119552
1265371934168174592
1265371888928165888
1265371863104053251
1265371861170507779
1265371840056365058
1265371828513574912
1265371805327425536
1265371739309199361
1265371731981750279
1265371547344257025
1265371533956059136
1265371425432645637
1265371357170274304
1265371215750987782
1265371083479355404
1265371069088559104
1265371063032008704
1265370988633624576
1265370935252713475
1265370909667463170
1265370848568852480
1265370841031770113
1265370812825178113
1265370786304425984
1265370782512877568
1265370762699030528
1265370604347125760
1265370578271248384
1265370528220614657
1265370390056120322
1265370380438388736
1265370230802444288
1265370077613842432
1265369887737667584
1265369855416385536
1265369840241557504
1265369823900565504
1265369765956276227
1265369693067468802
1265369670158290949
1265369661480357889
1265369651845820416
1265369615573516289
1265369610829914112
1265369591183626241
1265369482266116096
1265369423587794950
1265369408425340928
1265369367916806150
1265369215311151104
1265369085514137600
1265369064333082630
1265369033219637248
1265368991599677441
1265368945449734144
1265368872057790468
1265368871747420167
1265368794966315009
1265368772698923009
1265368742101319680
1265368719351590913
1265368659351961606
1265368648169984006
1265368542293241856
1265368539772456971
1265368491508617222
1265368451146792964
1265368415977353216
1265368285517762560
1265368085164437504
1265368073915314178
1265368072845758465
1265368041623298048
1265367916280557568
1265367882608701440
1265367851537489921
1265367798500536323
1265367782050291712
1265367674147622912
1265367650797907969
1265367595886284802
1265367588672020480
1265367573589303297
1265367544858361863
1265367527137435651
1265367519197573121
1265367516882317313
1265367448825532417
1265367317623554052
1265367316528689152
1265367275093110784
1265367196814970880
1265367122395398156
1265367121476780034
1265367064908369928
1265367018561245185
1265366997992271872
1265366995064762369
1265366981110194176
1265366962487451649
1265366918225031168
1265366890425151488
1265366861086105600
1265366849132298241
1265366832812359685
1265366710758060036
1265366651022610433
1265366624325955584
1265366580982153219
1265366554994192390
1265366478997651458
1265366416586203136
1265366401096835073
1265366286932082693
1265366173203349504
1265366147970392065
1265366115657617409
1265365995629056001
1265365946232983552
1265365933213642752
1265365920534401027
1265365802603081728
1265365753592602624
1265365742699950082
1265365716900941824
1265365509018714112
1265365507596644353
1265365455742611458
1265365408498016262
1265365287798362112
1265365276134117381
1265365196026986496
1265365100317327360
1265365093027635203
1265365090368253952
1265365071867211776
1265365037784469504
1265364926941495296
1265364835296034816
1265364696128839680
1265364693549531138
1265364618895032323
1265364605364318209
1265364597701259266
1265364583637585920
1265364581389447169
1265364561517064192
1265364543741538304
1265364493380603904
1265364488347357184
1265364413701173248
1265364350266757121
1265364104937701380
1265364085773758464
1265364076894449664
1265364031088611329
1265363903749320705
1265363901023162369
1265363846266384384
1265363833171869697
1265363769099612160
1265363671250800640
1265363637138452480
1265363530150223875
1265363526467584002
1265363508331450370
1265363489809408000
1265363476093911040
1265363323203325953
1265363236930674688
1265363225605926912
1265363207679598595
1265363162158657536
1265363078952235011
1265363020114518020
1265362984697651200
1265362974425993222
1265362953857089539
1265362887343775744
1265362873808678912
1265362821115592704
1265362804028014593
1265362783123714049
1265362634846556161
1265362631285551104
1265362609592610821
1265362475999952897
1265362402457116677
1265362384111239175
1265362193752653824
1265362186282471425
1265362180301611012
1265362076677091328
1265362034562142209
1265361998000222209
1265361995265724417
1265361836901191681
1265361808426102784
1265361575612997632
1265361460089290753
1265361441965539328
1265361315930898432
1265361243793022976
1265361235492524032
1265361224859938816
1265361220753817602
1265361178101813248
1265361043116691456
1265361014025052161
1265360997142970377
1265360893564633089
1265360869183172612
1265360655588220930
1265360461916061696
1265360433361403911
1265360411307712513
1265360320849215489
1265360318978338816
1265360282521657344
1265360233788067849
1265360230671507457
1265360183586365443
1265360140338737152
1265360133758103555
1265360058302562308
1265360051717488641
1265359999590469635
1265359971627253763
1265359880069828610
1265359874290049026
1265359664004415495
1265359635785097216
1265359627849351169
1265359601131642880
1265359598321614849
1265359587760312325
1265359511151276032
1265359381966852096
1265359355387486210
1265359350933213199
1265359279281897473
1265359180124221440
1265359065267539971
1265359041007456256
1265359013652205570
1265359010703699968
1265358968479797251
1265358886019661825
1265358837281849344
1265358765529993224
1265358676728197120
1265358620054614018
1265358573216940034
1265358562571649024
1265358473107251201
1265358399405002754
1265358275425570818
1265358263689732097
1265358227669233664
1265358200209133583
1265358117690195968
1265358063311171584
1265358015202557957
1265357992578383874
1265357968645787648
1265357926610243584
1265357787162226690
1265357762806104064
1265357726189789191
1265357554777030659
1265357550599446529
1265357549941018630
1265357513131618304
1265357506647166977
1265357428821946368
1265357420152475656
1265357413680480256
1265357359951511554
1265357264006705152
1265357254724915201
1265357099686457344
1265356977196023808
1265356975853973505
1265356899530113026
1265356884669804547
1265356878810198016
1265356863664726016
1265356860221059072
1265356830386950144
1265356724875284483
1265356628938948609
1265356628053815296
1265356394351538184
1265356390832525313
1265356303968452608
1265356257294274560
1265356245910745088
1265356179255054337
1265356158103162882
1265356147277484033
1265356061675909120
1265356038087172096
1265356029300281351
1265356002871980033
1265355985482326017
1265355856624979968
1265355794708443137
1265355733840740352
1265355677461024771
1265355652005847042
1265355614722588673
1265355568803221504
1265355548050034688
1265355543729917952
1265355503376482305
1265355467502620680
1265355456597262337
1265355387517181952
1265355349785182209
1265355298669240322
1265355281988493317
1265355280923144198
1265355267350433794
1265355172215009280
1265355144725778438
1265355091386568706
1265355079399247872
1265355017512345601
1265354979323363328
1265354912252276736
1265354908104036354
1265354818861715456
1265354798791966720
1265354716864581633
1265354691661062144
1265354690574729216
1265354672803643392
1265354672409321473
1265354652083613697
1265354639836352518
1265354616473960449
1265354611734519810
1265354610073645060
1265354576233992193
1265354562430472192
1265354544143151104
1265354535943335936
1265354500581122048
1265354484978348032
1265354464904581121
1265354409522761728
1265354339834568706
1265354299816570880
1265354294959669248
1265354276437540864
1265354272235040770
1265354156899856384
1265354149782097921
1265354098720731136
1265354069671129088
1265354056198959105
1265353940972892160
1265353937529589766
1265353836677365760
1265353794294030337
1265353732113350657
1265353560037916672
1265353496238399494
1265353481285754881
1265353400826368001
1265353380970598400
1265353262573764610
1265353245582594055
1265353135024771072
1265353074807386114
1265353074157056005
1265353052296536064
1265352876278284289
1265352853645783040
1265352807202217984
1265352755901796377
1265352719075807237
1265352567753605121
1265352544793968640
1265352505271242752
1265352494210666497
1265352486895841280
1265352446769082375
1265352430671278080
1265352422991343616
1265352393685897218
1265352371435159552
1265352369916637184
1265352367081492488
1265352315357167616
1265352298672254978
1265352247057117185
1265352231949201408
1265352216472215553
1265352021839958016
1265351975845031937
1265351951627124736
1265351944706588676
1265351935479201792
1265351924749971457
1265351890289688581
1265351844156620803
1265351718465712128
1265351623015976961
1265351591298654209
1265351404664713219
1265351352210935809
1265351319696609281
1265351080172498944
1265351026065932288
1265350989395169280
1265350957069742083
1265350936286752768
1265350793680629760
1265350747836895235
1265350732624117768
1265350529988751360
1265350436548042752
1265350263822364672
1265350263449231360
1265350218465206272
1265350177801502721
1265350163586887681
1265350157379555329
1265350093185576960
1265350017239453697
1265349996100059138
1265349990496350208
1265349981969494017
1265349915539955712
1265349862998106112
1265349839560347648
1265349822711656448
1265349736598351878
1265349594570866688
1265349548983099398
1265349420192632832
1265349374395088896
1265349363401781248
1265349316526215169
1265349265179602944
1265349241087463424
1265349206597931009
1265349197617868808
1265349133226790912
1265349055657500672
1265349035130486790
1265348879853277190
1265348833220886528
1265348751511691267
1265348689964552192
1265348666627428352
1265348436850860034
1265348265689653249
1265348225675825152
1265348124739907587
1265347987695435777
1265347967470301186
1265347960382132230
1265347921467211777
1265347828479639555
1265347760875728896
1265347583213359105
1265347543728377858
1265347411834212358
1265347343064477700
1265347316443201539
1265347312026447873
1265347275422867457
1265347218221019137
1265347064596062208
1265347044530675712
1265346997751386112
1265346908450623488
1265346870269878274
1265346861864488961
1265346847603900420
1265346841308213250
1265346830633705476
1265346828838502400
1265346797800689666
1265346788397121541
1265346758948696064
1265346710307393537
1265346647392837632
1265346566690418688
1265346446506647552
1265346435504992261
1265346311584280577
1265346283587416064
1265346267489742855
1265346170928410624
1265346060773322752
1265346034009595904
1265345981152817152
1265345970100768769
1265345913381404672
1265345898583900160
1265345867336253443
1265345840689881088
1265345778370908161
1265345774730149888
1265345733017743360
1265345707910795265
1265345669578895360
1265345628902588416
1265345614256181248
1265345603967410176
1265345598498242560
1265345592286261249
1265345590596194311
1265345430465863680
1265345377294782464
1265345373532499968
1265345329718718464
1265345279240179712
1265345193449943040
1265345044833173505
1265345037052903425
1265345025606467584
1265344948628406273
1265344851547217921
1265344802012487681
1265344723054723077
1265344677202391040
1265344630834565121
1265344609661509633
1265344587280683008
1265344525574311938
1265344496503525383
1265344470087659520
1265344469081022464
1265344417403027456
1265344381017456640
1265344310771421189
1265344210904875008
1265344208283500545
1265344084190932992
1265343981166051328
1265343919316848641
1265343881530544129
1265343757425278977
1265343720943042560
1265343692468031488
1265343655994200064
1265343653871939584
1265343634171445249
1265343557960957952
1265343485449658368
1265343477593911301
1265343412523286533
1265343394831884302
1265343347121586176
1265343241781731329
1265343240951250952
1265343225306497024
1265343208524931072
1265343150744309762
1265343112483713025
1265343083207471104
1265343063523762176
1265343058704568324
1265343042686455810
1265343042115915776
1265343028052414464
1265343023153664004
1265343012747407361
1265343007991033857
1265342988600979458
1265342972960407554
1265342934326673408
1265342886091960320
1265342880190566402
1265342842374930439
1265342823294922759
1265342733880905731
1265342632231751680
1265342608370552832
1265342604851515393
1265342401163526144
1265342327385657345
1265342275187429377
1265342239296892930
1265342186343653378
1265342169147076609
1265342141708021764
1265342124750450689
1265342100167483392
1265342083398860805
1265342073043136515
1265342043393589249
1265342030026125312
1265341922371084288
1265341904872337408
1265341820667490305
1265341820373889025
1265341793647751168
1265341680846241792
1265341680552558592
1265341622629400576
1265341483063754752
1265341454504865794
1265341438289567744
1265341428894330881
1265341399337177089
1265341313727098882
1265341183376666630
1265341172366663686
1265341051419504641
1265340909253771272
1265340789200125952
1265340764248313857
1265340737605926912
1265340730878431233
1265340714088411136
1265340703573491713
1265340634006646784
1265340628847779841
1265340555753435137
1265340510882807808
1265340507246350343
1265340455841120257
1265340445326020611
1265340428573958146
1265340419681980422
1265340392469225472
1265340296868409344
1265340294867742720
1265340286689050624
1265340148641722368
1265340116341489664
1265340109714489346
1265339957851426820
1265339884098564096
1265339784257572865
1265339749536956416
1265339733208489984
1265339620688105473
1265339577239138310
1265339449233354758
1265339299043536896
1265339289048477697
1265339283818283014
1265339277011025921
1265339200590819334
1265339186338361345
1265339177979334657
1265339100480954368
1265338972554833920
1265338970411597825
1265338925956112386
1265338872256434184
1265338834155380737
1265338821475958784
1265338801867587587
1265338800173170688
1265338799980150784
1265338798797279232
1265338744736899072
1265338680412999680
1265338671584047105
1265338668526432257
1265338641368461312
1265338488456708097
1265338398685884416
1265338381392728064
1265338353647521794
1265338264954695681
1265338260718419968
1265338258147311618
1265338240569167874
1265338229705900033
1265338193789870080
1265338193764741120
1265338171618803715
1265338129092718592
1265338087556685825
1265337959177351168
1265337948049833984
1265337909181210625
1265337899312123910
1265337885995089920
1265337876075540481
1265337817770721282
1265337763680808960
1265337691698352128
1265337675587829760
1265337649683763200
1265337637277073409
1265337598743941120
1265337580649721856
1265337464899670016
1265337397853564934
1265337387300925440
1265337368539693056
1265337354216247302
1265337245462138882
1265337198871588864
1265337148955189248
1265337143188246529
1265337058706374656
1265337042076082177
1265337031191904257
1265337011247837184
1265336975319498759
1265336887310454784
1265336852090773506
1265336654698442752
1265336600109735943
1265336597022748672
1265336545004969986
1265336367455842304
1265336331393171456
1265336185486020611
1265336009509781505
1265336004677783552
1265335996331196418
1265335984612208640
1265335935194943488
1265335906183110664
1265335890232172545
1265335887585394689
1265335783231283200
1265335770367197185
1265335769331269632
1265335713987391488
1265335703581241344
1265335675307556867
1265335648455663616
1265335642327638016
1265335603786326017
1265335600996999168
1265335455035174913
1265335441646956545
1265335409476689921
1265335406863634433
1265335380510818304
1265335363599548417
1265335349364101120
1265335226483367936
1265335223849541633
1265335178194345984
1265335156988051456
1265335139682471942
1265335133143474187
1265335126982000640
1265335121600708612
1265335117104287746
1265335114851954688
1265335102579638272
1265335059218907136
1265335050192601090
1265335024800407555
1265334919603118080
1265334918495850502
1265334842197184514
1265334814456139787
1265334805387972609
1265334803802599426
1265334769681760256
1265334741546397696
1265334737448681474
1265334720990113797
1265334702728196097
1265334674957590531
1265334669324636160
1265334631680954373
1265334605609086977
1265334451858440192
1265334443344044034
1265334432451268610
1265334396019568640
1265334395990192128
1265334382706880513
1265334273118220292
1265334258731802626
1265334246111014912
1265334207414333440
1265334172614361090
1265334167761375232
1265334133942824964
1265334097481568256
1265334073779617798
1265334060156481537
1265334002040205315
1265333894590738438
1265333884230795270
1265333852949614597
1265333847589175296
1265333814592585729
1265333813506445312
1265333781583425536
1265333739279781888
1265333705113042945
1265333687815680000
1265333654823133184
1265333618710204416
1265333512757968897
1265333492742868997
1265333467858063360
1265333459574128640
1265333445049356294
1265333404238671872
1265333295987871744
1265333232200974341
1265333128756789249
1265333051896270848
1265333050348654592
1265332965552189441
1265332963765518338
1265332898913112064
1265332892210573313
1265332882568105984
1265332859272695808
1265332843888234498
1265332835197480960
1265332773310660609
1265332738610978816
1265332629613789184
1265332475355676672
1265332429004386304
1265332374499323904
1265332263992078336
1265332226725605376
1265332196484636677
1265332193397784577
1265332144139878407
1265332105887846402
1265332054901747713
1265332011763458048
1265331847027814402
1265331790262210563
1265331788009795584
1265331778656464898
1265331703146409985
1265331690613821440
1265331664378421248
1265331614575280128
1265331506911883274
1265331461873270784
1265331435180716032
1265331430319505409
1265331402662277120
1265331400120688641
1265331319623389184
1265331315315888129
1265331280234905601
1265331261880414208
1265331167978545153
1265331152916643840
1265331151071133696
1265331096029282307
1265331033299279873
1265330995361837057
1265330950876979200
1265330944266797056
1265330843746070529
1265330754344501248
1265330725215068160
1265330724611080192
1265330705585836032
1265330702335315969
1265330689592848384
1265330645338861568
1265330623226380289
1265330603123019776
1265330495329497088
1265330468003540993
1265330389209411584
1265330277003354113
1265330180542943233
1265330171604803584
1265330087655858176
1265329828242190337
1265329784596295680
1265329775700135937
1265329759766163457
1265329702916354049
1265329695182057472
1265329690576912384
1265329618556346368
1265329504635047938
1265329376872169475
1265329362141773827
1265329360778563585
1265329200283541505
1265329192545030144
1265329090602471424
1265329070394372097
1265329067399708673
1265329011917336576
1265328921823916033
1265328905990180864
1265328878811140096
1265328863405658116
1265328777409650689
1265328770631770112
1265328768220102658
1265328733180829699
1265328698552733696
1265328624774680578
1265328534697852928
1265328486090235914
1265328442364645376
1265328411918000129
1265328330007609349
1265328227280617472
1265328194942578688
1265328190375038978
1265328186432290821
1265328150604509185
1265328107294081024
1265328068844912640
1265327977136414720
1265327975903268864
1265327954378326019
1265327884115120128
1265327809213468672
1265327781417639936
1265327673527554048
1265327631467085824
1265327613192613889
1265327593412321280
1265327569127133189
1265327567017521154
1265327506371997696
1265327502383185920
1265327457613172736
1265327432980000768
1265327352982069249
1265327231192240130
1265327140058382338
1265327119665524737
1265326958805647366
1265326914480345090
1265326817335902208
1265326667905589248
1265326644773806082
1265326554265063427
1265326445963821056
1265326405388308480
1265326402552954881
1265326361876422656
1265326320612855808
1265326263675191296
1265326253168644096
1265326207677214720
1265326171123855361
1265326166044442624
1265326159757299713
1265326135556165635
1265326130334056453
1265326123149340677
1265326094615564290
1265326073249533952
1265325986087927809
1265325983789285378
1265325932065091584
1265325905351790593
1265325869960253446
1265325867711868929
1265325823084556288
1265325810786828290
1265325799915192321
1265325774724349954
1265325739668365312
1265325693124046853
1265325635670441984
1265325523967676416
1265325460193292288
1265325459362873344
1265325359152553984
1265325254647439361
1265325211299098625
1265325208694599682
1265325188553551873
1265325173869146112
1265325099198164993
1265325095612014593
1265325048631451649
1265325031439192064
1265324993271025664
1265324986782248966
1265324963034091520
1265324950010773506
1265324869379674114
1265324786143711236
1265324648708870144
1265324643637846017
1265324638382419973
1265324530735726595
1265324422161784832
1265324390935224320
1265324310597529600
1265324302527848449
1265324260295311360
1265324250719825923
1265324243522252800
1265324130095837184
1265324071060979713
1265324056435458048
1265324026009800705
1265323986147094528
1265323965284675584
1265323622173835266
1265323615592910848
1265323568016945153
1265323565513048066
1265323521732820992
1265323468091842560
1265323418834145281
1265323382213685257
1265323365385990144
1265323354157809667
1265323322998317059
1265323236952166400
1265323176663212032
1265323143184314368
1265323083058962433
1265323078248267776
1265323026452819968
1265322890351669248
1265322460850778112
1265322458124414983
1265322427795615745
1265322384036294657
1265322377027579904
1265322320911929344
1265322318080946185
1265322273713590273
1265322267883560960
1265322218604711936
1265322126493417472
1265322103982743552
1265321898419924993
1265321839074537472
1265321744019193860
1265321741687144448
1265321732853821441
1265321723974451202
1265321719452938241
1265321681091870721
1265321628595978241
1265321545683005442
1265321530336006144
1265321525067935749
1265321501215141889
1265321409942880261
1265321369895657472
1265321326509723648
1265321323493904385
1265321286596726785
1265321280141758469
1265321262773043213
1265321260432515072
1265321087350554626
1265321052202205185
1265321031352242177
1265321001832853505
1265320979431129088
1265320942835830787
1265320912699547649
1265320895960268800
1265320822266363908
1265320777269690370
1265320731543388161
1265320651738320896
1265320647292411904
1265320611124899840
1265320607593488386
1265320497492840448
1265320430002270209
1265320418543632387
1265320308279369728
1265320135084015617
1265320109637337089
1265320048597463040
1265320041932709889
1265320038992666624
1265319966565445635
1265319958419931136
1265319919832481793
1265319860038520832
1265319844158701569
1265319843776958464
1265319795353808896
1265319724533112834
1265319722867924993
1265319612331233280
1265319529481007104
1265319489739976705
1265319460237389824
1265319341110812675
1265319301764075520
1265319258914877442
1265319217286377474
1265319196344250368
1265319034947424257
1265318992513839105
1265318729329467392
1265318715215634433
1265318661037780995
1265318548697579521
1265318491755696129
1265318389209325568
1265318347119484928
1265318336222523403
1265318197940510721
1265318180530139138
1265318089077387265
1265318047956361220
1265318026519302144
1265317990645608450
1265317969157959685
1265317927806357504
1265317910500855814
1265317868515651584
1265317812601413632
1265317730866982913
1265317699216904193
1265317581264572416
1265317580073566208
1265317564722405376
1265317429598715911
1265317377387847680
1265317367510257666
1265317328729726976
1265317294046982145
1265317276548501506
1265317170327752705
1265317168952086533
1265317120092471296
1265317099754467328
1265317085967716352
1265317074349338625
1265317062517407750
1265317032578281472
1265317002417242114
1265316976823463936
1265316940441980929
1265316936667324417
1265316892245258240
1265316876332101632
1265316800180322305
1265316776524447745
1265316745717469184
1265316672686227456
1265316614636843009
1265316556952633348
1265316381316300800
1265316309664849926
1265316179599659009
1265316178932703233
1265316139959083008
1265315739356938241
1265315726430097409
1265315647480827905
1265315581323931649
1265315520053575680
1265315491159007232
1265315487333801986
1265315468958629888
1265315389862379522
1265315373974315008
1265315275295121410
1265315255133114370
1265315227244965893
1265315217518575618
1265315175843811329
1265315163726508033
1265315064124526593
1265315032335708161
1265315019014590464
1265314983824502784
1265314925020246017
1265314901083320320
1265314850311290880
1265314847069069313
1265314818929483776
1265314757529047041
1265314645126131716
1265314621457444864
1265314462807937028
1265314450602590214
1265314439831535617
1265314378926129153
1265314364967407616
1265314299884392448
1265314270516072448
1265314220695928833
1265314184801054720
1265314147920678913
1265314143818612737
1265314026013159424
1265313986888622080
1265313777320247297
1265313766993883139
1265313739844149249
1265313734227980289
1265313616343040002
1265313552388239363
1265313546826420229
1265313510805737473
1265313488689410048
1265313372678918145
1265313268488273921
1265313262440079361
1265313179434803205
1265313166252072963
1265313162745638912
1265313096110706688
1265313080831066113
1265313011255750662
1265312959808638976
1265312941307359232
1265312938690314242
1265312903822893056
1265312875272441861
1265312843328442370
1265312771417071616
1265312721504894981
1265312698105020416
1265312589820674048
1265312570644344832
1265312536322244610
1265312430474788865
1265312390028988417
1265312334039269377
1265312331904540672
1265312318000250880
1265312272408166400
1265312190392745984
1265312190061408257
1265312178120413184
1265312128686161922
1265312021324500993
1265311969214676999
1265311876755320832
1265311759348273152
1265311713294823424
1265311608290578437
1265311606528806913
1265311567656206336
1265311567068962817
1265311465973530630
1265311306787155970
1265311255629312005
1265311251799740417
1265311138553704448
1265311057968541698
1265311031850463233
1265311028201439233
1265311027593465862
1265310919816445952
1265310916721037319
1265310912614989829
1265310902670315522
1265310848139923456
1265310770180395011
1265310654925242368
1265310651393601536
1265310595814850561
1265310508401389573
1265310505029099521
1265310453728546817
1265310429439422464
1265310362020089857
1265310330495758342
1265310235482296320
1265310147330498561
1265310109628014593
1265310108361334785
1265310028040306690
1265310014614286336
1265309962760269826
1265309929868582919
1265309728990773249
1265309689979400193
1265309600351305728
1265309596794515456
1265309512824532993
1265309365696937988
1265309361783504896
1265309314551410688
1265309310000656386
1265309267361333249
1265309266010923008
1265309247673233409
1265309163736854528
1265309159609651207
1265309152760365059
1265309147198783488
1265309021155688455
1265309015459770368
1265308951194800130
1265308807833374723
1265308801378349057
1265308760156696576
1265308685292589056
1265308669094146048
1265308661347495941
1265308587103973377
1265308505327747078
1265308471802490885
1265308403213258753
1265308400449093632
1265308199109844992
1265308187101671424
1265308178209632256
1265308158433599490
1265308157657710595
1265308089521037314
1265308035930484736
1265308030243082245
1265307972768415745
1265307913536499712
1265307888018325505
1265307880657350656
1265307879977783296
1265307876999876608
1265307873476669440
1265307836143112193
1265307754337464320
1265307730379567109
1265307722355838976
1265307702151933952
1265307580361998336
1265307541417848837
1265307508727562240
1265307468478939145
1265307447176159232
1265307412744908800
1265307311314108418
1265307249213239297
1265307229101518848
1265307219932753920
1265307190694277120
1265307174827208706
1265307166300405761
1265307141323190277
1265307121958244358
1265307100869263361
1265307066861838339
1265307051196063744
1265307016211251207
1265306986163212288
1265306895520157697
1265306856228098053
1265306854176980992
1265306849596698624
1265306824762368003
1265306807200817155
1265306775114244096
1265306751844286465
1265306729127923713
1265306702292807680
1265306629374763009
1265306612517924865
1265306589839278083
1265306479923392512
1265306475968299008
1265306379251679235
1265306361887289350
1265306352852721665
1265306310179868672
1265306296598753286
1265306142898393089
1265306100347228162
1265306065618386946
1265306027198570496
1265305979547037696
1265305961843036160
1265305931589406721
1265305922299027456
1265305908411682816
1265305837829939202
1265305809191235584
1265305796897697792
1265305761321803777
1265305759614676992
1265305722239111168
1265305715616313344
1265305664332709889
1265305636759392256
1265305631038124034
1265305630086217734
1265305596842123267
1265305552071954432
1265305533222981633
1265305508430229511
1265305450909782018
1265305423181082627
1265305417451622401
1265305402322763777
1265305287902322692
1265305262019104768
1265305171686567936
1265305145383940096
1265305094121066498
1265304986847555585
1265304931218493440
1265304913006833664
1265304891557208069
1265304840563044353
1265304797965508608
1265304768102035467
1265304750116859905
1265304631678287875
1265304626674282496
1265304590305525767
1265304472600948742
1265304425729372161
1265304418527768576
1265304333802860544
1265304280518365184
1265304254799056899
1265304244287967235
1265304151631650816
1265304145021399040
1265304133264867328
1265304064432242688
1265304001752395778
1265303979367362561
1265303906621497346
1265303904914464770
1265303846210977796
1265303826418016258
1265303784953176069
1265303761666244609
1265303642858328064
1265303593676046337
1265303576433180672
1265303523392016385
1265303454655766530
1265303433491472385
1265303347982028800
1265303298824761344
1265303217438523393
1265303202876063753
1265303081207517184
1265303081085890562
1265303080842584064
1265303048756137984
1265303043555262471
1265303041244356614
1265303019010154496
1265303004854419456
1265302883383173120
1265302858678726656
1265302725874483201
1265302701979709447
1265302688805224448
1265302688389935109
1265302673504342017
1265302673299046402
1265302624133214210
1265302552393867265
1265302473960566784
1265302421149892608
1265302398861541376
1265302387134050306
1265302369014673408
1265302293785858049
1265302257765097472
1265302249154150404
1265302244372578304
1265302222667018241
1265302208221868032
1265302173245636608
1265302116081467393
1265302082526908416
1265302041599053826
1265301959809986565
1265301933889380352
1265301885625307136
1265301863504609280
1265301817585332226
1265301676941930502
1265301632998207488
1265301593672605696
1265301535736467457
1265301476273827841
1265301427556978688
1265301427183910922
1265301353061998592
1265301302197641217
1265301267922006017
1265301255225856001
1265301251433979904
1265301235323805699
1265301128591192069
1265301070168731649
1265301027840024576
1265301017656045569
1265300995824775168
1265300988514242562
1265300974463139840
1265300910877683714
1265300894779752450
1265300829134700544
1265300716047998976
1265300678617923584
1265300665833848832
1265300594803130371
1265300551132049408
1265300526683443205
1265300503916802048
1265300491128299521
1265300426548629505
1265300345246248960
1265300304070873089
1265300262257717249
1265300261305712642
1265300224924430338
1265300168095617024
1265300057173250048
1265299959470944257
1265299928617611264
1265299920501628928
1265299917536464896
1265299877291933696
1265299802373279749
1265299775894798337
1265299773520658433
1265299662505775104
1265299565063876614
1265299541298786307
1265299516397252609
1265299442707705857
1265299422889435137
1265299297937100808
1265299253057871872
1265299252965605376
1265299143242715136
1265299140193345536
1265299036342415361
1265299025164730370
1265299021247234050
1265298992851636225
1265298839721869313
1265298823368212480
1265298759879180289
1265298659341504513
1265298596397793281
1265298579662356480
1265298556874657792
1265298549404622851
1265298536431640577
1265298514759741440
1265298486456733697
1265298430836047874
1265298341753053184
1265298312246243330
1265298298686095366
1265298292856041474
1265298226397057025
1265298216901320705
1265298155895009281
1265298147678597120
1265297975548534785
1265297940291055616
1265297844375654403
1265297802919280643
1265297790487289856
1265297769347989506
1265297745914368002
1265297745067364353
1265297706227990528
1265297697528930304
1265297675445993476
1265297665128087558
1265297641057013764
1265297612812324865
1265297601357905920
1265297583733239808
1265297542419546112
1265297514347081731
1265297404129153029
1265297391046946816
1265297374680940546
1265297358499135488
1265297304019296256
1265297263452057600
1265297258758602752
1265297189162475523
1265297180446748672
1265297133558796291
1265297075937390592
1265296934736031744
1265296788216590340
1265296724039536649
1265296702115897351
1265296686714216449
1265296673791602688
1265296664010485761
1265296648852234246
1265296496456589319
1265296484653645826
1265296436478050305
1265296380773318660
1265296364319248384
1265296333704839169
1265296332270395392
1265296321285689352
1265296311017967617
1265296310975950848
1265296308840980481
1265296299764715520
1265296259604254722
1265296249000845315
1265296246949834753
1265296240968781826
1265296197478232068
1265296130654568453
1265296130465648641
1265296127378591744
1265296077130919938
1265295935354990593
1265295915973332994
1265295874873147393
1265295858720927744
1265295842862411778
1265295772465029120
1265295749056692225
1265295708204089345
1265295670048550913
1265295655150383104
1265295591871000587
1265295588297371648
1265295420839739392
1265295378846380035
1265295245689753601
1265295244863496193
1265295169487728640
1265295104245448705
1265295029028810755
1265294999920443392
1265294957289418752
1265294864326914054
1265294576622993408
1265294519035146240
1265294501829984257
1265294492665393158
1265294489771368448
1265294485711278081
1265294475410063361
1265294443713662976
1265294409727381504
1265294404215959552
1265294305943416833
1265294291087179776
1265294124950978562
1265294064984813568
1265294037356965889
1265294033275912194
1265294006872707072
1265293864941879296
1265293751359926272
1265293726420615168
1265293719667793920
1265293684439834627
1265293639720337409
1265293575970947072
1265293539337842688
1265293498795753472
1265293404520550401
1265293341509300224
1265293254779711489
1265293215185408000
1265293198156378112
1265293183463776258
1265293147652919298
1265293114559746048
1265293076043575303
1265293062462304257
1265293039209050112
1265293018124304384
1265292998348136448
1265292996184023041
1265292980576874496
1265292979356332033
1265292956283531265
1265292864344354816
1265292815451459586
1265292809315090432
1265292802327527426
1265292795704602629
1265292760376119296
1265292691924873220
1265292621964066816
1265292609565659136
1265292423124533252
1265292415482519560
1265292370960093193
1265292271446044673
1265292259169189888
1265292238860349440
1265292224104816648
1265292193771614214
1265292176734384129
1265292165137133570
1265292094282756100
1265292045524090882
1265292034505670657
1265291812249284608
1265291800853581825
1265291756448423937
1265291721132216320
1265291690132324353
1265291664085532672
1265291594468478976
1265291544434601984
1265291354357276673
1265291263189770240
1265291168331345920
1265291163344400385
1265291047661219841
1265291026333184000
1265291018150256642
1265291017755844608
1265290972210003969
1265290866421166080
1265290859999682560
1265290848998023168
1265290818576769024
1265290816425095168
1265290815942742016
1265290751362994177
1265290749811150849
1265290737706385408
1265290664964571136
1265290602603638784
1265290593930002435
1265290512057069568
1265290505077702656
1265290489147928578
1265290473767227393
1265290384030208000
1265290314467741702
1265290246607958016
1265290138193522689
1265290089740959744
1265290074347892736
1265289978881298433
1265289960845803521
1265289929786966017
1265289926502871040
1265289919460593667
1265289846534397953
1265289823067049984
1265289772735447040
1265289646851846144
1265289617764302849
1265289416202784768
1265289245976981505
1265289228272852992
1265289165068832770
1265289105555877893
1265289097863553025
1265289004771151872
1265288887712141313
1265288740857155587
1265288688142921730
1265288632157470726
1265288613295558658
1265288589723734019
1265288541740740615
1265288521994178565
1265288483884503041
1265288465643532294
1265288441358618626
1265288392977166336
1265288362048385024
1265288273351434243
1265288209421893634
1265288208020955137
1265288185426243591
1265288117029867520
1265288111069646848
1265288103410847744
1265288042698293248
1265287883587379202
1265287869737783297
1265287837731045377
1265287686409125889
1265287587234631681
1265287531370672130
1265287499967901696
1265287428069343234
1265287404027555844
1265287293473968128
1265287283403485186
1265287216315740160
1265287208820518919
1265287186498285571
1265287085537148928
1265287026070351873
1265286967043948544
1265286801264046080
1265286768913289220
1265286753524441089
1265286744020303874
1265286620543987713
1265286534862864394
1265286483096657921
1265286466877288452
1265286279396278278
1265286233338544128
1265286215214854145
1265285957999366144
1265285954924875777
1265285935295414272
1265285817276092417
1265285814952607747
1265285803980148736
1265285754931961861
1265285717321592833
1265285673482846208
1265285666209964033
1265285527172820993
1265285444901588997
1265285443660050434
1265285372021530625
1265285368301203457
1265285231096950789
1265285184246542336
1265285171244183552
1265285065501597696
1265285000255041537
1265284955220787201
1265284940612001792
1265284928020770818
1265284834802319361
1265284744650121218
1265284717777059840
1265284654816321536
1265284557525389325
1265284448758595584
1265284417481670656
1265284381490376705
1265284274854326272
1265284257129410560
1265284220399861761
1265284149436272640
1265284140422881282
1265284027595939845
1265283977595613184
1265283929142996995
1265283914597199872
1265283908049833985
1265283830174191616
1265283748880248835
1265283647680077824
1265283622912876546
1265283606634610688
1265283549835530240
1265283472517554177
1265283440431247360
1265283438568931329
1265283343844769793
1265283323175342080
1265283308457299968
1265283289310310400
1265283260688379906
1265283181814530050
1265283164072603648
1265283059768627200
1265282832919695361
1265282827047723014
1265282662828257281
1265282650442330112
1265282545060438017
1265282522134351872
1265282479209902080
1265282440526024708
1265282361777782785
1265282357155835905
1265282355121381376
1265282354140123137
1265282336179941376
1265282327388852225
1265282308866625539
1265282291368030209
1265282253753479168
1265282251358482432
1265282185793138689
1265282120626270210
1265282054717157378
1265282051244253184
1265282024949968899
1265281983136935936
1265281983095046145
1265281949502803970
1265281937674887169
1265281909199785985
1265281885493583872
1265281877226725377
1265281821551529984
1265281723484569601
1265281674104848384
1265281575421382656
1265281530148069376
1265281522631946240
1265281514092150786
1265281384177823744
1265281378184118274
1265281322139828225
1265281252476755969
1265281208339935232
1265281022536507392
1265280927267033088
1265280887840636933
1265280869985660928
1265280820270362624
1265280777719123969
1265280641387556864
1265280640783532033
1265280513675157504
1265280455533707264
1265280414400184321
1265280352399966210
1265280297555247104
1265280284993314817
1265280221420285952
1265280178546020355
1265280047734112256
1265279966133944326
1265279964045176838
1265279946722705408
1265279898223927297
1265279895497633792
1265279826266472448
1265279753046630400
1265279750206971904
1265279747782668290
1265279719756439552
1265279694850539526
1265279653834448898
1265279631936098304
1265279629650096132
1265279602139623425
1265279562558197762
1265279537111130114
1265279453472518146
1265279289722728450
1265279240100106241
1265279174459047939
1265279062919884803
1265279041671577600
1265278975330246656
1265278941977182208
1265278937413808129
1265278831755067393
1265278803800014850
1265278701819711489
1265278700435632131
1265278207504166913
1265278036947005447
1265277957225906182
1265277899784908802
1265277855627280387
1265277826753650688
1265277818725785606
1265277773515390977
1265277753126842368
1265277751822409735
1265277679676174339
1265277573270929408
1265277568179036160
1265277540182056964
1265277411370733570
1265277129320574976
1265277101910999040
1265277054636834816
1265276908595326976
1265276892833181697
1265276873413623809
1265276846494683142
1265276803016536064
1265276767087947782
1265276699941330944
1265276671088660480
1265276634958925825
1265276619117064194
1265276491362783232
1265276483041443840
1265276378842202112
1265276319887024134
1265276189842661380
1265276055125925889
1265276027934105602
1265275977912836098
1265275901974941697
1265275752045441025
1265275727676502017
1265275534432301069
1265275527230656513
1265275496503246848
1265275476915843073
1265275463401746432
1265275454476267520
1265275448390344704
1265275383206862848
1265275229363998721
1265275163819597824
1265275151907774464
1265275089093832704
1265275061620989952
1265275007841624065
1265274994633785346
1265274862701928452
1265274738689011712
1265274609726873601
1265274599568097282
1265274591439736832
1265274514851717121
1265274385411092480
1265274366217957381
1265274365223952385
1265274218704445440
1265274193383325697
1265274115159740418
1265274086667587585
1265274062097354752
1265273987526844419
1265273983433400321
1265273954052108288
1265273899010322434
1265273681342676994
1265273668822691840
1265273660169875457
1265273602137448450
1265273557870710784
1265273492922159104
1265273364479795201
1265273147181285377
1265273142278144003
1265273092944703495
1265273031535898624
1265272970521407489
1265272958945161218
1265272958504693760
1265272937176690688
1265272924279238656
1265272840980320256
1265272829995397120
1265272812740079616
1265272568040157186
1265272498003644416
1265272239462723584
1265272162983632897
1265272038123397125
1265272014593331201
1265271907110326273
1265271741837795329
1265271728814485509
1265271522505240576
1265271507074387969
1265271487939751936
1265271473905659912
1265271464334245888
1265271440594448385
1265271390321721347
1265271262802132992
1265271195718447105
1265271167322959872
1265271166270242818
1265271156182937602
1265271105897598976
1265271094174347265
1265271042844622848
1265271036452327426
1265270980026355712
1265270895834095617
1265270752757944323
1265270752015572994
1265270735565549568
1265270734949154816
1265270656591032320
1265270656293195779
1265270628938104833
1265270582041473026
1265270548923179008
1265270367804784640
1265270271503552514
1265270213756383232
1265270168474681345
1265270116750483456
1265269988094435328
1265269881307459586
1265269541564583936
1265269518076645378
1265269471133888512
1265269461386276865
1265269397226172416
1265269339151712256
1265269286639206402
1265269261469007873
1265269137573470209
1265269066232553473
1265269019642261504
1265268973463052289
1265268966403915776
1265268863970639873
1265268853673586688
1265268824829460481
1265268716721238017
1265268715152723968
1265268553420165121
1265268483886989312
1265268394670141440
1265268309110358017
1265268302441398273
1265268238067236869
1265268199777382406
1265268151379320832
1265268119867703298
1265268097541271555
1265268085071593475
1265268044919537666
1265267997922508800
1265267951667679234
1265267864279416832
1265267831475589120
1265267772755283968
1265267726383120384
1265267681214607360
1265267618052636672
1265267557008699393
1265267486666092544
1265267447235440640
1265267282692853767
1265267236253470720
1265267226610855936
1265267126656552963
1265267077293596676
1265267075611627521
1265267046566092800
1265266986218450946
1265266912247808002
1265266896460341251
1265266878701686784
1265266797760122880
1265266637822820352
1265266635155206146
1265266634400444416
1265266608253005824
1265266579077427201
1265266302660329472
1265266182346563584
1265266104177315842
1265266031058018306
1265265985302474753
1265265970756673537
1265265957221494791
1265265875667390470
1265265859477594114
1265265805735813123
1265265731157065728
1265265723590365184
1265265674101747714
1265265671266598912
1265265666380099584
1265265664811466757
1265265654669557760
1265265593982365697
1265265363547119616
1265265356366635009
1265265319892750336
1265265213663662080
1265265199499448324
1265265126447316994
1265265016623763456
1265264965360988163
1265264916111360001
1265264765108023296
1265264657402482688
1265264645792645120
1265264551437701120
1265264434924023809
1265264381161422848
1265264329026228224
1265264296247742466
1265264193122365440
1265264157823098881
1265264101418135553
1265263955900903424
1265263866050560001
1265263838770782208
1265263834920452097
1265263834052218880
1265263700254101508
1265263648974475266
1265263629080735745
1265263614144860160
1265263593877987332
1265263580842205184
1265263457173213187
1265263445449928705
1265263218101874689
1265263215056838656
1265263120831746048
1265263115056418817
1265263102708248577
1265263042956271616
1265263037444878336
1265262930125193218
1265262733395705857
1265262672469057537
1265262664512495616
1265262658925719552
1265262388892164096
1265262328972554246
1265262248974356480
1265262173405581312
1265262131034812417
1265262122813947905
1265262003280474112
1265261968279040006
1265261959848488961
1265261901304360961
1265261898720620544
1265261848158507009
1265261799961620480
1265261795830161408
1265261640167161861
1265261607040487424
1265261601495453696
1265261475397922818
1265261458788474884
1265261287396630533
1265261256522387456
1265261229343305728
1265261167728922624
1265261137378959362
1265261133994180608
1265261125462941696
1265261098615406592
1265261060837142528
1265261016813899776
1265261000812630020
1265260973943746561
1265260931346391045
1265260909166948353
1265260833682018309
1265260767881773056
1265260613837586439
1265260596351561735
1265260490076246017
1265260453233483777
1265260280432324608
1265260111817084936
1265260060793425923
1265260006179344389
1265259986277429248
1265259944187658240
1265259910301876226
1265259720547291140
1265259492364570626
1265259491446198272
1265259422198177794
1265259402111651840
1265259292841648132
1265259159886405633
1265259063085940736
1265258981913591808
1265258887331975169
1265258863084871686
1265258789650886657
1265258787960614915
1265258711385174024
1265258700782145537
1265258586109853696
1265258527796461568
1265258515532337152
1265258506795446273
1265258373215387648
1265258324284502016
1265258226209230850
1265258148715040769
1265258141085810688
1265258081123831809
1265258078766723072
1265257919852843009
1265257907764879360
1265257859798888448
1265257829058768898
1265257786608320513
1265257730966564864
1265257671764000770
1265257661454585857
1265257387247591425
1265257335842197506
1265257305488195584
1265257247916961793
1265257232024793088
1265257167835127811
1265257112717848581
1265257086872702976
1265257018509541378
1265256829434474496
1265256801643053058
1265256779992068101
1265256746643324928
1265256745095401472
1265256590031982592
1265256551054376961
1265256466639810560
1265256374088265736
1265256368442769412
1265256361534746625
1265256328319995904
1265256195700297728
1265256134652256256
1265256058294906880
1265256030876942336
1265255938002309124
1265255856687296512
1265255782439772162
1265255712478728192
1265255509717745666
1265255387348914177
1265255382395392001
1265255380705177601
1265255353710600194
1265255264199925760
1265255214363242496
1265255052500844547
1265255007508672514
1265254892379111425
1265254890613301248
1265254854521270273
1265254843217657857
1265254787492151297
1265254748812238848
1265254701097873408
1265254660639612929
1265254629626884099
1265254602837864449
1265254569082343424
1265254556797026307
1265254376366501888
1265254300982247426
1265254285232627712
1265254231705038849
1265254217989550085
1265254126117584909
1265254091178962948
1265253939907162113
1265253881367326720
1265253751528415234
1265253745367019520
1265253745165664256
1265253728103419904
1265253692636139520
1265253646733737985
1265253636914835456
1265253623677644800
1265253515603009537
1265253478349156354
1265253469553700864
1265253445436465153
1265253365329657858
1265253181744955392
1265253177458176000
1265252996666978304
1265252829964365825
1265252761039368194
1265252759386771456
1265252755557376001
1265252712695754754
1265252630827118593
1265252571830120449
1265252549273292801
1265252532949049345
1265252296356659203
1265252169025900545
1265252109168939017
1265252095952707584
1265252093591420940
1265252067129593857
1265252031276519424
1265252005242482688
1265251978910687233
1265251956227858435
1265251946400628736
1265251820537909249
1265251793090404352
1265251770856386560
1265251478756683776
1265251408388882432
1265251401346605057
1265251287513399300
1265251237638754311
1265251164574019584
1265251042423222279
1265250863162908672
1265250683579580416
1265250502415089665
1265250486866894850
1265250404033368064
1265250327814483969
1265250318360535040
1265250258717519875
1265250222248128513
1265250197044514816
1265250068413595648
1265249848279789568
1265249816075923456
1265249812368117760
1265249805669855234
1265249778989969410
1265249690821423104
1265249565751472129
1265249377095790592
1265249367507652608
1265249334091632641
1265249264906596352
1265249249068847104
1265249143112359936
1265249116608557056
1265248982885777413
1265248891672223745
1265248871753506817
1265248794838355968
1265248765025284098
1265248717965193217
1265248695596929025
1265248544119635968
1265248443125002241
1265248414050029569
1265248298568318976
1265248051578523654
1265247977225904131
1265247810791723008
1265247769981140992
1265247616331218945
1265247611499372544
1265247609611935746
1265247594206224384
1265247594080419840
1265247535079157761
1265247435913216000
1265247392334413824
1265247360893857792
1265247357441961985
1265247344112496640
1265247330967539712
1265247326295261185
1265247322172125186
1265247274285727744
1265247024775135232
1265247004004773888
1265246862228901889
1265246849687883779
1265246772760178689
1265246340092555264
1265246334459707394
1265246220206788608
1265246046461980672
1265246035506421760
1265245998256803841
1265245968896684032
1265245917302493184
1265245842643939329
1265245841125588992
1265245740026101761
1265245601148440576
1265245586191716352
1265245523088474113
1265245417928667136
1265245365286002688
1265245338190770177
1265245209161609218
1265245186185211904
1265245162764038144
1265245140509093889
1265245098117234689
1265245055914094592
1265244881720471554
1265244864859369478
1265244794017574913
1265244771880038401
1265244759238430720
1265244676900057089
1265244420552527873
1265244282341871617
1265244265552031744
1265244242944786432
1265244035599306752
1265244031090454528
1265243922382503936
1265243919778013184
1265243548678406146
1265243440863834113
1265243430172520448
1265243376871497729
1265243375998885888
1265243345036521473
1265243342960332800
1265243304297447424
1265243220608462848
1265243158268407808
1265243136084684800
1265242649293762560
1265242615730978817
1265242566187868163
1265242522621603840
1265242486609510400
1265242449443581952
1265242448109793280
1265242400764489735
1265242368694874112
1265242362835537920
1265242338827235329
1265242307189587968
1265242241510981632
1265242171227045888
1265242166953037824
1265242153610997761
1265242097512144896
1265242008039198720
1265241973243297792
1265241951185616898
1265241913793241089
1265241868171792384
1265241837582692352
1265241732121194498
1265241719978647552
1265241478751645700
1265241424070508544
1265241345762836480
1265241341505662976
1265241160928419841
1265241158550056960
1265240995962195968
1265240786964082693
1265240682316337152
1265240566952009728
1265240547326910464
1265240492708712448
1265240478607261696
1265240445891702786
1265240371212124160
1265240331282505729
1265240317642420227
1265240215293026304
1265240210197098496
1265239755886702592
1265239734684549122
1265239588571881472
1265239569655427072
1265239309709217792
1265239068373204994
1265238805235335170
1265238788722159616
1265238741355880449
1265238521251422213
1265238471565643776
1265238356503527426
1265238351415668740
1265238332033896453
1265238293173551105
1265238272151863296
1265238231143952390
1265238132208869376
1265238040621932544
1265237911227625472
1265237776292814849
1265237758194397184
1265237695644618752
1265237633916997632
1265237624035274754
1265237590891851776
1265237589818253312
1265237525775257600
1265237410830405632
1265237381549969408
1265237347936825344
1265237329108582400
1265237246199779328
1265237154772353024
1265237152029261825
1265237106965671936
1265236949067083780
1265236862320259075
1265236747778052102
1265236730103263232
1265236667062874113
1265236251155759105
1265236009475878920
1265235871898275851
1265235735520526336
1265235714884562944
1265235674619232257
1265235531627184133
1265235527005016066
1265235369676529664
1265235305398800384
1265235239644864514
1265235037898903552
1265234737783685121
1265234722503839749
1265234684088184835
1265234665738125313
1265234612373970944
1265234514638450688
1265234508292358144
1265234433298198529
1265234208835817472
1265233994339278848
1265233985908682752
1265233981621977090
1265233914290831365
1265233851288154112
1265233744878694403
1265233743431626753
1265233726234976256
1265233679833378817
1265233590343761920
1265233531078275072
1265233390598422530
1265233368561733632
1265233344813383681
1265233253402685440
1265233195030638592
1265233181839486976
1265233102978396160
1265233077577461761
1265232997722329089
1265232952570417152
1265232734735069185
1265232706696249345
1265232620431896576
1265232418283286528
1265232195876089861
1265232194148216832
1265232172861911040
1265232021355298817
1265232017928536064
1265231990833287169
1265231959246008323
1265231953696981005
1265231916891951106
1265231870989484032
1265231745097449472
1265231530676363264
1265231464142188545
1265231436375703552
1265231409863524352
1265231296587956225
1265231223783219200
1265231116081889280
1265231076752003074
1265230921524891649
1265230895276937216
1265230832815538176
1265230713885822976
1265230640720408576
1265230545681694723
1265230528128512001
1265230417340162049
1265230363158212608
1265230313216544768
1265230237870088192
1265230184413687809
1265230137550757890
1265230122308694017
1265230091761655808
1265229696674852864
1265229680375812096
1265229616190455809
1265229587501527041
1265229583038595072
1265229576503848960
1265229487559462915
1265229450410487808
1265229349348732933
1265229115210076162
1265229067919425537
1265229058012409856
1265229009014513664
1265229005415833600
1265228771856199680
1265228749051695104
1265228723445551104
1265228721348173824
1265228621666570240
1265228602271924224
1265228482415439872
1265228456750542848
1265228349388906498
1265228259370758145
1265227955963224064
1265227907435118592
1265227903937073152
1265227897175826433
1265227896978718720
1265227844382273537
1265227823637135361
1265227705164771337
1265227534033022976
1265227522007941120
1265227512675741696
1265227474767470592
1265227424012201984
1265227320798752768
1265227245448118272
1265227212376039431
1265227131354841088
1265226890333151235
1265226869617487873
1265226835358388224
1265226823710826496
1265226634950356992
1265226339134525440
1265226249351262209
1265226239067009024
1265226192967266304
1265226141880643587
1265226115947233280
1265226075199565826
1265225945981562880
1265225878490869761
1265225861566828545
1265225840377229317
1265225824778608640
1265225801013682176
1265225756101099520
1265225652371947520
1265225644369010688
1265225468908695552
1265225384427024384
1265225365594583041
1265225329976545281
1265225277925285888
1265225229770645504
1265225205493858304
1265225111042355200
1265224814001655810
1265224662004281346
1265224558275067905
1265224549387378688
1265224513081315328
1265224454491136000
1265224343237177345
1265224296374267908
1265224277046947842
1265224242108358656
1265224221732401152
1265224181450301443
1265224153042350081
1265224125762568193
1265224108540919808
1265224024101011456
1265223957663248384
1265223723679965184
1265223660140326913
1265223612971143168
1265223447610679296
1265223431043248129
1265223395152666626
1265223246946975747
1265223238856007682
1265223216752033793
1265223161324269568
1265223058320535554
1265223022044082176
1265222855706456065
1265222844222287873
1265222758625148929
1265222712391340034
1265222611551698944
1265222587480567809
1265222465627672577
1265222084470267905
1265221975917522944
1265221848632983553
1265221801124085760
1265221745671200768
1265221626657824768
1265221568260640778
1265221534983032832
1265221409933950979
1265221372256624640
1265221320570101761
1265221291327361026
1265221257932550144
1265221244183408642
1265221190597128192
1265221178207002624
1265221145965375489
1265221117062475776
1265221056148549632
1265220973571129345
1265220905116094464
1265220763444887553
1265220666275491842
1265220467369013254
1265220441741889537
1265220429334994944
1265220232290828289
1265220029877870592
1265220010181525504
1265219930435321867
1265219756258283520
1265219651144871937
1265219637764972549
1265219402397446144
1265219255856885760
1265219175301013505
1265219110377361408
1265219054513475585
1265219040823455744
1265218858840776704
1265218652686729216
1265218640615333889
1265218506091446272
1265218181402030080
1265217870033678336
1265217735333568515
1265217672028893185
1265217608309075970
1265217511642918912
1265217460736790530
1265217318205845505
1265217285205024768
1265217284110315524
1265217090153115654
1265217033190494209
1265216982892281857
1265216795595509760
1265216790835023872
1265216760095150080
1265216708895109122
1265216578007846912
1265216428560355329
1265216207742889984
1265216095939710976
1265216094899277825
1265215974245949440
1265215822835838976
1265215820805750784
1265215783849910272
1265215554584842240
1265215506883084288
1265215501556305927
1265215379351105536
1265215261331779584
1265215242465718273
1265215204440358913
1265215179358232576
1265215142943436802
1265215140921700359
1265215090657132544
1265214951867596810
1265214913145794562
1265214656953503748
1265214620727341056
1265214561759748096
1265214511436328960
1265214398500462592
1265214129490374658
1265213963731480576
1265213662765051904
1265213659514458117
1265213267556745218
1265212968658186240
1265212937032970250
1265212918280454146
1265212874600755201
1265212857857146881
1265212558778101760
1265212346097524736
1265212234336067586
1265211993159434241
1265211950792769537
1265211842374189062
1265211829199884288
1265211595942068224
1265211464232529921
1265211432355807235
1265211315687022597
1265211303603261441
1265211250838892544
1265211180257165312
1265210836466843648
1265210829231648769
1265210482086031360
1265210356177047553
1265210312677920769
1265210299512025089
1265210221414068224
1265210206155235328
1265210175507423234
1265210149364326401
1265209997304066048
1265209942564147201
1265209739174010880
1265209738075107329
1265209643401392129
1265209637525020672
1265209570873339913
1265209567983497216
1265209498651602952
1265209307437522944
1265209259878305792
1265209227670286338
1265209219231309824
1265209151182925824
1265209144807526400
1265209083923177478
1265209069721141248
1265208927009947649
1265208910954233856
1265208805291290624
1265208696960774144
1265208687225954305
1265208646637514753
1265208580531052550
1265208530685972481
1265208500306636800
1265208478005489665
1265208426008698880
1265208310896095233
1265208310401122304
1265208290578841600
1265208127441395712
1265208081656365057
1265208050681430018
1265208031899299840
1265208010051330049
1265207747710074880
1265207576616042496
1265207511067398144
1265207408684457984
1265207353093177346
1265207316976070662
1265207150667677698
1265206942865043456
1265206675255877632
1265206634470490114
1265206581525794816
1265206507731222528
1265206399463641098
1265206382078246916
1265206302113841152
1265206217032388609
1265206083234287617
1265205988111474690
1265205979399852032
1265205794657558528
1265205752194465792
1265205625572651008
1265205610858987520
1265205454033960960
1265205406399225856
1265205369724219393
1265205297271865344
1265205129399029761
1265205125867614208
1265204954613968901
1265204814113374208
1265204805791703040
1265204782924361728
1265204657808240641
1265204642423558144
1265204540342546432
1265204458830602241
1265204240235941889
1265204108891312128
1265203953014198273
1265203950778642432
1265203926237949952
1265203746360852480
1265203645341204480
1265203375236198400
1265203340524154881
1265203256772317184
1265202905641934852
1265202876248240133
1265202857906593792
1265202686015574017
1265202685512314880
1265202628809519104
1265202550904508416
1265202528142024704
1265202349754036224
1265202255541616640
1265202251234070528
1265202048687132672
1265201983494983682
1265201982991527937
1265201978268925952
1265201947516080128
1265201903085981696
1265201693282582530
1265201483668058112
1265201213898924033
1265201037821882371
1265200926991822850
1265200676851728385
1265200604848087041
1265200563781726208
1265200461969158145
1265200442402672641
1265200221677445121
1265200174235660288
1265200129759301633
1265200090622251008
1265200022683029504
1265199967079034882
1265199937014296576
1265199843120525313
1265199810774089736
1265199740532125696
1265199663537217536
1265199614237437954
1265199477511483392
1265199464198729728
1265199430816301057
1265199410595549187
1265199282971381760
1265199056462049280
1265199023880839171
1265198928271564800
1265198882406842373
1265198875050196993
1265198766509879296
1265198564608667649
1265198388422705153
1265198220038135808
1265198124290592769
1265198110050906112
1265198073531076609
1265198031009284096
1265197870979792899
1265197677978939393
1265197471610757120
1265197461838020609
1265197186226089985
1265196945905119232
1265196919472570368
1265196880797077505
1265196880247562240
1265196717827166208
1265196428487348225
1265196292155666433
1265196209171398656
1265196008469741568
1265195994381029376
1265195989675065345
1265195984352497665
1265195963884306438
1265195757654532097
1265195676998090753
1265195637106110470
1265195618563047424
1265195523679621125
1265195034099367936
1265194993301336064
1265194880810156033
1265194861256306688
1265194823947960321
1265194757271121921
1265194749348024320
1265194710257168384
1265194538391367680
1265194427489726464
1265194242122473472
1265194196626927616
1265194165421277185
1265193913729470464
1265193872734343173
1265193806363627520
1265193654177521664
1265193504344616961
1265193171576733704
1265192718973628417
1265192517382795269
1265192517227560961
1265192512647462913
1265192338923626497
1265192035805364224
1265191966964199426
1265191907606421504
1265191842477293568
1265191654312443905
1265191639120859136
1265191601896185856
1265191586985644032
1265191559311454213
1265191544417484800
1265191529728995330
1265191444198731777
1265191438477783041
1265191072067489793
1265190868958486528
1265190821063651328
1265190545795641344
1265190173370748929
1265190055489896448
1265190009675452418
1265189866494586881
1265189792863580161
1265189706486202370
1265189655546261504
1265189628937596928
1265189566211858433
1265189546242629632
1265189481113481217
1265189354810380289
1265189326771625984
1265188898512105473
1265188862005063681
1265188721151762432
1265188572262354944
1265188505912664065
1265188493757607936
1265188219571720195
1265188023085305862
1265187954324049920
1265187952688132102
1265187930718392321
1265187848254304258
1265187631647752194
1265187534566383621
1265187446800580608
1265187406589771783
1265187243183837184
1265187039768489984
1265186912068792320
1265186890346426368
1265186824420376577
1265186778337513478
1265186707244081152
1265186669810061312
1265186663396868096
1265186502465765376
1265186457850789888
1265186395221442560
1265186391371071488
1265186306604204033
1265186300409200641
1265186028999999490
1265185875723292673
1265185745184014336
1265185563960684544
1265185522311245827
1265185506532327424
1265185215753809921
1265185215145598977
1265185055069986817
1265184996727222274
1265184941752455169
1265184909141766144
1265184849406488576
1265184810017800193
1265184665838608384
1265184569633865728
1265184527611318272
1265184505276403712
1265184485101858817
1265184408484458496
1265184231707181056
1265184194205868033
1265184176149458944
1265183916614225921
1265183794639679488
1265183790789345281
1265183707263950850
1265183669683019777
1265183598350487554
1265183598249783296
1265183583318110208
1265183451226898432
1265183434101583873
1265183300299010048
1265183229473992704
1265183086007836674
1265183068882518017
1265183066852646912
1265183039769866240
1265182969498447872
1265182809565442048
1265182677507780611
1265182594397700096
1265182334770446336
1265182327858069504
1265182095288094720
1265181786352553986
1265181768568602625
1265181748813393920
1265181665141260297
1265181627379888128
1265181444848017409
1265181300647792640
1265181095613435907
1265181045135077376
1265180961471205376
1265180875316006913
1265180708693106689
1265180506976423936
1265180274783973376
1265180261106384899
1265180134484537352
1265180034475704320
1265179769194201088
1265179539480682496
1265179535793741825
1265179493058019331
1265179259628224513
1265179133446967296
1265179069278113792
1265178982393225216
1265178923161149441
1265178921382928384
1265178880320524288
1265178805917769728
1265178759193231360
1265178663756066816
1265178657254854656
1265178512228380672
1265178499368677376
1265178190223298560
1265178165871173632
1265178065577132037
1265178031871504384
1265177980667453441
1265177891790139392
1265177730666070016
1265177688290942976
1265177635857952768
1265177618065702912
1265177566404460544
1265177303899713537
1265177182629793794
1265177138954530818
1265177070717394950
1265176880920977408
1265176664838823936
1265176631494107139
1265176282389712896
1265176280686891013
1265176079305551872
1265176075522330626
1265175953254178817
1265175482565308416
1265175415267536896
1265175296539389953
1265175281955819520
1265175100828991490
1265175079412883456
1265175073754959878
1265174934248013824
1265174911363866625
1265174818011275264
1265174567602884608
1265174442834948099
1265174343669166080
1265174270855933953
1265173894765273091
1265173829246054400
1265173728817627137
1265173607329611781
1265173553281773568
1265173412801961985
1265173401632555008
1265173346108358656
1265173212226179076
1265173081565196288
1265173074959192066
1265173003802828803
1265172885762531328
1265172882071498752
1265172754153664512
1265172658540253185
1265172117580062720
1265172059425959936
1265172009819897856
1265171961405112320
1265171936469856256
1265171888180879367
1265171806765248512
1265171793251151872
1265171782622867457
1265171781159018496
1265171600573227008
1265171490921578496
1265171415793164289
1265171388446498816
1265171309425643520
1265171122946838530
1265171106366803968
1265171056139984897
1265171006030675968
1265170931074215938
1265170907254808576
1265170767437869056
1265170756259868672
1265170584985427968
1265170172782002177
1265170090875482112
1265169796263370753
1265169762960543744
1265169741615730688
1265169584300060672
1265169505384198144
1265169465689337859
1265169408600576000
1265169400971374593
1265169314727878656
1265169268431151105
1265169256729022464
1265169232779599872
1265169137745014784
1265168999865741319
1265168999538520064
1265168975362764800
1265168974431449090
1265168892873318400
1265168864368717825
1265168729681227776
1265168709330468864
1265168594884673536
1265168575591047168
1265168514953801731
1265168503813726208
1265168297152016384
1265168230248640513
1265168113441505280
1265168053458710528
1265167935556825088
1265167916011421697
1265167479338176512
1265167078144856064
1265167014055706630
1265166789102596096
1265166772698660865
1265166585959813120
1265166567408459776
1265166560823394304
1265166451398201344
1265166333634768896
1265166321378930688
1265166168005935105
1265165971141963776
1265165959335051264
1265165950195646464
1265165872861077504
1265165805894811648
1265165754065752066
1265165718233870336
1265165699262976001
1265165683391754242
1265165682871689217
1265165668275585025
1265165610620575745
1265165542849040384
1265164897865760771
1265164881466200066
1265164847437811715
1265164798821453824
1265164748192088066
1265164712846622722
1265164534639030272
1265164468926902272
1265164420700762113
1265164330569351174
1265164251347292161
1265164239083171840
1265164091070377984
1265163860224339970
1265163687905681408
1265163664627097602
1265163633257967617
1265163541268426760
1265163533278461953
1265163446666043392
1265163306429321221
1265162532857118721
1265162443388358656
1265162316389052426
1265162265373732864
1265162254338539520
1265162175141654530
1265162050239520768
1265161987173969920
1265161857720913922
1265161826867838979
1265161740779524099
1265161535799746561
1265161430539460609
1265161381122174976
1265161221654765568
1265161174795972609
1265161120786112514
1265161107628425222
1265161067572924416
1265161003773227008
1265160983644782592
1265160843441795072
1265160625459736576
1265160528785072128
1265160453996478464
1265160396458999808
1265160392004624386
1265160362623549440
1265160069978615808
1265160010125832198
1265159893197045765
1265159828827070465
1265159443790000128
1265159352194760709
1265159263145488384
1265159238235521024
1265159164017303553
1265159089262178304
1265159020467249154
1265158941551366144
1265158935725477889
1265158908097646592
1265158710940143621
1265158682720919552
1265158657970331648
1265158630497714177
1265158624264904704
1265158534301282305
1265158458858278914
1265158243178778626
1265158226678554624
1265158090850091008
1265157893835218945
1265157786368987136
1265157753393172480
1265157626574155777
1265157602272395264
1265157553673003008
1265157474375483392
1265157448395943937
1265157395916832768
1265157268804259841
1265157158980562944
1265157097546608640
1265156962901098501
1265156814066184192
1265156775231160321
1265156603273191424
1265156575326621701
1265156471676788736
1265156429985415169
1265156427733012481
1265156381906071553
1265156287408467974
1265156231938916352
1265156183813271552
1265156181166682112
1265156132336799745
1265156122815561728
1265155939629363201
1265155874781200384
1265155819856891910
1265155770435264513
1265155647777017857
1265155494789828610
1265155398677512192
1265155386610298880
1265155268184174592
1265155213947617280
1265154736782741504
1265154635251060737
1265154592058343424
1265154342669168642
1265154340949389312
1265153996802543617
1265153790111432704
1265153752543178753
1265153608426950659
1265153596624158724
1265153476348149760
1265153395696041985
1265153260152905728
1265153228376690688
1265153083601850368
1265153068129189889
1265152925698908161
1265152733641871361
1265152725659955201
1265152632248647682
1265152631942426624
1265152617144963072
1265152605895835650
1265152568818196480
1265152448580091904
1265152441458159617
1265152389067104261
1265152339104563200
1265152196825346050
1265152110615687170
1265152055976456193
1265152027908124674
1265152016856125440
1265152011709771776
1265151993485488130
1265151937214926850
1265151929073545216
1265151848219983873
1265151789159997441
1265151703759781888
1265151661804118021
1265151660029997056
1265151647086292993
1265151514487648256
1265151493868367872
1265151228016656385
1265151219296645121
1265151176112091136
1265151171829751813
1265151088908357633
1265151049972641792
1265150998550462464
1265150984600162304
1265150971857915904
1265150736091893760
1265150698724790273
1265150583964487680
1265150574460354560
1265150534543122432
1265150512527142912
1265150311410229248
1265150230984421377
1265150195727286274
1265150060074942464
1265149972707774464
1265149911231721472
1265149854163988480
1265149786862174208
1265149715106066432
1265149674861678592
1265149585921503234
1265149470481629185
1265149407512735744
1265149406006800385
1265149272493666306
1265149260577689607
1265149218072612864
1265149209801396224
1265149075260706817
1265149044617142276
1265148867730964485
1265148812500193283
1265148741742280705
1265148697836281856
1265148580526002176
1265148562926497792
1265148450535923713
1265148363219120130
1265148360291315712
1265148353253261312
1265147993784803331
1265147986927071232
1265147876004356097
1265147826796810241
1265147810900348930
1265147762334740480
1265147704390238209
1265147621934579712
1265147490459774976
1265147297299480579
1265147182681927681
1265147060627443714
1265146963130896384
1265146688425115655
1265146645882208259
1265146619109883906
1265146528865255424
1265146400435666946
1265146218751111168
1265146051054276608
1265145999082864640
1265145832191299585
1265145734644535296
1265145468201381888
1265145429521346562
1265145381072982018
1265145108510330880
1265145099828318208
1265145088788791296
1265144944349474817
1265144860727631874
1265144339354669057
1265144158378962944
1265143893407891456
1265143890798981120
1265143811480662016
1265143715103817729
1265143653560750081
1265143612028751872
1265143470311665664
1265143455195582464
1265143382357143552
1265143372609581056
1265143288748814336
1265143151750033411
1265143078853021697
1265142915187175424
1265142823617089536
1265142756999000064
1265142752376811523
1265142702040993792
1265142670508392448
1265142599771291648
1265142586496311296
1265142449447383041
1265142430635978752
1265142234917134336
1265142115295563778
1265141923624321026
1265141828598161410
1265141640064233472
1265141519884775427
1265141512095928322
1265141342369312768
1265141149469048832
1265141105152217089
1265141084964794368
1265141057701818368
1265141003779928065
1265140990634950656
1265140964160667649
1265140851706982402
1265140803166277632
1265140663651360771
1265140507744714752
1265140429906837504
1265140397669408768
1265140346695979008
1265140341268574208
1265140322507436032
1265140316547448832
1265140085642559488
1265140012108050432
1265140004088500225
1265139912107384833
1265139800832503808
1265139770398670848
1265139734873022464
1265139659790663681
1265139328394518528
1265139245036912640
1265138816160956416
1265138443505426433
1265138374815309824
1265138257429323776
1265138246603796482
1265138188382638081
1265138159328923648
1265138141624594438
1265138088642097159
1265137984896024576
1265137642670223361
1265137641151852546
1265137373513256960
1265137214767284225
1265137044554055682
1265137042666618881
1265137021930090497
1265136964178554880
1265136735303819267
1265136656824168448
1265136445636804609
1265136403496615937
1265136365890609152
1265136283090739200
1265135911764819968
1265135895855812608
1265135379541225474
1265135216428908545
1265135134010773504
1265134967727636481
1265134877789155328
1265134832461459458
1265134674419912704
1265134444563709953
1265134442126835712
1265134370777522176
1265134332387061760
1265134318692659200
1265134137599352833
1265133515038846976
1265133499280814080
1265133427608584192
1265133323677917184
1265133211337646081
1265133142622343168
1265133018944954369
1265133006177497088
1265132969464705024
1265132964150759424
1265132906847989760
1265132660042526720
1265132354663780352
1265132206797869061
1265131983564234752
1265131880367616000
1265131805469892610
1265131743620857856
1265131499604414464
1265130978009157632
1265130958346280960
1265130899668000768
1265130880722296832
1265130767891357697
1265130697846644737
1265130609539796993
1265130542665695236
1265130439204724737
1265130326474420224
1265130282442608640
1265130239161589761
1265130112959148032
1265130098102960130
1265130093782937602
1265130011188703234
1265129952959062016
1265129779889680386
1265129722360606721
1265129670787260416
1265129344613007360
1265128938189344768
1265128897919676416
1265128842949087233
1265128689328513024
1265128592406650882
1265128394485727232
1265128380938190855
1265128360662818817
1265128110728417281
1265128072623222784
1265127882227019777
1265127810122698754
1265127670309777408
1265127587543683079
1265127573077426179
1265127398523260928
1265127266729832448
1265127210781794304
1265127186136068097
1265127106553536514
1265127069786071044
1265127062466990080
1265127042569420800
1265126839585914881
1265126817347723266
1265126807092641793
1265126659398733825
1265126536027373569
1265126532638375937
1265126402652647425
1265126174184730624
1265126050440179712
1265126024460800000
1265125793195339776
1265125764220858369
1265125755874414593
1265125484464988162
1265125464525307904
1265125401765928960
1265125175084924936
1265125032281415680
1265124787484889088
1265124703821168640
1265124659076329476
1265124618618068992
1265124607314411520
1265124529661112320
1265124476728905730
1265124402108067840
1265124290615062528
1265124234759561216
1265124189272342529
1265124059307802625
1265123916953067520
1265123654226137090
1265123634579988484
1265123476777644040
1265123459799093248
1265123447140577280
1265123312645967872
1265123267976720384
1265123226633396225
1265123169020633089
1265122995695050753
1265122968449044485
1265122898114523138
1265122814761111552
1265122662419816455
1265122618581176326
1265122604647501824
1265122592333025281
1265122268742443010
1265122265068302337
1265122128510111745
1265121564061622272
1265121534651187201
1265121418804555776
1265121368879685632
1265121304459350019
1265121261199360000
1265121215422664707
1265121085936173056
1265121072296361986
1265121060871159809
1265120914590457857
1265120912342421511
1265120901369982977
1265120844100956160
1265120806356439041
1265120780284641280
1265120660113801217
1265120612621496321
1265120424054198274
1265120217702608897
1265120207577600000
1265119928425775104
1265119897006141441
1265119578880786432
1265119545456459778
1265119424681357317
1265119366510637056
1265119355274006528
1265119337783922688
1265119263347691522
1265119228186644480
1265119226513117185
1265119194946826245
1265119184213565441
1265119134246817792
1265119083759939584
1265118852389597184
1265118608813953024
1265118599686918144
1265118553713213440
1265118521576439808
1265118466379407361
1265118455948169216
1265118395147542528
1265118373152559105
1265118369998487553
1265118304676442112
1265118293607628800
1265118291246247936
1265118236841922570
1265118183016415232
1265117995359039489
1265117973137719297
1265117967492222976
1265117756258541569
1265117750906609665
1265117592760401920
1265117583151255553
1265117463391252481
1265117441660612608
1265117191289966592
1265117147652472833
1265117137690980353
1265117127159267328
1265117054626983937
1265117036809613315
1265117035530313728
1265116828008714240
1265116757863264257
1265116665915809798
1265116644172394499
1265116590841851905
1265116585120927747
1265116564921004032
1265116540749283328
1265116449137405958
1265116395278176256
1265116379520237569
1265116164666961920
1265115972584669186
1265115827419873281
1265115684830277632
1265115479045103621
1265115455896895488
1265115454512619522
1265115336908500992
1265115333578326016
1265115256671498240
1265115246810877952
1265115131412746240
1265115110688751617
1265115076379283456
1265115004618989568
1265114968988569601
1265114589240295424
1265114587231223809
1265114476342161410
1265114433874874368
1265114334209798145
1265114083495276545
1265114053589889024
1265114013894971393
1265113935142780928
1265113720847568897
1265113719425531905
1265113704716095489
1265113490454347776
1265113303782526976
1265113287663841280
1265113256407908353
1265113159330824192
1265113138426331137
1265112911531388936
1265112902857641984
1265112815578148864
1265112755918401538
1265112754236448770
1265112746502152192
1265112521813323776
1265112388262486017
1265112341148045312
1265112339721809920
1265112277629333504
1265112227897466880
1265112165901414401
1265112135534735360
1265112048792297472
1265112028542271490
1265111948439347200
1265111737382010880
1265111524680458242
1265111449954910209
1265111371512832000
1265111303514816512
1265111233130348549
1265111104486703104
1265110972836044800
1265110830141460480
1265110710427611138
1265110636540956673
1265110617175752705
1265110590554439680
1265110504533626881
1265110504512483328
1265110442084405249
1265110362283577344
1265110252178927617
1265110245254352899
1265109967276699649
1265109962642149377
1265109873760632837
1265109671683080192
1265109281830875136
1265109268577083392
1265109061579804678
1265108973532753920
1265108788564185088
1265108399361888256
1265108385604661248
1265108364779905024
1265108315127726080
1265108104053616640
1265107816135577601
1265107789858275329
1265107766877683712
1265107675462819840
1265107614939049985
1265107611684229120
1265107474161348608
1265107258704183299
1265107180606242819
1265107159605379074
1265106959071502337
1265106947956543488
1265106918680510466
1265106844395008000
1265106632813371393
1265106399354372101
1265106233251393538
1265106223709351937
1265106092335366145
1265105935346757633
1265105921300025345
1265105885023485952
1265105881479303174
1265105739703451649
1265105646376140802
1265105644199149568
1265105643058290688
1265105515052281856
1265105495360069633
1265105478926823424
1265105285405749253
1265105265533366275
1265105256863510529
1265105188647403521
1265105067247464449
1265105045256724481
1265104960171229185
1265104741412954112
1265104702150045696
1265104657648517120
1265104575041695744
1265104389720559616
1265104370754035713
1265104340177621000
1265104317347819520
1265104309462511617
1265104262637318146
1265104232463527937
1265104186410180611
1265104165920886784
1265104139291410434
1265103759983570945
1265103745064431616
1265103651850215426
1265103561228038145
1265103323729760256
1265103229311832070
1265102921156358145
1265102905595453440
1265102868568256514
1265102423409991681
1265102395261902848
1265102259748089858
1265102184011661312
1265102171676213248
1265102146535518208
1265102069104390144
1265101931388661762
1265101927546646529
1265101849935450114
1265101676274307072
1265101496145727493
1265101089315057664
1265100942195798018
1265100895320068096
1265100806036086784
1265100720371425282
1265100673445621761
1265100345224511489
1265100217470214144
1265100019423567872
1265099973844058112
1265099924527632384
1265099902155022337
1265099855531085825
1265099754045714432
1265099725092515841
1265099638220009473
1265099581198602241
1265099520003592192
1265099243221430272
1265099141438418944
1265098765758681089
1265098661404405762
1265098577904189440
1265098379153022981
1265098070900895744
1265098048226508800
1265097861189873665
1265097835432812545
1265097744902832129
1265097599150895104
1265097486424633345
1265097417969537025
1265097286872252416
1265097246074220544
1265097211311910914
1265097121205833733
1265097109637824514
1265096937205665792
1265096844729860096
1265096708377231366
1265096568010661889
1265096512817836032
1265096376485998594
1265096366210121734
1265096143316246528
1265096051163140096
1265095991348195328
1265095966841077771
1265095966027395074
1265095870795612161
1265095680759984129
1265095579845214208
1265095388320591872
1265095234133864450
1265095183160373248
1265095119545397253
1265095107709030401
1265094946157146113
1265094694238687232
1265094354093305857
1265094277463343104
1265094159041392641
1265093969777696781
1265093912290635776
1265093775241564165
1265093739891970048
1265093739178909696
1265093617594650624
1265093553224482816
1265093522178420736
1265093255605047296
1265093072121024512
1265093055498948608
1265093047613677569
1265092998401896448
1265092644998311936
1265092551377170432
1265092368711053312
1265092085243236352
1265091870251610112
1265091785950289921
1265091716941402112
1265091690445983744
1265091581977128962
1265091466621153280
1265091430319562754
1265091427978997760
1265091074755833858
1265091037665476608
1265090916538171393
1265090898578206720
1265090551935668227
1265090105469014017
1265089577246535680
1265089410917257217
1265089263592325128
1265089256294252546
1265089153907036160
1265089067160465412
1265088976206958593
1265088839934267393
1265088706735517696
1265088511503249410
1265088426711191552
1265088291872759808
1265088285317058560
1265087953593720834
1265087938385199104
1265087851898626048
1265087632087924736
1265087610759700481
1265087517331648514
1265087437908381697
1265087389933813762
1265087322262929408
1265087265002393601
1265087229153677314
1265087067165347840
1265086761312694277
1265086687018807296
1265086661593088000
1265086578872864768
1265086423226413056
1265086136013053952
1265086003175239680
1265085977040531456
1265085963035803650
1265085866877296645
1265085637268369409
1265085633174933506
1265085623574167559
1265085352416591872
1265085330950103046
1265085039362150400
1265084965492064256
1265084851922690048
1265084785656905728
1265084708544643073
1265084560137523201
1265084434438594560
1265084270990684160
1265084027519799297
1265083844354387969
1265083514766135301
1265083448940584960
1265083419551305728
1265083398785249280
1265083293160148995
1265083266987679748
1265083227590389767
1265082994902970368
1265082893669265409
1265082745971236864
1265082687020101635
1265082680573648897
1265082470719946753
1265082343456292864
1265081964920356864
1265081931059703809
1265081755259764742
1265081747080835072
1265081620098252801
1265081455505313792
1265081344981233664
1265081212114100225
1265081026159579136
1265080924485476352
1265080886032240641
1265080789546471424
1265080777475153920
1265080476009672706
1265080466484285441
1265080020768133120
1265079827410726913
1265079799451549697
1265079527601893376
1265079514930966528
1265079283988541441
1265079250333298694
1265079217399533568
1265078842667884544
1265078681329823745
1265078625226723328
1265078303943098370
1265078257130459136
1265078255167643648
1265078228449783808
1265078060627324929
1265077835233767424
1265077810252505088
1265077719903207434
1265077701070786562
1265077580387901441
1265077439169851393
1265077287281586176
1265077088412827650
1265076971500826624
1265076968950689793
1265076739564331008
1265076563998986242
1265076524966764545
1265076467903283200
1265076446004797440
1265076319173218305
1265076151078141954
1265076135278198784
1265076094555746304
1265075985742954501
1265075904482590722
1265075865337171968
1265075516207333376
1265075271222177792
1265075262359629829
1265075073167179776
1265074999406161920
1265074948868943873
1265074299934633985
1265074084339212288
1265073865274855425
1265073593605435392
1265073520532508672
1265073002128932865
1265072882234748928
1265072753440256000
1265072749439000576
1265072748868460544
1265072502520164352
1265072305551466496
1265072127666839552
1265072076626550784
1265072034419216385
1265071985949724673
1265071585297235968
1265071522793713665
1265071265431289858
1265071172477206528
1265071100016263168
1265070937575010306
1265070852955082753
1265070838375563264
1265070829387177984
1265070773162532865
1265070707890892802
1265070282898800640
1265069967722065921
1265069640675291136
1265069338379329541
1265069224378032128
1265069095872946176
1265068757296099330
1265068603012976640
1265068448062689280
1265068128003690496
1265068070915026948
1265068001566416896
1265067910591942656
1265067868263075840
1265067853465522177
1265067843885957120
1265067794007130112
1265067777255071745
1265067635491983361
1265067523004751872
1265067383909040128
1265067338061078528
1265067336563691520
1265067015942750208
1265066881641115649
1265066388214837255
1265066380669353985
1265066318522273793
1265065844234694657
1265065842380640257
1265065576331911170
1265065510556717056
1265065392176693248
1265065322026987520
1265065206251761673
1265065197577949190
1265065135850156032
1265064898452615168
1265064801987788803
1265064780768796673
1265064724435136512
1265064320452321280
1265064275418189824
1265064221806452736
1265064200247836673
1265063932927983616
1265063927127269376
1265063844470128643
1265063737389531137
1265063475031621633
1265063455381319680
1265063393267859457
1265063146563256325
1265063090816573440
1265063052723974144
1265062812633595904
1265062612389199874
1265062506373894145
1265062440158429184
1265062081331527681
1265061893590315009
1265061791148544001
1265061779857723392
1265061750992441344
1265061653751762945
1265061603109744640
1265061458448007168
1265061246551781376
1265061099335974912
1265061059129311232
1265060870117142529
1265060809836646400
1265060772016566273
1265060648838365187
1265060620610797568
1265060480856416256
1265060362627375104
1265060130250354690
1265060104270839808
1265059913333702657
1265059789341511680
1265059676304994304
1265059621665824768
1265059387715883009
1265059282833244162
1265059125060202496
1265059028163530755
1265058898899275778
1265058831639490566
1265058809166172160
1265058666052534279
1265058470379745280
1265058402163585024
1265058393447956481
1265058244604526593
1265058150417264640
1265057985157464064
1265057583343099904
1265057579627143169
1265057429764673536
1265057366443089921
1265057184699658240
1265057148049842176
1265057136192761856
1265056832235515904
1265056779567677440
1265056754079092739
1265056696151543809
1265056640023363584
1265056491427581957
1265056398775214080
1265056040854253568
1265055448174125056
1265055207257370626
1265055128119205888
1265055118145335299
1265054610466598912
1265054278034522113
1265054215006806018
1265054163014045697
1265054054356529154
1265053786466205696
1265053542802391040
1265053333661708288
1265053209984466945
1265052619053002752
1265051637518708737
1265051495986323457
1265051374703661056
1265051138929430528
1265051062450286592
1265050923077902336
1265050766277963776
1265050177032749056
1265050019289272323
1265049470862942208
1265049036257546242
1265048858901401600
1265048588893057024
1265047723897532416
1265047718591774720
1265046704388108289
1265046683190206467
1265046093886300160
1265045961098723328
1265045623520313344
1265044714585124864
1265044648411758594
1265044482317262849
1265044414226812928
1265044260740448256
1265044080595283971
1265044053583974403
1265043644161163264
1265043254187225088
1265042732134707200
1265041915508142081
1265041339445460992
1265041250568286215
1265040975333859330
1265040830215057408
1265040814192779265
1265040765014564864
1265040689588514818
1265039869132156928
1265039353820184577
1265039058276737024
1265038561570484224
1265038543128231938
1265038238886047751
1265038155247259648
1265038065225121792
1265037758357278720
1265037744851636230
1265037707509719051
1265037696533061632
1265037444795203593
1265037324531961856
1265037255707672588
1265037227567898624
1265037084697309184
1265036853566222336
1265036710200647683
1265036350065172483
1265036282385674241
1265036186520862722
1265036171467350016
1265036138022146048
1265036044422057986
1265035620805677057
1265035547967393793
1265035541189480449
1265035391675088901
1265035098484649984
1265035046924189697
1265034669742931969
1265034551882944513
1265034425852727301
1265034207203655682
1265033769339064326
1265033524094005248
1265032422208335872
1265032396388405256
1265032095107182592
1265031511537004548
1265031339633500172
1265030761318477824
1265030403951296512
1265030384691093510
1265030248086802433
1265029574980628480
1265029398199074816
1265029200865423360
1265028744432893952
1265028654779772933
1265028569408790528
1265028408846753795
1265028350394818566
1265028007837732864
1265027974451126276
1265027740480069632
1265027422090559491
1265027235251011585
1265027131383283712
1265027065004216321
1265026969806278656
1265026104957509636
1265025778179280898
1265025662194089984
1265025470254309376
1265025083183005696
1265025054561034241
1265024999737483264
