1290775206051622913
1290775182194352129
1290775174791520265
1290775153849360391
1290775143569072129
1290775132659736582
1290775121234403329
1290775097758961666
1290775079341772801
1290775074119745538
1290775067102777346
1290775049776050178
1290774982012751872
1290774975125819398
1290774962047918080
1290774947028140033
1290774911590576129
1290774907119230976
1290774886114361346
1290774866392576001
1290774852480176135
1290774826035142657
1290774822717464583
1290774810620882944
1290774810004422656
1290774806040739840
1290774804287692800
1290774791746723841
1290774767935660041
1290774744376193030
1290774710205251588
1290774676705337347
1290774673115025411
1290774660527923200
1290774649643716608
1290774649496723457
1290774619310436353
1290774608669560832
1290774604064186368
1290774591942598657
1290774586359873542
1290774580445892608
1290774559587590145
1290774529237803010
1290774519947374596
1290774508698251264
1290774498157961221
1290774496950071297
1290774464137957382
1290774451940974593
1290774449134829568
1290774446270222337
1290774442281521155
1290774433284730880
1290774429417582594
1290774414951354369
1290774374941962243
1290774366188437505
1290774341681057792
1290774339961466880
1290774339521052674
1290774325784608769
1290774313344409600
1290774301990428673
1290774285729095680
1290774283246088192
1290774256436105219
1290774238685798403
1290774229965778945
1290774220696367107
1290774208084094979
1290774197225099265
1290774192242282498
1290774182855401475
1290774181077028864
1290774178686218241
1290774155814563840
1290774149464559617
1290774138269966350
1290774132465049601
1290774126123130880
1290774113380970496
1290774094380773376
1290774091444695042
1290774059396009984
1290774059127537666
1290774057965715457
1290774043851882496
1290774032770572292
1290774027250868227
1290774020040863745
1290774010880561152
1290774010742145036
1290774010637279233
1290774006220587013
1290773996510703617
1290773980157079552
1290773978911510528
1290773974176030720
1290773963023560713
1290773949949845506
1290773862007943168
1290773820928700417
1290773815434178560
1290773810392608768
1290773758186323969
1290773756860747776
1290773751261528064
1290773740939247623
1290773733859299329
1290773693455630336
1290773668864245761
1290773655472025600
1290773581497081857
1290773557425983488
1290773536928411656
1290773530343243778
1290773500026687488
1290773497166221314
1290773489448878080
1290773484356788225
1290773431911362561
1290773427373080578
1290773395618123777
1290773385669206018
1290773369260998658
1290773364508897281
1290773337770201089
1290773336239349760
1290773333819232262
1290773327330582529
1290773326143660034
1290773323043835906
1290773320896479233
1290773303502618626
1290773279993561092
1290773279964311553
1290773269084352514
1290773265552744454
1290773265091371011
1290773264021819400
1290773238373650432
1290773215690792961
1290773212696055808
1290773181465337861
1290773179137318912
1290773175043796993
1290773154395295748
1290773131284623360
1290773128046551040
1290773123759996928
1290773113794441218
1290773112720510978
1290773106957545473
1290773087827501062
1290773074342600704
1290773043917099009
1290773040008134656
1290773018071797760
1290773013055434752
1290773004893462528
1290773000745361410
1290772979874373632
1290772975050866688
1290772971246612480
1290772968700669953
1290772945808363521
1290772942222028801
1290772941727203328
1290772908189667338
1290772884994940928
1290772863352549377
1290772857425928192
1290772850564108288
1290772846935805952
1290772830423076866
1290772810617544704
1290772789968941061
1290772771346292736
1290772764220182530
1290772763351945216
1290772759631597569
1290772737082810369
1290772725955530759
1290772721618391040
1290772714869989376
1290772710562332674
1290772683106521091
1290772666589356032
1290772650957176834
1290772643692466176
1290772636860141570
1290772616656097281
1290772616001675264
1290772609437753345
1290772608183672833
1290772603523694592
1290772593923039232
1290772587992162304
1290772577078652928
1290772563388440579
1290772562914549761
1290772549375328256
1290772542316306433
1290772525950144521
1290772525581053952
1290772512318644226
1290772489354829824
1290772481884721155
1290772481561657344
1290772479800205313
1290772448078594051
1290772441611087875
1290772433734074369
1290772426108932097
1290772417976164357
1290772415321178131
1290772415102906368
1290772411122454528
1290772407008067586
1290772404466266113
1290772381192003584
1290772379757621253
1290772367548002305
1290772360937836544
1290772353614569474
1290772353404661761
1290772344110104577
1290772324711460864
1290772309129621504
1290772294114127872
1290772290171535362
1290772277978701824
1290772236010283008
1290772214887874567
1290772177273475072
1290772165109985280
1290772121782824961
1290772117433221120
1290772106590986240
1290772097598251009
1290772095660707841
1290772092502278152
1290772060181090304
1290772057723207681
1290772057303719937
1290772054967496706
1290772049284206592
1290772028077641728
1290772027431886850
1290772015134187520
1290772010822520836
1290772000869318656
1290771990156988416
1290771984637468675
1290771937719877639
1290771934750232576
1290771924692488197
1290771920124882945
1290771895579627522
1290771892937412617
1290771877888131077
1290771874276945923
1290771837782298630
1290771827753725953
1290771826520465408
1290771820656971779
1290771787534479360
1290771784753709056
1290771767506739202
1290771755015888896
1290771754286305282
1290771745306292225
1290771724061954048
1290771697340157952
1290771677593382913
1290771643195887616
1290771634203193345
1290771629539303426
1290771629388201986
1290771620672479232
1290771587327602688
1290771582688927746
1290771575051100162
1290771564850487296
1290771557111955457
1290771515844096000
1290771506771845120
1290771503567405056
1290771496399523840
1290771482394558465
1290771470751158273
1290771468788301826
1290771465558798337
1290771441567166467
1290771423548649472
1290771411074723842
1290771386320007168
1290771374018048004
1290771373393051653
1290771365805662209
1290771349091254280
1290771341889568768
1290771336533614599
1290771330795737088
1290771325611630594
1290771314962132997
1290771310101004293
1290771296893239298
1290771286852014081
1290771261468168193
1290771226491682816
1290771203276197889
1290771194279596033
1290771136356261889
1290771109416239110
1290771100511674369
1290771092295094273
1290771077086543872
1290771058363072515
1290771051002109953
1290771050746253315
1290771048112234496
1290771040331849734
1290771039958466563
1290771022812250112
1290771016352899072
1290771009767956480
1290771004575420418
1290771001572306945
1290770995276656640
1290770975710162946
1290770969745920003
1290770940373143552
1290770927366606849
1290770910367162369
1290770899713622018
1290770850342289410
1290770833892204546
1290770825977757696
1290770823863775232
1290770819178790913
1290770818855768066
1290770813591805952
1290770787633377280
1290770780012318720
1290770776887418880
1290770769761447936
1290770753164648448
1290770746382274560
1290770741659602944
1290770722852413441
1290770720948133891
1290770718817505280
1290770687955615744
1290770656854863872
1290770638886645760
1290770630145531905
1290770603281014789
1290770577880317952
1290770571006025729
1290770569705775105
1290770530870726656
1290770523203547140
1290770487371538437
1290770481721769986
1290770448817455110
1290770431452958721
1290770411924283392
1290770402290151430
1290770401786724353
1290770393939279873
1290770390026002433
1290770364600123394
1290770363597516805
1290770359877341184
1290770352063250439
1290770333994229760
1290770332152979457
1290770313731551232
1290770280743231488
1290770267048947712
1290770266633777158
1290770259872546816
1290770248996655112
1290770236069883906
1290770200653107201
1290770197176098818
1290770195695443970
1290770190767206402
1290770185239040000
1290770169585897473
1290770167182614530
1290770119908626432
1290770111536668672
1290770104158887938
1290770092511440897
1290770087746482178
1290770070348738560
1290770061670731779
1290770040304873472
1290770036404224001
1290770028292452352
1290770026933489666
1290770016279728129
1290770012299460608
1290770010915450881
1290769995648176128
1290769995320954880
1290769970541072390
1290769960764088320
1290769952786354178
1290769947417694210
1290769933333409796
1290769922004529152
1290769919085285380
1290769914039398400
1290769907177725964
1290769905130909696
1290769861887565825
1290769847261908993
1290769846137786368
1290769845647106048
1290769844611289090
1290769828408512512
1290769822616293382
1290769817184550912
1290769808443678720
1290769795055575040
1290769794099220485
1290769776491606017
1290769775661068289
1290769762994270208
1290769745806008321
1290769744967147523
1290769732589588480
1290769716458459136
1290769705133801472
1290769680202833920
1290769657033613312
1290769652013051907
1290769639731916801
1290769620698161153
1290769613400297472
1290769605888286720
1290769600821354496
1290769598753767425
1290769594861453312
1290769586145628160
1290769585411686402
1290769574271561728
1290769562707693569
1290769554906288130
1290769553467813890
1290769553379799040
1290769548719923206
1290769534970933248
1290769533318430726
1290769501173186561
1290769497276719110
1290769490536357888
1290769489391312896
1290769487776501760
1290769484978905088
1290769483049697287
1290769463776874497
1290769457564880896
1290769455224684545
1290769446106210306
1290769425482776580
1290769406860156931
1290769404330823680
1290769355450527752
1290769348835962880
1290769343870107648
1290769325008224256
1290769302430384135
1290769301222326275
1290769260445302784
1290769245203308544
1290769237808754689
1290769229424275457
1290769223887794178
1290769208394096641
1290769169907101698
1290769164680953864
1290769159060586497
1290769157982687232
1290769157600866309
1290769132733046785
1290769120737112065
1290769114898759680
1290769105507823618
1290769102710046721
1290769089766535180
1290769089166815238
1290769086079696903
1290769085266108416
1290769082132893696
1290769069973463041
1290769068497211392
1290769059181666304
1290769055448801281
1290769050499452928
1290769034229817345
1290769033902661633
1290769025186828294
1290769020917080066
1290769013069492229
1290769012469596160
1290769009579876352
1290769004097949697
1290768992504815617
1290768992412602368
1290768974104453120
1290768907415035910
1290768900423061504
1290768884044386305
1290768871423606789
1290768858999996416
1290768839517466624
1290768823642206213
1290768818415992833
1290768814049767424
1290768801269604352
1290768788036542464
1290768787986407426
1290768746320142338
1290768738690772992
1290768736455139328
1290768735419215881
1290768729253597185
1290768728481763334
1290768718751043584
1290768717614182400
1290768702678474754
1290768693807452160
1290768686559760384
1290768685146214402
1290768641848414208
1290768638992162819
1290768630800625664
1290768624165310467
1290768621036359681
1290768608818106368
1290768606507290633
1290768587448176641
1290768585707724806
1290768581303644161
1290768569593139201
1290768568909549573
1290768554137010176
1290768553537232896
1290768530237988865
1290768521304125449
1290768505806163968
1290768500424765440
1290768487250628608
1290768485782622208
1290768485379784705
1290768471165415427
1290768459186544640
1290768448142925824
1290768440425414657
1290768428740075522
1290768427494387716
1290768427263590406
1290768425145360385
1290768409458663426
1290768394573230081
1290768394065600512
1290768393633759233
1290768393260478464
1290768375845707777
1290768337409122305
1290768333386653696
1290768312033374209
1290768294182625286
1290768293331165185
1290768266231558145
1290768259101458438
1290768249374867459
1290768222787121154
1290768222434648064
1290768216260829185
1290768172451323904
1290768137156059137
1290768120857202688
1290768112430845952
1290768106252464129
1290768086413520896
1290768085054627840
1290768063864795137
1290768061990146050
1290768055740620801
1290768045384687616
1290768033942831106
1290767967710597121
1290767965000855552
1290767944436391937
1290767939625459715
1290767926903967745
1290767923838169089
1290767901775900672
1290767865797316608
1290767848646807558
1290767834834964480
1290767834340089856
1290767834331508738
1290767797837062144
1290767781370171393
1290767748423913472
1290767734561738763
1290767717331537920
1290767709769216000
1290767709181968384
1290767698964746241
1290767683747799041
1290767675904458753
1290767660960165888
1290767644065439744
1290767626680049665
1290767624087855104
1290767586515443716
1290767576604106753
1290767561001439239
1290767502667128839
1290767491933917184
1290767490688188416
1290767480986664965
1290767479598350339
1290767473633976320
1290767439609901056
1290767439181934592
1290767413768675328
1290767409415106560
1290767381250412547
1290767378830114817
1290767377072709632
1290767358051536896
1290767337369546754
1290767336807571456
1290767326669869056
1290767307938107398
1290767298211409921
1290767287251853312
1290767279970570240
1290767215705415680
1290767181626716161
1290767150869811201
1290767137418747904
1290767117499826176
1290767087259000833
1290767056158285826
1290767033924288513
1290767024726122496
1290767022457081868
1290766979918372866
1290766959835885568
1290766926650789888
1290766921521143808
1290766913652568064
1290766907860062208
1290766897881915392
1290766879804465153
1290766878621736960
1290766876197425153
1290766874272313347
1290766834405441544
1290766815157563393
1290766768131248128
1290766767728594944
1290766741556125696
1290766734496903168
1290766729165996033
1290766722241372163
1290766714137911296
1290766671808888832
1290766662191333376
1290766657376464897
1290766649356947457
1290766614745550850
1290766604213444608
1290766599398490112
1290766568549302272
1290766551692476419
1290766543224070145
1290766540124479488
1290766532834992129
1290766526694424578
1290766517533995009
1290766494062841858
1290766443953479680
1290766440304226304
1290766420280840193
1290766418640871431
1290766405139337216
1290766372314787842
1290766369831583744
1290766338798100480
1290766325384531968
1290766310175993857
1290766303477805058
1290766288353198082
1290766283844116480
1290766280073633793
1290766262537056256
1290766256551931909
1290766243327287296
1290766235513348096
1290766197613449216
1290766181230612481
1290766178470768641
1290766152583585799
1290766149592870912
1290766146501775366
1290766133168087041
1290766130034794497
1290766110053236737
1290766099173318658
1290766079082536971
1290766070547124226
1290766064381562884
1290766020387405826
1290766016725880832
1290765979207847939
1290765970982629377
1290765948480192513
1290765937545826304
1290765925134798849
1290765893455183872
1290765886630981632
1290765839873060864
1290765837746368512
1290765834621575168
1290765832407130114
1290765830423056384
1290765823515283456
1290765792468963330
1290765788635451394
1290765772005015553
1290765737410342924
1290765727897735175
1290765706976538629
1290765672138412032
1290765655378145282
1290765645634834433
1290765611979677697
1290765604211892228
1290765595059814405
1290765588491636739
1290765587237527552
1290765572221829120
1290765569206165504
1290765562394472448
1290765557671899136
1290765552127037440
1290765514822815749
1290765510422847490
1290765509777141767
1290765498486001666
1290765464222814209
1290765457662914564
1290765410393104386
1290765397415919617
1290765394274394113
1290765387370561538
1290765376591142917
1290765372799496196
1290765368089288706
1290765362322198528
1290765356982771712
1290765350234025985
1290765346518040577
1290765334971060226
1290765294395416580
1290765293212573696
1290765287692873732
1290765286254227463
1290765286191140864
1290765282005442561
1290765277177606144
1290765238258864129
1290765236576944129
1290765211037827074
1290765210836447232
1290765208286306306
1290765130704158720
1290765108071862272
1290765107090268160
1290765092515008517
1290765035627675648
1290765035426525184
1290765030611472385
1290765022298243072
1290765021878915072
1290765012093476864
1290764994339102720
1290764989033259009
1290764987875463168
1290764977075191808
1290764965167673346
1290764949548138499
1290764942702858240
1290764937367826434
1290764936524763139
1290764894535659520
1290764890664103936
1290764886193008640
1290764885412855808
1290764851153756161
1290764848591060992
1290764836444540932
1290764819252076546
1290764811752689664
1290764798645460992
1290764774674923523
1290764765309087748
1290764737026772992
1290764727447097345
1290764719091937280
1290764716667797505
1290764704625950721
1290764699219431426
1290764684619059200
1290764679174746112
1290764677803196416
1290764647591813120
1290764637206720512
1290764629639979009
1290764614855262210
1290764591430012930
1290764585604087809
1290764575126818816
1290764570596974594
1290764529949761537
1290764519350898689
1290764511667003392
1290764496533950464
1290764477315420160
1290764451516489729
1290764447858950148
1290764419010568193
1290764413935525895
1290764384357224450
1290764377633763329
1290764362362363908
1290764349603102726
1290764347761975296
1290764332914167808
1290764307941044224
1290764298785095681
1290764295488167936
1290764292594077696
1290764288685088768
1290764287586250752
1290764265461370886
1290764262982537216
1290764254790868992
1290764248969166849
1290764229599879168
1290764219982458880
1290764219500167170
1290764204283236357
1290764189968080900
1290764181122306049
1290764177082998785
1290764164751863819
1290764138784817152
1290764137929175040
1290764135928598528
1290764114185408515
1290764105746247680
1290764104765001733
1290764090319745025
1290764087421366272
1290764067196620802
1290764063954178049
1290764028013359104
1290763985160151040
1290763984476364800
1290763962506571776
1290763958476050433
1290763946094452736
1290763944756416519
1290763935612895232
1290763910304403456
1290763909125865472
1290763903379468288
1290763894550659072
1290763881334411265
1290763849432543233
1290763846592978944
1290763840636874753
1290763831933915138
1290763830616784899
1290763807401414657
1290763772844314624
1290763766150422531
1290763744415322112
1290763716636680199
1290763693265784832
1290763690208157696
1290763677076000768
1290763673527562249
1290763656481902600
1290763649209049089
1290763644297449472
1290763643324379137
1290763629990567936
1290763622956716032
1290763617068036098
1290763607010152450
1290763598667620357
1290763569475321862
1290763547274883081
1290763539645333507
1290763532284203008
1290763515389673476
1290763505117941767
1290763488906878976
1290763457613246466
1290763449916588034
1290763423958081536
1290763387702595588
1290763345629413382
1290763314004361218
1290763307624914944
1290763290243563520
1290763266558275584
1290763260048941057
1290763224665686016
1290763210505826305
1290763207179751424
1290763198283550721
1290763198124003328
1290763184614277120
1290763177223843840
1290763157221318656
1290763140724977664
1290763132294569984
1290763123264233474
1290763103475466242
1290763090963898368
1290763082894016513
1290763069858238464
1290763068453027840
1290763056620769280
1290763026291986433
1290762984730570759
1290762978137178112
1290762949158531072
1290762918003445761
1290762914182332419
1290762913377144838
1290762907811287040
1290762891499642882
1290762875162820610
1290762867415949312
1290762861002792964
1290762830728372224
1290762805377822721
1290762803159105537
1290762797257838592
1290762796167081984
1290762793424048128
1290762790467231746
1290762785438281728
1290762777364254722
1290762772914098179
1290762762545700864
1290762746770972673
1290762723031097344
1290762708799729664
1290762702109868032
1290762696111976449
1290762652130643970
1290762638402650114
1290762634074238982
1290762630525644801
1290762615170498572
1290762575219691520
1290762558866165768
1290762555577602049
1290762551639277569
1290762527001976837
1290762525546549251
1290762524879659008
1290762512086888448
1290762502473621506
1290762495892901889
1290762489425207302
1290762481195864064
1290762479610494981
1290762456290201602
1290762435142459393
1290762432428642304
1290762417681637376
1290762412212224005
1290762399125917696
1290762359947112456
1290762358256816132
1290762339956830209
1290762335825481728
1290762316640931844
1290762316565209088
1290762311985172484
1290762293421256707
1290762259279548417
1290762245987807239
1290762231659900928
1290762158955991040
1290762158620303360
1290762148797284352
1290762137300860928
1290762126491963392
1290762113003249665
1290762111451385857
1290762103238938624
1290762092736389122
1290762077548818439
1290762072754720773
1290762061161680897
1290762059940945920
1290762059416604672
1290762003959685121
1290761997815087104
1290761995927486464
1290761984959369216
1290761980643553280
1290761956102725632
1290761951027568647
1290761945356939268
1290761941221363712
1290761940910903300
1290761931549220867
1290761931502964736
1290761930982883329
1290761921394860032
1290761892969897984
1290761873646850049
1290761865283469315
1290761835956772864
1290761818491691009
1290761810564378625
1290761808819568640
1290761801970450434
1290761800896700418
1290761791656456194
1290761772136198144
1290761754281205760
1290761754025136128
1290761736887377924
1290761734249037824
1290761726888218629
1290761725785051143
1290761706478673925
1290761697863651330
1290761692390072321
1290761679710457856
1290761678376898563
1290761676372008960
1290761660349558784
1290761658285961216
1290761603739156481
1290761561796235268
1290761554246344704
1290761552862359556
1290761526664601601
1290761521279229953
1290761516883546113
1290761511514697728
1290761460285607936
1290761454052872192
1290761425271394305
1290761424889942017
1290761417075941377
1290761410897747969
1290761409257779204
1290761400311193600
1290761397492764673
1290761396364476418
1290761396259610626
1290761391918333952
1290761380153311233
1290761375422140416
1290761368069705728
1290761359274258436
1290761343998590981
1290761326470393856
1290761324163747843
1290761321189748737
1290761318002294785
1290761314139353089
1290761296900755457
1290761284477231107
1290761255167328262
1290761247537811456
1290761237639204864
1290761236557320192
1290761226390249472
1290761152977240064
1290761135248093184
1290761122618851328
1290761106676420608
1290761097226547201
1290761073788952576
1290761065924628480
1290761043090825216
1290761042059055108
1290760995988819968
1290760986023141380
1290760935661899781
1290760935569854464
1290760929051901954
1290760918352175104
1290760918176018432
1290760830951124993
1290760825591025666
1290760816514408448
1290760795710660608
1290760791617163266
1290760790576955396
1290760783652036609
1290760775993180161
1290760758490312704
1290760751037243393
1290760749619396609
1290760730145198080
1290760690974765059
1290760689280311299
1290760685534826496
1290760645948747777
1290760606832832514
1290760605238992898
1290760576482902019
1290760568916324358
1290760565724450819
1290760554911371264
1290760539866636291
1290760527950405632
1290760504953249793
1290760482765197312
1290760479883829250
1290760467514761216
1290760461370220546
1290760428734349320
1290760424925921280
1290760416549916674
1290760411923570691
1290760372392267776
1290760331086659590
1290760330465939457
1290760329333334017
1290760300342513666
1290760297192488963
1290760285641474050
1290760279446499334
1290760252904939532
1290760220088635396
1290760182482513920
1290760182247677953
1290760170692321280
1290760131693563905
1290760121052729344
1290760116657061889
1290760081538244608
1290760080141324289
1290760061795606531
1290760048810041346
1290760036831105027
1290760021983268864
1290760020435652609
1290759988764389376
1290759986155528196
1290759978001805319
1290759969474838529
1290759951531507712
1290759927758229504
1290759926093090822
1290759911132012546
1290759893788561408
1290759880014356480
1290759858547957760
1290759857511989250
1290759833294188546
1290759832337887233
1290759829800321025
1290759828776914945
1290759785349029888
1290759782329012224
1290759769389596672
1290759753036181505
1290759734967099392
1290759723663360002
1290759705867046914
1290759676666056711
1290759675626094594
1290759654608261121
1290759650082582528
1290759642520444929
1290759634802872321
1290759627693600772
1290759606952767490
1290759588795432962
1290759586631254016
1290759568851472384
1290759560714575872
1290759556595953666
1290759528242454530
1290759497301008390
1290759479278161921
1290759478401478656
1290759471929724934
1290759449754255361
1290759445333659649
1290759429076508672
1290759419710410753
1290759384923082768
1290759377364963330
1290759322620686336
1290759312147652609
1290759305638162432
1290759287837523971
1290759272553426944
1290759244216754176
1290759239154257926
1290759215213170689
1290759198553317396
1290759168803000320
1290759158384308224
1290759137819860993
1290759135802167296
1290759124603613185
1290759116173058054
1290759110690893824
1290759106375176195
1290759077518364672
1290759069251375110
1290759061856714752
1290759052591607808
1290759045452894215
1290759044362313729
1290759036451917826
1290759011214688256
1290758987655213056
1290758985616957441
1290758978020892672
1290758938435235842
1290758914271842306
1290758895070322693
1290758858500120579
1290758855169683456
1290758848186183681
1290758837646045198
1290758834844246018
1290758816070598656
1290758811314077697
1290758808474718208
1290758760730955778
1290758760701583360
1290758737737789451
1290758732343738371
1290758730057789440
1290758713532387328
1290758706125250560
1290758689935286280
1290758678686191616
1290758652492763142
1290758647761575944
1290758630741082113
1290758598365188098
1290758588399575041
1290758586403115014
1290758570477314048
1290758562390712320
1290758529570279432
1290758524440645637
1290758509357867014
1290758503359905792
1290758501233500162
1290758480245084160
1290758459940470785
1290758446263017472
1290758419637587968
1290758411987169282
1290758402663211010
1290758375102390274
1290758370564038656
1290758366696890368
1290758338746163202
1290758313785864194
1290758309771968514
1290758298447294469
1290758298090840075
1290758270932705280
1290758260329312256
1290758249902301184
1290758248069464071
1290758246723182601
1290758238221119488
1290758238170836993
1290758236929429504
1290758235289522179
1290758232080814080
1290758226485620739
1290758212371664897
1290758208676601861
1290758208420708354
1290758200082530306
1290758194873147393
1290758180159528963
1290758173696106504
1290758166121189381
1290758164732940290
1290758164472893445
1290758156788871178
1290758156700856323
1290758153055997954
1290758127420207104
1290758092058243081
1290758090103627776
1290758061532094482
1290758057291583489
1290758055324454917
1290758052832935936
1290758052182994944
1290758043748229122
1290758040187285509
1290758038165520394
1290758034608787456
1290757987020296196
1290757982402285569
1290757951427358721
1290757946800877568
1290757929390485504
1290757911895916544
1290757906984587264
1290757893374070784
1290757871307718656
1290757869566980096
1290757856866828292
1290757830983725057
1290757830811815936
1290757824356716545
1290757787417366528
1290757768463425538
1290757762222301185
1290757761840680961
1290757759017787392
1290757743234764800
1290757729938821124
1290757726029647872
1290757711383199744
1290757703606861824
1290757690973708289
1290757688335511552
1290757661470986247
1290757653019279363
1290757650993549312
1290757645159333892
1290757632462999552
1290757624896655362
1290757609687887872
1290757609675522056
1290757598489255936
1290757584517918721
1290757582374789120
1290757579874816000
1290757556013428736
1290757539605487619
1290757533506969603
1290757525940383749
1290757524476502016
1290757506898092032
1290757478691622913
1290757443711053829
1290757426434670594
1290757419207983104
1290757418499145734
1290757416271802368
1290757385724792836
1290757358826774530
1290757354317918217
1290757344008253445
1290757313708601345
1290757308256063489
1290757301536686082
1290757286877528064
1290757252501184513
1290757231013703680
1290757224290287622
1290757207743586304
1290757202907725825
1290757201875947521
1290757199011164160
1290757198558236672
1290757182766686215
1290757176420716544
1290757172284911618
1290757153385525249
1290757137996513280
1290757135358480385
1290757131801690112
1290757131365421058
1290757130665037824
1290757127187898374
1290757119457681408
1290757103381028869
1290757092060454912
1290757091087458304
1290757079301488640
1290757041506725890
1290757038335827974
1290757019041959942
1290757007494885376
1290756992072585221
1290756982039818248
1290756979410042883
1290756976775847937
1290756959897923584
1290756951199055874
1290756947638210567
1290756938620272640
1290756937571762176
1290756933625020423
1290756903971074048
1290756898598289410
1290756891019227136
1290756872673386497
1290756862753873920
1290756841979420675
1290756823503560704
1290756816096366593
1290756785247121408
1290756781011066880
1290756759246843909
1290756726061330432
1290756723859435521
1290756716867358720
1290756714510393349
1290756659816660994
1290756656108916738
1290756654158536705
1290756637850914817
1290756635317743624
1290756632226529281
1290756626144608257
1290756625528172545
1290756582394015744
1290756581248950280
1290756577453121537
1290756563989336071
1290756562315878400
1290756560935776256
1290756553373618176
1290756540971077639
1290756526286811144
1290756523342389248
1290756516140679169
1290756502337265664
1290756502236602369
1290756484456882176
1290756460109017092
1290756442962776082
1290756441440235520
1290756430111428610
1290756394291929094
1290756393167802368
1290756389640368128
1290756318752538626
1290756313337794563
1290756298456403970
1290756292324102144
1290756262083416068
1290756256764846080
1290756230995156992
1290756228445024256
1290756210979999753
1290756202079690754
1290756189500911619
1290756184883036162
1290756150279811073
1290756142885253120
1290756139190300679
1290756111688249345
1290756086572519425
1290756074597945344
1290756063642488833
1290756053450326018
1290756040112275456
1290756032336220160
1290756021313400832
1290756009959530502
1290755994138685447
1290755983749177344
1290755982130327558
1290755967928291328
1290755953743331329
1290755943186259969
1290755938522034176
1290755926295588864
1290755922718072835
1290755912077058059
1290755907614322688
1290755892636454918
1290755888354136065
1290755867504246792
1290755824722247680
1290755820167335936
1290755797593526274
1290755780371722242
1290755776517214214
1290755773065302022
1290755766450880514
1290755752592838656
1290755746351611904
1290755711169753088
1290755700965158912
1290755679347781637
1290755665154248708
1290755659999383555
1290755658573389825
1290755648557285381
1290755635815100423
1290755589362966528
1290755580567490560
1290755554860773379
1290755522157838337
1290755520186343425
1290755509096677377
1290755503065186304
1290755499047235585
1290755480185376768
1290755478000029701
1290755474711670784
1290755471528189952
1290755440113065987
1290755417778409473
1290755397834465290
1290755393904414722
1290755326296416256
1290755307459813376
1290755296843841536
1290755295262769152
1290755290200252418
1290755286739881985
1290755273632518146
1290755272202498050
1290755270386343941
1290755266913472518
1290755251973181440
1290755249674678272
1290755247611117568
1290755244536758272
1290755226237050886
1290755209011044353
1290755191436914703
1290755179055177728
1290755171711098881
1290755167986442240
1290755167416197125
1290755149275762688
1290755140790648834
1290755132595077121
1290755109308293128
1290755080690348032
1290755080145088512
1290755065993744385
1290755062814384128
1290755059437969420
1290755051003273216
1290755025837334528
1290755016337260546
1290754983931949057
1290754979079299072
1290754969839247364
1290754962230665216
1290754962188898304
1290754951266938881
1290754930442145792
1290754924331053058
1290754899349843969
1290754885076606982
1290754853539467264
1290754838301757442
1290754834069630984
1290754828717760513
1290754808928845824
1290754736648593411
1290754719879700480
1290754718571077639
1290754706516480000
1290754706386694145
1290754706013396995
1290754689533976578
1290754685020721152
1290754684358217728
1290754675319410690
1290754670596509696
1290754664825262082
1290754662069542912
1290754660303872003
1290754655140687873
1290754645573459969
1290754645569282054
1290754638250012673
1290754638212468737
1290754617085767682
1290754610232205313
1290754608713723904
1290754575897710597
1290754567689379841
1290754550207598593
1290754549632860160
1290754542209040395
1290754516963545089
1290754506951712768
1290754506645549056
1290754504514613249
1290754497023795200
1290754496499310592
1290754490052812801
1290754485241823232
1290754461330280450
1290754457781886976
1290754451649765376
1290754443609350144
1290754426437861378
1290754406611324932
1290754399648833541
1290754394040958977
1290754387162173441
1290754384322854913
1290754383664173056
1290754381760081920
1290754381487505409
1290754381252456448
1291064981652307968
1290965774224433153
1291014875968352259
1291045047295774721
1291041273332117512
1290926437432795136
1291033721974353922
1291026172361367554
1291015391901351936
1290995413630279680
