1268894513541664768
1268897290275692545
1268897060071374848
1268891968404422656
1268896447635881984
1268936506036682752
1268867913664135168
1268931455805259776
1268936782277738496
1268929860786946048
1268871648553435136
1268933873876045824
1268871611668725760
1268891082139598848
1268890508845350912
1268930050872803328
1268895388855140352
1268869085552615424
1268936533958168576
1268936699188518912
1268868293378674688
1268933419846819843
1268936864376991745
1268931295398281219
1268929936443744257
1268896894878654464
1268891013952741377
1268895463572471808
1268891750699016192
1268867790238294016
1268890909208449024
1268931416336801792
1268870241788010496
1268868769079857152
1268933069408477184
1268894553588801536
1268891822203559936
1268936755094458368
1268891593047773184
1268868138759790592
1268932231696875520
